# Seq Time   Surface_NO2[molec/cm^3]  TRPO_VCD_NO2[molec/cm^2]  TRPO_VCD_NO2 err[molec/cm^3]  Azimuth[deg]  Cloud  Filter(1 rejected)
1 4.8665 148550000000.0 4615866620000000.0 2005076960665967.0 240.0 1 1
2 4.9315 104010000000.0 3397951700000000.0 1012550445135245.0 135.0 1 0
3 4.9955 108380000000.0 4085003000000000.0 1569273659849237.0 315.0 1 1
4 5.0605 91807000000.0 3395603600000000.0 1477546535118053.0 60.0 1 1
5 5.124833333333333 108470000000.0 4291729000000000.0 2151991684663572.5 240.0 1 1
6 5.19 114850000000.0 3849396000000000.0 1528734074273439.2 135.0 1 1
7 5.2545 100540000000.0 4328342200000000.0 1854456649226586.0 315.0 1 0
8 5.315666666666667 49052000000.0 3914049200000000.0 1369197375925424.8 60.0 1 0
9 5.3615 106720000000.0 4226405000000000.0 2092020854905182.2 240.0 1 1
10 5.4075 103320000000.0 3561470000000000.0 1425879046999169.5 135.0 1 0
11 5.451666666666666 95903000000.0 4357963000000000.0 1797919997848350.5 315.0 0 1
12 5.496833333333333 62927000000.0 3760438000000000.0 1888264065189260.8 60.0 0 0
13 5.541833333333333 110200000000.0 4508236000000000.0 2102287492836902.8 240.0 0 1
14 5.5875 87560000000.0 4016135000000000.0 1896289946163104.5 135.0 0 0
15 5.6325 106050000000.0 4097568000000000.0 1861739489102830.2 315.0 0 1
16 5.677666666666666 71975000000.0 3747816000000000.0 1506668285202098.8 60.0 0 0
17 5.722666666666667 113440000000.0 4265191800000000.0 1867890915730796.5 240.0 0 1
18 5.7684999999999995 90759000000.0 3817154000000000.0 1658075167983646.2 135.0 0 0
19 5.8133333333333335 96773000000.0 3660648400000000.0 1480302934266214.2 315.0 0 0
20 5.8585 67602000000.0 4517432440000000.0 1801801121371157.0 60.0 0 1
21 5.9035 121960000000.0 4048459999999999.5 1883422114488027.2 240.0 0 1
22 5.9495000000000005 95233000000.0 4285609000000000.0 1189448089230200.2 135.0 0 0
23 5.9945 63962000000.0 4017078000000000.0 1596098653235243.8 315.0 0 1
24 6.039833333333333 53065000000.0 5168672700000000.0 1351131944959287.5 60.0 0 1
25 6.0855 118620000000.0 5114666000000001.0 1990723704675905.5 240.0 0 1
26 6.1315 85744000000.0 5189296000000000.0 1670776463698373.5 135.0 1 0
27 6.176333333333333 70098000000.0 4675355400000000.0 2381743772700062.0 315.0 0 1
28 6.222166666666666 61267000000.0 3740435800000000.0 1455731486012040.5 60.0 1 1
29 6.2683333333333335 143290000000.0 6403818000000000.0 1959913442092379.2 240.0 1 0
30 6.316333333333334 57880000000.0 3550768900000000.0 970559169660337.0 135.0 0 1
31 6.362333333333334 77321000000.0 3286959999999999.0 1606452899586432.2 315.0 0 0
32 6.4075 66828000000.0 4233778000000000.0 1724243673831105.2 60.0 0 1
33 6.4525 77807000000.0 3923244600000000.0 1430615961116273.0 240.0 0 0
34 6.4995 91372000000.0 3633588000000000.0 1391083725364127.0 135.0 0 1
35 6.5445 87684000000.0 3510408600000000.0 1257478447160555.5 315.0 1 0
36 6.5905000000000005 59564000000.0 4060749300000000.0 1353687223261232.8 60.0 0 1
37 6.6365 135340000000.0 3220624000000000.0 1246814625718956.5 240.0 0 0
38 6.683166666666667 81707000000.0 3508687000000000.0 980975551460880.1 135.0 0 0
39 6.7295 100870000000.0 3896347000000000.0 1390447928647693.0 315.0 0 0
40 6.7755 65231000000.0 3259078600000000.0 1390957750970949.2 60.0 0 1
41 6.8205 86869000000.0 3197314800000000.0 1249671715513157.8 240.0 0 0
42 6.8665 91433000000.0 4077890000000000.0 1381753265701356.0 135.0 0 1
43 6.912333333333334 106270000000.0 3389606000000000.0 1195689727354636.0 315.0 0 0
44 6.9591666666666665 61544000000.0 3419181800000000.0 1546678036233973.2 60.0 0 1
45 7.006 103740000000.0 2659982000000000.0 1231120492137780.0 240.0 0 0
46 7.0535 84071000000.0 3979572000000000.0 1248342486865595.0 135.0 0 0
47 7.0986666666666665 112390000000.0 3883213000000000.0 1466597464126335.8 315.0 0 0
48 7.1445 67519000000.0 3291075800000000.0 1072501485280248.5 60.0 0 0
49 7.1895 98625000000.0 3601854680000000.0 1352233372593317.5 240.0 0 0
50 7.235833333333334 81039000000.0 2997887100000000.0 601485103570189.0 135.0 0 0
51 7.2815 104860000000.0 3934619334000000.0 1264135784219679.0 315.0 0 0
52 7.328166666666666 78255000000.0 3200077600000000.0 1082026593752564.9 60.0 0 0
53 7.374333333333333 81491000000.0 3575302800000000.0 1725733768635255.2 240.0 0 0
54 7.421666666666667 86048000000.0 4373119000000000.0 1302527894261795.0 135.0 0 0
55 7.4675 92399000000.0 3212868400000000.0 1020496781980076.1 315.0 0 0
56 7.5135000000000005 62616000000.0 3410958200000000.0 1255827201576013.5 60.0 0 0
57 7.5595 77780000000.0 3285493400000000.0 1302074577975917.5 240.0 0 0
58 7.606166666666667 69980000000.0 3065991680000000.0 646387462869940.5 135.0 0 0
59 7.6505 79151000000.0 3694493600000000.0 1653866906966422.2 315.0 0 0
60 7.6965 55902000000.0 2908315800000000.0 1092761997038643.8 60.0 0 0
61 7.741666666666667 80449000000.0 2697519400000000.0 1191124347716287.5 240.0 0 0
62 7.7895 64454000000.0 3235309900000000.0 578835552287738.4 135.0 0 0
63 7.835833333333333 82776000000.0 3010658200000000.0 1153001939032916.5 315.0 0 0
64 7.8825 52492000000.0 2691546800000000.0 1034053800452405.9 60.0 0 0
65 7.927666666666667 59115000000.0 2586236800000000.0 1304906657532376.0 240.0 0 0
66 7.9745 59449000000.0 3288698000000000.0 842174162564401.1 135.0 0 0
67 8.019666666666666 70307000000.0 3079441200000000.0 1432349706603862.0 315.0 0 0
68 8.0655 43566000000.0 2580087600000000.0 888775015179106.4 60.0 0 0
69 8.1105 60519000000.0 2763428200000000.0 1289038269145618.5 240.0 0 0
70 8.1565 52376000000.0 3085315680000000.0 693055784628698.1 135.0 0 1
71 8.2015 67167000000.0 3410013000000000.0 1428764987434994.5 315.0 0 0
72 8.2475 47864000000.0 2741659000000000.0 901657567819483.6 60.0 0 0
73 8.291833333333333 51161000000.0 2543605000000000.0 1460147456719928.2 240.0 0 0
74 8.3375 49572000000.0 3212130000000000.0 933625323975089.9 135.0 0 0
75 8.3825 56486000000.0 3646276000000000.0 1645500032475715.0 315.0 0 0
76 8.427666666666667 41836000000.0 2978850060000000.0 1188992768092266.2 60.0 0 0
77 8.472833333333334 53925000000.0 2624689400000000.0 1511456307679012.5 240.0 0 0
78 8.5185 50746000000.0 3224722000000000.0 960320991217777.8 135.0 0 1
79 8.563666666666666 50244000000.0 3349984000000000.0 1663198890343115.2 315.0 0 0
80 8.6095 38367000000.0 3116551000000000.0 1098431290886922.4 60.0 0 0
81 8.6545 45963000000.0 2329481400000000.0 1189822926205819.8 240.0 0 0
82 8.7005 45644000000.0 2954655400000000.0 597064967632898.8 135.0 0 0
83 8.7455 44476000000.0 2235039000000000.0 1197900841497964.0 315.0 0 0
84 8.7915 30551000000.0 2600257400000000.0 1046531191698767.6 60.0 0 0
85 8.835833333333333 38567000000.0 2351060784000000.0 1029246968782105.0 240.0 0 0
86 8.881499999999999 46852000000.0 2658046300000000.0 614985074505844.5 135.0 0 1
87 8.9265 43679000000.0 2241947799999999.8 1422090266522344.2 315.0 0 0
88 8.972333333333333 24896000000.0 3098983000000000.0 1019996323827168.5 60.0 0 0
89 9.017166666666666 37088000000.0 2422754600000000.0 1124268172156742.2 240.0 0 0
90 9.062666666666667 40841000000.0 2592029500000000.0 884220128305467.2 135.0 0 1
91 9.1075 38499000000.0 2198625800000000.0 1344976155718448.2 315.0 0 0
92 9.1535 28317000000.0 3199492000000000.0 886762906295414.4 60.0 0 0
93 9.1995 34091000000.0 2684037120000000.0 973709466145792.4 240.0 0 0
94 9.2445 34634000000.0 3058962600000000.0 609599454482365.4 135.0 0 1
95 9.289666666666667 36899000000.0 2354803800000000.0 951691793097467.9 315.0 0 0
96 9.335333333333333 22532000000.0 2896313000000000.0 800606399373514.8 60.0 0 0
97 9.3805 40156000000.0 2195172800000000.0 936443370949836.8 240.0 0 0
98 9.425833333333333 29165000000.0 2429247100000000.0 379719812237587.6 135.0 0 1
99 9.470833333333333 32585000000.0 3187383000000000.0 1443602425652382.2 315.0 0 0
100 9.5165 18555000000.0 2665853000000000.0 1076253622395073.1 60.0 0 0
101 9.5615 33314000000.0 2575611400000000.0 979664316346428.6 240.0 0 0
102 9.6075 25201000000.0 2750229300000000.0 523812983366054.44 135.0 0 1
103 9.6525 27086000000.0 3062801000000000.0 1182332933990083.8 315.0 0 0
104 9.698333333333334 15746000000.0 2659579000000000.0 1044489960760046.9 60.0 0 0
105 9.744166666666667 23741000000.0 2072184880000000.0 976725521886717.6 240.0 0 0
106 9.7905 29227000000.0 2758177000000000.0 698686934416563.0 135.0 0 0
107 9.8355 24735000000.0 3105781600000000.0 1030024671149611.1 315.0 0 0
108 9.881499999999999 15891000000.0 2682346000000000.5 1174975410183570.0 60.0 0 0
109 9.926 19710000000.0 2262483600000000.0 912297965675857.8 240.0 0 0
110 9.971499999999999 26842000000.0 2617668000000000.0 895938259869556.9 135.0 0 0
111 10.016833333333333 30814000000.0 2928808000000000.0 1226940528108143.0 315.0 0 0
112 10.062666666666667 11481000000.0 2189891000000000.0 944582716998249.5 60.0 0 0
113 10.107666666666667 22165000000.0 3070820000000000.0 1225002502936383.8 240.0 0 0
114 10.153833333333333 22709000000.0 2332173000000000.0 860391274856575.1 135.0 0 0
115 10.1995 18940000000.0 2529326000000000.0 1270585703971170.2 315.0 0 0
116 10.244666666666667 11723000000.0 1895156000000000.0 806402372104744.9 60.0 0 0
117 10.291 24236000000.0 3045567000000000.0 1029726012442833.0 240.0 0 0
118 10.3375 22712000000.0 2564256000000000.5 1105585234110348.8 135.0 0 1
119 10.3825 17571000000.0 2017439000000000.0 991690503001586.9 315.0 0 0
120 10.4285 13311000000.0 1613815000000000.0 935260109135257.2 60.0 0 0
121 10.473833333333333 23572000000.0 2805423000000000.0 966640065458218.4 240.0 0 0
122 10.520166666666666 16253000000.0 2272626000000000.0 949190075207673.9 135.0 0 0
123 10.564833333333333 12650000000.0 1504571320000000.0 734258574298163.5 315.0 0 0
124 10.6105 12274000000.0 1456574000000000.0 895455421338201.0 60.0 0 0
125 10.656 18444000000.0 2532479000000000.0 860564573226650.4 240.0 0 0
126 10.702666666666666 16694000000.0 1849237300000000.0 738797289150435.6 135.0 0 0
127 10.747666666666667 15936000000.0 1943170700000000.0 807018869082719.4 315.0 0 0
128 10.7945 14093000000.0 1571616000000000.0 820810515940134.0 60.0 0 0
129 10.840166666666667 22229000000.0 1958215000000000.0 740183592954586.4 240.0 0 0
130 10.8855 12812000000.0 1838137000000000.0 916689814433978.2 135.0 0 0
131 10.9305 10380000000.0 1583281200000000.0 723591277283218.9 315.0 0 0
132 10.977 10404000000.0 1482838000000000.0 839983790280089.9 60.0 0 0
133 11.022833333333333 16995000000.0 1991408000000000.0 872146895869296.6 240.0 0 0
134 11.0685 14573000000.0 1599404500000000.0 487875485744302.94 135.0 0 0
135 11.114166666666666 9170000000.0 1806388000000000.0 831337194522081.0 315.0 0 0
136 11.1595 16248000000.0 1308795300000000.0 489470261518695.0 60.0 0 0
137 11.204333333333334 15003000000.0 1996785000000000.0 771766106403171.0 240.0 0 0
138 11.250333333333334 13109000000.0 1576239200000000.0 666108560775315.1 135.0 0 0
139 11.304166666666667 14023000000.0 1607863000000000.0 618831888866709.1 315.0 0 0
140 11.3585 14958000000.0 1341916200000000.0 549396304822073.6 60.0 0 0
141 11.404833333333332 11538000000.0 1491506700000000.0 567723913615406.9 240.0 0 0
142 11.4515 11097000000.0 1625940600000000.0 614879449124530.1 135.0 0 0
143 11.4965 12752000000.0 2088598000000000.0 969162586169888.2 315.0 0 0
144 11.542833333333334 7630600000.0 1330408200000000.0 822858777756066.2 60.0 0 0
145 11.5885 13817000000.0 1378947700000000.0 250505249271475.06 240.0 0 0
146 11.6345 11121000000.0 1478098000000000.0 768819041785793.6 135.0 0 0
147 11.6795 15458000000.0 1840968000000000.0 821151272290997.0 315.0 0 0
148 11.725333333333333 15420000000.0 1533327000000000.0 856201964889976.6 60.0 0 0
149 11.7705 13608000000.0 1999516000000000.0 811681883836599.9 240.0 0 0
150 11.817 13251000000.0 1530121000000000.0 674157672373823.8 135.0 0 0
151 11.861666666666666 13719000000.0 1975083000000000.0 1082813964488100.2 315.0 0 0
152 11.907666666666666 15928000000.0 1650868000000000.0 1041191088980377.9 60.0 0 0
153 11.953166666666666 16072000000.0 1271352900000000.0 189346219670231.28 240.0 0 0
154 12.2255 12121000000.0 1727033000000000.0 912205047966003.8 315.0 0 0
155 12.2715 13678000000.0 1496294000000000.0 749299025396147.0 60.0 0 0
156 12.316666666666666 13693000000.0 1513706900000000.0 573779831919494.6 240.0 0 0
157 12.3635 16686000000.0 1808587000000000.0 807104751704123.4 135.0 0 0
158 12.409 16657000000.0 1781606000000000.0 1063285683846894.1 315.0 0 0
159 12.4545 21574000000.0 1343686200000000.0 625244277785813.0 60.0 0 0
160 12.5005 13229000000.0 1715669800000000.0 595775504783138.9 240.0 0 0
161 12.5465 11554000000.0 1494853100000000.0 702232956564308.2 135.0 0 0
162 12.5915 14928000000.0 1364037900000000.0 455669144800245.06 315.0 0 0
163 12.6375 10128000000.0 1205399100000000.0 639660297253885.4 60.0 0 0
164 12.6835 15941000000.0 1842688200000000.0 605258456248024.6 240.0 0 0
165 12.7295 11208000000.0 1902125000000000.0 978966679997480.4 135.0 0 0
166 12.7745 14373000000.0 1476681100000000.0 521021458069940.8 315.0 0 0
167 12.820833333333333 20671000000.0 1497650000000000.0 838495885059032.4 60.0 0 0
168 12.867166666666666 14775000000.0 1569771500000000.0 186057282864624.97 240.0 0 1
169 12.912666666666667 14458000000.0 2003444000000000.0 734484254921776.0 135.0 0 0
170 12.957666666666666 13656000000.0 1563606340000000.0 817702577284578.2 315.0 0 0
171 13.003166666666667 20125000000.0 1886092000000000.2 987287336023986.8 60.0 0 0
172 13.048666666666666 11721000000.0 1920010900000000.0 497330372766731.7 240.0 0 0
173 13.094666666666667 12214000000.0 1263069100000000.0 817731264643236.2 135.0 0 0
174 13.140333333333334 15847000000.0 1690568800000000.0 600568796324506.4 315.0 0 0
175 13.186 20625000000.0 2043625000000000.2 1206908200488034.5 60.0 0 0
176 13.2315 17563000000.0 1636932200000000.0 236523600885965.56 240.0 0 1
177 13.2775 15324000000.0 1919572000000000.0 1062940033956759.4 135.0 0 0
178 13.322666666666667 16467000000.0 2023856000000000.0 1006696457553104.1 315.0 0 0
179 13.368 14867000000.0 1383975400000000.0 687418417572379.2 60.0 0 0
180 13.413166666666667 16152000000.0 2313411000000000.0 753032759867883.8 240.0 0 0
181 13.4595 12111000000.0 1573776800000000.0 704220830231809.8 135.0 0 0
182 13.504666666666667 16548000000.0 1617269200000000.0 484189713862847.0 315.0 0 0
183 13.550833333333333 14309000000.0 1794854000000000.0 925379451462055.4 60.0 0 0
184 13.596499999999999 13966000000.0 1737986300000000.0 608462107972517.9 240.0 0 1
185 13.6425 16102000000.0 1600378300000000.0 646494271827408.8 135.0 0 0
186 13.6875 15042000000.0 1481707300000000.0 503884455680955.2 315.0 0 0
187 13.733166666666667 15730000000.0 1715025000000000.0 898110659493756.6 60.0 0 0
188 13.778333333333332 10208000000.0 2052507799999999.8 2381867622602943.0 240.0 0 0
189 13.8235 13267000000.0 1615819000000000.0 835726648476664.5 135.0 0 0
190 13.868500000000001 15968000000.0 1790382000000000.0 854466856897579.4 315.0 0 0
191 13.914833333333334 11407000000.0 1452068800000000.0 563076592470593.5 60.0 0 0
192 13.959666666666667 6138900000.0 1506634200000000.0 2442054343207446.5 240.0 0 1
193 14.006499999999999 15082000000.0 1566016200000000.0 575832467830173.2 135.0 0 0
194 14.0515 15997000000.0 1918566000000000.0 796921161467911.5 315.0 0 0
195 14.0975 12558000000.0 1154092000000000.0 505299727382508.0 60.0 0 0
196 14.1425 15581000000.0 1826656000000000.0 846462972432501.0 240.0 0 1
197 14.189499999999999 14471000000.0 1653469000000000.0 898246851346535.9 135.0 0 0
198 14.2345 14067000000.0 1712305000000000.0 610962230004613.2 315.0 0 0
199 14.280833333333334 14554000000.0 1565361000000000.0 834272556721528.0 60.0 0 0
200 14.327 14557000000.0 1754964900000000.0 666419145756274.1 240.0 0 1
201 14.373333333333333 12546000000.0 1917009600000000.0 505439443479933.56 135.0 0 0
202 14.418 17787000000.0 1872404000000000.0 935549375067197.6 315.0 0 0
203 14.464333333333332 16393000000.0 1622066000000000.0 876857424142114.9 60.0 0 0
204 14.5095 7423900000.0 1826717420000000.0 2501276717712246.0 240.0 0 1
205 14.5555 13489000000.0 1885915600000000.0 689000017718235.4 135.0 0 0
206 14.6005 15953000000.0 1760406000000000.0 749836437808039.6 315.0 0 0
207 14.646 24865000000.0 2036318000000000.5 1161598855358314.8 60.0 0 0
208 14.6915 14878000000.0 1947822999999999.8 2615132145892211.5 240.0 0 1
209 14.7375 13811000000.0 1968107000000000.0 1080038480273845.6 135.0 0 0
210 14.782499999999999 12071000000.0 1452933400000000.0 739552303521779.0 315.0 0 0
211 14.827833333333333 14071000000.0 1539809000000000.0 927694515903303.6 60.0 0 0
212 14.8735 10054000000.0 2121123000000000.0 863544687077992.8 240.0 0 1
213 14.9195 8370400000.0 1895098000000000.0 793976044895732.0 135.0 0 0
214 14.9645 11993000000.0 1815482600000000.0 731150333507919.9 315.0 0 0
215 15.0105 17339000000.0 1351663600000000.0 415650498395401.3 60.0 0 0
216 15.0555 9027500000.0 1915308800000000.0 2617272712427131.5 240.0 0 1
217 15.1015 15323000000.0 2226323000000000.2 1011910012468691.1 135.0 0 0
218 15.1465 13033000000.0 1615008300000000.0 383395493667201.06 315.0 0 0
219 15.192499999999999 14935000000.0 1414229000000000.0 815410021784830.0 60.0 0 0
220 15.237666666666666 13110000000.0 1902180900000000.0 728734686010141.6 240.0 0 0
221 15.283666666666667 15948000000.0 1784160000000000.0 757706902774764.5 135.0 0 0
222 15.3285 11001000000.0 1706733600000000.0 785092022704986.2 315.0 0 0
223 15.3745 20421000000.0 1178540200000000.0 444080246693765.4 60.0 0 0
224 15.420333333333334 14634000000.0 1442365000000000.0 153556899926444.47 240.0 0 0
225 15.465833333333332 16468000000.0 2264037000000000.5 1034764821376664.9 135.0 0 0
226 15.511 14937000000.0 1969610000000000.0 929288698865913.4 315.0 0 0
227 15.556666666666667 17867000000.0 1270707000000000.0 750546849247805.4 60.0 0 0
228 15.602 11682000000.0 1795875300000000.0 322117030721267.4 240.0 0 0
229 15.647833333333333 13783000000.0 1838491200000000.0 635202771975093.5 135.0 0 0
230 15.6935 15508000000.0 1669323900000000.0 489194659879820.4 315.0 0 0
231 15.7395 16702000000.0 1366812000000000.0 730762540838107.2 60.0 0 0
232 15.784666666666666 15481000000.0 1815031300000000.0 840107857648040.0 240.0 0 0
233 15.8305 18397000000.0 2066009000000000.0 903000277770280.4 135.0 0 0
234 15.8755 15135000000.0 2065566000000000.0 1027569008609778.0 315.0 0 0
235 15.9215 16734000000.0 1736381000000000.0 1062865360116889.1 60.0 0 0
236 15.9665 12981000000.0 2386420200000000.0 819451858056614.0 240.0 0 0
237 16.013166666666667 16636000000.0 2088184000000000.2 1224432362224205.5 135.0 0 0
238 16.058500000000002 18293000000.0 2112382000000000.0 926005551290143.8 315.0 0 0
239 16.1045 18355000000.0 1799592000000000.0 1032226334202992.0 60.0 0 0
240 16.149666666666665 17085000000.0 3167291000000000.0 1242274553635850.2 240.0 0 0
241 16.1955 17081000000.0 1543569800000000.0 435964163583197.44 135.0 0 0
242 16.2405 19454000000.0 2187033000000000.0 794296316015990.8 315.0 0 0
243 16.2865 19082000000.0 2115761000000000.0 980394593071074.0 60.0 0 0
244 16.331500000000002 15358000000.0 2313722200000000.0 695949551114868.9 240.0 0 0
245 16.377166666666668 13877000000.0 1672856200000000.0 515152143584367.7 135.0 0 0
246 16.4225 16912000000.0 2409382000000000.0 999966752520679.5 315.0 0 0
247 16.468500000000002 14075000000.0 1595634800000000.0 570909420856406.8 60.0 0 0
248 16.5135 20361000000.0 1728790900000000.0 412610865919966.5 240.0 0 0
249 16.558833333333332 13566000000.0 1895458000000000.0 1118389877137133.1 135.0 0 0
250 16.6035 21463000000.0 1802025000000000.0 444749096910831.44 315.0 0 0
251 16.6495 15299000000.0 1755395800000000.0 642810956073879.0 60.0 0 0
252 16.6945 19475000000.0 2054384700000000.0 687063489922405.0 240.0 0 0
253 16.740333333333332 16577000000.0 2333523000000000.0 1121732680166588.1 135.0 0 0
254 16.7855 22066000000.0 2179259000000000.0 1036250468329262.8 315.0 0 0
255 16.831500000000002 14946000000.0 1862782000000000.0 878252934621837.6 60.0 0 0
256 16.8765 22263000000.0 2505804000000000.0 1202677223168477.8 240.0 0 0
257 16.922 20381000000.0 1663721500000000.0 380829315267736.56 135.0 0 0
258 16.9675 24170000000.0 1966808700000000.0 542102404190975.94 315.0 0 0
259 17.013333333333332 24963000000.0 1905535000000000.0 982406195926977.8 60.0 0 0
260 17.058500000000002 24087000000.0 2432917000000000.0 1035645175527059.6 240.0 0 0
261 17.104166666666668 26836000000.0 2229260000000000.2 1108785673919555.8 135.0 0 0
262 17.1495 23395000000.0 1962734400000000.0 465864244182099.25 315.0 0 0
263 17.1945 25055000000.0 2064865000000000.0 1098404075790463.8 60.0 0 0
264 17.2395 24962000000.0 2225281000000000.0 1279118296263808.8 240.0 0 0
265 17.285333333333334 23201000000.0 2476025000000000.0 1086451513235344.5 135.0 0 0
266 17.344 19907000000.0 2214464600000000.0 885173329651154.1 315.0 0 0
267 17.409166666666668 19049000000.0 1467989100000000.0 173884538376412.3 60.0 1 0
268 17.473666666666666 30130000000.0 2246456000000000.0 1493704162133039.0 240.0 0 0
269 17.5395 28056000000.0 2462160000000000.5 1274141869865266.0 135.0 0 0
270 17.604 25391000000.0 2055034820000000.0 780759133337771.2 315.0 0 0
271 17.669 21410000000.0 2637133000000000.5 1664595108972863.8 60.0 1 0
