# Seq Time   Surface_Ext[km-1]  TRPO_Ext[]  TRPO_Ext err[km-1]  Azimuth[deg]  Cloud  Filter(1 rejected)
1 4.8665 0.2417 0.2431337 0.14159045231330805 240.0 1 1
2 4.9315 0.16125 0.14651919 0.09150970692721937 135.0 1 0
3 4.9955 0.14431 0.21410389999999996 0.1294305695344795 315.0 1 1
4 5.0605 0.16341 0.080719487076574 0.09845638027854423 60.0 1 1
5 5.124833333333333 0.14499 0.21383197224 0.13569365576615894 240.0 1 1
6 5.19 0.19752 0.09344334000000001 0.06948017549345173 135.0 1 1
7 5.2545 0.14034 0.19316399999999995 0.1141087610669728 315.0 1 0
8 5.315666666666667 0.084511 0.023975141845406 0.020978509318910186 60.0 1 0
9 5.3615 0.14681 0.18702716 0.12239181150704649 240.0 1 1
10 5.4075 0.14427 0.0785059 0.06362632674632 135.0 1 0
11 5.451666666666666 0.13174 0.18087019999999995 0.10929311913856327 315.0 0 1
12 5.496833333333333 0.082506 0.024410232207363797 0.022231830397714307 60.0 0 0
13 5.541833333333333 0.15125 0.20793989999999996 0.12296081144883587 240.0 0 1
14 5.5875 0.13056 0.08858354000000002 0.052213388558998146 135.0 0 0
15 5.6325 0.17461 0.17960479999999998 0.10829768262782426 315.0 0 1
16 5.677666666666666 0.11091 0.041340936404522 0.01984960965880003 60.0 0 0
17 5.722666666666667 0.1188 0.20034617012 0.12309250916777686 240.0 0 1
18 5.7684999999999995 0.1044 0.07259829800000002 0.0463398851550354 135.0 0 0
19 5.8133333333333335 0.17386 0.1908146 0.11051958731992649 315.0 0 0
20 5.8585 0.074649 0.032733415396072 0.03841198919903943 60.0 0 1
21 5.9035 0.20841 0.19786260000000003 0.11679558893658025 240.0 0 1
22 5.9495000000000005 0.09759 0.062617752 0.05327622695611461 135.0 0 0
23 5.9945 0.11012 0.15945039999999996 0.09659304878480374 315.0 0 1
24 6.039833333333333 0.064009 0.032905863249474 0.02927764541314026 60.0 0 0
25 6.0855 0.14118 0.17483709999999997 0.10606907085011985 240.0 0 1
26 6.1315 0.084216 0.06667205063385999 0.05131625024496964 135.0 1 0
27 6.176333333333333 0.11154 0.1493768 0.09159990322311609 315.0 0 1
28 6.222166666666666 0.087767 0.03933294193981998 0.0425114675158116 60.0 1 1
29 6.2683333333333335 0.15735 0.1818395 0.1068004713601261 240.0 1 0
30 6.316333333333334 0.092474 0.08172679999999999 0.05689377620621291 135.0 0 1
31 6.362333333333334 0.14568 0.1753808 0.1023269545683802 315.0 0 0
32 6.4075 0.11127 0.055259135912359994 0.04343365561262836 60.0 0 1
33 6.4525 0.089899 0.1943707 0.11360359824400063 240.0 0 0
34 6.4995 0.09546 0.08010343473593998 0.0585732291555883 135.0 0 1
35 6.5445 0.178 0.19820479999999996 0.1119187283162349 315.0 1 0
36 6.5905000000000005 0.076635 0.06492247450084002 0.0546862680938765 60.0 0 1
37 6.6365 0.22466 0.21293699999999996 0.11724110385130337 240.0 0 0
38 6.683166666666667 0.11691 0.09168078 0.05935490201800935 135.0 0 0
39 6.7295 0.16923 0.19832850000000005 0.11180256181181779 315.0 0 0
40 6.7755 0.11713 0.07470274024515199 0.05574407580230155 60.0 0 1
41 6.8205 0.10704 0.19263670000000002 0.10939277824423348 240.0 0 0
42 6.8665 0.10715 0.079355348224678 0.05847387867217515 135.0 0 1
43 6.912333333333334 0.13076 0.18087280000000003 0.104666864853185 315.0 0 0
44 6.9591666666666665 0.1118 0.09505993 0.0586098881249667 60.0 0 1
45 7.006 0.18247 0.2064627 0.11315006339897715 240.0 0 0
46 7.0535 0.12457 0.0995067 0.06132758512026428 135.0 0 0
47 7.0986666666666665 0.15374 0.19316699999999995 0.1083339307813423 315.0 0 0
48 7.1445 0.17947 0.11218438999999998 0.06913989891645335 60.0 0 0
49 7.1895 0.13642 0.194132 0.10832808406818167 240.0 0 0
50 7.235833333333334 0.13395 0.09459581000000004 0.060987500417991926 135.0 0 0
51 7.2815 0.12918 0.2041596 0.11188419717064106 315.0 0 0
52 7.328166666666666 0.16135 0.12547552000000003 0.07450807759086489 60.0 0 0
53 7.374333333333333 0.10753 0.17514749999999998 0.10266192505066124 240.0 0 0
54 7.421666666666667 0.14592 0.10727524000000001 0.06485087735714248 135.0 0 0
55 7.4675 0.12728 0.19430420000000004 0.10796383116026774 315.0 0 0
56 7.5135000000000005 0.11988 0.1232731 0.07256667092933744 60.0 0 0
57 7.5595 0.16451 0.19395619999999997 0.10745538125187148 240.0 0 0
58 7.606166666666667 0.11688 0.09030242000000001 0.05887508872784864 135.0 0 0
59 7.6505 0.14748 0.20636730000000003 0.11299044212453282 315.0 0 0
60 7.6965 0.13491 0.12581446999999998 0.07436564326566704 60.0 0 0
61 7.741666666666667 0.11928 0.17197505999999999 0.09995206978974355 240.0 0 0
62 7.7895 0.1157 0.09788797 0.061486695356604455 135.0 0 0
63 7.835833333333333 0.14806 0.20653290000000002 0.1110686108475957 315.0 0 0
64 7.8825 0.18538 0.15073565000000003 0.0860378913317354 60.0 0 0
65 7.927666666666667 0.11667 0.18132209999999996 0.10397973233477957 240.0 0 0
66 7.9745 0.11236 0.09855185000000001 0.06474709850291147 135.0 0 0
67 8.019666666666666 0.15461 0.21740379999999992 0.11493538795510007 315.0 0 0
68 8.0655 0.17029 0.15516280999999998 0.08740820909025648 60.0 0 0
69 8.1105 0.14609 0.1918588 0.10539319859316172 240.0 0 0
70 8.1565 0.083111 0.09677259489409999 0.06917164258092043 135.0 0 1
71 8.2015 0.14106 0.21488930999999997 0.09677470686696085 315.0 0 0
72 8.2475 0.17907 0.15859016 0.08889516273783493 60.0 0 0
73 8.291833333333333 0.094435 0.17427956999999997 0.10006111300204597 240.0 0 0
74 8.3375 0.093823 0.099944586 0.06653276742265685 135.0 0 0
75 8.3825 0.12038 0.2067136 0.11216440817275637 315.0 0 0
76 8.427666666666667 0.19433 0.16976916999999994 0.09324848340187152 60.0 0 0
77 8.472833333333334 0.14673 0.19322359999999997 0.10619335870044067 240.0 0 0
78 8.5185 0.1161 0.10627005999999999 0.06804372973132852 135.0 0 1
79 8.563666666666666 0.10686 0.1896566 0.10672193622256912 315.0 0 0
80 8.6095 0.17622 0.17024788 0.09356526319496113 60.0 0 0
81 8.6545 0.11726 0.17873133 0.10021364839226113 240.0 0 0
82 8.7005 0.11472 0.11460593000000001 0.07084411508939473 135.0 0 0
83 8.7455 0.12202 0.20902899999999994 0.1144531495901919 315.0 0 0
84 8.7915 0.16728 0.17295590000000002 0.09413474259471842 60.0 0 0
85 8.835833333333333 0.12234 0.1893345 0.10326337566336066 240.0 0 0
86 8.881499999999999 0.11882 0.1349861 0.08091842790974121 135.0 0 1
87 8.9265 0.10629 0.20368280000000002 0.11271482957581576 315.0 0 0
88 8.972333333333333 0.11873 0.16481753999999998 0.09035160951464269 60.0 0 0
89 9.017166666666666 0.11732 0.18557880000000002 0.10252133753300406 240.0 0 0
90 9.062666666666667 0.10327 0.13341249999999996 0.0803920431140834 135.0 0 1
91 9.1075 0.097262 0.188767 0.10736682761775518 315.0 0 0
92 9.1535 0.19206 0.17969660000000004 0.0969135153054829 60.0 0 0
93 9.1995 0.12155 0.1904295 0.1030378457981905 240.0 0 0
94 9.2445 0.078105 0.1254214 0.07805117672065923 135.0 0 1
95 9.289666666666667 0.082061 0.1922007 0.1076539605146341 315.0 0 0
96 9.335333333333333 0.19272 0.1819785 0.09791353694913912 60.0 0 0
97 9.3805 0.18608 0.2350043 0.11657604978048389 240.0 0 0
98 9.425833333333333 0.072312 0.12058339080849997 0.0834248569716441 135.0 0 1
99 9.470833333333333 0.11002 0.20364920000000003 0.11072451780083105 315.0 0 0
100 9.5165 0.15879 0.17779571 0.09506444070806962 60.0 0 0
101 9.5615 0.10277 0.17998092999999998 0.09911197575299692 240.0 0 0
102 9.6075 0.084004 0.1319609 0.07806125073269697 135.0 0 1
103 9.6525 0.12956 0.22399089999999997 0.11611706441701015 315.0 0 0
104 9.698333333333334 0.21132 0.19272952000000002 0.10041817077187348 60.0 0 0
105 9.744166666666667 0.10558 0.1947391 0.10430846191889713 240.0 0 0
106 9.7905 0.1265 0.14572775999999996 0.08185878731215022 135.0 0 0
107 9.8355 0.13081 0.23184659999999999 0.12373245710835051 315.0 0 0
108 9.881499999999999 0.18386 0.19103926999999998 0.09895895835018789 60.0 0 0
109 9.926 0.069126 0.18124832000000005 0.09949394945396403 240.0 0 0
110 9.971499999999999 0.09013 0.12778884000000001 0.07518489833289203 135.0 0 0
111 10.016833333333333 0.16416 0.2229547 0.11496884857101457 315.0 0 0
112 10.062666666666667 0.19771 0.17914017971800003 0.09607486589333807 60.0 0 0
113 10.107666666666667 0.12418 0.23951849999999994 0.11475288365986701 240.0 0 0
114 10.153833333333333 0.068722 0.11446679000000003 0.06796362336298234 135.0 0 0
115 10.1995 0.13059 0.22142169999999997 0.11374868539030791 315.0 0 0
116 10.244666666666667 0.24503 0.17462701092000002 0.09887485272616467 60.0 0 0
117 10.291 0.12895 0.2136269 0.10619194473567567 240.0 0 0
118 10.3375 0.089451 0.14148101999999996 0.0788885491468476 135.0 0 0
119 10.3825 0.10198 0.209941 0.10880623484782022 315.0 0 0
120 10.4285 0.18111 0.1582893 0.08856109856563923 60.0 0 0
121 10.473833333333333 0.13414 0.2115233 0.1058896207429399 240.0 0 0
122 10.520166666666666 0.051094 0.12321951999999999 0.06968543846813274 135.0 0 0
123 10.564833333333333 0.11841 0.2066428 0.10786571292067385 315.0 0 0
124 10.6105 0.1919 0.167274166 0.09251537860287302 60.0 0 0
125 10.656 0.13435 0.2335192 0.11211532742440078 240.0 0 0
126 10.702666666666666 0.060271 0.13473469999999999 0.0753833207071303 135.0 0 0
127 10.747666666666667 0.12246 0.22625199999999998 0.11186280551149172 315.0 0 0
128 10.7945 0.2328 0.16339650200000003 0.09302231454048139 60.0 0 0
129 10.840166666666667 0.14812 0.2131782 0.10876004396764251 240.0 0 0
130 10.8855 0.045961 0.12309115 0.07039933342039145 135.0 0 0
131 10.9305 0.082154 0.19154659999999998 0.10216688116432059 315.0 0 0
132 10.977 0.20996 0.16664244999999997 0.09286453954124228 60.0 0 0
133 11.022833333333333 0.14076 0.2115506 0.10588941135197555 240.0 0 0
134 11.0685 0.057303 0.13198110999999998 0.07389405059829361 135.0 0 0
135 11.114166666666666 0.080572 0.17067526 0.09393961809777761 315.0 0 0
136 11.1595 0.324 0.18372811604 0.11112999325302873 60.0 0 0
137 11.204333333333334 0.10908 0.1843716 0.09699779206879355 240.0 0 0
138 11.250333333333334 0.080285 0.14613527 0.0802399982392405 135.0 0 0
139 11.304166666666667 0.092698 0.18927380000000002 0.10079672555717034 315.0 0 0
140 11.3585 0.22373 0.17495471999999998 0.09590399731469026 60.0 0 0
141 11.404833333333332 0.11244 0.17998842999999998 0.09533135291569998 240.0 0 0
142 11.4515 0.076013 0.14860107999999997 0.08168870426150537 135.0 0 0
143 11.4965 0.12514 0.1945675 0.10227675408508162 315.0 0 0
144 11.542833333333334 0.1888 0.18296764000000001 0.09766992684246849 60.0 0 0
145 11.5885 0.098718 0.17679613000000005 0.09290077235144137 240.0 0 0
146 11.6345 0.08288 0.14718539999999997 0.08138861907711893 135.0 0 0
147 11.6795 0.14087 0.20963059999999997 0.10850978217838031 315.0 0 0
148 11.725333333333333 0.1995 0.16872368004584598 0.0936471963133994 60.0 0 0
149 11.7705 0.086394 0.17295575000000002 0.09131914085872984 240.0 0 0
150 11.817 0.073788 0.14608041000000002 0.08101263673036223 135.0 0 0
151 11.861666666666666 0.052219 0.1700214 0.09582003811885283 315.0 0 0
152 11.907666666666666 0.26204 0.16896391200000002 0.09945984518830472 60.0 0 0
153 11.953166666666666 0.090831 0.16785354000000002 0.08934136736645315 240.0 0 0
154 12.2255 0.092291 0.1819518 0.09790025920713283 315.0 0 0
155 12.2715 0.16677 0.16720154999999998 0.09197389387389099 60.0 0 0
156 12.316666666666666 0.10316 0.16084279999999998 0.08657978865227753 240.0 0 0
157 12.3635 0.09645 0.14405244999999997 0.08091515190831487 135.0 0 0
158 12.409 0.10177 0.18844823 0.09840435302226447 315.0 0 0
159 12.4545 0.28258 0.15878323680000003 0.09803884975798702 60.0 0 0
160 12.5005 0.078694 0.14670334999999998 0.08147248986787758 240.0 0 0
161 12.5465 0.056184 0.12659906999999998 0.07429804670535228 135.0 0 0
162 12.5915 0.072 0.15416909999999998 0.08595586814890684 315.0 0 0
163 12.6375 0.16417 0.14809616000000003 0.08608167522932232 60.0 0 0
164 12.6835 0.10081 0.15181975000000006 0.08317082727958769 240.0 0 0
165 12.7295 0.063791 0.13409501999999998 0.07805603822437437 135.0 0 0
166 12.7745 0.094744 0.16024851000000004 0.08853557762730006 315.0 0 0
167 12.820833333333333 0.24997 0.177033392 0.10314325370079114 60.0 0 0
168 12.867166666666666 0.088629 0.14113897 0.07802911866792728 240.0 0 1
169 12.912666666666667 0.097537 0.14209524999999998 0.08108203775291879 135.0 0 0
170 12.957666666666666 0.089121 0.15951604 0.088176830608024 315.0 0 0
171 13.003166666666667 0.27718 0.16889562679999998 0.102228369325432 60.0 0 0
172 13.048666666666666 0.074116 0.13176364999999995 0.07898157258853057 240.0 0 0
173 13.094666666666667 0.091048 0.14173891 0.08118252831071285 135.0 0 0
174 13.140333333333334 0.12323 0.17777797999999997 0.09455649194335168 315.0 0 0
175 13.186 0.15315 0.15138268 0.08828799086601359 60.0 0 0
176 13.2315 0.068734 0.12788442 0.07538331934205225 240.0 0 1
177 13.2775 0.11823 0.14670009 0.08372118820231124 135.0 0 0
178 13.322666666666667 0.087912 0.14342505000000003 0.08194752193317632 315.0 0 0
179 13.368 0.21447 0.16602397000000002 0.09376664893012304 60.0 0 0
180 13.413166666666667 0.05856 0.11205755000000002 0.06635464130355538 240.0 0 0
181 13.4595 0.077641 0.13062801000000002 0.07626217491861721 135.0 0 0
182 13.504666666666667 0.083963 0.14622702 0.08274030304938794 315.0 0 0
183 13.550833333333333 0.21636 0.17132527000000003 0.09521468891611293 60.0 0 0
184 13.596499999999999 0.065729 0.10174506000000001 0.053827797704785824 240.0 0 1
185 13.6425 0.11077 0.14643119999999998 0.08415189824381053 135.0 0 0
186 13.6875 0.087516 0.14487125 0.08193652802546177 315.0 0 0
187 13.733166666666667 0.25055 0.15371397091999997 0.09746174108542413 60.0 0 0
188 13.778333333333332 0.068673 0.10623705000000001 0.06069306923578235 240.0 0 0
189 13.8235 0.11692 0.14976869 0.08577877172976175 135.0 0 0
190 13.868500000000001 0.092152 0.14866308 0.08369038526653469 315.0 0 0
191 13.914833333333334 0.12881 0.14673267000000004 0.08575469694580215 60.0 0 0
192 13.959666666666667 0.057795 0.08830919000000001 0.049993296882041814 240.0 0 1
193 14.006499999999999 0.076929 0.12451 0.07525131688130933 135.0 0 0
194 14.0515 0.069468 0.13289137999999998 0.07847985037287822 315.0 0 0
195 14.0975 0.19648 0.15686504 0.0912146048672 60.0 0 0
196 14.1425 0.051887 0.09275598 0.06151200845799121 240.0 0 1
197 14.189499999999999 0.069788 0.13442818999999998 0.08122220470371537 135.0 0 0
198 14.2345 0.076844 0.12917531000000002 0.07713233887006367 315.0 0 0
199 14.280833333333334 0.19675 0.1679118 0.09505761326067352 60.0 0 0
200 14.327 0.052857 0.08199738 0.045157949680524195 240.0 0 1
201 14.373333333333333 0.096155 0.13532920999999995 0.07993525282743738 135.0 0 0
202 14.418 0.060661 0.12064114 0.07391143811009866 315.0 0 0
203 14.464333333333332 0.16039 0.15311462 0.08910849056463299 60.0 0 0
204 14.5095 0.042317 0.07876823 0.053191133099436176 240.0 0 1
205 14.5555 0.089384 0.13271658999999997 0.07935171234814953 135.0 0 0
206 14.6005 0.078562 0.12137808 0.073929684429047 315.0 0 0
207 14.646 0.14346 0.14533768000000002 0.08696140364544716 60.0 0 0
208 14.6915 0.034843 0.05532387860000001 0.04276856024926958 240.0 0 0
209 14.7375 0.070703 0.12447728 0.07780008398879726 135.0 0 0
210 14.782499999999999 0.060799 0.11639746000000001 0.07204325888505597 315.0 0 0
211 14.827833333333333 0.18856 0.14922413 0.08872257108574363 60.0 0 0
212 14.8735 0.030883 0.05515037000015302 0.04652758096398718 240.0 0 1
213 14.9195 0.078465 0.13143255 0.08053620716599023 135.0 0 0
214 14.9645 0.040094 0.10699178999999999 0.06791156591469484 315.0 0 0
215 15.0105 0.17144 0.15253601 0.08989913302570397 60.0 0 0
216 15.0555 0.032483 0.05493714000153048 0.045295133073277136 240.0 0 1
217 15.1015 0.031517 0.11966122000000003 0.07677508108739906 135.0 0 0
218 15.1465 0.053106 0.11451561 0.07104731399632225 315.0 0 0
219 15.192499999999999 0.25263 0.14233474966 0.09148838529310212 60.0 0 0
220 15.237666666666666 0.041671 0.05905388 0.0436580380989597 240.0 0 0
221 15.283666666666667 0.050065 0.11974599 0.07655996713178741 135.0 0 0
222 15.3285 0.037375 0.10183397999999999 0.06455100462736021 315.0 0 0
223 15.3745 0.1994 0.145989032 0.08900390966450418 60.0 0 0
224 15.420333333333334 0.040816 0.0515753800153574 0.038575584802886545 240.0 0 0
225 15.465833333333332 0.062474 0.12553134 0.07934396315387424 135.0 0 0
226 15.511 0.062944 0.11191718 0.06962042662685632 315.0 0 0
227 15.556666666666667 0.15808 0.12530639 0.07876946889311282 60.0 0 0
228 15.602 0.046156 0.054764589999999995 0.03686628869583114 240.0 0 0
229 15.647833333333333 0.060431 0.12899391999999998 0.08163384461269595 135.0 0 0
230 15.6935 0.079812 0.11935322999999998 0.07338258359621536 315.0 0 0
231 15.7395 0.16191 0.13139149 0.08179851381422829 60.0 0 0
232 15.784666666666666 0.047332 0.05751694999999999 0.03745226521530666 240.0 0 0
233 15.8305 0.059635 0.13146143999999998 0.08225012759699166 135.0 0 0
234 15.8755 0.048873 0.10104872999999999 0.06426010576044539 315.0 0 0
235 15.9215 0.095054 0.13322254 0.0818763827153495 60.0 0 0
236 15.9665 0.050229 0.06530007 0.040217081449722615 240.0 0 0
237 16.013166666666667 0.045902 0.12193334000000002 0.07940698228485148 135.0 0 0
238 16.058500000000002 0.065767 0.10572685999999998 0.06694418654636262 315.0 0 0
239 16.1045 0.18625 0.15146364 0.09096344032019561 60.0 0 0
240 16.149666666666665 0.050621 0.06530604 0.038899060771718647 240.0 0 0
241 16.1955 0.098065 0.13001913999999998 0.08101527515786262 135.0 0 0
242 16.2405 0.054548 0.09495813000000002 0.06091349284513479 315.0 0 0
243 16.2865 0.12728 0.14086654999999998 0.08663710919996107 60.0 0 0
244 16.331500000000002 0.057207 0.07703473999999998 0.0494760956457579 240.0 0 0
245 16.377166666666668 0.048893 0.13175760000000003 0.0842060577041746 135.0 0 0
246 16.4225 0.044407 0.09241869 0.0604507822094519 315.0 0 0
247 16.468500000000002 0.11977 0.14790857000000002 0.08967912963640583 60.0 0 0
248 16.5135 0.051673 0.07206739 0.04418258340735356 240.0 0 0
249 16.558833333333332 0.031935 0.12833097 0.08428250145202354 135.0 0 0
250 16.6035 0.054418 0.08340211999999998 0.05366063140044492 315.0 0 0
251 16.6495 0.13671 0.13864557999999996 0.08702287256649557 60.0 0 0
252 16.6945 0.064714 0.08688828 0.05474437609556315 240.0 0 0
253 16.740333333333332 0.032236 0.14004597 0.09112005642222303 135.0 0 0
254 16.7855 0.068613 0.09960182999999997 0.06553038722057458 315.0 0 0
255 16.831500000000002 0.13411 0.1522003 0.09283073621727078 60.0 0 0
256 16.8765 0.059181 0.07919596000000002 0.049309336255702406 240.0 0 0
257 16.922 0.06971 0.15016303000000003 0.09297990040783741 135.0 0 0
258 16.9675 0.056642 0.07241317000000003 0.04565127473932759 315.0 0 0
259 17.013333333333332 0.08915 0.15870741 0.09588260122545857 60.0 0 0
260 17.058500000000002 0.057363 0.09099776999999998 0.06024992045451284 240.0 0 0
261 17.104166666666668 0.062924 0.1440731 0.09224346845325884 135.0 0 0
262 17.1495 0.076887 0.06797314 0.043481918133409965 315.0 0 0
263 17.1945 0.10997 0.16079659999999998 0.09757828146077527 60.0 0 0
264 17.2395 0.059821 0.08700657999999999 0.05775513752541016 240.0 0 0
265 17.285333333333334 0.060957 0.15445440000000002 0.09652992933802138 135.0 0 0
266 17.344 0.061334 0.06605205 0.04506305892709986 315.0 0 0
267 17.409166666666668 0.099219 0.16670079999999998 0.09998118748662506 60.0 1 0
268 17.473666666666666 0.049367 0.09238471000000001 0.061855251994171474 240.0 0 0
269 17.5395 0.044212 0.15607870000000001 0.10035695812399083 135.0 0 0
270 17.604 0.094843 0.06487376 0.04816995531963722 315.0 0 0
271 17.669 0.06339 0.17008027000000003 0.10262313198252618 60.0 1 0
