 0.00000E+00  0.82331E+00  0.28856E+00 -0.83803E-01 -0.21021E+00 -0.15717E+00 -0.45151E-01  0.41848E-01  0.79925E-01  0.81492E-01  0.66434E-01  0.48266E-01  0.32840E-01  0.21424E-01  0.13486E-01  0.81360E-02  0.46332E-02
 0.20000E+00  0.29219E+00  0.44161E+00  0.42502E+00  0.27747E+00  0.94101E-01 -0.44377E-01 -0.11050E+00 -0.11945E+00 -0.99564E-01 -0.72567E-01 -0.48998E-01 -0.31649E-01 -0.19867E-01 -0.12147E-01 -0.71685E-02 -0.40155E-02
 0.40000E+00 -0.58473E-01  0.23151E+00  0.37418E+00  0.34878E+00  0.22421E+00  0.89022E-01 -0.42137E-02 -0.47367E-01 -0.55976E-01 -0.48316E-01 -0.36304E-01 -0.25310E-01 -0.16830E-01 -0.10756E-01 -0.65674E-02 -0.37746E-02
 0.60000E+00 -0.68023E-01  0.95439E-01  0.21237E+00  0.25098E+00  0.22275E+00  0.16234E+00  0.10132E+00  0.55559E-01  0.27154E-01  0.11810E-01  0.43902E-02  0.11525E-02 -0.83984E-04 -0.43603E-03 -0.43385E-03 -0.31887E-03
 0.80000E+00 -0.35311E-01  0.27411E-01  0.10410E+00  0.16557E+00  0.19187E+00  0.18207E+00  0.14948E+00  0.11022E+00  0.75258E-01  0.48813E-01  0.30694E-01  0.18963E-01  0.11570E-01  0.69436E-02  0.40470E-02  0.22477E-02
 0.10000E+01 -0.11247E-01 -0.44413E-02  0.44162E-01  0.11041E+00  0.16133E+00  0.17826E+00  0.16359E+00  0.13157E+00  0.96376E-01  0.66264E-01  0.43750E-01  0.28156E-01  0.17769E-01  0.10961E-01  0.65300E-02  0.36888E-02
 0.12000E+01  0.28968E-02 -0.19410E-01  0.11445E-01  0.75889E-01  0.13658E+00  0.16681E+00  0.16285E+00  0.13681E+00  0.10360E+00  0.73151E-01  0.49354E-01  0.32328E-01  0.20697E-01  0.12914E-01  0.77618E-02  0.44145E-02
 0.14000E+01  0.10810E-01 -0.26444E-01 -0.68094E-02  0.53770E-01  0.11736E+00  0.15395E+00  0.15640E+00  0.13496E+00  0.10429E+00  0.74824E-01  0.51143E-01  0.33856E-01  0.21861E-01  0.13733E-01  0.82975E-02  0.47380E-02
 0.16000E+01  0.15154E-01 -0.29630E-01 -0.17263E-01  0.39095E-01  0.10248E+00  0.14184E+00  0.14818E+00  0.13026E+00  0.10205E+00  0.74022E-01  0.51046E-01  0.34037E-01  0.22106E-01  0.13950E-01  0.84591E-02  0.48432E-02
 0.18000E+01  0.17482E-01 -0.30899E-01 -0.23391E-01  0.28981E-01  0.90791E-01  0.13109E+00  0.13984E+00  0.12460E+00  0.98613E-01  0.72106E-01  0.50050E-01  0.33551E-01  0.21883E-01  0.13856E-01  0.84239E-02  0.48325E-02
 0.20000E+01  0.18658E-01 -0.31187E-01 -0.27034E-01  0.21749E-01  0.81437E-01  0.12169E+00  0.13196E+00  0.11882E+00  0.94779E-01  0.69734E-01  0.48649E-01  0.32746E-01  0.21429E-01  0.13604E-01  0.82869E-02  0.47611E-02
 0.22000E+01  0.19158E-01 -0.30962E-01 -0.29193E-01  0.16407E-01  0.73800E-01  0.11350E+00  0.12472E+00  0.11326E+00  0.90911E-01  0.67224E-01  0.47089E-01  0.31800E-01  0.20865E-01  0.13274E-01  0.80986E-02  0.46584E-02
 0.24000E+01  0.19258E-01 -0.30469E-01 -0.30442E-01  0.12341E-01  0.67441E-01  0.10632E+00  0.11813E+00  0.10804E+00  0.87173E-01  0.64727E-01  0.45493E-01  0.30807E-01  0.20257E-01  0.12909E-01  0.78865E-02  0.45410E-02
 0.26000E+01  0.19116E-01 -0.29836E-01 -0.31114E-01  0.91600E-02  0.62037E-01  0.99966E-01  0.11213E+00  0.10317E+00  0.83616E-01  0.62306E-01  0.43917E-01  0.29809E-01  0.19637E-01  0.12532E-01  0.76649E-02  0.44170E-02
 0.28000E+01  0.18815E-01 -0.29130E-01 -0.31399E-01  0.66133E-02  0.57357E-01  0.94259E-01  0.10662E+00  0.98617E-01  0.80236E-01  0.59971E-01  0.42377E-01  0.28821E-01  0.19018E-01  0.12152E-01  0.74395E-02  0.42903E-02
 0.30000E+01  0.18298E-01 -0.28140E-01 -0.31329E-01  0.41061E-02  0.52261E-01  0.87793E-01  0.10023E+00  0.93232E-01  0.76176E-01  0.57128E-01  0.40478E-01  0.27591E-01  0.18238E-01  0.11670E-01  0.71519E-02  0.41277E-02
 0.00000E+00  0.82331E+00  0.28856E+00 -0.83803E-01 -0.21021E+00 -0.15717E+00 -0.45151E-01  0.41848E-01  0.79925E-01  0.81492E-01  0.66434E-01  0.48266E-01  0.32840E-01  0.21424E-01  0.13486E-01  0.81360E-02  0.46332E-02
 0.20000E+00  0.29219E+00  0.44161E+00  0.42502E+00  0.27747E+00  0.94101E-01 -0.44377E-01 -0.11050E+00 -0.11945E+00 -0.99564E-01 -0.72567E-01 -0.48998E-01 -0.31649E-01 -0.19867E-01 -0.12147E-01 -0.71685E-02 -0.40155E-02
 0.40000E+00 -0.58473E-01  0.23151E+00  0.37418E+00  0.34878E+00  0.22421E+00  0.89022E-01 -0.42137E-02 -0.47367E-01 -0.55976E-01 -0.48316E-01 -0.36304E-01 -0.25310E-01 -0.16830E-01 -0.10756E-01 -0.65674E-02 -0.37746E-02
 0.60000E+00 -0.68023E-01  0.95439E-01  0.21237E+00  0.25098E+00  0.22275E+00  0.16234E+00  0.10132E+00  0.55559E-01  0.27154E-01  0.11810E-01  0.43902E-02  0.11525E-02 -0.83984E-04 -0.43603E-03 -0.43385E-03 -0.31887E-03
 0.80000E+00 -0.35311E-01  0.27411E-01  0.10410E+00  0.16557E+00  0.19187E+00  0.18207E+00  0.14948E+00  0.11022E+00  0.75258E-01  0.48813E-01  0.30694E-01  0.18963E-01  0.11570E-01  0.69436E-02  0.40470E-02  0.22477E-02
 0.10000E+01 -0.11247E-01 -0.44413E-02  0.44162E-01  0.11041E+00  0.16133E+00  0.17826E+00  0.16359E+00  0.13157E+00  0.96376E-01  0.66264E-01  0.43750E-01  0.28156E-01  0.17769E-01  0.10961E-01  0.65300E-02  0.36888E-02
 0.12000E+01  0.28968E-02 -0.19410E-01  0.11445E-01  0.75889E-01  0.13658E+00  0.16681E+00  0.16285E+00  0.13681E+00  0.10360E+00  0.73151E-01  0.49354E-01  0.32328E-01  0.20697E-01  0.12914E-01  0.77618E-02  0.44145E-02
 0.14000E+01  0.10810E-01 -0.26444E-01 -0.68094E-02  0.53770E-01  0.11736E+00  0.15395E+00  0.15640E+00  0.13496E+00  0.10429E+00  0.74824E-01  0.51143E-01  0.33856E-01  0.21861E-01  0.13733E-01  0.82975E-02  0.47380E-02
 0.16000E+01  0.15154E-01 -0.29630E-01 -0.17263E-01  0.39095E-01  0.10248E+00  0.14184E+00  0.14818E+00  0.13026E+00  0.10205E+00  0.74022E-01  0.51046E-01  0.34037E-01  0.22106E-01  0.13950E-01  0.84591E-02  0.48432E-02
 0.18000E+01  0.17482E-01 -0.30899E-01 -0.23391E-01  0.28981E-01  0.90791E-01  0.13109E+00  0.13984E+00  0.12460E+00  0.98613E-01  0.72106E-01  0.50050E-01  0.33551E-01  0.21883E-01  0.13856E-01  0.84239E-02  0.48325E-02
 0.20000E+01  0.18658E-01 -0.31187E-01 -0.27034E-01  0.21749E-01  0.81437E-01  0.12169E+00  0.13196E+00  0.11882E+00  0.94779E-01  0.69734E-01  0.48649E-01  0.32746E-01  0.21429E-01  0.13604E-01  0.82869E-02  0.47611E-02
 0.22000E+01  0.19158E-01 -0.30962E-01 -0.29193E-01  0.16407E-01  0.73800E-01  0.11350E+00  0.12472E+00  0.11326E+00  0.90911E-01  0.67224E-01  0.47089E-01  0.31800E-01  0.20865E-01  0.13274E-01  0.80986E-02  0.46584E-02
 0.24000E+01  0.19258E-01 -0.30469E-01 -0.30442E-01  0.12341E-01  0.67441E-01  0.10632E+00  0.11813E+00  0.10804E+00  0.87173E-01  0.64727E-01  0.45493E-01  0.30807E-01  0.20257E-01  0.12909E-01  0.78865E-02  0.45410E-02
 0.26000E+01  0.19116E-01 -0.29836E-01 -0.31114E-01  0.91600E-02  0.62037E-01  0.99966E-01  0.11213E+00  0.10317E+00  0.83616E-01  0.62306E-01  0.43917E-01  0.29809E-01  0.19637E-01  0.12532E-01  0.76649E-02  0.44170E-02
 0.28000E+01  0.18815E-01 -0.29130E-01 -0.31399E-01  0.66133E-02  0.57357E-01  0.94259E-01  0.10662E+00  0.98617E-01  0.80236E-01  0.59971E-01  0.42377E-01  0.28821E-01  0.19018E-01  0.12152E-01  0.74395E-02  0.42903E-02
 0.30000E+01  0.18298E-01 -0.28140E-01 -0.31329E-01  0.41061E-02  0.52261E-01  0.87793E-01  0.10023E+00  0.93232E-01  0.76176E-01  0.57128E-01  0.40478E-01  0.27591E-01  0.18238E-01  0.11670E-01  0.71519E-02  0.41277E-02
