 0.00000E+00  0.70359E+00  0.33425E+00 -0.44103E-01 -0.13723E+00 -0.77405E-01 -0.17051E-01  0.10338E-01  0.16985E-01  0.15294E-01  0.11438E-01  0.77851E-02  0.49846E-02  0.30407E-02  0.17670E-02  0.95622E-03  0.44536E-03
 0.20000E+00  0.40254E+00  0.45408E+00  0.31982E+00  0.13754E+00  0.21070E-01 -0.25169E-01 -0.34174E-01 -0.29516E-01 -0.21868E-01 -0.15003E-01 -0.98262E-02 -0.62314E-02 -0.38499E-02 -0.23130E-02 -0.13148E-02 -0.64416E-03
 0.40000E+00 -0.61328E-01  0.23871E+00  0.38314E+00  0.29241E+00  0.14483E+00  0.49011E-01  0.61805E-02 -0.80884E-02 -0.10442E-01 -0.88015E-02 -0.63728E-02 -0.42485E-02 -0.26743E-02 -0.15990E-02 -0.89003E-03 -0.42535E-03
 0.60000E+00 -0.10851E+00  0.11107E+00  0.27286E+00  0.26966E+00  0.18903E+00  0.11445E+00  0.65945E-01  0.37607E-01  0.21505E-01  0.12378E-01  0.71766E-02  0.41886E-02  0.24561E-02  0.14366E-02  0.80982E-03  0.39673E-03
 0.80000E+00 -0.76160E-01  0.36444E-01  0.16701E+00  0.22103E+00  0.20135E+00  0.15346E+00  0.10681E+00  0.70682E-01  0.45336E-01  0.28458E-01  0.17571E-01  0.10696E-01  0.64195E-02  0.37773E-02  0.21150E-02  0.10249E-02
 0.10000E+01 -0.38873E-01 -0.81770E-02  0.89390E-01  0.17725E+00  0.19989E+00  0.17292E+00  0.13003E+00  0.90382E-01  0.59893E-01  0.38443E-01  0.24106E-01  0.14831E-01  0.89630E-02  0.52949E-02  0.29700E-02  0.14403E-02
 0.12000E+01 -0.10440E-01 -0.34846E-01  0.36398E-01  0.14237E+00  0.19168E+00  0.17949E+00  0.14075E+00  0.10032E+00  0.67601E-01  0.43922E-01  0.27808E-01  0.17250E-01  0.10505E-01  0.62534E-02  0.35347E-02  0.17256E-02
 0.14000E+01  0.82671E-02 -0.50245E-01  0.17057E-02  0.11542E+00  0.18000E+00  0.17773E+00  0.14308E+00  0.10364E+00  0.70660E-01  0.46364E-01  0.29628E-01  0.18557E-01  0.11422E-01  0.68836E-02  0.39433E-02  0.19480E-02
 0.16000E+01  0.18889E-01 -0.58321E-01 -0.19799E-01  0.94808E-01  0.16659E+00  0.17061E+00  0.13984E+00  0.10250E+00  0.70569E-01  0.46749E-01  0.30180E-01  0.19121E-01  0.11929E-01  0.73054E-02  0.42580E-02  0.21354E-02
 0.18000E+01  0.23585E-01 -0.61684E-01 -0.32194E-01  0.78949E-01  0.15250E+00  0.16025E+00  0.13308E+00  0.98511E-01  0.68468E-01  0.45824E-01  0.29930E-01  0.19223E-01  0.12188E-01  0.76059E-02  0.45224E-02  0.23065E-02
 0.20000E+01  0.24012E-01 -0.62023E-01 -0.38303E-01  0.66662E-01  0.13835E+00  0.14805E+00  0.12420E+00  0.92764E-01  0.65110E-01  0.44076E-01  0.29176E-01  0.19035E-01  0.12292E-01  0.78329E-02  0.47577E-02  0.24690E-02
 0.22000E+01  0.21374E-01 -0.60368E-01 -0.40013E-01  0.57047E-01  0.12442E+00  0.13478E+00  0.11401E+00  0.85913E-01  0.60961E-01  0.41816E-01  0.28114E-01  0.18675E-01  0.12310E-01  0.80240E-02  0.49830E-02  0.26313E-02
 0.24000E+01  0.16742E-01 -0.57362E-01 -0.38715E-01  0.49373E-01  0.11081E+00  0.12096E+00  0.10307E+00  0.78419E-01  0.56350E-01  0.39257E-01  0.26877E-01  0.18222E-01  0.12285E-01  0.82012E-02  0.52083E-02  0.27971E-02
 0.26000E+01  0.10700E-01 -0.53348E-01 -0.35219E-01  0.43113E-01  0.97443E-01  0.10675E+00  0.91586E-01  0.70466E-01  0.51417E-01  0.36500E-01  0.25531E-01  0.17720E-01  0.12245E-01  0.83817E-02  0.54437E-02  0.29715E-02
 0.28000E+01  0.31911E-02 -0.48601E-01 -0.29906E-01  0.37945E-01  0.84107E-01  0.92038E-01  0.79520E-01  0.62047E-01  0.46177E-01  0.33569E-01  0.24104E-01  0.17192E-01  0.12212E-01  0.85837E-02  0.57026E-02  0.31625E-02
 0.30000E+01 -0.31800E-02 -0.44312E-01 -0.25722E-01  0.32325E-01  0.71142E-01  0.78021E-01  0.68090E-01  0.54057E-01  0.41161E-01  0.30711E-01  0.22655E-01  0.16595E-01  0.12091E-01  0.86979E-02  0.58889E-02  0.33078E-02
