 0.00000E+00  0.85610E+00  0.27860E+00 -0.10164E+00 -0.21056E+00 -0.13749E+00 -0.18515E-01  0.61593E-01  0.86906E-01  0.77458E-01  0.56320E-01  0.36563E-01  0.22247E-01  0.13040E-01  0.74442E-02  0.41261E-02  0.21901E-02
 0.20000E+00  0.24817E+00  0.44444E+00  0.43646E+00  0.27152E+00  0.70572E-01 -0.69700E-01 -0.12323E+00 -0.11549E+00 -0.83373E-01 -0.51232E-01 -0.28105E-01 -0.14118E-01 -0.65499E-02 -0.27782E-02 -0.10394E-02 -0.31371E-03
 0.40000E+00 -0.55943E-01  0.24596E+00  0.38512E+00  0.34636E+00  0.20909E+00  0.68838E-01 -0.21675E-01 -0.58253E-01 -0.60407E-01 -0.48381E-01 -0.34239E-01 -0.22672E-01 -0.14433E-01 -0.89032E-02 -0.52882E-02 -0.29770E-02
 0.60000E+00 -0.67162E-01  0.10017E+00  0.22484E+00  0.26811E+00  0.23679E+00  0.16676E+00  0.94696E-01  0.41036E-01  0.95061E-02 -0.51115E-02 -0.97610E-02 -0.96747E-02 -0.78526E-02 -0.57092E-02 -0.38071E-02 -0.23277E-02
 0.80000E+00 -0.29067E-01  0.18628E-01  0.98927E-01  0.17396E+00  0.21032E+00  0.20021E+00  0.15925E+00  0.10983E+00  0.67575E-01  0.37979E-01  0.19873E-01  0.98042E-02  0.45750E-02  0.20019E-02  0.80270E-03  0.28252E-03
 0.10000E+01 -0.20474E-02 -0.15108E-01  0.30206E-01  0.10615E+00  0.16919E+00  0.19250E+00  0.17703E+00  0.14020E+00  0.99860E-01  0.66198E-01  0.41968E-01  0.25938E-01  0.15777E-01  0.94315E-02  0.54779E-02  0.30340E-02
 0.12000E+01  0.10650E-01 -0.26282E-01 -0.22385E-02  0.64906E-01  0.13393E+00  0.17254E+00  0.17348E+00  0.14845E+00  0.11378E+00  0.80980E-01  0.54953E-01  0.36174E-01  0.23273E-01  0.14595E-01  0.88158E-02  0.50365E-02
 0.14000E+01  0.15850E-01 -0.29137E-01 -0.17436E-01  0.40346E-01  0.10812E+00  0.15319E+00  0.16396E+00  0.14769E+00  0.11848E+00  0.87871E-01  0.61849E-01  0.42013E-01  0.27745E-01  0.17767E-01  0.10908E-01  0.63097E-02
 0.16000E+01  0.17796E-01 -0.29203E-01 -0.24919E-01  0.25096E-01  0.89660E-01  0.13727E+00  0.15402E+00  0.14392E+00  0.11912E+00  0.90763E-01  0.65366E-01  0.45255E-01  0.30346E-01  0.19667E-01  0.12186E-01  0.70969E-02
 0.18000E+01  0.18354E-01 -0.28379E-01 -0.28820E-01  0.15034E-01  0.76125E-01  0.12452E+00  0.14502E+00  0.13935E+00  0.11801E+00  0.91650E-01  0.67058E-01  0.47025E-01  0.31855E-01  0.20807E-01  0.12969E-01  0.75863E-02
 0.20000E+01  0.18297E-01 -0.27301E-01 -0.30925E-01  0.80099E-02  0.65826E-01  0.11416E+00  0.13712E+00  0.13472E+00  0.11611E+00  0.91486E-01  0.67726E-01  0.47939E-01  0.32711E-01  0.21487E-01  0.13449E-01  0.78917E-02
 0.22000E+01  0.17954E-01 -0.26189E-01 -0.32051E-01  0.28757E-02  0.57708E-01  0.10557E+00  0.13016E+00  0.13024E+00  0.11386E+00  0.90734E-01  0.67782E-01  0.48324E-01  0.33159E-01  0.21873E-01  0.13735E-01  0.80783E-02
 0.24000E+01  0.17477E-01 -0.25115E-01 -0.32608E-01 -0.10175E-02  0.51115E-01  0.98269E-01  0.12398E+00  0.12599E+00  0.11145E+00  0.89646E-01  0.67464E-01  0.48375E-01  0.33342E-01  0.22068E-01  0.13892E-01  0.81862E-02
 0.26000E+01  0.16941E-01 -0.24099E-01 -0.32816E-01 -0.40666E-02  0.45610E-01  0.91939E-01  0.11841E+00  0.12197E+00  0.10899E+00  0.88363E-01  0.66909E-01  0.48208E-01  0.33349E-01  0.22136E-01  0.13964E-01  0.82409E-02
 0.28000E+01  0.16373E-01 -0.23144E-01 -0.32802E-01 -0.65197E-02  0.40902E-01  0.86340E-01  0.11333E+00  0.11816E+00  0.10653E+00  0.86960E-01  0.66198E-01  0.47893E-01  0.33237E-01  0.22114E-01  0.13975E-01  0.82583E-02
 0.30000E+01  0.15643E-01 -0.21981E-01 -0.32498E-01 -0.89147E-02  0.35868E-01  0.80080E-01  0.10741E+00  0.11351E+00  0.10335E+00  0.84998E-01  0.65079E-01  0.47293E-01  0.32932E-01  0.21967E-01  0.13909E-01  0.82310E-02
 0.00000E+00  0.85610E+00  0.27860E+00 -0.10164E+00 -0.21056E+00 -0.13749E+00 -0.18515E-01  0.61593E-01  0.86906E-01  0.77458E-01  0.56320E-01  0.36563E-01  0.22247E-01  0.13040E-01  0.74442E-02  0.41261E-02  0.21901E-02
 0.20000E+00  0.24817E+00  0.44444E+00  0.43646E+00  0.27152E+00  0.70572E-01 -0.69700E-01 -0.12323E+00 -0.11549E+00 -0.83373E-01 -0.51232E-01 -0.28105E-01 -0.14118E-01 -0.65499E-02 -0.27782E-02 -0.10394E-02 -0.31371E-03
 0.40000E+00 -0.55943E-01  0.24596E+00  0.38512E+00  0.34636E+00  0.20909E+00  0.68838E-01 -0.21675E-01 -0.58253E-01 -0.60407E-01 -0.48381E-01 -0.34239E-01 -0.22672E-01 -0.14433E-01 -0.89032E-02 -0.52882E-02 -0.29770E-02
 0.60000E+00 -0.67162E-01  0.10017E+00  0.22484E+00  0.26811E+00  0.23679E+00  0.16676E+00  0.94696E-01  0.41036E-01  0.95061E-02 -0.51115E-02 -0.97610E-02 -0.96747E-02 -0.78526E-02 -0.57092E-02 -0.38071E-02 -0.23277E-02
 0.80000E+00 -0.29067E-01  0.18628E-01  0.98927E-01  0.17396E+00  0.21032E+00  0.20021E+00  0.15925E+00  0.10983E+00  0.67575E-01  0.37979E-01  0.19873E-01  0.98042E-02  0.45750E-02  0.20019E-02  0.80270E-03  0.28252E-03
 0.10000E+01 -0.20474E-02 -0.15108E-01  0.30206E-01  0.10615E+00  0.16919E+00  0.19250E+00  0.17703E+00  0.14020E+00  0.99860E-01  0.66198E-01  0.41968E-01  0.25938E-01  0.15777E-01  0.94315E-02  0.54779E-02  0.30340E-02
 0.12000E+01  0.10650E-01 -0.26282E-01 -0.22385E-02  0.64906E-01  0.13393E+00  0.17254E+00  0.17348E+00  0.14845E+00  0.11378E+00  0.80980E-01  0.54953E-01  0.36174E-01  0.23273E-01  0.14595E-01  0.88158E-02  0.50365E-02
 0.14000E+01  0.15850E-01 -0.29137E-01 -0.17436E-01  0.40346E-01  0.10812E+00  0.15319E+00  0.16396E+00  0.14769E+00  0.11848E+00  0.87871E-01  0.61849E-01  0.42013E-01  0.27745E-01  0.17767E-01  0.10908E-01  0.63097E-02
 0.16000E+01  0.17796E-01 -0.29203E-01 -0.24919E-01  0.25096E-01  0.89660E-01  0.13727E+00  0.15402E+00  0.14392E+00  0.11912E+00  0.90763E-01  0.65366E-01  0.45255E-01  0.30346E-01  0.19667E-01  0.12186E-01  0.70969E-02
 0.18000E+01  0.18354E-01 -0.28379E-01 -0.28820E-01  0.15034E-01  0.76125E-01  0.12452E+00  0.14502E+00  0.13935E+00  0.11801E+00  0.91650E-01  0.67058E-01  0.47025E-01  0.31855E-01  0.20807E-01  0.12969E-01  0.75863E-02
 0.20000E+01  0.18297E-01 -0.27301E-01 -0.30925E-01  0.80099E-02  0.65826E-01  0.11416E+00  0.13712E+00  0.13472E+00  0.11611E+00  0.91486E-01  0.67726E-01  0.47939E-01  0.32711E-01  0.21487E-01  0.13449E-01  0.78917E-02
 0.22000E+01  0.17954E-01 -0.26189E-01 -0.32051E-01  0.28757E-02  0.57708E-01  0.10557E+00  0.13016E+00  0.13024E+00  0.11386E+00  0.90734E-01  0.67782E-01  0.48324E-01  0.33159E-01  0.21873E-01  0.13735E-01  0.80783E-02
 0.24000E+01  0.17477E-01 -0.25115E-01 -0.32608E-01 -0.10175E-02  0.51115E-01  0.98269E-01  0.12398E+00  0.12599E+00  0.11145E+00  0.89646E-01  0.67464E-01  0.48375E-01  0.33342E-01  0.22068E-01  0.13892E-01  0.81862E-02
 0.26000E+01  0.16941E-01 -0.24099E-01 -0.32816E-01 -0.40666E-02  0.45610E-01  0.91939E-01  0.11841E+00  0.12197E+00  0.10899E+00  0.88363E-01  0.66909E-01  0.48208E-01  0.33349E-01  0.22136E-01  0.13964E-01  0.82409E-02
 0.28000E+01  0.16373E-01 -0.23144E-01 -0.32802E-01 -0.65197E-02  0.40902E-01  0.86340E-01  0.11333E+00  0.11816E+00  0.10653E+00  0.86960E-01  0.66198E-01  0.47893E-01  0.33237E-01  0.22114E-01  0.13975E-01  0.82583E-02
 0.30000E+01  0.15643E-01 -0.21981E-01 -0.32498E-01 -0.89147E-02  0.35868E-01  0.80080E-01  0.10741E+00  0.11351E+00  0.10335E+00  0.84998E-01  0.65079E-01  0.47293E-01  0.32932E-01  0.21967E-01  0.13909E-01  0.82310E-02
