 0.00000E+00  0.85713E+00  0.32675E+00 -0.58002E-01 -0.20486E+00 -0.16862E+00 -0.63848E-01  0.23904E-01  0.66103E-01  0.71720E-01  0.59507E-01  0.43182E-01  0.29050E-01  0.18651E-01  0.11545E-01  0.68607E-02  0.38589E-02
 0.20000E+00  0.21561E+00  0.37863E+00  0.39452E+00  0.28197E+00  0.12160E+00 -0.98609E-02 -0.79889E-01 -0.96514E-01 -0.83632E-01 -0.61663E-01 -0.41462E-01 -0.26421E-01 -0.16292E-01 -0.97822E-02 -0.56815E-02 -0.31416E-02
 0.40000E+00 -0.11712E-01  0.23084E+00  0.34671E+00  0.31861E+00  0.20528E+00  0.83090E-01 -0.16972E-02 -0.41310E-01 -0.49322E-01 -0.42306E-01 -0.31321E-01 -0.21408E-01 -0.13933E-01 -0.87251E-02 -0.52350E-02 -0.29669E-02
 0.60000E+00 -0.56035E-01  0.12678E+00  0.24468E+00  0.26874E+00  0.22077E+00  0.14497E+00  0.76853E-01  0.31145E-01  0.67875E-02 -0.33647E-02 -0.60926E-02 -0.57249E-02 -0.44302E-02 -0.30926E-02 -0.19948E-02 -0.11881E-02
 0.80000E+00 -0.42822E-01  0.40440E-01  0.12613E+00  0.18477E+00  0.20199E+00  0.18286E+00  0.14388E+00  0.10164E+00  0.66217E-01  0.40751E-01  0.24203E-01  0.14103E-01  0.81368E-02  0.46451E-02  0.25960E-02  0.13941E-02
 0.10000E+01 -0.16070E-01 -0.70744E-02  0.43626E-01  0.11260E+00  0.16669E+00  0.18607E+00  0.17198E+00  0.13865E+00  0.10119E+00  0.68857E-01  0.44743E-01  0.28246E-01  0.17476E-01  0.10586E-01  0.62105E-02  0.34660E-02
 0.12000E+01  0.12357E-02 -0.26506E-01  0.13789E-02  0.67774E-01  0.13458E+00  0.17179E+00  0.17245E+00  0.14754E+00  0.11285E+00  0.79852E-01  0.53637E-01  0.34822E-01  0.22050E-01  0.13608E-01  0.81007E-02  0.45712E-02
 0.14000E+01  0.97712E-02 -0.33275E-01 -0.18344E-01  0.42108E-01  0.11065E+00  0.15447E+00  0.16283E+00  0.14409E+00  0.11314E+00  0.81812E-01  0.55969E-01  0.36896E-01  0.23658E-01  0.14746E-01  0.88458E-02  0.50205E-02
 0.16000E+01  0.13626E-01 -0.35122E-01 -0.27595E-01  0.26952E-01  0.93362E-01  0.13891E+00  0.15124E+00  0.13677E+00  0.10923E+00  0.80101E-01  0.55446E-01  0.36911E-01  0.23856E-01  0.14963E-01  0.90190E-02  0.51372E-02
 0.18000E+01  0.15204E-01 -0.35079E-01 -0.31995E-01  0.17427E-01  0.80566E-01  0.12580E+00  0.14018E+00  0.12876E+00  0.10407E+00  0.77076E-01  0.53796E-01  0.36059E-01  0.23435E-01  0.14763E-01  0.89277E-02  0.50978E-02
 0.20000E+01  0.15655E-01 -0.34301E-01 -0.34014E-01  0.11079E-01  0.70757E-01  0.11484E+00  0.13026E+00  0.12106E+00  0.98737E-01  0.73673E-01  0.51742E-01  0.34860E-01  0.22749E-01  0.14377E-01  0.87160E-02  0.49859E-02
 0.22000E+01  0.15528E-01 -0.33249E-01 -0.34788E-01  0.66512E-02  0.63005E-01  0.10559E+00  0.12149E+00  0.11396E+00  0.93620E-01  0.70267E-01  0.49592E-01  0.33546E-01  0.21962E-01  0.13915E-01  0.84518E-02  0.48416E-02
 0.24000E+01  0.15103E-01 -0.32123E-01 -0.34886E-01  0.34435E-02  0.56718E-01  0.97706E-01  0.11375E+00  0.10753E+00  0.88852E-01  0.67009E-01  0.47481E-01  0.32223E-01  0.21151E-01  0.13428E-01  0.81686E-02  0.46847E-02
 0.26000E+01  0.14522E-01 -0.31005E-01 -0.34604E-01  0.10467E-02  0.51499E-01  0.90886E-01  0.10689E+00  0.10169E+00  0.84447E-01  0.63944E-01  0.45461E-01  0.30936E-01  0.20350E-01  0.12941E-01  0.78826E-02  0.45250E-02
 0.28000E+01  0.13857E-01 -0.29929E-01 -0.34100E-01 -0.78703E-03  0.47079E-01  0.84906E-01  0.10074E+00  0.96376E-01  0.80374E-01  0.61071E-01  0.43541E-01  0.29699E-01  0.19573E-01  0.12465E-01  0.76003E-02  0.43664E-02
 0.30000E+01  0.12998E-01 -0.28612E-01 -0.33242E-01 -0.24877E-02  0.42414E-01  0.78352E-01  0.93848E-01  0.90328E-01  0.75675E-01  0.57713E-01  0.41273E-01  0.28221E-01  0.18635E-01  0.11886E-01  0.72557E-02  0.41719E-02
 0.00000E+00  0.85713E+00  0.32675E+00 -0.58002E-01 -0.20486E+00 -0.16862E+00 -0.63848E-01  0.23904E-01  0.66103E-01  0.71720E-01  0.59507E-01  0.43182E-01  0.29050E-01  0.18651E-01  0.11545E-01  0.68607E-02  0.38589E-02
 0.20000E+00  0.21561E+00  0.37863E+00  0.39452E+00  0.28197E+00  0.12160E+00 -0.98609E-02 -0.79889E-01 -0.96514E-01 -0.83632E-01 -0.61663E-01 -0.41462E-01 -0.26421E-01 -0.16292E-01 -0.97822E-02 -0.56815E-02 -0.31416E-02
 0.40000E+00 -0.11712E-01  0.23084E+00  0.34671E+00  0.31861E+00  0.20528E+00  0.83090E-01 -0.16972E-02 -0.41310E-01 -0.49322E-01 -0.42306E-01 -0.31321E-01 -0.21408E-01 -0.13933E-01 -0.87251E-02 -0.52350E-02 -0.29669E-02
 0.60000E+00 -0.56035E-01  0.12678E+00  0.24468E+00  0.26874E+00  0.22077E+00  0.14497E+00  0.76853E-01  0.31145E-01  0.67875E-02 -0.33647E-02 -0.60926E-02 -0.57249E-02 -0.44302E-02 -0.30926E-02 -0.19948E-02 -0.11881E-02
 0.80000E+00 -0.42822E-01  0.40440E-01  0.12613E+00  0.18477E+00  0.20199E+00  0.18286E+00  0.14388E+00  0.10164E+00  0.66217E-01  0.40751E-01  0.24203E-01  0.14103E-01  0.81368E-02  0.46451E-02  0.25960E-02  0.13941E-02
 0.10000E+01 -0.16070E-01 -0.70744E-02  0.43626E-01  0.11260E+00  0.16669E+00  0.18607E+00  0.17198E+00  0.13865E+00  0.10119E+00  0.68857E-01  0.44743E-01  0.28246E-01  0.17476E-01  0.10586E-01  0.62105E-02  0.34660E-02
 0.12000E+01  0.12357E-02 -0.26506E-01  0.13789E-02  0.67774E-01  0.13458E+00  0.17179E+00  0.17245E+00  0.14754E+00  0.11285E+00  0.79852E-01  0.53637E-01  0.34822E-01  0.22050E-01  0.13608E-01  0.81007E-02  0.45712E-02
 0.14000E+01  0.97712E-02 -0.33275E-01 -0.18344E-01  0.42108E-01  0.11065E+00  0.15447E+00  0.16283E+00  0.14409E+00  0.11314E+00  0.81812E-01  0.55969E-01  0.36896E-01  0.23658E-01  0.14746E-01  0.88458E-02  0.50205E-02
 0.16000E+01  0.13626E-01 -0.35122E-01 -0.27595E-01  0.26952E-01  0.93362E-01  0.13891E+00  0.15124E+00  0.13677E+00  0.10923E+00  0.80101E-01  0.55446E-01  0.36911E-01  0.23856E-01  0.14963E-01  0.90190E-02  0.51372E-02
 0.18000E+01  0.15204E-01 -0.35079E-01 -0.31995E-01  0.17427E-01  0.80566E-01  0.12580E+00  0.14018E+00  0.12876E+00  0.10407E+00  0.77076E-01  0.53796E-01  0.36059E-01  0.23435E-01  0.14763E-01  0.89277E-02  0.50978E-02
 0.20000E+01  0.15655E-01 -0.34301E-01 -0.34014E-01  0.11079E-01  0.70757E-01  0.11484E+00  0.13026E+00  0.12106E+00  0.98737E-01  0.73673E-01  0.51742E-01  0.34860E-01  0.22749E-01  0.14377E-01  0.87160E-02  0.49859E-02
 0.22000E+01  0.15528E-01 -0.33249E-01 -0.34788E-01  0.66512E-02  0.63005E-01  0.10559E+00  0.12149E+00  0.11396E+00  0.93620E-01  0.70267E-01  0.49592E-01  0.33546E-01  0.21962E-01  0.13915E-01  0.84518E-02  0.48416E-02
 0.24000E+01  0.15103E-01 -0.32123E-01 -0.34886E-01  0.34435E-02  0.56718E-01  0.97706E-01  0.11375E+00  0.10753E+00  0.88852E-01  0.67009E-01  0.47481E-01  0.32223E-01  0.21151E-01  0.13428E-01  0.81686E-02  0.46847E-02
 0.26000E+01  0.14522E-01 -0.31005E-01 -0.34604E-01  0.10467E-02  0.51499E-01  0.90886E-01  0.10689E+00  0.10169E+00  0.84447E-01  0.63944E-01  0.45461E-01  0.30936E-01  0.20350E-01  0.12941E-01  0.78826E-02  0.45250E-02
 0.28000E+01  0.13857E-01 -0.29929E-01 -0.34100E-01 -0.78703E-03  0.47079E-01  0.84906E-01  0.10074E+00  0.96376E-01  0.80374E-01  0.61071E-01  0.43541E-01  0.29699E-01  0.19573E-01  0.12465E-01  0.76003E-02  0.43664E-02
 0.30000E+01  0.12998E-01 -0.28612E-01 -0.33242E-01 -0.24877E-02  0.42414E-01  0.78352E-01  0.93848E-01  0.90328E-01  0.75675E-01  0.57713E-01  0.41273E-01  0.28221E-01  0.18635E-01  0.11886E-01  0.72557E-02  0.41719E-02
