 0.00000E+00  0.83833E+00  0.31100E+00 -0.63084E-01 -0.19819E+00 -0.15587E+00 -0.52673E-01  0.28844E-01  0.64603E-01  0.66288E-01  0.52963E-01  0.37341E-01  0.24604E-01  0.15593E-01  0.95903E-02  0.56891E-02  0.32026E-02
 0.20000E+00  0.24732E+00  0.39972E+00  0.39721E+00  0.26848E+00  0.10181E+00 -0.25665E-01 -0.86689E-01 -0.95041E-01 -0.77478E-01 -0.54315E-01 -0.34985E-01 -0.21531E-01 -0.12937E-01 -0.76311E-02 -0.43826E-02 -0.24070E-02
 0.40000E+00 -0.20666E-01  0.24056E+00  0.36217E+00  0.32839E+00  0.20586E+00  0.77763E-01 -0.78970E-02 -0.45363E-01 -0.50788E-01 -0.42085E-01 -0.30438E-01 -0.20493E-01 -0.13233E-01 -0.82672E-02 -0.49662E-02 -0.28229E-02
 0.60000E+00 -0.66433E-01  0.11425E+00  0.23714E+00  0.26952E+00  0.22833E+00  0.15536E+00  0.86591E-01  0.38590E-01  0.11794E-01 -0.26259E-03 -0.42685E-02 -0.46927E-02 -0.38674E-02 -0.27992E-02 -0.18506E-02 -0.11221E-02
 0.80000E+00 -0.40401E-01  0.27794E-01  0.11109E+00  0.17708E+00  0.20359E+00  0.18992E+00  0.15164E+00  0.10743E+00  0.69603E-01  0.42419E-01  0.24940E-01  0.14429E-01  0.83009E-02  0.47441E-02  0.26611E-02  0.14357E-02
 0.10000E+01 -0.12003E-01 -0.10239E-01  0.37945E-01  0.10804E+00  0.16395E+00  0.18391E+00  0.16925E+00  0.13525E+00  0.97701E-01  0.65908E-01  0.42616E-01  0.26899E-01  0.16715E-01  0.10200E-01  0.60354E-02  0.33966E-02
 0.12000E+01  0.25985E-02 -0.22911E-01  0.48567E-02  0.68622E-01  0.13143E+00  0.16495E+00  0.16355E+00  0.13852E+00  0.10517E+00  0.74129E-01  0.49820E-01  0.32505E-01  0.20760E-01  0.12947E-01  0.77912E-02  0.44407E-02
 0.14000E+01  0.89476E-02 -0.26444E-01 -0.97214E-02  0.46784E-01  0.10874E+00  0.14686E+00  0.15233E+00  0.13354E+00  0.10437E+00  0.75449E-01  0.51824E-01  0.34437E-01  0.22322E-01  0.14084E-01  0.85510E-02  0.49060E-02
 0.16000E+01  0.11630E-01 -0.27021E-01 -0.16541E-01  0.33969E-01  0.93145E-01  0.13240E+00  0.14152E+00  0.12691E+00  0.10108E+00  0.74268E-01  0.51727E-01  0.34773E-01  0.22750E-01  0.14458E-01  0.88262E-02  0.50845E-02
 0.18000E+01  0.12735E-01 -0.26654E-01 -0.19970E-01  0.25860E-01  0.82051E-01  0.12115E+00  0.13232E+00  0.12058E+00  0.97321E-01  0.72325E-01  0.50862E-01  0.34465E-01  0.22692E-01  0.14493E-01  0.88807E-02  0.51300E-02
 0.20000E+01  0.13129E-01 -0.26003E-01 -0.21797E-01  0.20344E-01  0.73785E-01  0.11224E+00  0.12462E+00  0.11494E+00  0.93703E-01  0.70228E-01  0.49742E-01  0.33904E-01  0.22428E-01  0.14376E-01  0.88333E-02  0.51130E-02
 0.22000E+01  0.13179E-01 -0.25284E-01 -0.22800E-01  0.16359E-01  0.67348E-01  0.10498E+00  0.11810E+00  0.10998E+00  0.90362E-01  0.68175E-01  0.48557E-01  0.33248E-01  0.22074E-01  0.14190E-01  0.87370E-02  0.50652E-02
 0.24000E+01  0.13059E-01 -0.24572E-01 -0.23342E-01  0.13340E-01  0.62152E-01  0.98906E-01  0.11249E+00  0.10558E+00  0.87311E-01  0.66231E-01  0.47386E-01  0.32567E-01  0.21686E-01  0.13971E-01  0.86174E-02  0.50023E-02
 0.26000E+01  0.12849E-01 -0.23891E-01 -0.23614E-01  0.10958E-01  0.57817E-01  0.93694E-01  0.10757E+00  0.10165E+00  0.84513E-01  0.64402E-01  0.46254E-01  0.31887E-01  0.21286E-01  0.13740E-01  0.84869E-02  0.49318E-02
 0.28000E+01  0.12589E-01 -0.23245E-01 -0.23719E-01  0.90125E-02  0.54099E-01  0.89117E-01  0.10317E+00  0.98065E-01  0.81927E-01  0.62681E-01  0.45167E-01  0.31223E-01  0.20887E-01  0.13505E-01  0.83522E-02  0.48580E-02
 0.30000E+01  0.12239E-01 -0.22443E-01 -0.23649E-01  0.70466E-02  0.50090E-01  0.84044E-01  0.98193E-01  0.93951E-01  0.78904E-01  0.60634E-01  0.43853E-01  0.30405E-01  0.20388E-01  0.13206E-01  0.81789E-02  0.47620E-02
 0.00000E+00  0.83833E+00  0.31100E+00 -0.63084E-01 -0.19819E+00 -0.15587E+00 -0.52673E-01  0.28844E-01  0.64603E-01  0.66288E-01  0.52963E-01  0.37341E-01  0.24604E-01  0.15593E-01  0.95903E-02  0.56891E-02  0.32026E-02
 0.20000E+00  0.24732E+00  0.39972E+00  0.39721E+00  0.26848E+00  0.10181E+00 -0.25665E-01 -0.86689E-01 -0.95041E-01 -0.77478E-01 -0.54315E-01 -0.34985E-01 -0.21531E-01 -0.12937E-01 -0.76311E-02 -0.43826E-02 -0.24070E-02
 0.40000E+00 -0.20666E-01  0.24056E+00  0.36217E+00  0.32839E+00  0.20586E+00  0.77763E-01 -0.78970E-02 -0.45363E-01 -0.50788E-01 -0.42085E-01 -0.30438E-01 -0.20493E-01 -0.13233E-01 -0.82672E-02 -0.49662E-02 -0.28229E-02
 0.60000E+00 -0.66433E-01  0.11425E+00  0.23714E+00  0.26952E+00  0.22833E+00  0.15536E+00  0.86591E-01  0.38590E-01  0.11794E-01 -0.26259E-03 -0.42685E-02 -0.46927E-02 -0.38674E-02 -0.27992E-02 -0.18506E-02 -0.11221E-02
 0.80000E+00 -0.40401E-01  0.27794E-01  0.11109E+00  0.17708E+00  0.20359E+00  0.18992E+00  0.15164E+00  0.10743E+00  0.69603E-01  0.42419E-01  0.24940E-01  0.14429E-01  0.83009E-02  0.47441E-02  0.26611E-02  0.14357E-02
 0.10000E+01 -0.12003E-01 -0.10239E-01  0.37945E-01  0.10804E+00  0.16395E+00  0.18391E+00  0.16925E+00  0.13525E+00  0.97701E-01  0.65908E-01  0.42616E-01  0.26899E-01  0.16715E-01  0.10200E-01  0.60354E-02  0.33966E-02
 0.12000E+01  0.25985E-02 -0.22911E-01  0.48567E-02  0.68622E-01  0.13143E+00  0.16495E+00  0.16355E+00  0.13852E+00  0.10517E+00  0.74129E-01  0.49820E-01  0.32505E-01  0.20760E-01  0.12947E-01  0.77912E-02  0.44407E-02
 0.14000E+01  0.89476E-02 -0.26444E-01 -0.97214E-02  0.46784E-01  0.10874E+00  0.14686E+00  0.15233E+00  0.13354E+00  0.10437E+00  0.75449E-01  0.51824E-01  0.34437E-01  0.22322E-01  0.14084E-01  0.85510E-02  0.49060E-02
 0.16000E+01  0.11630E-01 -0.27021E-01 -0.16541E-01  0.33969E-01  0.93145E-01  0.13240E+00  0.14152E+00  0.12691E+00  0.10108E+00  0.74268E-01  0.51727E-01  0.34773E-01  0.22750E-01  0.14458E-01  0.88262E-02  0.50845E-02
 0.18000E+01  0.12735E-01 -0.26654E-01 -0.19970E-01  0.25860E-01  0.82051E-01  0.12115E+00  0.13232E+00  0.12058E+00  0.97321E-01  0.72325E-01  0.50862E-01  0.34465E-01  0.22692E-01  0.14493E-01  0.88807E-02  0.51300E-02
 0.20000E+01  0.13129E-01 -0.26003E-01 -0.21797E-01  0.20344E-01  0.73785E-01  0.11224E+00  0.12462E+00  0.11494E+00  0.93703E-01  0.70228E-01  0.49742E-01  0.33904E-01  0.22428E-01  0.14376E-01  0.88333E-02  0.51130E-02
 0.22000E+01  0.13179E-01 -0.25284E-01 -0.22800E-01  0.16359E-01  0.67348E-01  0.10498E+00  0.11810E+00  0.10998E+00  0.90362E-01  0.68175E-01  0.48557E-01  0.33248E-01  0.22074E-01  0.14190E-01  0.87370E-02  0.50652E-02
 0.24000E+01  0.13059E-01 -0.24572E-01 -0.23342E-01  0.13340E-01  0.62152E-01  0.98906E-01  0.11249E+00  0.10558E+00  0.87311E-01  0.66231E-01  0.47386E-01  0.32567E-01  0.21686E-01  0.13971E-01  0.86174E-02  0.50023E-02
 0.26000E+01  0.12849E-01 -0.23891E-01 -0.23614E-01  0.10958E-01  0.57817E-01  0.93694E-01  0.10757E+00  0.10165E+00  0.84513E-01  0.64402E-01  0.46254E-01  0.31887E-01  0.21286E-01  0.13740E-01  0.84869E-02  0.49318E-02
 0.28000E+01  0.12589E-01 -0.23245E-01 -0.23719E-01  0.90125E-02  0.54099E-01  0.89117E-01  0.10317E+00  0.98065E-01  0.81927E-01  0.62681E-01  0.45167E-01  0.31223E-01  0.20887E-01  0.13505E-01  0.83522E-02  0.48580E-02
 0.30000E+01  0.12239E-01 -0.22443E-01 -0.23649E-01  0.70466E-02  0.50090E-01  0.84044E-01  0.98193E-01  0.93951E-01  0.78904E-01  0.60634E-01  0.43853E-01  0.30405E-01  0.20388E-01  0.13206E-01  0.81789E-02  0.47620E-02
