 0.00000E+00  0.71716E+00  0.33677E+00 -0.45254E-01 -0.13746E+00 -0.78863E-01 -0.19879E-01  0.77532E-02  0.15380E-01  0.14504E-01  0.11098E-01  0.76412E-02  0.49150E-02  0.29978E-02  0.17351E-02  0.93214E-03  0.43036E-03
 0.20000E+00  0.38591E+00  0.44789E+00  0.32367E+00  0.14488E+00  0.27483E-01 -0.21386E-01 -0.32869E-01 -0.29699E-01 -0.22617E-01 -0.15791E-01 -0.10455E-01 -0.66721E-02 -0.41371E-02 -0.24901E-02 -0.14162E-02 -0.69350E-03
 0.40000E+00 -0.61243E-01  0.23351E+00  0.37402E+00  0.28708E+00  0.14644E+00  0.54133E-01  0.11077E-01 -0.47246E-02 -0.84402E-02 -0.76656E-02 -0.57217E-02 -0.38625E-02 -0.24376E-02 -0.14510E-02 -0.79984E-03 -0.37778E-03
 0.60000E+00 -0.95950E-01  0.11696E+00  0.26860E+00  0.26190E+00  0.18400E+00  0.11281E+00  0.65994E-01  0.38090E-01  0.21941E-01  0.12676E-01  0.73595E-02  0.42950E-02  0.25152E-02  0.14673E-02  0.82421E-03  0.40246E-03
 0.80000E+00 -0.71303E-01  0.45799E-01  0.17273E+00  0.21923E+00  0.19566E+00  0.14807E+00  0.10316E+00  0.68554E-01  0.44158E-01  0.27800E-01  0.17188E-01  0.10463E-01  0.62723E-02  0.36826E-02  0.20555E-02  0.99290E-03
 0.10000E+01 -0.41362E-01 -0.75945E-03  0.98689E-01  0.17921E+00  0.19542E+00  0.16719E+00  0.12588E+00  0.88098E-01  0.58840E-01  0.38031E-01  0.23982E-01  0.14824E-01  0.89974E-02  0.53386E-02  0.30075E-02  0.14637E-02
 0.12000E+01 -0.16601E-01 -0.31192E-01  0.44648E-01  0.14552E+00  0.18884E+00  0.17525E+00  0.13802E+00  0.99372E-01  0.67712E-01  0.44448E-01  0.28397E-01  0.17764E-01  0.10912E-01  0.65574E-02  0.37433E-02  0.18429E-02
 0.14000E+01  0.87334E-03 -0.50256E-01  0.71468E-02  0.11831E+00  0.17851E+00  0.17536E+00  0.14226E+00  0.10439E+00  0.72165E-01  0.47960E-01  0.31003E-01  0.19632E-01  0.12222E-01  0.74577E-02  0.43270E-02  0.21605E-02
 0.16000E+01  0.11601E-01 -0.60829E-01 -0.16959E-01  0.96995E-01  0.16598E+00  0.16980E+00  0.14067E+00  0.10473E+00  0.73284E-01  0.49276E-01  0.32244E-01  0.20693E-01  0.13081E-01  0.81239E-02  0.48018E-02  0.24357E-02
 0.18000E+01  0.16482E-01 -0.65774E-01 -0.31159E-01  0.80565E-01  0.15248E+00  0.16059E+00  0.13517E+00  0.10188E+00  0.72110E-01  0.49071E-01  0.32535E-01  0.21193E-01  0.13627E-01  0.86282E-02  0.52020E-02  0.26822E-02
 0.20000E+01  0.17099E-01 -0.66767E-01 -0.38176E-01  0.67903E-01  0.13862E+00  0.14907E+00  0.12710E+00  0.96894E-01  0.69406E-01  0.47858E-01  0.32206E-01  0.21333E-01  0.13980E-01  0.90391E-02  0.55641E-02  0.29167E-02
 0.22000E+01  0.14665E-01 -0.65328E-01 -0.40345E-01  0.58089E-01  0.12495E+00  0.13637E+00  0.11756E+00  0.90649E-01  0.65768E-01  0.46012E-01  0.31475E-01  0.21232E-01  0.14195E-01  0.93775E-02  0.58917E-02  0.31374E-02
 0.24000E+01  0.10206E-01 -0.62222E-01 -0.39175E-01  0.50312E-01  0.11152E+00  0.12299E+00  0.10713E+00  0.83634E-01  0.61567E-01  0.43796E-01  0.30518E-01  0.21005E-01  0.14348E-01  0.96896E-02  0.62123E-02  0.33581E-02
 0.26000E+01  0.42300E-02 -0.57988E-01 -0.35651E-01  0.43983E-01  0.98278E-01  0.10912E+00  0.96082E-01  0.76096E-01  0.56997E-01  0.41348E-01  0.29432E-01  0.20715E-01  0.14478E-01  0.10002E-01  0.65416E-02  0.35871E-02
 0.28000E+01 -0.28865E-02 -0.52745E-01 -0.30215E-01  0.38713E-01  0.85010E-01  0.94711E-01  0.84416E-01  0.68060E-01  0.52088E-01  0.38698E-01  0.28242E-01  0.20383E-01  0.14602E-01  0.10326E-01  0.68878E-02  0.38290E-02
 0.30000E+01 -0.92559E-02 -0.47903E-01 -0.25599E-01  0.33175E-01  0.72061E-01  0.80804E-01  0.73158E-01  0.60250E-01  0.47244E-01  0.36004E-01  0.26948E-01  0.19925E-01  0.14600E-01  0.10536E-01  0.71453E-02  0.40165E-02
