 0.00000E+00  0.72564E+00  0.41337E+00  0.12320E+00 -0.62352E-01 -0.13353E+00 -0.12881E+00 -0.93687E-01 -0.57226E-01 -0.30417E-01 -0.13898E-01 -0.48772E-02 -0.48455E-03  0.13066E-02  0.17392E-02  0.15357E-02  0.11094E-02
 0.20000E+00  0.33533E+00  0.34353E+00  0.29346E+00  0.20836E+00  0.12025E+00  0.51571E-01  0.88490E-02 -0.12362E-01 -0.19879E-01 -0.20258E-01 -0.17596E-01 -0.14032E-01 -0.10530E-01 -0.74656E-02 -0.49632E-02 -0.30508E-02
 0.40000E+00  0.29209E-01  0.13652E+00  0.20253E+00  0.21309E+00  0.18174E+00  0.13326E+00  0.87267E-01  0.52521E-01  0.29636E-01  0.15831E-01  0.79811E-02  0.37204E-02  0.15227E-02  0.47133E-03  0.32699E-04 -0.10111E-03
 0.60000E+00 -0.22986E-01  0.80699E-01  0.15779E+00  0.18850E+00  0.17761E+00  0.14370E+00  0.10486E+00  0.71530E-01  0.46846E-01  0.29998E-01  0.18978E-01  0.11906E-01  0.73898E-02  0.45009E-02  0.26521E-02  0.14835E-02
 0.80000E+00 -0.36648E-01  0.60948E-01  0.13854E+00  0.17516E+00  0.17205E+00  0.14463E+00  0.10963E+00  0.77725E-01  0.52927E-01  0.35237E-01  0.23163E-01  0.15081E-01  0.96961E-02  0.60997E-02  0.36982E-02  0.21192E-02
 0.10000E+01 -0.43472E-01  0.46175E-01  0.12182E+00  0.16214E+00  0.16537E+00  0.14378E+00  0.11257E+00  0.82325E-01  0.57745E-01  0.39530E-01  0.26665E-01  0.17775E-01  0.11672E-01  0.74793E-02  0.46055E-02  0.26727E-02
 0.12000E+01 -0.46570E-01  0.34134E-01  0.10648E+00  0.14925E+00  0.15796E+00  0.14184E+00  0.11437E+00  0.85935E-01  0.61777E-01  0.43232E-01  0.29737E-01  0.20166E-01  0.13440E-01  0.87210E-02  0.54257E-02  0.31747E-02
 0.14000E+01 -0.47338E-01  0.24220E-01  0.92578E-01  0.13690E+00  0.15032E+00  0.13918E+00  0.11527E+00  0.88673E-01  0.65064E-01  0.46344E-01  0.32365E-01  0.22233E-01  0.14980E-01  0.98083E-02  0.61468E-02  0.36172E-02
 0.16000E+01 -0.46650E-01  0.16000E-01  0.80071E-01  0.12529E+00  0.14272E+00  0.13605E+00  0.11545E+00  0.90656E-01  0.67675E-01  0.48903E-01  0.34565E-01  0.23984E-01  0.16294E-01  0.10741E-01  0.67678E-02  0.39994E-02
 0.18000E+01 -0.45065E-01  0.91490E-02  0.68874E-01  0.11451E+00  0.13532E+00  0.13262E+00  0.11506E+00  0.91994E-01  0.69686E-01  0.50960E-01  0.36371E-01  0.25439E-01  0.17396E-01  0.11528E-01  0.72938E-02  0.43241E-02
 0.20000E+01 -0.42948E-01  0.34284E-02  0.58897E-01  0.10458E+00  0.12822E+00  0.12902E+00  0.11422E+00  0.92777E-01  0.71166E-01  0.52565E-01  0.37819E-01  0.26624E-01  0.18302E-01  0.12179E-01  0.77311E-02  0.45950E-02
 0.22000E+01 -0.40553E-01 -0.13338E-02  0.50068E-01  0.95516E-01  0.12150E+00  0.12534E+00  0.11301E+00  0.93084E-01  0.72176E-01  0.53762E-01  0.38939E-01  0.27560E-01  0.19027E-01  0.12704E-01  0.80860E-02  0.48158E-02
 0.24000E+01 -0.37953E-01 -0.54207E-02  0.42042E-01  0.87060E-01  0.11503E+00  0.12158E+00  0.11154E+00  0.93048E-01  0.72848E-01  0.54668E-01  0.39827E-01  0.28318E-01  0.19623E-01  0.13141E-01  0.83827E-02  0.50012E-02
 0.26000E+01 -0.35156E-01 -0.90297E-02  0.34544E-01  0.78971E-01  0.10868E+00  0.11774E+00  0.10984E+00  0.92748E-01  0.73268E-01  0.55361E-01  0.40546E-01  0.28950E-01  0.20127E-01  0.13514E-01  0.86385E-02  0.51619E-02
 0.28000E+01 -0.32251E-01 -0.12176E-01  0.27609E-01  0.71302E-01  0.10249E+00  0.11382E+00  0.10792E+00  0.92177E-01  0.73426E-01  0.55828E-01  0.41085E-01  0.29446E-01  0.20533E-01  0.13819E-01  0.88498E-02  0.52956E-02
 0.30000E+01 -0.28524E-01 -0.15437E-01  0.19798E-01  0.62375E-01  0.95026E-01  0.10883E+00  0.10522E+00  0.91062E-01  0.73229E-01  0.56071E-01  0.41486E-01  0.29859E-01  0.20890E-01  0.14096E-01  0.90456E-02  0.54212E-02
 0.00000E+00  0.72564E+00  0.41337E+00  0.12320E+00 -0.62352E-01 -0.13353E+00 -0.12881E+00 -0.93687E-01 -0.57226E-01 -0.30417E-01 -0.13898E-01 -0.48772E-02 -0.48455E-03  0.13066E-02  0.17392E-02  0.15357E-02  0.11094E-02
 0.20000E+00  0.33533E+00  0.34353E+00  0.29346E+00  0.20836E+00  0.12025E+00  0.51571E-01  0.88490E-02 -0.12362E-01 -0.19879E-01 -0.20258E-01 -0.17596E-01 -0.14032E-01 -0.10530E-01 -0.74656E-02 -0.49632E-02 -0.30508E-02
 0.40000E+00  0.29209E-01  0.13652E+00  0.20253E+00  0.21309E+00  0.18174E+00  0.13326E+00  0.87267E-01  0.52521E-01  0.29636E-01  0.15831E-01  0.79811E-02  0.37204E-02  0.15227E-02  0.47133E-03  0.32699E-04 -0.10111E-03
 0.60000E+00 -0.22986E-01  0.80699E-01  0.15779E+00  0.18850E+00  0.17761E+00  0.14370E+00  0.10486E+00  0.71530E-01  0.46846E-01  0.29998E-01  0.18978E-01  0.11906E-01  0.73898E-02  0.45009E-02  0.26521E-02  0.14835E-02
 0.80000E+00 -0.36648E-01  0.60948E-01  0.13854E+00  0.17516E+00  0.17205E+00  0.14463E+00  0.10963E+00  0.77725E-01  0.52927E-01  0.35237E-01  0.23163E-01  0.15081E-01  0.96961E-02  0.60997E-02  0.36982E-02  0.21192E-02
 0.10000E+01 -0.43472E-01  0.46175E-01  0.12182E+00  0.16214E+00  0.16537E+00  0.14378E+00  0.11257E+00  0.82325E-01  0.57745E-01  0.39530E-01  0.26665E-01  0.17775E-01  0.11672E-01  0.74793E-02  0.46055E-02  0.26727E-02
 0.12000E+01 -0.46570E-01  0.34134E-01  0.10648E+00  0.14925E+00  0.15796E+00  0.14184E+00  0.11437E+00  0.85935E-01  0.61777E-01  0.43232E-01  0.29737E-01  0.20166E-01  0.13440E-01  0.87210E-02  0.54257E-02  0.31747E-02
 0.14000E+01 -0.47338E-01  0.24220E-01  0.92578E-01  0.13690E+00  0.15032E+00  0.13918E+00  0.11527E+00  0.88673E-01  0.65064E-01  0.46344E-01  0.32365E-01  0.22233E-01  0.14980E-01  0.98083E-02  0.61468E-02  0.36172E-02
 0.16000E+01 -0.46650E-01  0.16000E-01  0.80071E-01  0.12529E+00  0.14272E+00  0.13605E+00  0.11545E+00  0.90656E-01  0.67675E-01  0.48903E-01  0.34565E-01  0.23984E-01  0.16294E-01  0.10741E-01  0.67678E-02  0.39994E-02
 0.18000E+01 -0.45065E-01  0.91490E-02  0.68874E-01  0.11451E+00  0.13532E+00  0.13262E+00  0.11506E+00  0.91994E-01  0.69686E-01  0.50960E-01  0.36371E-01  0.25439E-01  0.17396E-01  0.11528E-01  0.72938E-02  0.43241E-02
 0.20000E+01 -0.42948E-01  0.34284E-02  0.58897E-01  0.10458E+00  0.12822E+00  0.12902E+00  0.11422E+00  0.92777E-01  0.71166E-01  0.52565E-01  0.37819E-01  0.26624E-01  0.18302E-01  0.12179E-01  0.77311E-02  0.45950E-02
 0.22000E+01 -0.40553E-01 -0.13338E-02  0.50068E-01  0.95516E-01  0.12150E+00  0.12534E+00  0.11301E+00  0.93084E-01  0.72176E-01  0.53762E-01  0.38939E-01  0.27560E-01  0.19027E-01  0.12704E-01  0.80860E-02  0.48158E-02
 0.24000E+01 -0.37953E-01 -0.54207E-02  0.42042E-01  0.87060E-01  0.11503E+00  0.12158E+00  0.11154E+00  0.93048E-01  0.72848E-01  0.54668E-01  0.39827E-01  0.28318E-01  0.19623E-01  0.13141E-01  0.83827E-02  0.50012E-02
 0.26000E+01 -0.35156E-01 -0.90297E-02  0.34544E-01  0.78971E-01  0.10868E+00  0.11774E+00  0.10984E+00  0.92748E-01  0.73268E-01  0.55361E-01  0.40546E-01  0.28950E-01  0.20127E-01  0.13514E-01  0.86385E-02  0.51619E-02
 0.28000E+01 -0.32251E-01 -0.12176E-01  0.27609E-01  0.71302E-01  0.10249E+00  0.11382E+00  0.10792E+00  0.92177E-01  0.73426E-01  0.55828E-01  0.41085E-01  0.29446E-01  0.20533E-01  0.13819E-01  0.88498E-02  0.52956E-02
 0.30000E+01 -0.28524E-01 -0.15437E-01  0.19798E-01  0.62375E-01  0.95026E-01  0.10883E+00  0.10522E+00  0.91062E-01  0.73229E-01  0.56071E-01  0.41486E-01  0.29859E-01  0.20890E-01  0.14096E-01  0.90456E-02  0.54212E-02
