 0.00000E+00  0.71615E+00  0.32541E+00 -0.61696E-01 -0.14404E+00 -0.71783E-01 -0.70753E-02  0.19235E-01  0.23468E-01  0.19717E-01  0.14410E-01  0.97770E-02  0.63219E-02  0.39405E-02  0.23702E-02  0.13423E-02  0.65420E-03
 0.20000E+00  0.39988E+00  0.46198E+00  0.32866E+00  0.13826E+00  0.15560E-01 -0.31705E-01 -0.39279E-01 -0.33019E-01 -0.24231E-01 -0.16628E-01 -0.10966E-01 -0.70393E-02 -0.44262E-02 -0.27224E-02 -0.15905E-02 -0.79877E-03
 0.40000E+00 -0.81751E-01  0.24693E+00  0.40481E+00  0.30256E+00  0.14033E+00  0.38820E-01 -0.33960E-02 -0.15282E-01 -0.15450E-01 -0.12198E-01 -0.86504E-02 -0.57656E-02 -0.36803E-02 -0.22605E-02 -0.13052E-02 -0.64664E-03
 0.60000E+00 -0.11439E+00  0.10940E+00  0.27568E+00  0.27260E+00  0.18974E+00  0.11372E+00  0.64965E-01  0.36869E-01  0.21058E-01  0.12145E-01  0.70772E-02  0.41653E-02  0.24724E-02  0.14698E-02  0.84394E-03  0.42025E-03
 0.80000E+00 -0.67453E-01  0.29939E-01  0.15565E+00  0.21702E+00  0.20452E+00  0.15896E+00  0.11181E+00  0.74529E-01  0.48153E-01  0.30489E-01  0.19022E-01  0.11725E-01  0.71452E-02  0.42842E-02  0.24503E-02  0.12105E-02
 0.10000E+01 -0.23184E-01 -0.15771E-01  0.72447E-01  0.17035E+00  0.20417E+00  0.18113E+00  0.13758E+00  0.96125E-01  0.64023E-01  0.41365E-01  0.26153E-01  0.16254E-01  0.99450E-02  0.59666E-02  0.34066E-02  0.16791E-02
 0.12000E+01  0.72871E-02 -0.42190E-01  0.18343E-01  0.13486E+00  0.19637E+00  0.18848E+00  0.14898E+00  0.10654E+00  0.72058E-01  0.47074E-01  0.30021E-01  0.18791E-01  0.11571E-01  0.69843E-02  0.40103E-02  0.19859E-02
 0.14000E+01  0.26185E-01 -0.57584E-01 -0.16430E-01  0.10818E+00  0.18532E+00  0.18738E+00  0.15178E+00  0.11014E+00  0.75254E-01  0.49569E-01  0.31847E-01  0.20080E-01  0.12461E-01  0.75850E-02  0.43935E-02  0.21920E-02
 0.16000E+01  0.36549E-01 -0.65909E-01 -0.37914E-01  0.88015E-01  0.17261E+00  0.18091E+00  0.14900E+00  0.10926E+00  0.75281E-01  0.49974E-01  0.32365E-01  0.20587E-01  0.12904E-01  0.79461E-02  0.46591E-02  0.23486E-02
 0.18000E+01  0.40791E-01 -0.69761E-01 -0.50327E-01  0.72724E-01  0.15934E+00  0.17131E+00  0.14278E+00  0.10558E+00  0.73300E-01  0.49046E-01  0.32045E-01  0.20592E-01  0.13061E-01  0.81543E-02  0.48500E-02  0.24742E-02
 0.20000E+01  0.40590E-01 -0.70620E-01 -0.56359E-01  0.61025E-01  0.14589E+00  0.15966E+00  0.13426E+00  0.10001E+00  0.69974E-01  0.47235E-01  0.31183E-01  0.20282E-01  0.13049E-01  0.82798E-02  0.50068E-02  0.25887E-02
 0.22000E+01  0.37435E-01 -0.69445E-01 -0.57953E-01  0.52032E-01  0.13264E+00  0.14690E+00  0.12438E+00  0.93295E-01  0.65813E-01  0.44872E-01  0.29977E-01  0.19771E-01  0.12928E-01  0.83520E-02  0.51411E-02  0.26957E-02
 0.24000E+01  0.32238E-01 -0.66925E-01 -0.56482E-01  0.45027E-01  0.11970E+00  0.13354E+00  0.11369E+00  0.85879E-01  0.61148E-01  0.42179E-01  0.28573E-01  0.19152E-01  0.12754E-01  0.84037E-02  0.52713E-02  0.28042E-02
 0.26000E+01  0.25622E-01 -0.63497E-01 -0.52867E-01  0.39473E-01  0.10707E+00  0.11985E+00  0.10249E+00  0.78016E-01  0.56159E-01  0.39277E-01  0.27047E-01  0.18470E-01  0.12552E-01  0.84482E-02  0.54037E-02  0.29164E-02
 0.28000E+01  0.17805E-01 -0.59322E-01 -0.47524E-01  0.34998E-01  0.94525E-01  0.10570E+00  0.90754E-01  0.69707E-01  0.50862E-01  0.36188E-01  0.25421E-01  0.17743E-01  0.12339E-01  0.84991E-02  0.55482E-02  0.30384E-02
 0.30000E+01  0.10786E-01 -0.55693E-01 -0.43287E-01  0.30035E-01  0.82271E-01  0.92193E-01  0.79605E-01  0.61802E-01  0.45779E-01  0.33170E-01  0.23776E-01  0.16950E-01  0.12042E-01  0.84650E-02  0.56223E-02  0.31161E-02
