 0.00000E+00  0.72679E+00  0.32693E+00 -0.57516E-01 -0.13658E+00 -0.70510E-01 -0.13713E-01  0.94002E-02  0.14338E-01  0.12700E-01  0.95047E-02  0.65291E-02  0.42421E-02  0.26386E-02  0.15724E-02  0.87729E-03  0.42103E-03
 0.20000E+00  0.38587E+00  0.46275E+00  0.33355E+00  0.14013E+00  0.17511E-01 -0.28112E-01 -0.35395E-01 -0.29962E-01 -0.22200E-01 -0.15403E-01 -0.10273E-01 -0.66676E-02 -0.42368E-02 -0.26322E-02 -0.15522E-02 -0.78554E-03
 0.40000E+00 -0.79888E-01  0.23464E+00  0.38237E+00  0.28814E+00  0.14336E+00  0.53605E-01  0.13988E-01 -0.42900E-03 -0.44507E-02 -0.46478E-02 -0.36969E-02 -0.26107E-02 -0.17141E-02 -0.10620E-02 -0.61090E-03 -0.30041E-03
 0.60000E+00 -0.94403E-01  0.10592E+00  0.25650E+00  0.25779E+00  0.18673E+00  0.11872E+00  0.72572E-01  0.44002E-01  0.26661E-01  0.16166E-01  0.98089E-02  0.59532E-02  0.36100E-02  0.21737E-02  0.12562E-02  0.62748E-03
 0.80000E+00 -0.60281E-01  0.38565E-01  0.16154E+00  0.21608E+00  0.19754E+00  0.15012E+00  0.10426E+00  0.69175E-01  0.44714E-01  0.28401E-01  0.17799E-01  0.11027E-01  0.67559E-02  0.40729E-02  0.23420E-02  0.11624E-02
 0.10000E+01 -0.32957E-01 -0.13985E-03  0.99242E-01  0.18248E+00  0.19611E+00  0.16314E+00  0.11938E+00  0.81812E-01  0.54019E-01  0.34815E-01  0.22039E-01  0.13745E-01  0.84544E-02  0.51058E-02  0.29365E-02  0.14569E-02
 0.12000E+01 -0.14658E-01 -0.24185E-01  0.57273E-01  0.15585E+00  0.18925E+00  0.16642E+00  0.12539E+00  0.87444E-01  0.58416E-01  0.37971E-01  0.24196E-01  0.15174E-01  0.93775E-02  0.56882E-02  0.32847E-02  0.16350E-02
 0.14000E+01 -0.32154E-02 -0.39393E-01  0.28599E-01  0.13439E+00  0.17957E+00  0.16393E+00  0.12587E+00  0.88789E-01  0.59808E-01  0.39140E-01  0.25096E-01  0.15834E-01  0.98487E-02  0.60161E-02  0.34993E-02  0.17525E-02
 0.16000E+01  0.30662E-02 -0.48870E-01  0.91559E-02  0.11693E+00  0.16847E+00  0.15790E+00  0.12284E+00  0.87391E-01  0.59268E-01  0.39033E-01  0.25189E-01  0.16005E-01  0.10035E-01  0.61863E-02  0.36329E-02  0.18342E-02
 0.18000E+01  0.56104E-02 -0.54428E-01 -0.37327E-02  0.10253E+00  0.15667E+00  0.14962E+00  0.11752E+00  0.84183E-01  0.57451E-01  0.38082E-01  0.24752E-01  0.15857E-01  0.10039E-01  0.62582E-02  0.37181E-02  0.18955E-02
 0.20000E+01  0.54472E-02 -0.57201E-01 -0.11855E-01  0.90464E-01  0.14452E+00  0.13986E+00  0.11065E+00  0.79745E-01  0.54767E-01  0.36563E-01  0.23963E-01  0.15503E-01  0.99283E-02  0.62718E-02  0.37771E-02  0.19470E-02
 0.22000E+01  0.32414E-02 -0.58033E-01 -0.16463E-01  0.80301E-01  0.13235E+00  0.12923E+00  0.10281E+00  0.74517E-01  0.51521E-01  0.34676E-01  0.22948E-01  0.15017E-01  0.97465E-02  0.62506E-02  0.38216E-02  0.19938E-02
 0.24000E+01 -0.37790E-03 -0.57503E-01 -0.18557E-01  0.71585E-01  0.12032E+00  0.11810E+00  0.94371E-01  0.68793E-01  0.47924E-01  0.32561E-01  0.21794E-01  0.14453E-01  0.95257E-02  0.62129E-02  0.38614E-02  0.20403E-02
 0.26000E+01 -0.50697E-02 -0.55946E-01 -0.18739E-01  0.63983E-01  0.10839E+00  0.10660E+00  0.85487E-01  0.62704E-01  0.44070E-01  0.30281E-01  0.20544E-01  0.13839E-01  0.92817E-02  0.61680E-02  0.39014E-02  0.20890E-02
 0.28000E+01 -0.10711E-01 -0.53657E-01 -0.17465E-01  0.57203E-01  0.96486E-01  0.94759E-01  0.76211E-01  0.56302E-01  0.40002E-01  0.27871E-01  0.19222E-01  0.13190E-01  0.90263E-02  0.61238E-02  0.39469E-02  0.21425E-02
 0.30000E+01 -0.15779E-01 -0.51977E-01 -0.17152E-01  0.50110E-01  0.84925E-01  0.83484E-01  0.67436E-01  0.50243E-01  0.36130E-01  0.25548E-01  0.17919E-01  0.12522E-01  0.87330E-02  0.60369E-02  0.39551E-02  0.21720E-02
