 0.00000E+00  0.84514E+00  0.29461E+00 -0.87393E-01 -0.21745E+00 -0.16484E+00 -0.52157E-01  0.35869E-01  0.75216E-01  0.78110E-01  0.64179E-01  0.46810E-01  0.31883E-01  0.20768E-01  0.13026E-01  0.78211E-02  0.44314E-02
 0.20000E+00  0.25346E+00  0.43452E+00  0.43793E+00  0.29638E+00  0.11019E+00 -0.33515E-01 -0.10372E+00 -0.11493E+00 -0.96077E-01 -0.69568E-01 -0.46344E-01 -0.29358E-01 -0.17989E-01 -0.10710E-01 -0.61553E-02 -0.33654E-02
 0.40000E+00 -0.47711E-01  0.22622E+00  0.36116E+00  0.33798E+00  0.22106E+00  0.93072E-01  0.33291E-02 -0.39914E-01 -0.50457E-01 -0.44979E-01 -0.34616E-01 -0.24612E-01 -0.16628E-01 -0.10757E-01 -0.66256E-02 -0.38310E-02
 0.60000E+00 -0.57543E-01  0.98052E-01  0.20896E+00  0.24481E+00  0.21639E+00  0.15678E+00  0.96428E-01  0.50946E-01  0.22682E-01  0.75987E-02  0.65076E-03 -0.19548E-02 -0.24999E-02 -0.21906E-02 -0.16163E-02 -0.10502E-02
 0.80000E+00 -0.31960E-01  0.32133E-01  0.10747E+00  0.16548E+00  0.18795E+00  0.17548E+00  0.14189E+00  0.10298E+00  0.69044E-01  0.43798E-01  0.26795E-01  0.16017E-01  0.94140E-02  0.54316E-02  0.30472E-02  0.16352E-02
 0.10000E+01 -0.11901E-01 -0.31461E-03  0.49281E-01  0.11301E+00  0.16018E+00  0.17444E+00  0.15898E+00  0.12759E+00  0.93545E-01  0.64472E-01  0.42671E-01  0.27497E-01  0.17347E-01  0.10681E-01  0.63448E-02  0.35729E-02
 0.12000E+01  0.88817E-03 -0.16966E-01  0.15335E-01  0.78543E-01  0.13728E+00  0.16657E+00  0.16304E+00  0.13812E+00  0.10592E+00  0.75908E-01  0.52018E-01  0.34574E-01  0.22412E-01  0.14122E-01  0.85501E-02  0.48881E-02
 0.14000E+01  0.89561E-02 -0.26012E-01 -0.56926E-02  0.54685E-01  0.11856E+00  0.15659E+00  0.16117E+00  0.14161E+00  0.11182E+00  0.82169E-01  0.57546E-01  0.38976E-01  0.25676E-01  0.16396E-01  0.10034E-01  0.57848E-02
 0.16000E+01  0.14069E-01 -0.31031E-01 -0.19312E-01  0.37383E-01  0.10301E+00  0.14616E+00  0.15645E+00  0.14129E+00  0.11403E+00  0.85348E-01  0.60721E-01  0.41684E-01  0.27772E-01  0.17900E-01  0.11035E-01  0.63981E-02
 0.18000E+01  0.17233E-01 -0.33720E-01 -0.28289E-01  0.24507E-01  0.89971E-01  0.13598E+00  0.15033E+00  0.13879E+00  0.11398E+00  0.86551E-01  0.62336E-01  0.43239E-01  0.29057E-01  0.18860E-01  0.11692E-01  0.68073E-02
 0.20000E+01  0.19073E-01 -0.34996E-01 -0.34177E-01  0.14825E-01  0.79045E-01  0.12645E+00  0.14366E+00  0.13508E+00  0.11252E+00  0.86449E-01  0.62882E-01  0.43981E-01  0.29759E-01  0.19422E-01  0.12093E-01  0.70639E-02
 0.22000E+01  0.20019E-01 -0.35408E-01 -0.37967E-01  0.75131E-02  0.69911E-01  0.11775E+00  0.13693E+00  0.13075E+00  0.11021E+00  0.85503E-01  0.62701E-01  0.44152E-01  0.30041E-01  0.19694E-01  0.12305E-01  0.72069E-02
 0.24000E+01  0.20378E-01 -0.35305E-01 -0.40341E-01  0.19508E-02  0.62262E-01  0.10992E+00  0.13045E+00  0.12620E+00  0.10744E+00  0.84038E-01  0.62045E-01  0.43936E-01  0.30032E-01  0.19761E-01  0.12381E-01  0.72677E-02
 0.26000E+01  0.20358E-01 -0.34899E-01 -0.41758E-01 -0.23218E-02  0.55818E-01  0.10292E+00  0.12432E+00  0.12164E+00  0.10445E+00  0.82268E-01  0.61088E-01  0.43463E-01  0.29824E-01  0.19684E-01  0.12363E-01  0.72699E-02
 0.28000E+01  0.20091E-01 -0.34322E-01 -0.42520E-01 -0.56243E-02  0.50360E-01  0.96674E-01  0.11862E+00  0.11721E+00  0.10139E+00  0.80335E-01  0.59944E-01  0.42822E-01  0.29480E-01  0.19508E-01  0.12277E-01  0.72307E-02
 0.30000E+01  0.19556E-01 -0.33356E-01 -0.42685E-01 -0.86048E-02  0.44701E-01  0.89744E-01  0.11197E+00  0.11179E+00  0.97450E-01  0.77689E-01  0.58265E-01  0.41796E-01  0.28871E-01  0.19156E-01  0.12081E-01  0.71265E-02
 0.00000E+00  0.84514E+00  0.29461E+00 -0.87393E-01 -0.21745E+00 -0.16484E+00 -0.52157E-01  0.35869E-01  0.75216E-01  0.78110E-01  0.64179E-01  0.46810E-01  0.31883E-01  0.20768E-01  0.13026E-01  0.78211E-02  0.44314E-02
 0.20000E+00  0.25346E+00  0.43452E+00  0.43793E+00  0.29638E+00  0.11019E+00 -0.33515E-01 -0.10372E+00 -0.11493E+00 -0.96077E-01 -0.69568E-01 -0.46344E-01 -0.29358E-01 -0.17989E-01 -0.10710E-01 -0.61553E-02 -0.33654E-02
 0.40000E+00 -0.47711E-01  0.22622E+00  0.36116E+00  0.33798E+00  0.22106E+00  0.93072E-01  0.33291E-02 -0.39914E-01 -0.50457E-01 -0.44979E-01 -0.34616E-01 -0.24612E-01 -0.16628E-01 -0.10757E-01 -0.66256E-02 -0.38310E-02
 0.60000E+00 -0.57543E-01  0.98052E-01  0.20896E+00  0.24481E+00  0.21639E+00  0.15678E+00  0.96428E-01  0.50946E-01  0.22682E-01  0.75987E-02  0.65076E-03 -0.19548E-02 -0.24999E-02 -0.21906E-02 -0.16163E-02 -0.10502E-02
 0.80000E+00 -0.31960E-01  0.32133E-01  0.10747E+00  0.16548E+00  0.18795E+00  0.17548E+00  0.14189E+00  0.10298E+00  0.69044E-01  0.43798E-01  0.26795E-01  0.16017E-01  0.94140E-02  0.54316E-02  0.30472E-02  0.16352E-02
 0.10000E+01 -0.11901E-01 -0.31461E-03  0.49281E-01  0.11301E+00  0.16018E+00  0.17444E+00  0.15898E+00  0.12759E+00  0.93545E-01  0.64472E-01  0.42671E-01  0.27497E-01  0.17347E-01  0.10681E-01  0.63448E-02  0.35729E-02
 0.12000E+01  0.88817E-03 -0.16966E-01  0.15335E-01  0.78543E-01  0.13728E+00  0.16657E+00  0.16304E+00  0.13812E+00  0.10592E+00  0.75908E-01  0.52018E-01  0.34574E-01  0.22412E-01  0.14122E-01  0.85501E-02  0.48881E-02
 0.14000E+01  0.89561E-02 -0.26012E-01 -0.56926E-02  0.54685E-01  0.11856E+00  0.15659E+00  0.16117E+00  0.14161E+00  0.11182E+00  0.82169E-01  0.57546E-01  0.38976E-01  0.25676E-01  0.16396E-01  0.10034E-01  0.57848E-02
 0.16000E+01  0.14069E-01 -0.31031E-01 -0.19312E-01  0.37383E-01  0.10301E+00  0.14616E+00  0.15645E+00  0.14129E+00  0.11403E+00  0.85348E-01  0.60721E-01  0.41684E-01  0.27772E-01  0.17900E-01  0.11035E-01  0.63981E-02
 0.18000E+01  0.17233E-01 -0.33720E-01 -0.28289E-01  0.24507E-01  0.89971E-01  0.13598E+00  0.15033E+00  0.13879E+00  0.11398E+00  0.86551E-01  0.62336E-01  0.43239E-01  0.29057E-01  0.18860E-01  0.11692E-01  0.68073E-02
 0.20000E+01  0.19073E-01 -0.34996E-01 -0.34177E-01  0.14825E-01  0.79045E-01  0.12645E+00  0.14366E+00  0.13508E+00  0.11252E+00  0.86449E-01  0.62882E-01  0.43981E-01  0.29759E-01  0.19422E-01  0.12093E-01  0.70639E-02
 0.22000E+01  0.20019E-01 -0.35408E-01 -0.37967E-01  0.75131E-02  0.69911E-01  0.11775E+00  0.13693E+00  0.13075E+00  0.11021E+00  0.85503E-01  0.62701E-01  0.44152E-01  0.30041E-01  0.19694E-01  0.12305E-01  0.72069E-02
 0.24000E+01  0.20378E-01 -0.35305E-01 -0.40341E-01  0.19508E-02  0.62262E-01  0.10992E+00  0.13045E+00  0.12620E+00  0.10744E+00  0.84038E-01  0.62045E-01  0.43936E-01  0.30032E-01  0.19761E-01  0.12381E-01  0.72677E-02
 0.26000E+01  0.20358E-01 -0.34899E-01 -0.41758E-01 -0.23218E-02  0.55818E-01  0.10292E+00  0.12432E+00  0.12164E+00  0.10445E+00  0.82268E-01  0.61088E-01  0.43463E-01  0.29824E-01  0.19684E-01  0.12363E-01  0.72699E-02
 0.28000E+01  0.20091E-01 -0.34322E-01 -0.42520E-01 -0.56243E-02  0.50360E-01  0.96674E-01  0.11862E+00  0.11721E+00  0.10139E+00  0.80335E-01  0.59944E-01  0.42822E-01  0.29480E-01  0.19508E-01  0.12277E-01  0.72307E-02
 0.30000E+01  0.19556E-01 -0.33356E-01 -0.42685E-01 -0.86048E-02  0.44701E-01  0.89744E-01  0.11197E+00  0.11179E+00  0.97450E-01  0.77689E-01  0.58265E-01  0.41796E-01  0.28871E-01  0.19156E-01  0.12081E-01  0.71265E-02
