 0.00000E+00  0.72745E+00  0.32337E+00 -0.61877E-01 -0.13774E+00 -0.68357E-01 -0.10328E-01  0.12392E-01  0.16431E-01  0.14004E-01  0.10268E-01  0.69585E-02  0.44761E-02  0.27623E-02  0.16356E-02  0.90789E-03  0.43425E-03
 0.20000E+00  0.38490E+00  0.46594E+00  0.33727E+00  0.14054E+00  0.15022E-01 -0.31295E-01 -0.37929E-01 -0.31606E-01 -0.23163E-01 -0.15938E-01 -0.10562E-01 -0.68201E-02 -0.43163E-02 -0.26735E-02 -0.15733E-02 -0.79527E-03
 0.40000E+00 -0.81197E-01  0.23922E+00  0.38812E+00  0.28969E+00  0.14074E+00  0.49547E-01  0.10441E-01 -0.29055E-02 -0.59971E-02 -0.55554E-02 -0.42079E-02 -0.28882E-02 -0.18589E-02 -0.11336E-02 -0.64374E-03 -0.31356E-03
 0.60000E+00 -0.96267E-01  0.10567E+00  0.25783E+00  0.25935E+00  0.18761E+00  0.11890E+00  0.72416E-01  0.43783E-01  0.26486E-01  0.16050E-01  0.97414E-02  0.59179E-02  0.35945E-02  0.21696E-02  0.12574E-02  0.62970E-03
 0.80000E+00 -0.59289E-01  0.34507E-01  0.15714E+00  0.21570E+00  0.20031E+00  0.15353E+00  0.10697E+00  0.71001E-01  0.45853E-01  0.29085E-01  0.18200E-01  0.11259E-01  0.68880E-02  0.41478E-02  0.23834E-02  0.11826E-02
 0.10000E+01 -0.29734E-01 -0.54588E-02  0.92049E-01  0.18074E+00  0.19936E+00  0.16778E+00  0.12326E+00  0.84464E-01  0.55673E-01  0.35796E-01  0.22601E-01  0.14058E-01  0.86231E-02  0.51943E-02  0.29810E-02  0.14768E-02
 0.12000E+01 -0.10553E-01 -0.29296E-01  0.49633E-01  0.15364E+00  0.19233E+00  0.17109E+00  0.12932E+00  0.90099E-01  0.60033E-01  0.38895E-01  0.24700E-01  0.15434E-01  0.95037E-02  0.57440E-02  0.33062E-02  0.16418E-02
 0.14000E+01  0.97018E-03 -0.43842E-01  0.21534E-01  0.13223E+00  0.18237E+00  0.16824E+00  0.12946E+00  0.91154E-01  0.61189E-01  0.39882E-01  0.25462E-01  0.15994E-01  0.99025E-02  0.60208E-02  0.34868E-02  0.17405E-02
 0.16000E+01  0.69814E-02 -0.52549E-01  0.30425E-02  0.11507E+00  0.17099E+00  0.16173E+00  0.12596E+00  0.89376E-01  0.60359E-01  0.39561E-01  0.25403E-01  0.16057E-01  0.10014E-01  0.61391E-02  0.35864E-02  0.18034E-02
 0.18000E+01  0.91366E-02 -0.57330E-01 -0.88140E-02  0.10097E+00  0.15882E+00  0.15284E+00  0.12008E+00  0.85721E-01  0.58215E-01  0.38382E-01  0.24810E-01  0.15805E-01  0.99470E-02  0.61637E-02  0.36413E-02  0.18482E-02
 0.20000E+01  0.83853E-02 -0.59509E-01 -0.15943E-01  0.89295E-01  0.14640E+00  0.14256E+00  0.11270E+00  0.80878E-01  0.55234E-01  0.36655E-01  0.23877E-01  0.15352E-01  0.97690E-02  0.61311E-02  0.36699E-02  0.18829E-02
 0.22000E+01  0.57000E-02 -0.59772E-01 -0.19651E-01  0.79445E-01  0.13392E+00  0.13137E+00  0.10434E+00  0.75242E-01  0.51696E-01  0.34566E-01  0.22725E-01  0.14773E-01  0.95247E-02  0.60674E-02  0.36866E-02  0.19142E-02
 0.24000E+01  0.15541E-02 -0.58754E-01 -0.20882E-01  0.71071E-01  0.12163E+00  0.11974E+00  0.95415E-01  0.69142E-01  0.47828E-01  0.32262E-01  0.21443E-01  0.14123E-01  0.92437E-02  0.59880E-02  0.36984E-02  0.19451E-02
 0.26000E+01 -0.36376E-02 -0.56874E-01 -0.20375E-01  0.63779E-01  0.10952E+00  0.10785E+00  0.86143E-01  0.62745E-01  0.43749E-01  0.29826E-01  0.20084E-01  0.13432E-01  0.89453E-02  0.59039E-02  0.37115E-02  0.19782E-02
 0.28000E+01 -0.97637E-02 -0.54231E-01 -0.18361E-01  0.57364E-01  0.97477E-01  0.95641E-01  0.76490E-01  0.56040E-01  0.39457E-01  0.27255E-01  0.18648E-01  0.12702E-01  0.86308E-02  0.58163E-02  0.37265E-02  0.20140E-02
 0.30000E+01 -0.15103E-01 -0.52379E-01 -0.17626E-01  0.50521E-01  0.85883E-01  0.84187E-01  0.67521E-01  0.49819E-01  0.35459E-01  0.24835E-01  0.17270E-01  0.11975E-01  0.82913E-02  0.56932E-02  0.37081E-02  0.20276E-02
