 0.00000E+00  0.84893E+00  0.28299E+00 -0.99980E-01 -0.22083E+00 -0.15817E+00 -0.40928E-01  0.45847E-01  0.81212E-01  0.80326E-01  0.64072E-01  0.45760E-01  0.30718E-01  0.19832E-01  0.12384E-01  0.74257E-02  0.42090E-02
 0.20000E+00  0.25475E+00  0.44900E+00  0.44999E+00  0.29656E+00  0.99427E-01 -0.48267E-01 -0.11612E+00 -0.12243E+00 -0.99303E-01 -0.70258E-01 -0.45982E-01 -0.28779E-01 -0.17518E-01 -0.10406E-01 -0.59847E-02 -0.32789E-02
 0.40000E+00 -0.57576E-01  0.23138E+00  0.37197E+00  0.34570E+00  0.22241E+00  0.89751E-01 -0.13019E-02 -0.43537E-01 -0.52414E-01 -0.45630E-01 -0.34569E-01 -0.24324E-01 -0.16335E-01 -0.10540E-01 -0.64913E-02 -0.37577E-02
 0.60000E+00 -0.57969E-01  0.93079E-01  0.20446E+00  0.24407E+00  0.21953E+00  0.16198E+00  0.10180E+00  0.55464E-01  0.26138E-01  0.10151E-01  0.25162E-02 -0.60810E-03 -0.15533E-02 -0.15531E-02 -0.12116E-02 -0.81179E-03
 0.80000E+00 -0.27997E-01  0.26240E-01  0.99178E-01  0.16086E+00  0.18866E+00  0.17974E+00  0.14711E+00  0.10751E+00  0.72405E-01  0.46163E-01  0.28466E-01  0.17223E-01  0.10286E-01  0.60460E-02  0.34569E-02  0.18879E-02
 0.10000E+01 -0.80731E-02 -0.38623E-02  0.43302E-01  0.10882E+00  0.15914E+00  0.17553E+00  0.16064E+00  0.12888E+00  0.94286E-01  0.64861E-01  0.42926E-01  0.27730E-01  0.17580E-01  0.10894E-01  0.65165E-02  0.36936E-02
 0.12000E+01  0.31538E-02 -0.17898E-01  0.13116E-01  0.76569E-01  0.13589E+00  0.16529E+00  0.16141E+00  0.13612E+00  0.10384E+00  0.74081E-01  0.50625E-01  0.33632E-01  0.21839E-01  0.13807E-01  0.83937E-02  0.48186E-02
 0.14000E+01  0.95065E-02 -0.24822E-01 -0.42896E-02  0.55489E-01  0.11797E+00  0.15429E+00  0.15746E+00  0.13721E+00  0.10751E+00  0.78479E-01  0.54698E-01  0.36954E-01  0.24337E-01  0.15564E-01  0.95485E-02  0.55203E-02
 0.16000E+01  0.13192E-01 -0.28352E-01 -0.14964E-01  0.40913E-01  0.10392E+00  0.14398E+00  0.15188E+00  0.13555E+00  0.10828E+00  0.80337E-01  0.56774E-01  0.38806E-01  0.25803E-01  0.16630E-01  0.10265E-01  0.59625E-02
 0.18000E+01  0.15354E-01 -0.30130E-01 -0.21819E-01  0.30359E-01  0.92632E-01  0.13469E+00  0.14586E+00  0.13262E+00  0.10753E+00  0.80782E-01  0.57689E-01  0.39777E-01  0.26639E-01  0.17267E-01  0.10706E-01  0.62399E-02
 0.20000E+01  0.16603E-01 -0.30939E-01 -0.26357E-01  0.22444E-01  0.83384E-01  0.12640E+00  0.13989E+00  0.12914E+00  0.10598E+00  0.80409E-01  0.57901E-01  0.40199E-01  0.27072E-01  0.17626E-01  0.10967E-01  0.64087E-02
 0.22000E+01  0.17282E-01 -0.31189E-01 -0.29411E-01  0.16351E-01  0.75678E-01  0.11903E+00  0.13419E+00  0.12546E+00  0.10399E+00  0.79549E-01  0.57673E-01  0.40265E-01  0.27240E-01  0.17799E-01  0.11106E-01  0.65036E-02
 0.24000E+01  0.17598E-01 -0.31111E-01 -0.31488E-01  0.11551E-01  0.69158E-01  0.11245E+00  0.12882E+00  0.12176E+00  0.10178E+00  0.78403E-01  0.57168E-01  0.40100E-01  0.27231E-01  0.17847E-01  0.11161E-01  0.65475E-02
 0.26000E+01  0.17679E-01 -0.30836E-01 -0.32903E-01  0.76864E-02  0.63552E-01  0.10654E+00  0.12380E+00  0.11814E+00  0.99479E-01  0.77090E-01  0.56488E-01  0.39782E-01  0.27103E-01  0.17808E-01  0.11159E-01  0.65559E-02
 0.28000E+01  0.17600E-01 -0.30441E-01 -0.33856E-01  0.45146E-02  0.58660E-01  0.10118E+00  0.11909E+00  0.11461E+00  0.97147E-01  0.75682E-01  0.55697E-01  0.39363E-01  0.26893E-01  0.17710E-01  0.11116E-01  0.65394E-02
 0.30000E+01  0.17355E-01 -0.29776E-01 -0.34504E-01  0.13285E-02  0.53321E-01  0.95055E-01  0.11351E+00  0.11029E+00  0.94163E-01  0.73788E-01  0.54563E-01  0.38711E-01  0.26530E-01  0.17513E-01  0.11013E-01  0.64883E-02
 0.00000E+00  0.84893E+00  0.28299E+00 -0.99980E-01 -0.22083E+00 -0.15817E+00 -0.40928E-01  0.45847E-01  0.81212E-01  0.80326E-01  0.64072E-01  0.45760E-01  0.30718E-01  0.19832E-01  0.12384E-01  0.74257E-02  0.42090E-02
 0.20000E+00  0.25475E+00  0.44900E+00  0.44999E+00  0.29656E+00  0.99427E-01 -0.48267E-01 -0.11612E+00 -0.12243E+00 -0.99303E-01 -0.70258E-01 -0.45982E-01 -0.28779E-01 -0.17518E-01 -0.10406E-01 -0.59847E-02 -0.32789E-02
 0.40000E+00 -0.57576E-01  0.23138E+00  0.37197E+00  0.34570E+00  0.22241E+00  0.89751E-01 -0.13019E-02 -0.43537E-01 -0.52414E-01 -0.45630E-01 -0.34569E-01 -0.24324E-01 -0.16335E-01 -0.10540E-01 -0.64913E-02 -0.37577E-02
 0.60000E+00 -0.57969E-01  0.93079E-01  0.20446E+00  0.24407E+00  0.21953E+00  0.16198E+00  0.10180E+00  0.55464E-01  0.26138E-01  0.10151E-01  0.25162E-02 -0.60810E-03 -0.15533E-02 -0.15531E-02 -0.12116E-02 -0.81179E-03
 0.80000E+00 -0.27997E-01  0.26240E-01  0.99178E-01  0.16086E+00  0.18866E+00  0.17974E+00  0.14711E+00  0.10751E+00  0.72405E-01  0.46163E-01  0.28466E-01  0.17223E-01  0.10286E-01  0.60460E-02  0.34569E-02  0.18879E-02
 0.10000E+01 -0.80731E-02 -0.38623E-02  0.43302E-01  0.10882E+00  0.15914E+00  0.17553E+00  0.16064E+00  0.12888E+00  0.94286E-01  0.64861E-01  0.42926E-01  0.27730E-01  0.17580E-01  0.10894E-01  0.65165E-02  0.36936E-02
 0.12000E+01  0.31538E-02 -0.17898E-01  0.13116E-01  0.76569E-01  0.13589E+00  0.16529E+00  0.16141E+00  0.13612E+00  0.10384E+00  0.74081E-01  0.50625E-01  0.33632E-01  0.21839E-01  0.13807E-01  0.83937E-02  0.48186E-02
 0.14000E+01  0.95065E-02 -0.24822E-01 -0.42896E-02  0.55489E-01  0.11797E+00  0.15429E+00  0.15746E+00  0.13721E+00  0.10751E+00  0.78479E-01  0.54698E-01  0.36954E-01  0.24337E-01  0.15564E-01  0.95485E-02  0.55203E-02
 0.16000E+01  0.13192E-01 -0.28352E-01 -0.14964E-01  0.40913E-01  0.10392E+00  0.14398E+00  0.15188E+00  0.13555E+00  0.10828E+00  0.80337E-01  0.56774E-01  0.38806E-01  0.25803E-01  0.16630E-01  0.10265E-01  0.59625E-02
 0.18000E+01  0.15354E-01 -0.30130E-01 -0.21819E-01  0.30359E-01  0.92632E-01  0.13469E+00  0.14586E+00  0.13262E+00  0.10753E+00  0.80782E-01  0.57689E-01  0.39777E-01  0.26639E-01  0.17267E-01  0.10706E-01  0.62399E-02
 0.20000E+01  0.16603E-01 -0.30939E-01 -0.26357E-01  0.22444E-01  0.83384E-01  0.12640E+00  0.13989E+00  0.12914E+00  0.10598E+00  0.80409E-01  0.57901E-01  0.40199E-01  0.27072E-01  0.17626E-01  0.10967E-01  0.64087E-02
 0.22000E+01  0.17282E-01 -0.31189E-01 -0.29411E-01  0.16351E-01  0.75678E-01  0.11903E+00  0.13419E+00  0.12546E+00  0.10399E+00  0.79549E-01  0.57673E-01  0.40265E-01  0.27240E-01  0.17799E-01  0.11106E-01  0.65036E-02
 0.24000E+01  0.17598E-01 -0.31111E-01 -0.31488E-01  0.11551E-01  0.69158E-01  0.11245E+00  0.12882E+00  0.12176E+00  0.10178E+00  0.78403E-01  0.57168E-01  0.40100E-01  0.27231E-01  0.17847E-01  0.11161E-01  0.65475E-02
 0.26000E+01  0.17679E-01 -0.30836E-01 -0.32903E-01  0.76864E-02  0.63552E-01  0.10654E+00  0.12380E+00  0.11814E+00  0.99479E-01  0.77090E-01  0.56488E-01  0.39782E-01  0.27103E-01  0.17808E-01  0.11159E-01  0.65559E-02
 0.28000E+01  0.17600E-01 -0.30441E-01 -0.33856E-01  0.45146E-02  0.58660E-01  0.10118E+00  0.11909E+00  0.11461E+00  0.97147E-01  0.75682E-01  0.55697E-01  0.39363E-01  0.26893E-01  0.17710E-01  0.11116E-01  0.65394E-02
 0.30000E+01  0.17355E-01 -0.29776E-01 -0.34504E-01  0.13285E-02  0.53321E-01  0.95055E-01  0.11351E+00  0.11029E+00  0.94163E-01  0.73788E-01  0.54563E-01  0.38711E-01  0.26530E-01  0.17513E-01  0.11013E-01  0.64883E-02
