 0.00000E+00  0.65200E+00  0.33425E+00 -0.24647E-01 -0.13891E+00 -0.89598E-01 -0.18317E-01  0.20642E-01  0.29973E-01  0.25624E-01  0.18302E-01  0.12064E-01  0.76333E-02  0.47112E-02  0.28425E-02  0.16323E-02  0.80967E-03
 0.20000E+00  0.41657E+00  0.44990E+00  0.31228E+00  0.13656E+00  0.20741E-01 -0.28413E-01 -0.37802E-01 -0.31327E-01 -0.21969E-01 -0.14326E-01 -0.90464E-02 -0.56263E-02 -0.34678E-02 -0.21128E-02 -0.12325E-02 -0.62041E-03
 0.40000E+00  0.41997E-02  0.25822E+00  0.37465E+00  0.28803E+00  0.14086E+00  0.35048E-01 -0.13783E-01 -0.25996E-01 -0.23003E-01 -0.16613E-01 -0.11022E-01 -0.70162E-02 -0.43583E-02 -0.26486E-02 -0.15325E-02 -0.76506E-03
 0.60000E+00 -0.13465E+00  0.11829E+00  0.30664E+00  0.30363E+00  0.20324E+00  0.10595E+00  0.45113E-01  0.15862E-01  0.43924E-02  0.62063E-03 -0.36822E-03 -0.48131E-03 -0.36996E-03 -0.23722E-03 -0.13486E-03 -0.65262E-04
 0.80000E+00 -0.13954E+00  0.14228E-01  0.18513E+00  0.25304E+00  0.22889E+00  0.16900E+00  0.11087E+00  0.68149E-01  0.40793E-01  0.24322E-01  0.14565E-01  0.87671E-02  0.52945E-02  0.31851E-02  0.18424E-02  0.92147E-03
 0.10000E+01 -0.55830E-01 -0.42236E-01  0.54717E-01  0.16614E+00  0.21915E+00  0.20843E+00  0.16413E+00  0.11484E+00  0.74953E-01  0.47155E-01  0.29128E-01  0.17812E-01  0.10810E-01  0.64840E-02  0.37241E-02  0.18503E-02
 0.12000E+01  0.27208E-01 -0.60923E-01 -0.32926E-01  0.92134E-01  0.19211E+00  0.21738E+00  0.18789E+00  0.13896E+00  0.93754E-01  0.60123E-01  0.37516E-01  0.23035E-01  0.13975E-01  0.83503E-02  0.47696E-02  0.23583E-02
 0.14000E+01  0.71624E-01 -0.63464E-01 -0.74276E-01  0.48538E-01  0.16609E+00  0.20877E+00  0.18927E+00  0.14376E+00  0.98516E-01  0.63740E-01  0.39954E-01  0.24571E-01  0.14896E-01  0.88784E-02  0.50539E-02  0.24914E-02
 0.16000E+01  0.89122E-01 -0.61185E-01 -0.89965E-01  0.25291E-01  0.14515E+00  0.19406E+00  0.18046E+00  0.13897E+00  0.96006E-01  0.62408E-01  0.39219E-01  0.24146E-01  0.14639E-01  0.87185E-02  0.49570E-02  0.24411E-02
 0.18000E+01  0.93037E-01 -0.57704E-01 -0.93665E-01  0.12822E-01  0.12837E+00  0.17805E+00  0.16791E+00  0.13027E+00  0.90387E-01  0.58915E-01  0.37090E-01  0.22864E-01  0.13876E-01  0.82706E-02  0.47058E-02  0.23189E-02
 0.20000E+01  0.90218E-01 -0.54053E-01 -0.91666E-01  0.60652E-02  0.11444E+00  0.16220E+00  0.15410E+00  0.11998E+00  0.83434E-01  0.54471E-01  0.34345E-01  0.21207E-01  0.12895E-01  0.77044E-02  0.43950E-02  0.21706E-02
 0.22000E+01  0.83999E-01 -0.50535E-01 -0.86864E-01  0.25111E-02  0.10252E+00  0.14702E+00  0.14011E+00  0.10922E+00  0.76003E-01  0.49666E-01  0.31361E-01  0.19406E-01  0.11835E-01  0.70979E-02  0.40660E-02  0.20154E-02
 0.24000E+01  0.75943E-01 -0.47198E-01 -0.80552E-01  0.91468E-03  0.92068E-01  0.13256E+00  0.12630E+00  0.98358E-01  0.68412E-01  0.44725E-01  0.28286E-01  0.17552E-01  0.10748E-01  0.64807E-02  0.37347E-02  0.18606E-02
 0.26000E+01  0.66863E-01 -0.44046E-01 -0.73420E-01  0.55120E-03  0.82673E-01  0.11875E+00  0.11277E+00  0.87577E-01  0.60815E-01  0.39760E-01  0.25191E-01  0.15689E-01  0.96597E-02  0.58664E-02  0.34075E-02  0.17088E-02
 0.28000E+01  0.57042E-01 -0.41075E-01 -0.65741E-01  0.10743E-02  0.74076E-01  0.10546E+00  0.99501E-01  0.76892E-01  0.53243E-01  0.34797E-01  0.22096E-01  0.13827E-01  0.85753E-02  0.52575E-02  0.30853E-02  0.15605E-02
 0.30000E+01  0.48990E-01 -0.38273E-01 -0.59571E-01  0.35652E-03  0.65279E-01  0.92910E-01  0.87432E-01  0.67401E-01  0.46616E-01  0.30486E-01  0.19412E-01  0.12206E-01  0.76225E-02  0.47140E-02  0.27919E-02  0.14228E-02
