 0.00000E+00  0.87573E+00  0.25453E+00 -0.14109E+00 -0.24347E+00 -0.15610E+00 -0.24206E-01  0.65375E-01  0.97261E-01  0.91673E-01  0.71623E-01  0.50657E-01  0.33806E-01  0.21694E-01  0.13443E-01  0.79880E-02  0.44862E-02
 0.20000E+00  0.21993E+00  0.49873E+00  0.52093E+00  0.33895E+00  0.99899E-01 -0.76081E-01 -0.15259E+00 -0.15481E+00 -0.12317E+00 -0.85997E-01 -0.55566E-01 -0.34214E-01 -0.20376E-01 -0.11782E-01 -0.65801E-02 -0.35031E-02
 0.40000E+00 -0.66804E-01  0.22089E+00  0.36298E+00  0.34202E+00  0.22602E+00  0.99231E-01  0.10312E-01 -0.33393E-01 -0.45587E-01 -0.42151E-01 -0.33490E-01 -0.24553E-01 -0.17062E-01 -0.11306E-01 -0.70976E-02 -0.41635E-02
 0.60000E+00 -0.41448E-01  0.74605E-01  0.17128E+00  0.21699E+00  0.20896E+00  0.16691E+00  0.11541E+00  0.70974E-01  0.39454E-01  0.19879E-01  0.88827E-02  0.32336E-02  0.62477E-03 -0.37883E-03 -0.60625E-03 -0.51413E-03
 0.80000E+00 -0.18294E-01  0.22198E-01  0.87928E-01  0.14924E+00  0.18065E+00  0.17617E+00  0.14707E+00  0.10953E+00  0.75192E-01  0.48836E-01  0.30593E-01  0.18714E-01  0.11235E-01  0.66051E-02  0.37652E-02  0.20474E-02
 0.10000E+01 -0.63951E-02  0.46646E-03  0.49184E-01  0.11349E+00  0.16034E+00  0.17313E+00  0.15621E+00  0.12428E+00  0.90631E-01  0.62381E-01  0.41375E-01  0.26771E-01  0.16967E-01  0.10489E-01  0.62506E-02  0.35281E-02
 0.12000E+01  0.12903E-02 -0.11934E-01  0.24958E-01  0.88982E-01  0.14392E+00  0.16722E+00  0.15870E+00  0.13143E+00  0.99243E-01  0.70509E-01  0.48159E-01  0.32015E-01  0.20790E-01  0.13127E-01  0.79616E-02  0.45573E-02
 0.14000E+01  0.71835E-02 -0.20669E-01  0.62664E-02  0.68403E-01  0.12829E+00  0.15940E+00  0.15788E+00  0.13509E+00  0.10485E+00  0.76324E-01  0.53277E-01  0.36111E-01  0.23849E-01  0.15274E-01  0.93711E-02  0.54125E-02
 0.16000E+01  0.11645E-01 -0.26884E-01 -0.85468E-02  0.50533E-01  0.11306E+00  0.15000E+00  0.15449E+00  0.13606E+00  0.10814E+00  0.80350E-01  0.57107E-01  0.39317E-01  0.26316E-01  0.17041E-01  0.10547E-01  0.61331E-02
 0.18000E+01  0.14703E-01 -0.30937E-01 -0.19675E-01  0.35650E-01  0.98926E-01  0.13983E+00  0.14921E+00  0.13478E+00  0.10934E+00  0.82672E-01  0.59646E-01  0.41596E-01  0.28142E-01  0.18384E-01  0.11457E-01  0.66977E-02
 0.20000E+01  0.16548E-01 -0.33290E-01 -0.27562E-01  0.23796E-01  0.86456E-01  0.12975E+00  0.14286E+00  0.13190E+00  0.10888E+00  0.83538E-01  0.61021E-01  0.43002E-01  0.29346E-01  0.19305E-01  0.12097E-01  0.71012E-02
 0.22000E+01  0.17482E-01 -0.34453E-01 -0.32908E-01  0.14622E-01  0.75831E-01  0.12033E+00  0.13615E+00  0.12808E+00  0.10729E+00  0.83315E-01  0.61479E-01  0.43693E-01  0.30026E-01  0.19862E-01  0.12501E-01  0.73623E-02
 0.24000E+01  0.17805E-01 -0.34856E-01 -0.36426E-01  0.75982E-02  0.66933E-01  0.11182E+00  0.12958E+00  0.12384E+00  0.10502E+00  0.82374E-01  0.61292E-01  0.43862E-01  0.30312E-01  0.20142E-01  0.12721E-01  0.75120E-02
 0.26000E+01  0.17743E-01 -0.34797E-01 -0.38679E-01  0.22138E-02  0.59511E-01  0.10427E+00  0.12336E+00  0.11951E+00  0.10240E+00  0.80994E-01  0.60683E-01  0.43673E-01  0.30321E-01  0.20222E-01  0.12808E-01  0.75797E-02
 0.28000E+01  0.17445E-01 -0.34467E-01 -0.40062E-01 -0.19260E-02  0.53319E-01  0.97615E-01  0.11761E+00  0.11528E+00  0.99639E-01  0.79365E-01  0.59806E-01  0.43245E-01  0.30139E-01  0.20162E-01  0.12800E-01  0.75885E-02
 0.30000E+01  0.16898E-01 -0.33664E-01 -0.40710E-01 -0.55918E-02  0.47051E-01  0.90355E-01  0.11093E+00  0.11002E+00  0.95939E-01  0.76957E-01  0.58324E-01  0.42371E-01  0.29642E-01  0.19889E-01  0.12656E-01  0.75163E-02
 0.00000E+00  0.87573E+00  0.25453E+00 -0.14109E+00 -0.24347E+00 -0.15610E+00 -0.24206E-01  0.65375E-01  0.97261E-01  0.91673E-01  0.71623E-01  0.50657E-01  0.33806E-01  0.21694E-01  0.13443E-01  0.79880E-02  0.44862E-02
 0.20000E+00  0.21993E+00  0.49873E+00  0.52093E+00  0.33895E+00  0.99899E-01 -0.76081E-01 -0.15259E+00 -0.15481E+00 -0.12317E+00 -0.85997E-01 -0.55566E-01 -0.34214E-01 -0.20376E-01 -0.11782E-01 -0.65801E-02 -0.35031E-02
 0.40000E+00 -0.66804E-01  0.22089E+00  0.36298E+00  0.34202E+00  0.22602E+00  0.99231E-01  0.10312E-01 -0.33393E-01 -0.45587E-01 -0.42151E-01 -0.33490E-01 -0.24553E-01 -0.17062E-01 -0.11306E-01 -0.70976E-02 -0.41635E-02
 0.60000E+00 -0.41448E-01  0.74605E-01  0.17128E+00  0.21699E+00  0.20896E+00  0.16691E+00  0.11541E+00  0.70974E-01  0.39454E-01  0.19879E-01  0.88827E-02  0.32336E-02  0.62477E-03 -0.37883E-03 -0.60625E-03 -0.51413E-03
 0.80000E+00 -0.18294E-01  0.22198E-01  0.87928E-01  0.14924E+00  0.18065E+00  0.17617E+00  0.14707E+00  0.10953E+00  0.75192E-01  0.48836E-01  0.30593E-01  0.18714E-01  0.11235E-01  0.66051E-02  0.37652E-02  0.20474E-02
 0.10000E+01 -0.63951E-02  0.46646E-03  0.49184E-01  0.11349E+00  0.16034E+00  0.17313E+00  0.15621E+00  0.12428E+00  0.90631E-01  0.62381E-01  0.41375E-01  0.26771E-01  0.16967E-01  0.10489E-01  0.62506E-02  0.35281E-02
 0.12000E+01  0.12903E-02 -0.11934E-01  0.24958E-01  0.88982E-01  0.14392E+00  0.16722E+00  0.15870E+00  0.13143E+00  0.99243E-01  0.70509E-01  0.48159E-01  0.32015E-01  0.20790E-01  0.13127E-01  0.79616E-02  0.45573E-02
 0.14000E+01  0.71835E-02 -0.20669E-01  0.62664E-02  0.68403E-01  0.12829E+00  0.15940E+00  0.15788E+00  0.13509E+00  0.10485E+00  0.76324E-01  0.53277E-01  0.36111E-01  0.23849E-01  0.15274E-01  0.93711E-02  0.54125E-02
 0.16000E+01  0.11645E-01 -0.26884E-01 -0.85468E-02  0.50533E-01  0.11306E+00  0.15000E+00  0.15449E+00  0.13606E+00  0.10814E+00  0.80350E-01  0.57107E-01  0.39317E-01  0.26316E-01  0.17041E-01  0.10547E-01  0.61331E-02
 0.18000E+01  0.14703E-01 -0.30937E-01 -0.19675E-01  0.35650E-01  0.98926E-01  0.13983E+00  0.14921E+00  0.13478E+00  0.10934E+00  0.82672E-01  0.59646E-01  0.41596E-01  0.28142E-01  0.18384E-01  0.11457E-01  0.66977E-02
 0.20000E+01  0.16548E-01 -0.33290E-01 -0.27562E-01  0.23796E-01  0.86456E-01  0.12975E+00  0.14286E+00  0.13190E+00  0.10888E+00  0.83538E-01  0.61021E-01  0.43002E-01  0.29346E-01  0.19305E-01  0.12097E-01  0.71012E-02
 0.22000E+01  0.17482E-01 -0.34453E-01 -0.32908E-01  0.14622E-01  0.75831E-01  0.12033E+00  0.13615E+00  0.12808E+00  0.10729E+00  0.83315E-01  0.61479E-01  0.43693E-01  0.30026E-01  0.19862E-01  0.12501E-01  0.73623E-02
 0.24000E+01  0.17805E-01 -0.34856E-01 -0.36426E-01  0.75982E-02  0.66933E-01  0.11182E+00  0.12958E+00  0.12384E+00  0.10502E+00  0.82374E-01  0.61292E-01  0.43862E-01  0.30312E-01  0.20142E-01  0.12721E-01  0.75120E-02
 0.26000E+01  0.17743E-01 -0.34797E-01 -0.38679E-01  0.22138E-02  0.59511E-01  0.10427E+00  0.12336E+00  0.11951E+00  0.10240E+00  0.80994E-01  0.60683E-01  0.43673E-01  0.30321E-01  0.20222E-01  0.12808E-01  0.75797E-02
 0.28000E+01  0.17445E-01 -0.34467E-01 -0.40062E-01 -0.19260E-02  0.53319E-01  0.97615E-01  0.11761E+00  0.11528E+00  0.99639E-01  0.79365E-01  0.59806E-01  0.43245E-01  0.30139E-01  0.20162E-01  0.12800E-01  0.75885E-02
 0.30000E+01  0.16898E-01 -0.33664E-01 -0.40710E-01 -0.55918E-02  0.47051E-01  0.90355E-01  0.11093E+00  0.11002E+00  0.95939E-01  0.76957E-01  0.58324E-01  0.42371E-01  0.29642E-01  0.19889E-01  0.12656E-01  0.75163E-02
