 0.00000E+00  0.70678E+00  0.32849E+00  0.17475E-01 -0.13786E+00 -0.15085E+00 -0.91497E-01 -0.24805E-01  0.18251E-01  0.35369E-01  0.36015E-01  0.29644E-01  0.21896E-01  0.15128E-01  0.99192E-02  0.61606E-02  0.35811E-02
 0.20000E+00  0.40631E+00  0.40116E+00  0.32144E+00  0.20026E+00  0.82491E-01 -0.11616E-02 -0.43776E-01 -0.55162E-01 -0.49678E-01 -0.38400E-01 -0.27256E-01 -0.18372E-01 -0.11948E-01 -0.75153E-02 -0.45337E-02 -0.25818E-02
 0.40000E+00  0.54793E-03  0.21464E+00  0.32828E+00  0.31701E+00  0.22316E+00  0.11132E+00  0.25942E-01 -0.20689E-01 -0.36931E-01 -0.36382E-01 -0.29390E-01 -0.21469E-01 -0.14736E-01 -0.96258E-02 -0.59654E-02 -0.34633E-02
 0.60000E+00 -0.85286E-01  0.99598E-01  0.22871E+00  0.26730E+00  0.23100E+00  0.16110E+00  0.93655E-01  0.45552E-01  0.17736E-01  0.42878E-02 -0.10595E-02 -0.25599E-02 -0.25071E-02 -0.19591E-02 -0.13500E-02 -0.83864E-03
 0.80000E+00 -0.70138E-01  0.36709E-01  0.13277E+00  0.18852E+00  0.19736E+00  0.17216E+00  0.13234E+00  0.93009E-01  0.61486E-01  0.39110E-01  0.24338E-01  0.14964E-01  0.91112E-02  0.54626E-02  0.31816E-02  0.17659E-02
 0.10000E+01 -0.41640E-01  0.52658E-02  0.69181E-01  0.12772E+00  0.16184E+00  0.16575E+00  0.14637E+00  0.11593E+00  0.84810E-01  0.58674E-01  0.39094E-01  0.25388E-01  0.16145E-01  0.10015E-01  0.59889E-02  0.33913E-02
 0.12000E+01 -0.20117E-01 -0.10303E-01  0.31147E-01  0.87479E-01  0.13384E+00  0.15409E+00  0.14750E+00  0.12382E+00  0.94565E-01  0.67563E-01  0.46123E-01  0.30512E-01  0.19678E-01  0.12339E-01  0.74388E-02  0.42380E-02
 0.14000E+01 -0.59995E-02 -0.18232E-01  0.83879E-02  0.61157E-01  0.11287E+00  0.14194E+00  0.14314E+00  0.12435E+00  0.97270E-01  0.70710E-01  0.48897E-01  0.32662E-01  0.21222E-01  0.13383E-01  0.81028E-02  0.46311E-02
 0.16000E+01  0.30606E-02 -0.22373E-01 -0.56581E-02  0.43407E-01  0.96973E-01  0.13071E+00  0.13674E+00  0.12153E+00  0.96539E-01  0.70958E-01  0.49471E-01  0.33252E-01  0.21708E-01  0.13739E-01  0.83420E-02  0.47777E-02
 0.18000E+01  0.88994E-02 -0.24527E-01 -0.14608E-01  0.30983E-01  0.84612E-01  0.12070E+00  0.12978E+00  0.11725E+00  0.94161E-01  0.69751E-01  0.48912E-01  0.33022E-01  0.21631E-01  0.13727E-01  0.83509E-02  0.47900E-02
 0.20000E+01  0.12674E-01 -0.25578E-01 -0.20444E-01  0.21999E-01  0.74756E-01  0.11184E+00  0.12288E+00  0.11241E+00  0.91020E-01  0.67821E-01  0.47767E-01  0.32357E-01  0.21251E-01  0.13513E-01  0.82333E-02  0.47280E-02
 0.22000E+01  0.15094E-01 -0.25991E-01 -0.24292E-01  0.15331E-01  0.66734E-01  0.10402E+00  0.11630E+00  0.10745E+00  0.87570E-01  0.65553E-01  0.46329E-01  0.31467E-01  0.20709E-01  0.13189E-01  0.80461E-02  0.46248E-02
 0.24000E+01  0.16615E-01 -0.26027E-01 -0.26843E-01  0.10261E-01  0.60077E-01  0.97082E-01  0.11014E+00  0.10259E+00  0.84053E-01  0.63157E-01  0.44763E-01  0.30469E-01  0.20087E-01  0.12810E-01  0.78227E-02  0.44997E-02
 0.26000E+01  0.17530E-01 -0.25835E-01 -0.28522E-01  0.63198E-02  0.54448E-01  0.90879E-01  0.10440E+00  0.97915E-01  0.80581E-01  0.60741E-01  0.43153E-01  0.29428E-01  0.19428E-01  0.12404E-01  0.75811E-02  0.43636E-02
 0.28000E+01  0.18013E-01 -0.25501E-01 -0.29591E-01  0.32040E-02  0.49605E-01  0.85274E-01  0.99043E-01  0.93440E-01  0.77193E-01  0.58345E-01  0.41535E-01  0.28369E-01  0.18753E-01  0.11984E-01  0.73300E-02  0.42215E-02
 0.30000E+01  0.18192E-01 -0.24914E-01 -0.30269E-01  0.19668E-03  0.44405E-01  0.78928E-01  0.92771E-01  0.88081E-01  0.73063E-01  0.55384E-01  0.39514E-01  0.27035E-01  0.17895E-01  0.11447E-01  0.70074E-02  0.40381E-02
 0.00000E+00  0.70678E+00  0.32849E+00  0.17475E-01 -0.13786E+00 -0.15085E+00 -0.91497E-01 -0.24805E-01  0.18251E-01  0.35369E-01  0.36015E-01  0.29644E-01  0.21896E-01  0.15128E-01  0.99192E-02  0.61606E-02  0.35811E-02
 0.20000E+00  0.40631E+00  0.40116E+00  0.32144E+00  0.20026E+00  0.82491E-01 -0.11616E-02 -0.43776E-01 -0.55162E-01 -0.49678E-01 -0.38400E-01 -0.27256E-01 -0.18372E-01 -0.11948E-01 -0.75153E-02 -0.45337E-02 -0.25818E-02
 0.40000E+00  0.54793E-03  0.21464E+00  0.32828E+00  0.31701E+00  0.22316E+00  0.11132E+00  0.25942E-01 -0.20689E-01 -0.36931E-01 -0.36382E-01 -0.29390E-01 -0.21469E-01 -0.14736E-01 -0.96258E-02 -0.59654E-02 -0.34633E-02
 0.60000E+00 -0.85286E-01  0.99598E-01  0.22871E+00  0.26730E+00  0.23100E+00  0.16110E+00  0.93655E-01  0.45552E-01  0.17736E-01  0.42878E-02 -0.10595E-02 -0.25599E-02 -0.25071E-02 -0.19591E-02 -0.13500E-02 -0.83864E-03
 0.80000E+00 -0.70138E-01  0.36709E-01  0.13277E+00  0.18852E+00  0.19736E+00  0.17216E+00  0.13234E+00  0.93009E-01  0.61486E-01  0.39110E-01  0.24338E-01  0.14964E-01  0.91112E-02  0.54626E-02  0.31816E-02  0.17659E-02
 0.10000E+01 -0.41640E-01  0.52658E-02  0.69181E-01  0.12772E+00  0.16184E+00  0.16575E+00  0.14637E+00  0.11593E+00  0.84810E-01  0.58674E-01  0.39094E-01  0.25388E-01  0.16145E-01  0.10015E-01  0.59889E-02  0.33913E-02
 0.12000E+01 -0.20117E-01 -0.10303E-01  0.31147E-01  0.87479E-01  0.13384E+00  0.15409E+00  0.14750E+00  0.12382E+00  0.94565E-01  0.67563E-01  0.46123E-01  0.30512E-01  0.19678E-01  0.12339E-01  0.74388E-02  0.42380E-02
 0.14000E+01 -0.59995E-02 -0.18232E-01  0.83879E-02  0.61157E-01  0.11287E+00  0.14194E+00  0.14314E+00  0.12435E+00  0.97270E-01  0.70710E-01  0.48897E-01  0.32662E-01  0.21222E-01  0.13383E-01  0.81028E-02  0.46311E-02
 0.16000E+01  0.30606E-02 -0.22373E-01 -0.56581E-02  0.43407E-01  0.96973E-01  0.13071E+00  0.13674E+00  0.12153E+00  0.96539E-01  0.70958E-01  0.49471E-01  0.33252E-01  0.21708E-01  0.13739E-01  0.83420E-02  0.47777E-02
 0.18000E+01  0.88994E-02 -0.24527E-01 -0.14608E-01  0.30983E-01  0.84612E-01  0.12070E+00  0.12978E+00  0.11725E+00  0.94161E-01  0.69751E-01  0.48912E-01  0.33022E-01  0.21631E-01  0.13727E-01  0.83509E-02  0.47900E-02
 0.20000E+01  0.12674E-01 -0.25578E-01 -0.20444E-01  0.21999E-01  0.74756E-01  0.11184E+00  0.12288E+00  0.11241E+00  0.91020E-01  0.67821E-01  0.47767E-01  0.32357E-01  0.21251E-01  0.13513E-01  0.82333E-02  0.47280E-02
 0.22000E+01  0.15094E-01 -0.25991E-01 -0.24292E-01  0.15331E-01  0.66734E-01  0.10402E+00  0.11630E+00  0.10745E+00  0.87570E-01  0.65553E-01  0.46329E-01  0.31467E-01  0.20709E-01  0.13189E-01  0.80461E-02  0.46248E-02
 0.24000E+01  0.16615E-01 -0.26027E-01 -0.26843E-01  0.10261E-01  0.60077E-01  0.97082E-01  0.11014E+00  0.10259E+00  0.84053E-01  0.63157E-01  0.44763E-01  0.30469E-01  0.20087E-01  0.12810E-01  0.78227E-02  0.44997E-02
 0.26000E+01  0.17530E-01 -0.25835E-01 -0.28522E-01  0.63198E-02  0.54448E-01  0.90879E-01  0.10440E+00  0.97915E-01  0.80581E-01  0.60741E-01  0.43153E-01  0.29428E-01  0.19428E-01  0.12404E-01  0.75811E-02  0.43636E-02
 0.28000E+01  0.18013E-01 -0.25501E-01 -0.29591E-01  0.32040E-02  0.49605E-01  0.85274E-01  0.99043E-01  0.93440E-01  0.77193E-01  0.58345E-01  0.41535E-01  0.28369E-01  0.18753E-01  0.11984E-01  0.73300E-02  0.42215E-02
 0.30000E+01  0.18192E-01 -0.24914E-01 -0.30269E-01  0.19668E-03  0.44405E-01  0.78928E-01  0.92771E-01  0.88081E-01  0.73063E-01  0.55384E-01  0.39514E-01  0.27035E-01  0.17895E-01  0.11447E-01  0.70074E-02  0.40381E-02
