 0.00000E+00  0.84841E+00  0.28774E+00 -0.89807E-01 -0.20594E+00 -0.14127E+00 -0.26369E-01  0.54206E-01  0.82040E-01  0.75026E-01  0.55427E-01  0.36401E-01  0.22344E-01  0.13187E-01  0.75690E-02  0.42134E-02  0.22442E-02
 0.20000E+00  0.25506E+00  0.42939E+00  0.41859E+00  0.26448E+00  0.76280E-01 -0.57201E-01 -0.11063E+00 -0.10630E+00 -0.77956E-01 -0.48554E-01 -0.26996E-01 -0.13772E-01 -0.65208E-02 -0.28529E-02 -0.11272E-02 -0.38227E-03
 0.40000E+00 -0.47314E-01  0.24794E+00  0.38342E+00  0.34368E+00  0.20666E+00  0.66819E-01 -0.23328E-01 -0.59467E-01 -0.61103E-01 -0.48605E-01 -0.34141E-01 -0.22416E-01 -0.14143E-01 -0.86490E-02 -0.50975E-02 -0.28509E-02
 0.60000E+00 -0.73192E-01  0.10594E+00  0.23471E+00  0.27486E+00  0.23746E+00  0.16254E+00  0.88401E-01  0.35003E-01  0.48336E-02 -0.82892E-02 -0.11748E-01 -0.10851E-01 -0.85231E-02 -0.60796E-02 -0.40047E-02 -0.24282E-02
 0.80000E+00 -0.34250E-01  0.19820E-01  0.10285E+00  0.17738E+00  0.21189E+00  0.20015E+00  0.15829E+00  0.10856E+00  0.66306E-01  0.36850E-01  0.18940E-01  0.90778E-02  0.40403E-02  0.16303E-02  0.56081E-03  0.13682E-03
 0.10000E+01 -0.34737E-02 -0.15856E-01  0.29435E-01  0.10548E+00  0.16918E+00  0.19343E+00  0.17860E+00  0.14185E+00  0.10116E+00  0.67023E-01  0.42384E-01  0.26088E-01  0.15787E-01  0.93861E-02  0.54235E-02  0.29904E-02
 0.12000E+01  0.11102E-01 -0.27205E-01 -0.43490E-02  0.62759E-01  0.13298E+00  0.17322E+00  0.17536E+00  0.15072E+00  0.11580E+00  0.82459E-01  0.55898E-01  0.36717E-01  0.23557E-01  0.14730E-01  0.88738E-02  0.50581E-02
 0.14000E+01  0.17106E-01 -0.29920E-01 -0.19783E-01  0.37824E-01  0.10677E+00  0.15353E+00  0.16561E+00  0.14986E+00  0.12051E+00  0.89434E-01  0.62905E-01  0.42664E-01  0.28117E-01  0.17967E-01  0.11009E-01  0.63574E-02
 0.16000E+01  0.19404E-01 -0.29823E-01 -0.27235E-01  0.22459E-01  0.88034E-01  0.13722E+00  0.15525E+00  0.14577E+00  0.12094E+00  0.92228E-01  0.66397E-01  0.45916E-01  0.30741E-01  0.19890E-01  0.12305E-01  0.71566E-02
 0.18000E+01  0.20094E-01 -0.28842E-01 -0.31017E-01  0.12358E-01  0.74233E-01  0.12402E+00  0.14577E+00  0.14077E+00  0.11953E+00  0.92941E-01  0.68004E-01  0.47654E-01  0.32243E-01  0.21034E-01  0.13094E-01  0.76513E-02
 0.20000E+01  0.20053E-01 -0.27621E-01 -0.32963E-01  0.53416E-02  0.63701E-01  0.11324E+00  0.13737E+00  0.13569E+00  0.11731E+00  0.92569E-01  0.68554E-01  0.48509E-01  0.33075E-01  0.21705E-01  0.13572E-01  0.79570E-02
 0.22000E+01  0.19665E-01 -0.26383E-01 -0.33916E-01  0.25354E-03  0.55402E-01  0.10426E+00  0.12995E+00  0.13079E+00  0.11473E+00  0.91598E-01  0.68479E-01  0.48821E-01  0.33484E-01  0.22073E-01  0.13849E-01  0.81401E-02
 0.24000E+01  0.19111E-01 -0.25203E-01 -0.34299E-01 -0.35659E-02  0.48679E-01  0.96645E-01  0.12336E+00  0.12615E+00  0.11201E+00  0.90292E-01  0.68022E-01  0.48790E-01  0.33621E-01  0.22243E-01  0.13994E-01  0.82416E-02
 0.26000E+01  0.18484E-01 -0.24100E-01 -0.34340E-01 -0.65179E-02  0.43096E-01  0.90064E-01  0.11745E+00  0.12178E+00  0.10927E+00  0.88801E-01  0.67330E-01  0.48538E-01  0.33578E-01  0.22281E-01  0.14050E-01  0.82880E-02
 0.28000E+01  0.17821E-01 -0.23077E-01 -0.34168E-01 -0.88577E-02  0.38355E-01  0.84276E-01  0.11208E+00  0.11767E+00  0.10655E+00  0.87209E-01  0.66491E-01  0.48141E-01  0.33416E-01  0.22230E-01  0.14044E-01  0.82966E-02
 0.30000E+01  0.16974E-01 -0.21847E-01 -0.33676E-01 -0.11086E-01  0.33344E-01  0.77862E-01  0.10589E+00  0.11272E+00  0.10309E+00  0.85030E-01  0.65218E-01  0.47440E-01  0.33047E-01  0.22045E-01  0.13956E-01  0.82569E-02
 0.00000E+00  0.84841E+00  0.28774E+00 -0.89807E-01 -0.20594E+00 -0.14127E+00 -0.26369E-01  0.54206E-01  0.82040E-01  0.75026E-01  0.55427E-01  0.36401E-01  0.22344E-01  0.13187E-01  0.75690E-02  0.42134E-02  0.22442E-02
 0.20000E+00  0.25506E+00  0.42939E+00  0.41859E+00  0.26448E+00  0.76280E-01 -0.57201E-01 -0.11063E+00 -0.10630E+00 -0.77956E-01 -0.48554E-01 -0.26996E-01 -0.13772E-01 -0.65208E-02 -0.28529E-02 -0.11272E-02 -0.38227E-03
 0.40000E+00 -0.47314E-01  0.24794E+00  0.38342E+00  0.34368E+00  0.20666E+00  0.66819E-01 -0.23328E-01 -0.59467E-01 -0.61103E-01 -0.48605E-01 -0.34141E-01 -0.22416E-01 -0.14143E-01 -0.86490E-02 -0.50975E-02 -0.28509E-02
 0.60000E+00 -0.73192E-01  0.10594E+00  0.23471E+00  0.27486E+00  0.23746E+00  0.16254E+00  0.88401E-01  0.35003E-01  0.48336E-02 -0.82892E-02 -0.11748E-01 -0.10851E-01 -0.85231E-02 -0.60796E-02 -0.40047E-02 -0.24282E-02
 0.80000E+00 -0.34250E-01  0.19820E-01  0.10285E+00  0.17738E+00  0.21189E+00  0.20015E+00  0.15829E+00  0.10856E+00  0.66306E-01  0.36850E-01  0.18940E-01  0.90778E-02  0.40403E-02  0.16303E-02  0.56081E-03  0.13682E-03
 0.10000E+01 -0.34737E-02 -0.15856E-01  0.29435E-01  0.10548E+00  0.16918E+00  0.19343E+00  0.17860E+00  0.14185E+00  0.10116E+00  0.67023E-01  0.42384E-01  0.26088E-01  0.15787E-01  0.93861E-02  0.54235E-02  0.29904E-02
 0.12000E+01  0.11102E-01 -0.27205E-01 -0.43490E-02  0.62759E-01  0.13298E+00  0.17322E+00  0.17536E+00  0.15072E+00  0.11580E+00  0.82459E-01  0.55898E-01  0.36717E-01  0.23557E-01  0.14730E-01  0.88738E-02  0.50581E-02
 0.14000E+01  0.17106E-01 -0.29920E-01 -0.19783E-01  0.37824E-01  0.10677E+00  0.15353E+00  0.16561E+00  0.14986E+00  0.12051E+00  0.89434E-01  0.62905E-01  0.42664E-01  0.28117E-01  0.17967E-01  0.11009E-01  0.63574E-02
 0.16000E+01  0.19404E-01 -0.29823E-01 -0.27235E-01  0.22459E-01  0.88034E-01  0.13722E+00  0.15525E+00  0.14577E+00  0.12094E+00  0.92228E-01  0.66397E-01  0.45916E-01  0.30741E-01  0.19890E-01  0.12305E-01  0.71566E-02
 0.18000E+01  0.20094E-01 -0.28842E-01 -0.31017E-01  0.12358E-01  0.74233E-01  0.12402E+00  0.14577E+00  0.14077E+00  0.11953E+00  0.92941E-01  0.68004E-01  0.47654E-01  0.32243E-01  0.21034E-01  0.13094E-01  0.76513E-02
 0.20000E+01  0.20053E-01 -0.27621E-01 -0.32963E-01  0.53416E-02  0.63701E-01  0.11324E+00  0.13737E+00  0.13569E+00  0.11731E+00  0.92569E-01  0.68554E-01  0.48509E-01  0.33075E-01  0.21705E-01  0.13572E-01  0.79570E-02
 0.22000E+01  0.19665E-01 -0.26383E-01 -0.33916E-01  0.25354E-03  0.55402E-01  0.10426E+00  0.12995E+00  0.13079E+00  0.11473E+00  0.91598E-01  0.68479E-01  0.48821E-01  0.33484E-01  0.22073E-01  0.13849E-01  0.81401E-02
 0.24000E+01  0.19111E-01 -0.25203E-01 -0.34299E-01 -0.35659E-02  0.48679E-01  0.96645E-01  0.12336E+00  0.12615E+00  0.11201E+00  0.90292E-01  0.68022E-01  0.48790E-01  0.33621E-01  0.22243E-01  0.13994E-01  0.82416E-02
 0.26000E+01  0.18484E-01 -0.24100E-01 -0.34340E-01 -0.65179E-02  0.43096E-01  0.90064E-01  0.11745E+00  0.12178E+00  0.10927E+00  0.88801E-01  0.67330E-01  0.48538E-01  0.33578E-01  0.22281E-01  0.14050E-01  0.82880E-02
 0.28000E+01  0.17821E-01 -0.23077E-01 -0.34168E-01 -0.88577E-02  0.38355E-01  0.84276E-01  0.11208E+00  0.11767E+00  0.10655E+00  0.87209E-01  0.66491E-01  0.48141E-01  0.33416E-01  0.22230E-01  0.14044E-01  0.82966E-02
 0.30000E+01  0.16974E-01 -0.21847E-01 -0.33676E-01 -0.11086E-01  0.33344E-01  0.77862E-01  0.10589E+00  0.11272E+00  0.10309E+00  0.85030E-01  0.65218E-01  0.47440E-01  0.33047E-01  0.22045E-01  0.13956E-01  0.82569E-02
