 0.00000E+00  0.76188E+00  0.28791E+00 -0.11921E+00 -0.15115E+00 -0.36353E-01  0.34318E-01  0.48001E-01  0.38797E-01  0.26381E-01  0.16614E-01  0.10031E-01  0.58802E-02  0.33561E-02  0.18566E-02  0.97126E-03  0.44311E-03
 0.20000E+00  0.37506E+00  0.49755E+00  0.36654E+00  0.13034E+00 -0.21229E-01 -0.66565E-01 -0.60663E-01 -0.42989E-01 -0.27671E-01 -0.17075E-01 -0.10313E-01 -0.61464E-02 -0.36234E-02 -0.21052E-02 -0.11713E-02 -0.56689E-03
 0.40000E+00 -0.13759E+00  0.27886E+00  0.46578E+00  0.31815E+00  0.11242E+00  0.17802E-02 -0.30212E-01 -0.29799E-01 -0.21679E-01 -0.14051E-01 -0.85657E-02 -0.50012E-02 -0.28063E-02 -0.15038E-02 -0.75166E-03 -0.32673E-03
 0.60000E+00 -0.12175E+00  0.95069E-01  0.27562E+00  0.28930E+00  0.20842E+00  0.12570E+00  0.70690E-01  0.39192E-01  0.21913E-01  0.12426E-01  0.71405E-02  0.41486E-02  0.24307E-02  0.14256E-02  0.80747E-03  0.39722E-03
 0.80000E+00 -0.28989E-01 -0.74750E-02  0.10860E+00  0.22050E+00  0.24268E+00  0.19722E+00  0.13616E+00  0.86330E-01  0.52377E-01  0.30992E-01  0.18012E-01  0.10294E-01  0.57716E-02  0.31506E-02  0.16294E-02  0.73529E-03
 0.10000E+01  0.29896E-01 -0.51624E-01  0.15634E-01  0.16459E+00  0.23837E+00  0.21784E+00  0.15985E+00  0.10480E+00  0.64696E-01  0.38527E-01  0.22336E-01  0.12625E-01  0.69296E-02  0.36550E-02  0.18020E-02  0.77194E-03
 0.12000E+01  0.55429E-01 -0.66827E-01 -0.27825E-01  0.12635E+00  0.21867E+00  0.21174E+00  0.15974E+00  0.10628E+00  0.66097E-01  0.39457E-01  0.22835E-01  0.12828E-01  0.69602E-02  0.36010E-02  0.17254E-02  0.71467E-03
 0.14000E+01  0.62917E-01 -0.69622E-01 -0.46063E-01  0.10015E+00  0.19478E+00  0.19460E+00  0.14890E+00  0.99826E-01  0.62351E-01  0.37304E-01  0.21607E-01  0.12133E-01  0.65709E-02  0.33870E-02  0.16134E-02  0.66342E-03
 0.16000E+01  0.61660E-01 -0.67212E-01 -0.51944E-01  0.81386E-01  0.17081E+00  0.17358E+00  0.13375E+00  0.90022E-01  0.56400E-01  0.33850E-01  0.19682E-01  0.11111E-01  0.60631E-02  0.31612E-02  0.15310E-02  0.64227E-03
 0.18000E+01  0.56156E-01 -0.62579E-01 -0.51569E-01  0.67235E-01  0.14795E+00  0.15150E+00  0.11700E+00  0.78874E-01  0.49549E-01  0.29878E-01  0.17504E-01  0.99937E-02  0.55476E-02  0.29678E-02  0.14902E-02  0.65142E-03
 0.20000E+01  0.48570E-01 -0.57027E-01 -0.47889E-01  0.56116E-01  0.12652E+00  0.12959E+00  0.99898E-01  0.67327E-01  0.42416E-01  0.25754E-01  0.15268E-01  0.88780E-02  0.50626E-02  0.28149E-02  0.14864E-02  0.68476E-03
 0.22000E+01  0.40048E-01 -0.51162E-01 -0.42435E-01  0.47130E-01  0.10660E+00  0.10845E+00  0.83097E-01  0.55881E-01  0.35325E-01  0.21666E-01  0.13074E-01  0.78061E-02  0.46199E-02  0.26993E-02  0.15115E-02  0.73564E-03
 0.24000E+01  0.31172E-01 -0.45305E-01 -0.36056E-01  0.39705E-01  0.88155E-01  0.88319E-01  0.66900E-01  0.44779E-01  0.28436E-01  0.17706E-01  0.10965E-01  0.67949E-02  0.42214E-02  0.26160E-02  0.15587E-02  0.79903E-03
 0.26000E+01  0.22226E-01 -0.39597E-01 -0.29218E-01  0.33432E-01  0.71006E-01  0.69218E-01  0.51383E-01  0.34095E-01  0.21801E-01  0.13900E-01  0.89525E-02  0.58444E-02  0.38620E-02  0.25580E-02  0.16218E-02  0.87080E-03
 0.28000E+01  0.13350E-01 -0.34068E-01 -0.22160E-01  0.28015E-01  0.54934E-01  0.51023E-01  0.36492E-01  0.23807E-01  0.15407E-01  0.10239E-01  0.70281E-02  0.49478E-02  0.35357E-02  0.25203E-02  0.16968E-02  0.94871E-03
 0.30000E+01  0.60002E-02 -0.29447E-01 -0.17037E-01  0.22022E-01  0.40051E-01  0.34789E-01  0.23430E-01  0.14853E-01  0.98493E-02  0.70412E-02  0.53225E-02  0.41270E-02  0.32094E-02  0.24488E-02  0.17317E-02  0.99791E-03
