 0.00000E+00  0.87739E+00  0.27570E+00 -0.12543E+00 -0.25201E+00 -0.19025E+00 -0.71317E-01  0.20930E-01  0.65392E-01  0.74625E-01  0.66582E-01  0.53137E-01  0.39800E-01  0.28435E-01  0.19374E-01  0.12466E-01  0.74601E-02
 0.20000E+00  0.19643E+00  0.49252E+00  0.54604E+00  0.39305E+00  0.16582E+00 -0.19013E-01 -0.11761E+00 -0.14424E+00 -0.13158E+00 -0.10531E+00 -0.78669E-01 -0.56317E-01 -0.38934E-01 -0.25889E-01 -0.16359E-01 -0.96610E-02
 0.40000E+00 -0.40868E-01  0.18910E+00  0.30696E+00  0.29929E+00  0.21685E+00  0.12202E+00  0.51053E-01  0.10647E-01 -0.73810E-02 -0.13052E-01 -0.13136E-01 -0.11135E-01 -0.86073E-02 -0.61900E-02 -0.41375E-02 -0.25439E-02
 0.60000E+00 -0.27841E-01  0.66204E-01  0.14321E+00  0.18107E+00  0.17904E+00  0.15144E+00  0.11518E+00  0.81642E-01  0.55393E-01  0.36637E-01  0.23863E-01  0.15356E-01  0.97395E-02  0.60375E-02  0.36073E-02  0.20396E-02
 0.80000E+00 -0.19000E-01  0.32642E-01  0.93838E-01  0.14152E+00  0.16108E+00  0.15296E+00  0.12785E+00  0.97754E-01  0.70456E-01  0.48943E-01  0.33224E-01  0.22168E-01  0.14516E-01  0.92525E-02  0.56594E-02  0.32612E-02
 0.10000E+01 -0.14810E-01  0.18657E-01  0.72737E-01  0.12416E+00  0.15262E+00  0.15272E+00  0.13246E+00  0.10400E+00  0.76437E-01  0.53891E-01  0.37020E-01  0.24946E-01  0.16473E-01  0.10574E-01  0.65053E-02  0.37657E-02
 0.12000E+01 -0.10827E-01  0.71124E-02  0.54859E-01  0.10912E+00  0.14490E+00  0.15193E+00  0.13585E+00  0.10892E+00  0.81248E-01  0.57924E-01  0.40142E-01  0.27249E-01  0.18105E-01  0.11682E-01  0.72170E-02  0.41916E-02
 0.14000E+01 -0.71128E-02 -0.27801E-02  0.39178E-01  0.95601E-01  0.13755E+00  0.15057E+00  0.13822E+00  0.11275E+00  0.85124E-01  0.61231E-01  0.42734E-01  0.29178E-01  0.19482E-01  0.12622E-01  0.78240E-02  0.45560E-02
 0.16000E+01 -0.34943E-02 -0.11722E-01  0.24638E-01  0.82698E-01  0.13009E+00  0.14854E+00  0.13971E+00  0.11574E+00  0.88306E-01  0.64017E-01  0.44954E-01  0.30851E-01  0.20689E-01  0.13452E-01  0.83628E-02  0.48810E-02
 0.18000E+01  0.66990E-04 -0.19981E-01  0.10801E-01  0.69975E-01  0.12216E+00  0.14564E+00  0.14021E+00  0.11783E+00  0.90778E-01  0.66280E-01  0.46807E-01  0.32274E-01  0.21730E-01  0.14177E-01  0.88371E-02  0.51689E-02
 0.20000E+01  0.33499E-02 -0.27253E-01 -0.18073E-02  0.57861E-01  0.11396E+00  0.14181E+00  0.13953E+00  0.11879E+00  0.92325E-01  0.67843E-01  0.48155E-01  0.33345E-01  0.22533E-01  0.14745E-01  0.92138E-02  0.53996E-02
 0.22000E+01  0.61650E-02 -0.33286E-01 -0.12715E-01  0.46808E-01  0.10577E+00  0.13717E+00  0.13765E+00  0.11856E+00  0.92847E-01  0.68610E-01  0.48918E-01  0.34001E-01  0.23049E-01  0.15123E-01  0.94705E-02  0.55595E-02
 0.24000E+01  0.84326E-02 -0.38037E-01 -0.21757E-01  0.37057E-01  0.97842E-01  0.13192E+00  0.13475E+00  0.11723E+00  0.92415E-01  0.68622E-01  0.49117E-01  0.34250E-01  0.23282E-01  0.15311E-01  0.96067E-02  0.56477E-02
 0.26000E+01  0.10151E-01 -0.41596E-01 -0.28989E-01  0.28666E-01  0.90357E-01  0.12631E+00  0.13104E+00  0.11500E+00  0.91178E-01  0.67987E-01  0.48825E-01  0.34142E-01  0.23264E-01  0.15330E-01  0.96340E-02  0.56710E-02
 0.28000E+01  0.11350E-01 -0.44098E-01 -0.34553E-01  0.21603E-01  0.83418E-01  0.12054E+00  0.12676E+00  0.11208E+00  0.89299E-01  0.66824E-01  0.48126E-01  0.33735E-01  0.23033E-01  0.15204E-01  0.95679E-02  0.56382E-02
 0.30000E+01  0.12265E-01 -0.45928E-01 -0.39446E-01  0.14488E-01  0.75559E-01  0.11329E+00  0.12088E+00  0.10773E+00  0.86265E-01  0.64795E-01  0.46806E-01  0.32892E-01  0.22506E-01  0.14882E-01  0.93791E-02  0.55332E-02
 0.00000E+00  0.87739E+00  0.27570E+00 -0.12543E+00 -0.25201E+00 -0.19025E+00 -0.71317E-01  0.20930E-01  0.65392E-01  0.74625E-01  0.66582E-01  0.53137E-01  0.39800E-01  0.28435E-01  0.19374E-01  0.12466E-01  0.74601E-02
 0.20000E+00  0.19643E+00  0.49252E+00  0.54604E+00  0.39305E+00  0.16582E+00 -0.19013E-01 -0.11761E+00 -0.14424E+00 -0.13158E+00 -0.10531E+00 -0.78669E-01 -0.56317E-01 -0.38934E-01 -0.25889E-01 -0.16359E-01 -0.96610E-02
 0.40000E+00 -0.40868E-01  0.18910E+00  0.30696E+00  0.29929E+00  0.21685E+00  0.12202E+00  0.51053E-01  0.10647E-01 -0.73810E-02 -0.13052E-01 -0.13136E-01 -0.11135E-01 -0.86073E-02 -0.61900E-02 -0.41375E-02 -0.25439E-02
 0.60000E+00 -0.27841E-01  0.66204E-01  0.14321E+00  0.18107E+00  0.17904E+00  0.15144E+00  0.11518E+00  0.81642E-01  0.55393E-01  0.36637E-01  0.23863E-01  0.15356E-01  0.97395E-02  0.60375E-02  0.36073E-02  0.20396E-02
 0.80000E+00 -0.19000E-01  0.32642E-01  0.93838E-01  0.14152E+00  0.16108E+00  0.15296E+00  0.12785E+00  0.97754E-01  0.70456E-01  0.48943E-01  0.33224E-01  0.22168E-01  0.14516E-01  0.92525E-02  0.56594E-02  0.32612E-02
 0.10000E+01 -0.14810E-01  0.18657E-01  0.72737E-01  0.12416E+00  0.15262E+00  0.15272E+00  0.13246E+00  0.10400E+00  0.76437E-01  0.53891E-01  0.37020E-01  0.24946E-01  0.16473E-01  0.10574E-01  0.65053E-02  0.37657E-02
 0.12000E+01 -0.10827E-01  0.71124E-02  0.54859E-01  0.10912E+00  0.14490E+00  0.15193E+00  0.13585E+00  0.10892E+00  0.81248E-01  0.57924E-01  0.40142E-01  0.27249E-01  0.18105E-01  0.11682E-01  0.72170E-02  0.41916E-02
 0.14000E+01 -0.71128E-02 -0.27801E-02  0.39178E-01  0.95601E-01  0.13755E+00  0.15057E+00  0.13822E+00  0.11275E+00  0.85124E-01  0.61231E-01  0.42734E-01  0.29178E-01  0.19482E-01  0.12622E-01  0.78240E-02  0.45560E-02
 0.16000E+01 -0.34943E-02 -0.11722E-01  0.24638E-01  0.82698E-01  0.13009E+00  0.14854E+00  0.13971E+00  0.11574E+00  0.88306E-01  0.64017E-01  0.44954E-01  0.30851E-01  0.20689E-01  0.13452E-01  0.83628E-02  0.48810E-02
 0.18000E+01  0.66990E-04 -0.19981E-01  0.10801E-01  0.69975E-01  0.12216E+00  0.14564E+00  0.14021E+00  0.11783E+00  0.90778E-01  0.66280E-01  0.46807E-01  0.32274E-01  0.21730E-01  0.14177E-01  0.88371E-02  0.51689E-02
 0.20000E+01  0.33499E-02 -0.27253E-01 -0.18073E-02  0.57861E-01  0.11396E+00  0.14181E+00  0.13953E+00  0.11879E+00  0.92325E-01  0.67843E-01  0.48155E-01  0.33345E-01  0.22533E-01  0.14745E-01  0.92138E-02  0.53996E-02
 0.22000E+01  0.61650E-02 -0.33286E-01 -0.12715E-01  0.46808E-01  0.10577E+00  0.13717E+00  0.13765E+00  0.11856E+00  0.92847E-01  0.68610E-01  0.48918E-01  0.34001E-01  0.23049E-01  0.15123E-01  0.94705E-02  0.55595E-02
 0.24000E+01  0.84326E-02 -0.38037E-01 -0.21757E-01  0.37057E-01  0.97842E-01  0.13192E+00  0.13475E+00  0.11723E+00  0.92415E-01  0.68622E-01  0.49117E-01  0.34250E-01  0.23282E-01  0.15311E-01  0.96067E-02  0.56477E-02
 0.26000E+01  0.10151E-01 -0.41596E-01 -0.28989E-01  0.28666E-01  0.90357E-01  0.12631E+00  0.13104E+00  0.11500E+00  0.91178E-01  0.67987E-01  0.48825E-01  0.34142E-01  0.23264E-01  0.15330E-01  0.96340E-02  0.56710E-02
 0.28000E+01  0.11350E-01 -0.44098E-01 -0.34553E-01  0.21603E-01  0.83418E-01  0.12054E+00  0.12676E+00  0.11208E+00  0.89299E-01  0.66824E-01  0.48126E-01  0.33735E-01  0.23033E-01  0.15204E-01  0.95679E-02  0.56382E-02
 0.30000E+01  0.12265E-01 -0.45928E-01 -0.39446E-01  0.14488E-01  0.75559E-01  0.11329E+00  0.12088E+00  0.10773E+00  0.86265E-01  0.64795E-01  0.46806E-01  0.32892E-01  0.22506E-01  0.14882E-01  0.93791E-02  0.55332E-02
