 0.00000E+00  0.74038E+00  0.32022E+00 -0.83745E-02 -0.15813E+00 -0.15622E+00 -0.85559E-01 -0.15501E-01  0.25392E-01  0.38795E-01  0.36571E-01  0.28728E-01  0.20547E-01  0.13882E-01  0.89663E-02  0.55147E-02  0.31860E-02
 0.20000E+00  0.37678E+00  0.41035E+00  0.34806E+00  0.22257E+00  0.90255E-01 -0.61788E-02 -0.54651E-01 -0.66046E-01 -0.57926E-01 -0.43766E-01 -0.30461E-01 -0.20215E-01 -0.12997E-01 -0.81130E-02 -0.48712E-02 -0.27665E-02
 0.40000E+00 -0.22808E-01  0.21855E+00  0.34402E+00  0.33013E+00  0.22810E+00  0.11041E+00  0.23841E-01 -0.21123E-01 -0.35315E-01 -0.33605E-01 -0.26437E-01 -0.18927E-01 -0.12806E-01 -0.82862E-02 -0.51054E-02 -0.29542E-02
 0.60000E+00 -0.80315E-01  0.95247E-01  0.21894E+00  0.25796E+00  0.22653E+00  0.16279E+00  0.10009E+00  0.54247E-01  0.26502E-01  0.11840E-01  0.48268E-02  0.17223E-02  0.44870E-03 -0.14697E-04 -0.13781E-03 -0.13181E-03
 0.80000E+00 -0.54666E-01  0.32589E-01  0.11804E+00  0.17377E+00  0.18884E+00  0.17061E+00  0.13532E+00  0.97690E-01  0.66069E-01  0.42851E-01  0.27128E-01  0.16942E-01  0.10466E-01  0.63582E-02  0.37463E-02  0.20996E-02
 0.10000E+01 -0.29517E-01  0.47320E-02  0.61609E-01  0.11905E+00  0.15512E+00  0.16109E+00  0.14281E+00  0.11278E+00  0.81960E-01  0.56272E-01  0.37249E-01  0.24085E-01  0.15286E-01  0.94827E-02  0.56778E-02  0.32210E-02
 0.12000E+01 -0.14161E-01 -0.77632E-02  0.31703E-01  0.86529E-01  0.13079E+00  0.14841E+00  0.13964E+00  0.11507E+00  0.86295E-01  0.60672E-01  0.40896E-01  0.26815E-01  0.17204E-01  0.10761E-01  0.64847E-02  0.36965E-02
 0.14000E+01 -0.50934E-02 -0.13778E-01  0.14869E-01  0.66225E-01  0.11328E+00  0.13658E+00  0.13333E+00  0.11265E+00  0.86013E-01  0.61292E-01  0.41742E-01  0.27590E-01  0.17812E-01  0.11196E-01  0.67717E-02  0.38710E-02
 0.16000E+01  0.48140E-03 -0.16854E-01  0.46358E-02  0.52588E-01  0.10010E+00  0.12623E+00  0.12640E+00  0.10859E+00  0.83913E-01  0.60334E-01  0.41374E-01  0.27496E-01  0.17827E-01  0.11243E-01  0.68178E-02  0.39049E-02
 0.18000E+01  0.40460E-02 -0.18452E-01 -0.19660E-02  0.42863E-01  0.89752E-01  0.11722E+00  0.11964E+00  0.10405E+00  0.81102E-01  0.58697E-01  0.40458E-01  0.26996E-01  0.17559E-01  0.11102E-01  0.67452E-02  0.38691E-02
 0.20000E+01  0.63799E-02 -0.19242E-01 -0.63967E-02  0.35623E-01  0.81382E-01  0.10937E+00  0.11329E+00  0.99465E-01  0.78055E-01  0.56780E-01  0.39294E-01  0.26302E-01  0.17151E-01  0.10866E-01  0.66121E-02  0.37972E-02
 0.22000E+01  0.79212E-02 -0.19564E-01 -0.94436E-02  0.30069E-01  0.74468E-01  0.10249E+00  0.10745E+00  0.95056E-01  0.74999E-01  0.54782E-01  0.38034E-01  0.25526E-01  0.16679E-01  0.10584E-01  0.64490E-02  0.37071E-02
 0.24000E+01  0.89405E-02 -0.19610E-01 -0.11579E-01  0.25701E-01  0.68660E-01  0.96432E-01  0.10212E+00  0.90909E-01  0.72048E-01  0.52807E-01  0.36762E-01  0.24726E-01  0.16185E-01  0.10285E-01  0.62733E-02  0.36091E-02
 0.26000E+01  0.96091E-02 -0.19492E-01 -0.13099E-01  0.22184E-01  0.63702E-01  0.91063E-01  0.97262E-01  0.87044E-01  0.69247E-01  0.50902E-01  0.35518E-01  0.23934E-01  0.15690E-01  0.99824E-02  0.60944E-02  0.35087E-02
 0.28000E+01  0.10033E-01 -0.19273E-01 -0.14189E-01  0.19300E-01  0.59408E-01  0.86263E-01  0.92819E-01  0.83451E-01  0.66607E-01  0.49085E-01  0.34319E-01  0.23164E-01  0.15205E-01  0.96840E-02  0.59171E-02  0.34087E-02
 0.30000E+01  0.10332E-01 -0.18874E-01 -0.15077E-01  0.16384E-01  0.54769E-01  0.80892E-01  0.87733E-01  0.79267E-01  0.63490E-01  0.46916E-01  0.32875E-01  0.22228E-01  0.14612E-01  0.93171E-02  0.56980E-02  0.32848E-02
 0.00000E+00  0.74038E+00  0.32022E+00 -0.83745E-02 -0.15813E+00 -0.15622E+00 -0.85559E-01 -0.15501E-01  0.25392E-01  0.38795E-01  0.36571E-01  0.28728E-01  0.20547E-01  0.13882E-01  0.89663E-02  0.55147E-02  0.31860E-02
 0.20000E+00  0.37678E+00  0.41035E+00  0.34806E+00  0.22257E+00  0.90255E-01 -0.61788E-02 -0.54651E-01 -0.66046E-01 -0.57926E-01 -0.43766E-01 -0.30461E-01 -0.20215E-01 -0.12997E-01 -0.81130E-02 -0.48712E-02 -0.27665E-02
 0.40000E+00 -0.22808E-01  0.21855E+00  0.34402E+00  0.33013E+00  0.22810E+00  0.11041E+00  0.23841E-01 -0.21123E-01 -0.35315E-01 -0.33605E-01 -0.26437E-01 -0.18927E-01 -0.12806E-01 -0.82862E-02 -0.51054E-02 -0.29542E-02
 0.60000E+00 -0.80315E-01  0.95247E-01  0.21894E+00  0.25796E+00  0.22653E+00  0.16279E+00  0.10009E+00  0.54247E-01  0.26502E-01  0.11840E-01  0.48268E-02  0.17223E-02  0.44870E-03 -0.14697E-04 -0.13781E-03 -0.13181E-03
 0.80000E+00 -0.54666E-01  0.32589E-01  0.11804E+00  0.17377E+00  0.18884E+00  0.17061E+00  0.13532E+00  0.97690E-01  0.66069E-01  0.42851E-01  0.27128E-01  0.16942E-01  0.10466E-01  0.63582E-02  0.37463E-02  0.20996E-02
 0.10000E+01 -0.29517E-01  0.47320E-02  0.61609E-01  0.11905E+00  0.15512E+00  0.16109E+00  0.14281E+00  0.11278E+00  0.81960E-01  0.56272E-01  0.37249E-01  0.24085E-01  0.15286E-01  0.94827E-02  0.56778E-02  0.32210E-02
 0.12000E+01 -0.14161E-01 -0.77632E-02  0.31703E-01  0.86529E-01  0.13079E+00  0.14841E+00  0.13964E+00  0.11507E+00  0.86295E-01  0.60672E-01  0.40896E-01  0.26815E-01  0.17204E-01  0.10761E-01  0.64847E-02  0.36965E-02
 0.14000E+01 -0.50934E-02 -0.13778E-01  0.14869E-01  0.66225E-01  0.11328E+00  0.13658E+00  0.13333E+00  0.11265E+00  0.86013E-01  0.61292E-01  0.41742E-01  0.27590E-01  0.17812E-01  0.11196E-01  0.67717E-02  0.38710E-02
 0.16000E+01  0.48140E-03 -0.16854E-01  0.46358E-02  0.52588E-01  0.10010E+00  0.12623E+00  0.12640E+00  0.10859E+00  0.83913E-01  0.60334E-01  0.41374E-01  0.27496E-01  0.17827E-01  0.11243E-01  0.68178E-02  0.39049E-02
 0.18000E+01  0.40460E-02 -0.18452E-01 -0.19660E-02  0.42863E-01  0.89752E-01  0.11722E+00  0.11964E+00  0.10405E+00  0.81102E-01  0.58697E-01  0.40458E-01  0.26996E-01  0.17559E-01  0.11102E-01  0.67452E-02  0.38691E-02
 0.20000E+01  0.63799E-02 -0.19242E-01 -0.63967E-02  0.35623E-01  0.81382E-01  0.10937E+00  0.11329E+00  0.99465E-01  0.78055E-01  0.56780E-01  0.39294E-01  0.26302E-01  0.17151E-01  0.10866E-01  0.66121E-02  0.37972E-02
 0.22000E+01  0.79212E-02 -0.19564E-01 -0.94436E-02  0.30069E-01  0.74468E-01  0.10249E+00  0.10745E+00  0.95056E-01  0.74999E-01  0.54782E-01  0.38034E-01  0.25526E-01  0.16679E-01  0.10584E-01  0.64490E-02  0.37071E-02
 0.24000E+01  0.89405E-02 -0.19610E-01 -0.11579E-01  0.25701E-01  0.68660E-01  0.96432E-01  0.10212E+00  0.90909E-01  0.72048E-01  0.52807E-01  0.36762E-01  0.24726E-01  0.16185E-01  0.10285E-01  0.62733E-02  0.36091E-02
 0.26000E+01  0.96091E-02 -0.19492E-01 -0.13099E-01  0.22184E-01  0.63702E-01  0.91063E-01  0.97262E-01  0.87044E-01  0.69247E-01  0.50902E-01  0.35518E-01  0.23934E-01  0.15690E-01  0.99824E-02  0.60944E-02  0.35087E-02
 0.28000E+01  0.10033E-01 -0.19273E-01 -0.14189E-01  0.19300E-01  0.59408E-01  0.86263E-01  0.92819E-01  0.83451E-01  0.66607E-01  0.49085E-01  0.34319E-01  0.23164E-01  0.15205E-01  0.96840E-02  0.59171E-02  0.34087E-02
 0.30000E+01  0.10332E-01 -0.18874E-01 -0.15077E-01  0.16384E-01  0.54769E-01  0.80892E-01  0.87733E-01  0.79267E-01  0.63490E-01  0.46916E-01  0.32875E-01  0.22228E-01  0.14612E-01  0.93171E-02  0.56980E-02  0.32848E-02
