 0.00000E+00  0.56212E+00  0.33678E+00  0.22784E-01 -0.10992E+00 -0.86962E-01 -0.29764E-01  0.52825E-02  0.16752E-01  0.16600E-01  0.12980E-01  0.92233E-02  0.62469E-02  0.41104E-02  0.26373E-02  0.16023E-02  0.83030E-03
 0.20000E+00  0.49397E+00  0.46443E+00  0.27312E+00  0.95387E-01  0.45017E-02 -0.23433E-01 -0.24578E-01 -0.18630E-01 -0.12667E-01 -0.82537E-02 -0.52829E-02 -0.33521E-02 -0.21146E-02 -0.13204E-02 -0.78838E-03 -0.40405E-03
 0.40000E+00  0.33581E-01  0.25004E+00  0.36038E+00  0.28858E+00  0.14922E+00  0.44373E-01 -0.57160E-02 -0.20412E-01 -0.20084E-01 -0.15618E-01 -0.11072E-01 -0.74988E-02 -0.49428E-02 -0.31811E-02 -0.19397E-02 -0.10083E-02
 0.60000E+00 -0.15303E+00  0.94642E-01  0.30608E+00  0.32111E+00  0.21781E+00  0.11208E+00  0.46785E-01  0.15943E-01  0.37658E-02 -0.34887E-03 -0.14014E-02 -0.14062E-02 -0.11180E-02 -0.80037E-03 -0.52124E-03 -0.28249E-03
 0.80000E+00 -0.15085E+00  0.47242E-02  0.18624E+00  0.25885E+00  0.23034E+00  0.16612E+00  0.10777E+00  0.66733E-01  0.40720E-01  0.24813E-01  0.15150E-01  0.92653E-02  0.56653E-02  0.34405E-02  0.20045E-02  0.10078E-02
 0.10000E+01 -0.70412E-01 -0.31618E-01  0.71580E-01  0.16950E+00  0.20858E+00  0.19204E+00  0.14950E+00  0.10536E+00  0.70229E-01  0.45448E-01  0.28943E-01  0.18247E-01  0.11409E-01  0.70437E-02  0.41538E-02  0.21066E-02
 0.12000E+01 -0.13132E-02 -0.42828E-01 -0.23222E-02  0.10232E+00  0.18209E+00  0.19802E+00  0.16878E+00  0.12536E+00  0.86212E-01  0.56884E-01  0.36682E-01  0.23317E-01  0.14656E-01  0.90758E-02  0.53608E-02  0.27213E-02
 0.14000E+01  0.40113E-01 -0.45124E-01 -0.42723E-01  0.60417E-01  0.15952E+00  0.19321E+00  0.17284E+00  0.13170E+00  0.91915E-01  0.61192E-01  0.39689E-01  0.25327E-01  0.15961E-01  0.98998E-02  0.58535E-02  0.29735E-02
 0.16000E+01  0.62753E-01 -0.44613E-01 -0.64155E-01  0.34621E-01  0.14146E+00  0.18417E+00  0.16957E+00  0.13109E+00  0.92247E-01  0.61731E-01  0.40180E-01  0.25707E-01  0.16233E-01  0.10086E-01  0.59726E-02  0.30373E-02
 0.18000E+01  0.74987E-01 -0.43213E-01 -0.75725E-01  0.17835E-01  0.12668E+00  0.17386E+00  0.16319E+00  0.12737E+00  0.90112E-01  0.60512E-01  0.39485E-01  0.25313E-01  0.16014E-01  0.99664E-02  0.59108E-02  0.30096E-02
 0.20000E+01  0.80377E-01 -0.41438E-01 -0.81046E-01  0.68850E-02  0.11406E+00  0.16269E+00  0.15471E+00  0.12150E+00  0.86277E-01  0.58087E-01  0.37987E-01  0.24405E-01  0.15475E-01  0.96563E-02  0.57419E-02  0.29299E-02
 0.22000E+01  0.82287E-01 -0.39597E-01 -0.83207E-01 -0.82040E-03  0.10307E+00  0.15166E+00  0.14566E+00  0.11493E+00  0.81845E-01  0.55222E-01  0.36186E-01  0.23299E-01  0.14810E-01  0.92679E-02  0.55273E-02  0.28273E-02
 0.24000E+01  0.81096E-01 -0.37744E-01 -0.82683E-01 -0.58616E-02  0.93197E-01  0.14040E+00  0.13577E+00  0.10745E+00  0.76674E-01  0.51832E-01  0.34038E-01  0.21974E-01  0.14015E-01  0.88061E-02  0.52744E-02  0.27074E-02
 0.26000E+01  0.78156E-01 -0.35836E-01 -0.80521E-01 -0.92249E-02  0.84131E-01  0.12914E+00  0.12548E+00  0.99519E-01  0.71123E-01  0.48167E-01  0.31707E-01  0.20535E-01  0.13152E-01  0.83060E-02  0.50017E-02  0.25787E-02
 0.28000E+01  0.73766E-01 -0.34038E-01 -0.77212E-01 -0.11317E-01  0.75746E-01  0.11797E+00  0.11499E+00  0.91303E-01  0.65329E-01  0.44325E-01  0.29258E-01  0.19021E-01  0.12244E-01  0.77817E-02  0.47168E-02  0.24447E-02
 0.30000E+01  0.70291E-01 -0.32181E-01 -0.74635E-01 -0.14172E-01  0.67071E-01  0.10697E+00  0.10489E+00  0.83497E-01  0.59860E-01  0.40707E-01  0.26951E-01  0.17589E-01  0.11379E-01  0.72749E-02  0.44367E-02  0.23108E-02
