 0.00000E+00  0.71372E+00  0.31626E+00 -0.60924E-01 -0.14803E+00 -0.85096E-01 -0.15588E-01  0.21451E-01  0.32847E-01  0.31716E-01  0.26367E-01  0.20497E-01  0.15376E-01  0.11282E-01  0.80881E-02  0.54340E-02  0.30324E-02
 0.20000E+00  0.36353E+00  0.46952E+00  0.34553E+00  0.14734E+00  0.22098E-01 -0.28164E-01 -0.41029E-01 -0.39701E-01 -0.33951E-01 -0.27405E-01 -0.21366E-01 -0.16260E-01 -0.12144E-01 -0.88595E-02 -0.60389E-02 -0.34025E-02
 0.40000E+00 -0.18110E-01  0.25684E+00  0.38438E+00  0.29111E+00  0.13773E+00  0.33939E-01 -0.10587E-01 -0.20865E-01 -0.18130E-01 -0.12750E-01 -0.81489E-02 -0.49211E-02 -0.28420E-02 -0.15661E-02 -0.80517E-03 -0.35898E-03
 0.60000E+00 -0.12443E+00  0.11511E+00  0.29489E+00  0.29153E+00  0.19672E+00  0.10772E+00  0.52944E-01  0.25476E-01  0.12957E-01  0.72564E-02  0.44655E-02  0.29466E-02  0.20299E-02  0.14185E-02  0.94546E-03  0.52604E-03
 0.80000E+00 -0.11510E+00  0.17893E-01  0.17102E+00  0.23781E+00  0.22130E+00  0.16881E+00  0.11474E+00  0.72944E-01  0.44775E-01  0.27021E-01  0.16160E-01  0.95992E-02  0.56603E-02  0.32941E-02  0.18350E-02  0.88796E-03
 0.10000E+01 -0.49016E-01 -0.33745E-01  0.59373E-01  0.16672E+00  0.21591E+00  0.20126E+00  0.15512E+00  0.10645E+00  0.68176E-01  0.41941E-01  0.25156E-01  0.14798E-01  0.85395E-02  0.48064E-02  0.25675E-02  0.11937E-02
 0.12000E+01  0.14635E-01 -0.57491E-01 -0.14279E-01  0.11066E+00  0.19682E+00  0.20684E+00  0.17010E+00  0.12193E+00  0.80821E-01  0.51294E-01  0.31749E-01  0.19330E-01  0.11610E-01  0.68546E-02  0.38641E-02  0.18884E-02
 0.14000E+01  0.59109E-01 -0.69307E-01 -0.56772E-01  0.74359E-01  0.17584E+00  0.19817E+00  0.16949E+00  0.12568E+00  0.86298E-01  0.56919E-01  0.36773E-01  0.23493E-01  0.14902E-01  0.93546E-02  0.56154E-02  0.28919E-02
 0.16000E+01  0.89586E-01 -0.76618E-01 -0.81789E-01  0.51038E-01  0.15647E+00  0.18387E+00  0.16172E+00  0.12377E+00  0.88189E-01  0.60632E-01  0.40966E-01  0.27441E-01  0.18291E-01  0.12076E-01  0.75943E-02  0.40512E-02
 0.18000E+01  0.11166E+00 -0.82080E-01 -0.97597E-01  0.35235E-01  0.13919E+00  0.16790E+00  0.15113E+00  0.11938E+00  0.88391E-01  0.63350E-01  0.44648E-01  0.31173E-01  0.21625E-01  0.14822E-01  0.96236E-02  0.52508E-02
 0.20000E+01  0.12892E+00 -0.86724E-01 -0.10838E+00  0.23866E-01  0.12363E+00  0.15160E+00  0.13942E+00  0.11389E+00  0.87787E-01  0.65568E-01  0.48054E-01  0.34773E-01  0.24912E-01  0.17565E-01  0.11667E-01  0.64641E-02
 0.22000E+01  0.14299E+00 -0.90846E-01 -0.11613E+00  0.15299E-01  0.10955E+00  0.13567E+00  0.12749E+00  0.10798E+00  0.86764E-01  0.67444E-01  0.51207E-01  0.38193E-01  0.28075E-01  0.20224E-01  0.13657E-01  0.76485E-02
 0.24000E+01  0.15501E+00 -0.94704E-01 -0.12199E+00  0.86129E-02  0.96678E-01  0.12027E+00  0.11566E+00  0.10195E+00  0.85558E-01  0.69139E-01  0.54206E-01  0.41494E-01  0.31149E-01  0.22820E-01  0.15604E-01  0.88092E-02
 0.26000E+01  0.16554E+00 -0.98317E-01 -0.12657E+00  0.32253E-02  0.84767E-01  0.10546E+00  0.10406E+00  0.95931E-01  0.84238E-01  0.70679E-01  0.57052E-01  0.44661E-01  0.34114E-01  0.25331E-01  0.17491E-01  0.99354E-02
 0.28000E+01  0.17490E+00 -0.10180E+00 -0.13021E+00 -0.11983E-02  0.73602E-01  0.91114E-01  0.92681E-01  0.89932E-01  0.82839E-01  0.72102E-01  0.59778E-01  0.47722E-01  0.36992E-01  0.27775E-01  0.19330E-01  0.11034E-01
 0.30000E+01  0.18362E+00 -0.10479E+00 -0.13415E+00 -0.62982E-02  0.62659E-01  0.77720E-01  0.82211E-01  0.84402E-01  0.81457E-01  0.73252E-01  0.62099E-01  0.50354E-01  0.39474E-01  0.29886E-01  0.20921E-01  0.11984E-01
