 0.00000E+00  0.87663E+00  0.28008E+00 -0.11965E+00 -0.24838E+00 -0.19025E+00 -0.74435E-01  0.16132E-01  0.60235E-01  0.69916E-01  0.62671E-01  0.50100E-01  0.37571E-01  0.26887E-01  0.18360E-01  0.11843E-01  0.71053E-02
 0.20000E+00  0.19442E+00  0.48737E+00  0.54116E+00  0.39111E+00  0.16745E+00 -0.14807E-01 -0.11233E+00 -0.13906E+00 -0.12712E+00 -0.10178E+00 -0.76036E-01 -0.54461E-01 -0.37699E-01 -0.25114E-01 -0.15905E-01 -0.94137E-02
 0.40000E+00 -0.36981E-01  0.18780E+00  0.30305E+00  0.29571E+00  0.21529E+00  0.12261E+00  0.53069E-01  0.13242E-01 -0.47968E-02 -0.10783E-01 -0.11293E-01 -0.97258E-02 -0.75880E-02 -0.54948E-02 -0.36936E-02 -0.22816E-02
 0.60000E+00 -0.27060E-01  0.66830E-01  0.14340E+00  0.18078E+00  0.17844E+00  0.15078E+00  0.11464E+00  0.81290E-01  0.55221E-01  0.36600E-01  0.23909E-01  0.15444E-01  0.98368E-02  0.61242E-02  0.36741E-02  0.20847E-02
 0.80000E+00 -0.19078E-01  0.33305E-01  0.94527E-01  0.14169E+00  0.16059E+00  0.15203E+00  0.12679E+00  0.96780E-01  0.69679E-01  0.48380E-01  0.32848E-01  0.21936E-01  0.14385E-01  0.91862E-02  0.56301E-02  0.32505E-02
 0.10000E+01 -0.15354E-01  0.19524E-01  0.73931E-01  0.12474E+00  0.15224E+00  0.15161E+00  0.13104E+00  0.10263E+00  0.75283E-01  0.53010E-01  0.36393E-01  0.24527E-01  0.16210E-01  0.10419E-01  0.64198E-02  0.37221E-02
 0.12000E+01 -0.11762E-01  0.81493E-02  0.56475E-01  0.11004E+00  0.14462E+00  0.15066E+00  0.13413E+00  0.10719E+00  0.79756E-01  0.56756E-01  0.39288E-01  0.26659E-01  0.17720E-01  0.11444E-01  0.70788E-02  0.41168E-02
 0.14000E+01 -0.84275E-02 -0.14935E-02  0.41322E-01  0.96950E-01  0.13741E+00  0.14916E+00  0.13618E+00  0.11064E+00  0.83275E-01  0.59758E-01  0.41637E-01  0.28404E-01  0.18965E-01  0.12294E-01  0.76280E-02  0.44469E-02
 0.16000E+01 -0.53315E-02 -0.98258E-02  0.27912E-01  0.85043E-01  0.13045E+00  0.14714E+00  0.13736E+00  0.11318E+00  0.86009E-01  0.62152E-01  0.43541E-01  0.29836E-01  0.19995E-01  0.13003E-01  0.80881E-02  0.47246E-02
 0.18000E+01 -0.23311E-02 -0.17361E-01  0.15448E-01  0.73620E-01  0.12332E+00  0.14449E+00  0.13772E+00  0.11495E+00  0.88107E-01  0.64067E-01  0.45101E-01  0.31029E-01  0.20865E-01  0.13607E-01  0.84835E-02  0.49647E-02
 0.20000E+01  0.54518E-03 -0.24173E-01  0.38100E-02  0.62529E-01  0.11588E+00  0.14107E+00  0.13715E+00  0.11585E+00  0.89499E-01  0.65452E-01  0.46282E-01  0.31960E-01  0.21559E-01  0.14096E-01  0.88074E-02  0.51629E-02
 0.22000E+01  0.31147E-02 -0.30009E-01 -0.65469E-02  0.52175E-01  0.10833E+00  0.13690E+00  0.13557E+00  0.11575E+00  0.90056E-01  0.66196E-01  0.46996E-01  0.32561E-01  0.22026E-01  0.14436E-01  0.90372E-02  0.53057E-02
 0.24000E+01  0.52786E-02 -0.34773E-01 -0.15398E-01  0.42821E-01  0.10092E+00  0.13215E+00  0.13306E+00  0.11470E+00  0.89797E-01  0.66302E-01  0.47238E-01  0.32825E-01  0.22260E-01  0.14620E-01  0.91680E-02  0.53898E-02
 0.26000E+01  0.70048E-02 -0.38493E-01 -0.22713E-01  0.34577E-01  0.93799E-01  0.12701E+00  0.12980E+00  0.11283E+00  0.88817E-01  0.65836E-01  0.47051E-01  0.32779E-01  0.22278E-01  0.14658E-01  0.92059E-02  0.54186E-02
 0.28000E+01  0.82936E-02 -0.41249E-01 -0.28553E-01  0.27463E-01  0.87082E-01  0.12163E+00  0.12596E+00  0.11030E+00  0.87231E-01  0.64880E-01  0.46492E-01  0.32462E-01  0.22105E-01  0.14568E-01  0.91609E-02  0.53976E-02
 0.30000E+01  0.93863E-02 -0.43460E-01 -0.33956E-01  0.20071E-01  0.79300E-01  0.11472E+00  0.12052E+00  0.10636E+00  0.84543E-01  0.63109E-01  0.45353E-01  0.31743E-01  0.21659E-01  0.14298E-01  0.90040E-02  0.53110E-02
 0.00000E+00  0.87663E+00  0.28008E+00 -0.11965E+00 -0.24838E+00 -0.19025E+00 -0.74435E-01  0.16132E-01  0.60235E-01  0.69916E-01  0.62671E-01  0.50100E-01  0.37571E-01  0.26887E-01  0.18360E-01  0.11843E-01  0.71053E-02
 0.20000E+00  0.19442E+00  0.48737E+00  0.54116E+00  0.39111E+00  0.16745E+00 -0.14807E-01 -0.11233E+00 -0.13906E+00 -0.12712E+00 -0.10178E+00 -0.76036E-01 -0.54461E-01 -0.37699E-01 -0.25114E-01 -0.15905E-01 -0.94137E-02
 0.40000E+00 -0.36981E-01  0.18780E+00  0.30305E+00  0.29571E+00  0.21529E+00  0.12261E+00  0.53069E-01  0.13242E-01 -0.47968E-02 -0.10783E-01 -0.11293E-01 -0.97258E-02 -0.75880E-02 -0.54948E-02 -0.36936E-02 -0.22816E-02
 0.60000E+00 -0.27060E-01  0.66830E-01  0.14340E+00  0.18078E+00  0.17844E+00  0.15078E+00  0.11464E+00  0.81290E-01  0.55221E-01  0.36600E-01  0.23909E-01  0.15444E-01  0.98368E-02  0.61242E-02  0.36741E-02  0.20847E-02
 0.80000E+00 -0.19078E-01  0.33305E-01  0.94527E-01  0.14169E+00  0.16059E+00  0.15203E+00  0.12679E+00  0.96780E-01  0.69679E-01  0.48380E-01  0.32848E-01  0.21936E-01  0.14385E-01  0.91862E-02  0.56301E-02  0.32505E-02
 0.10000E+01 -0.15354E-01  0.19524E-01  0.73931E-01  0.12474E+00  0.15224E+00  0.15161E+00  0.13104E+00  0.10263E+00  0.75283E-01  0.53010E-01  0.36393E-01  0.24527E-01  0.16210E-01  0.10419E-01  0.64198E-02  0.37221E-02
 0.12000E+01 -0.11762E-01  0.81493E-02  0.56475E-01  0.11004E+00  0.14462E+00  0.15066E+00  0.13413E+00  0.10719E+00  0.79756E-01  0.56756E-01  0.39288E-01  0.26659E-01  0.17720E-01  0.11444E-01  0.70788E-02  0.41168E-02
 0.14000E+01 -0.84275E-02 -0.14935E-02  0.41322E-01  0.96950E-01  0.13741E+00  0.14916E+00  0.13618E+00  0.11064E+00  0.83275E-01  0.59758E-01  0.41637E-01  0.28404E-01  0.18965E-01  0.12294E-01  0.76280E-02  0.44469E-02
 0.16000E+01 -0.53315E-02 -0.98258E-02  0.27912E-01  0.85043E-01  0.13045E+00  0.14714E+00  0.13736E+00  0.11318E+00  0.86009E-01  0.62152E-01  0.43541E-01  0.29836E-01  0.19995E-01  0.13003E-01  0.80881E-02  0.47246E-02
 0.18000E+01 -0.23311E-02 -0.17361E-01  0.15448E-01  0.73620E-01  0.12332E+00  0.14449E+00  0.13772E+00  0.11495E+00  0.88107E-01  0.64067E-01  0.45101E-01  0.31029E-01  0.20865E-01  0.13607E-01  0.84835E-02  0.49647E-02
 0.20000E+01  0.54518E-03 -0.24173E-01  0.38100E-02  0.62529E-01  0.11588E+00  0.14107E+00  0.13715E+00  0.11585E+00  0.89499E-01  0.65452E-01  0.46282E-01  0.31960E-01  0.21559E-01  0.14096E-01  0.88074E-02  0.51629E-02
 0.22000E+01  0.31147E-02 -0.30009E-01 -0.65469E-02  0.52175E-01  0.10833E+00  0.13690E+00  0.13557E+00  0.11575E+00  0.90056E-01  0.66196E-01  0.46996E-01  0.32561E-01  0.22026E-01  0.14436E-01  0.90372E-02  0.53057E-02
 0.24000E+01  0.52786E-02 -0.34773E-01 -0.15398E-01  0.42821E-01  0.10092E+00  0.13215E+00  0.13306E+00  0.11470E+00  0.89797E-01  0.66302E-01  0.47238E-01  0.32825E-01  0.22260E-01  0.14620E-01  0.91680E-02  0.53898E-02
 0.26000E+01  0.70048E-02 -0.38493E-01 -0.22713E-01  0.34577E-01  0.93799E-01  0.12701E+00  0.12980E+00  0.11283E+00  0.88817E-01  0.65836E-01  0.47051E-01  0.32779E-01  0.22278E-01  0.14658E-01  0.92059E-02  0.54186E-02
 0.28000E+01  0.82936E-02 -0.41249E-01 -0.28553E-01  0.27463E-01  0.87082E-01  0.12163E+00  0.12596E+00  0.11030E+00  0.87231E-01  0.64880E-01  0.46492E-01  0.32462E-01  0.22105E-01  0.14568E-01  0.91609E-02  0.53976E-02
 0.30000E+01  0.93863E-02 -0.43460E-01 -0.33956E-01  0.20071E-01  0.79300E-01  0.11472E+00  0.12052E+00  0.10636E+00  0.84543E-01  0.63109E-01  0.45353E-01  0.31743E-01  0.21659E-01  0.14298E-01  0.90040E-02  0.53110E-02
