 0.00000E+00  0.72638E+00  0.39056E+00  0.87244E-01 -0.95437E-01 -0.15104E+00 -0.12689E+00 -0.76799E-01 -0.33529E-01 -0.71472E-02  0.48512E-02  0.82714E-02  0.77820E-02  0.60370E-02  0.42141E-02  0.27139E-02  0.16130E-02
 0.20000E+00  0.28907E+00  0.31645E+00  0.28665E+00  0.21408E+00  0.12824E+00  0.55362E-01  0.76428E-02 -0.15961E-01 -0.23017E-01 -0.21491E-01 -0.16905E-01 -0.12117E-01 -0.81869E-02 -0.52772E-02 -0.32366E-02 -0.18648E-02
 0.40000E+00  0.68638E-01  0.18665E+00  0.24965E+00  0.24392E+00  0.18984E+00  0.12083E+00  0.62174E-01  0.23587E-01  0.32692E-02 -0.49416E-02 -0.68002E-02 -0.60384E-02 -0.45581E-02 -0.31345E-02 -0.20011E-02 -0.11832E-02
 0.60000E+00 -0.19068E-02  0.12933E+00  0.21540E+00  0.23472E+00  0.20045E+00  0.14259E+00  0.86998E-01  0.46154E-01  0.21237E-01  0.81704E-02  0.22237E-02 -0.69796E-04 -0.72560E-03 -0.74451E-03 -0.56715E-03 -0.36910E-03
 0.80000E+00 -0.48866E-01  0.71973E-01  0.16491E+00  0.20472E+00  0.19485E+00  0.15627E+00  0.11084E+00  0.71921E-01  0.43900E-01  0.25820E-01  0.14927E-01  0.86037E-02  0.49715E-02  0.28662E-02  0.16242E-02  0.88514E-03
 0.10000E+01 -0.62714E-01  0.23788E-01  0.10420E+00  0.15515E+00  0.16979E+00  0.15582E+00  0.12683E+00  0.94661E-01  0.66337E-01  0.44463E-01  0.28920E-01  0.18438E-01  0.11566E-01  0.71083E-02  0.42268E-02  0.23862E-02
 0.12000E+01 -0.53148E-01 -0.27924E-02  0.57522E-01  0.10917E+00  0.13884E+00  0.14359E+00  0.12918E+00  0.10483E+00  0.78704E-01  0.55756E-01  0.37877E-01  0.24967E-01  0.16057E-01  0.10051E-01  0.60563E-02  0.34516E-02
 0.14000E+01 -0.40365E-01 -0.14622E-01  0.29483E-01  0.77575E-01  0.11365E+00  0.12879E+00  0.12370E+00  0.10540E+00  0.82095E-01  0.59808E-01  0.41504E-01  0.27803E-01  0.18100E-01  0.11432E-01  0.69334E-02  0.39702E-02
 0.16000E+01 -0.30817E-01 -0.19544E-01  0.13781E-01  0.57791E-01  0.95771E-01  0.11592E+00  0.11616E+00  0.10193E+00  0.81118E-01  0.60055E-01  0.42190E-01  0.28529E-01  0.18706E-01  0.11879E-01  0.72338E-02  0.41544E-02
 0.18000E+01 -0.24404E-01 -0.21555E-01  0.47616E-02  0.45220E-01  0.83207E-01  0.10565E+00  0.10893E+00  0.97429E-01  0.78602E-01  0.58792E-01  0.41630E-01  0.28324E-01  0.18661E-01  0.11893E-01  0.72624E-02  0.41792E-02
 0.20000E+01 -0.20051E-01 -0.22311E-01 -0.72594E-03  0.36806E-01  0.74073E-01  0.97493E-01  0.10257E+00  0.92968E-01  0.75714E-01  0.57036E-01  0.40610E-01  0.27751E-01  0.18346E-01  0.11724E-01  0.71730E-02  0.41339E-02
 0.22000E+01 -0.16979E-01 -0.22493E-01 -0.42653E-02  0.30847E-01  0.67129E-01  0.90868E-01  0.97065E-01  0.88841E-01  0.72857E-01  0.55173E-01  0.39446E-01  0.27043E-01  0.17924E-01  0.11478E-01  0.70334E-02  0.40582E-02
 0.24000E+01 -0.14711E-01 -0.22395E-01 -0.66704E-02  0.26401E-01  0.61623E-01  0.85340E-01  0.92256E-01  0.85084E-01  0.70153E-01  0.53343E-01  0.38261E-01  0.26299E-01  0.17467E-01  0.11203E-01  0.68737E-02  0.39697E-02
 0.26000E+01 -0.12962E-01 -0.22152E-01 -0.83773E-02  0.22931E-01  0.57088E-01  0.80596E-01  0.87988E-01  0.81651E-01  0.67619E-01  0.51588E-01  0.37100E-01  0.25556E-01  0.17003E-01  0.10920E-01  0.67069E-02  0.38763E-02
 0.28000E+01 -0.11571E-01 -0.21832E-01 -0.96299E-02  0.20123E-01  0.53234E-01  0.76424E-01  0.84133E-01  0.78483E-01  0.65235E-01  0.49910E-01  0.35974E-01  0.24826E-01  0.16541E-01  0.10636E-01  0.65383E-02  0.37815E-02
 0.30000E+01 -0.10151E-01 -0.21317E-01 -0.10719E-01  0.17273E-01  0.49074E-01  0.71741E-01  0.79681E-01  0.74740E-01  0.62367E-01  0.47859E-01  0.34579E-01  0.23909E-01  0.15956E-01  0.10272E-01  0.63210E-02  0.36585E-02
 0.00000E+00  0.72638E+00  0.39056E+00  0.87244E-01 -0.95437E-01 -0.15104E+00 -0.12689E+00 -0.76799E-01 -0.33529E-01 -0.71472E-02  0.48512E-02  0.82714E-02  0.77820E-02  0.60370E-02  0.42141E-02  0.27139E-02  0.16130E-02
 0.20000E+00  0.28907E+00  0.31645E+00  0.28665E+00  0.21408E+00  0.12824E+00  0.55362E-01  0.76428E-02 -0.15961E-01 -0.23017E-01 -0.21491E-01 -0.16905E-01 -0.12117E-01 -0.81869E-02 -0.52772E-02 -0.32366E-02 -0.18648E-02
 0.40000E+00  0.68638E-01  0.18665E+00  0.24965E+00  0.24392E+00  0.18984E+00  0.12083E+00  0.62174E-01  0.23587E-01  0.32692E-02 -0.49416E-02 -0.68002E-02 -0.60384E-02 -0.45581E-02 -0.31345E-02 -0.20011E-02 -0.11832E-02
 0.60000E+00 -0.19068E-02  0.12933E+00  0.21540E+00  0.23472E+00  0.20045E+00  0.14259E+00  0.86998E-01  0.46154E-01  0.21237E-01  0.81704E-02  0.22237E-02 -0.69796E-04 -0.72560E-03 -0.74451E-03 -0.56715E-03 -0.36910E-03
 0.80000E+00 -0.48866E-01  0.71973E-01  0.16491E+00  0.20472E+00  0.19485E+00  0.15627E+00  0.11084E+00  0.71921E-01  0.43900E-01  0.25820E-01  0.14927E-01  0.86037E-02  0.49715E-02  0.28662E-02  0.16242E-02  0.88514E-03
 0.10000E+01 -0.62714E-01  0.23788E-01  0.10420E+00  0.15515E+00  0.16979E+00  0.15582E+00  0.12683E+00  0.94661E-01  0.66337E-01  0.44463E-01  0.28920E-01  0.18438E-01  0.11566E-01  0.71083E-02  0.42268E-02  0.23862E-02
 0.12000E+01 -0.53148E-01 -0.27924E-02  0.57522E-01  0.10917E+00  0.13884E+00  0.14359E+00  0.12918E+00  0.10483E+00  0.78704E-01  0.55756E-01  0.37877E-01  0.24967E-01  0.16057E-01  0.10051E-01  0.60563E-02  0.34516E-02
 0.14000E+01 -0.40365E-01 -0.14622E-01  0.29483E-01  0.77575E-01  0.11365E+00  0.12879E+00  0.12370E+00  0.10540E+00  0.82095E-01  0.59808E-01  0.41504E-01  0.27803E-01  0.18100E-01  0.11432E-01  0.69334E-02  0.39702E-02
 0.16000E+01 -0.30817E-01 -0.19544E-01  0.13781E-01  0.57791E-01  0.95771E-01  0.11592E+00  0.11616E+00  0.10193E+00  0.81118E-01  0.60055E-01  0.42190E-01  0.28529E-01  0.18706E-01  0.11879E-01  0.72338E-02  0.41544E-02
 0.18000E+01 -0.24404E-01 -0.21555E-01  0.47616E-02  0.45220E-01  0.83207E-01  0.10565E+00  0.10893E+00  0.97429E-01  0.78602E-01  0.58792E-01  0.41630E-01  0.28324E-01  0.18661E-01  0.11893E-01  0.72624E-02  0.41792E-02
 0.20000E+01 -0.20051E-01 -0.22311E-01 -0.72594E-03  0.36806E-01  0.74073E-01  0.97493E-01  0.10257E+00  0.92968E-01  0.75714E-01  0.57036E-01  0.40610E-01  0.27751E-01  0.18346E-01  0.11724E-01  0.71730E-02  0.41339E-02
 0.22000E+01 -0.16979E-01 -0.22493E-01 -0.42653E-02  0.30847E-01  0.67129E-01  0.90868E-01  0.97065E-01  0.88841E-01  0.72857E-01  0.55173E-01  0.39446E-01  0.27043E-01  0.17924E-01  0.11478E-01  0.70334E-02  0.40582E-02
 0.24000E+01 -0.14711E-01 -0.22395E-01 -0.66704E-02  0.26401E-01  0.61623E-01  0.85340E-01  0.92256E-01  0.85084E-01  0.70153E-01  0.53343E-01  0.38261E-01  0.26299E-01  0.17467E-01  0.11203E-01  0.68737E-02  0.39697E-02
 0.26000E+01 -0.12962E-01 -0.22152E-01 -0.83773E-02  0.22931E-01  0.57088E-01  0.80596E-01  0.87988E-01  0.81651E-01  0.67619E-01  0.51588E-01  0.37100E-01  0.25556E-01  0.17003E-01  0.10920E-01  0.67069E-02  0.38763E-02
 0.28000E+01 -0.11571E-01 -0.21832E-01 -0.96299E-02  0.20123E-01  0.53234E-01  0.76424E-01  0.84133E-01  0.78483E-01  0.65235E-01  0.49910E-01  0.35974E-01  0.24826E-01  0.16541E-01  0.10636E-01  0.65383E-02  0.37815E-02
 0.30000E+01 -0.10151E-01 -0.21317E-01 -0.10719E-01  0.17273E-01  0.49074E-01  0.71741E-01  0.79681E-01  0.74740E-01  0.62367E-01  0.47859E-01  0.34579E-01  0.23909E-01  0.15956E-01  0.10272E-01  0.63210E-02  0.36585E-02
