 0.00000E+00  0.67537E+00  0.32906E+00  0.36238E-01 -0.11894E+00 -0.14364E+00 -0.98057E-01 -0.40464E-01 -0.23351E-03  0.18585E-01  0.22919E-01  0.20383E-01  0.15766E-01  0.11255E-01  0.75650E-02  0.47880E-02  0.28229E-02
 0.20000E+00  0.44036E+00  0.41161E+00  0.31541E+00  0.18937E+00  0.75596E-01 -0.11920E-02 -0.38668E-01 -0.48090E-01 -0.43062E-01 -0.33311E-01 -0.23786E-01 -0.16185E-01 -0.10640E-01 -0.67635E-02 -0.41179E-02 -0.23626E-02
 0.40000E+00  0.87367E-03  0.20413E+00  0.31554E+00  0.31074E+00  0.22743E+00  0.12469E+00  0.43871E-01 -0.27789E-02 -0.21899E-01 -0.25177E-01 -0.21709E-01 -0.16508E-01 -0.11667E-01 -0.77946E-02 -0.49150E-02 -0.28911E-02
 0.60000E+00 -0.79444E-01  0.89206E-01  0.21076E+00  0.25212E+00  0.22488E+00  0.16460E+00  0.10352E+00  0.57704E-01  0.29168E-01  0.13561E-01  0.57868E-02  0.21843E-02  0.63118E-03  0.32799E-04 -0.14347E-03 -0.15061E-03
 0.80000E+00 -0.66188E-01  0.36008E-01  0.12777E+00  0.18095E+00  0.18942E+00  0.16560E+00  0.12798E+00  0.90773E-01  0.60815E-01  0.39342E-01  0.24951E-01  0.15638E-01  0.96930E-02  0.59019E-02  0.34813E-02  0.19516E-02
 0.10000E+01 -0.45883E-01  0.11235E-01  0.78293E-01  0.13258E+00  0.15900E+00  0.15638E+00  0.13404E+00  0.10401E+00  0.75183E-01  0.51767E-01  0.34520E-01  0.22518E-01  0.14406E-01  0.89931E-02  0.54083E-02  0.30768E-02
 0.12000E+01 -0.30571E-01 -0.16355E-02  0.48341E-01  0.10082E+00  0.13626E+00  0.14576E+00  0.13300E+00  0.10820E+00  0.81062E-01  0.57348E-01  0.39035E-01  0.25863E-01  0.16747E-01  0.10551E-01  0.63899E-02  0.36545E-02
 0.14000E+01 -0.19586E-01 -0.90925E-02  0.28772E-01  0.78634E-01  0.11875E+00  0.13559E+00  0.12918E+00  0.10831E+00  0.82920E-01  0.59599E-01  0.41046E-01  0.27438E-01  0.17887E-01  0.11328E-01  0.68876E-02  0.39508E-02
 0.16000E+01 -0.11616E-01 -0.13704E-01  0.15236E-01  0.62300E-01  0.10473E+00  0.12618E+00  0.12418E+00  0.10638E+00  0.82666E-01  0.60058E-01  0.41691E-01  0.28036E-01  0.18361E-01  0.11669E-01  0.71139E-02  0.40888E-02
 0.18000E+01 -0.57859E-02 -0.16632E-01  0.55687E-02  0.49877E-01  0.93223E-01  0.11755E+00  0.11869E+00  0.10335E+00  0.81218E-01  0.59476E-01  0.41529E-01  0.28050E-01  0.18432E-01  0.11745E-01  0.71744E-02  0.41298E-02
 0.20000E+01 -0.15136E-02 -0.18491E-01 -0.14528E-02  0.40241E-01  0.83634E-01  0.10970E+00  0.11311E+00  0.99777E-01  0.79090E-01  0.58274E-01  0.40874E-01  0.27703E-01  0.18252E-01  0.11654E-01  0.71300E-02  0.41091E-02
 0.22000E+01  0.16071E-02 -0.19643E-01 -0.65966E-02  0.32668E-01  0.75571E-01  0.10261E+00  0.10766E+00  0.95966E-01  0.76599E-01  0.56718E-01  0.39927E-01  0.27136E-01  0.17916E-01  0.11458E-01  0.70194E-02  0.40492E-02
 0.24000E+01  0.38867E-02 -0.20328E-01 -0.10402E-01  0.26634E-01  0.68723E-01  0.96221E-01  0.10245E+00  0.92121E-01  0.73953E-01  0.54980E-01  0.38820E-01  0.26443E-01  0.17490E-01  0.11201E-01  0.68691E-02  0.39657E-02
 0.26000E+01  0.55527E-02 -0.20698E-01 -0.13245E-01  0.21750E-01  0.62838E-01  0.90443E-01  0.97533E-01  0.88348E-01  0.71268E-01  0.53164E-01  0.37632E-01  0.25684E-01  0.17013E-01  0.10908E-01  0.66956E-02  0.38681E-02
 0.28000E+01  0.67580E-02 -0.20851E-01 -0.15377E-01  0.17747E-01  0.57722E-01  0.85190E-01  0.92899E-01  0.84689E-01  0.68600E-01  0.51324E-01  0.36408E-01  0.24889E-01  0.16508E-01  0.10595E-01  0.65084E-02  0.37622E-02
 0.30000E+01  0.77921E-02 -0.20790E-01 -0.17256E-01  0.13715E-01  0.52186E-01  0.79222E-01  0.87443E-01  0.80260E-01  0.65300E-01  0.49006E-01  0.34844E-01  0.23862E-01  0.15849E-01  0.10183E-01  0.62606E-02  0.36213E-02
 0.00000E+00  0.67537E+00  0.32906E+00  0.36238E-01 -0.11894E+00 -0.14364E+00 -0.98057E-01 -0.40464E-01 -0.23351E-03  0.18585E-01  0.22919E-01  0.20383E-01  0.15766E-01  0.11255E-01  0.75650E-02  0.47880E-02  0.28229E-02
 0.20000E+00  0.44036E+00  0.41161E+00  0.31541E+00  0.18937E+00  0.75596E-01 -0.11920E-02 -0.38668E-01 -0.48090E-01 -0.43062E-01 -0.33311E-01 -0.23786E-01 -0.16185E-01 -0.10640E-01 -0.67635E-02 -0.41179E-02 -0.23626E-02
 0.40000E+00  0.87367E-03  0.20413E+00  0.31554E+00  0.31074E+00  0.22743E+00  0.12469E+00  0.43871E-01 -0.27789E-02 -0.21899E-01 -0.25177E-01 -0.21709E-01 -0.16508E-01 -0.11667E-01 -0.77946E-02 -0.49150E-02 -0.28911E-02
 0.60000E+00 -0.79444E-01  0.89206E-01  0.21076E+00  0.25212E+00  0.22488E+00  0.16460E+00  0.10352E+00  0.57704E-01  0.29168E-01  0.13561E-01  0.57868E-02  0.21843E-02  0.63118E-03  0.32799E-04 -0.14347E-03 -0.15061E-03
 0.80000E+00 -0.66188E-01  0.36008E-01  0.12777E+00  0.18095E+00  0.18942E+00  0.16560E+00  0.12798E+00  0.90773E-01  0.60815E-01  0.39342E-01  0.24951E-01  0.15638E-01  0.96930E-02  0.59019E-02  0.34813E-02  0.19516E-02
 0.10000E+01 -0.45883E-01  0.11235E-01  0.78293E-01  0.13258E+00  0.15900E+00  0.15638E+00  0.13404E+00  0.10401E+00  0.75183E-01  0.51767E-01  0.34520E-01  0.22518E-01  0.14406E-01  0.89931E-02  0.54083E-02  0.30768E-02
 0.12000E+01 -0.30571E-01 -0.16355E-02  0.48341E-01  0.10082E+00  0.13626E+00  0.14576E+00  0.13300E+00  0.10820E+00  0.81062E-01  0.57348E-01  0.39035E-01  0.25863E-01  0.16747E-01  0.10551E-01  0.63899E-02  0.36545E-02
 0.14000E+01 -0.19586E-01 -0.90925E-02  0.28772E-01  0.78634E-01  0.11875E+00  0.13559E+00  0.12918E+00  0.10831E+00  0.82920E-01  0.59599E-01  0.41046E-01  0.27438E-01  0.17887E-01  0.11328E-01  0.68876E-02  0.39508E-02
 0.16000E+01 -0.11616E-01 -0.13704E-01  0.15236E-01  0.62300E-01  0.10473E+00  0.12618E+00  0.12418E+00  0.10638E+00  0.82666E-01  0.60058E-01  0.41691E-01  0.28036E-01  0.18361E-01  0.11669E-01  0.71139E-02  0.40888E-02
 0.18000E+01 -0.57859E-02 -0.16632E-01  0.55687E-02  0.49877E-01  0.93223E-01  0.11755E+00  0.11869E+00  0.10335E+00  0.81218E-01  0.59476E-01  0.41529E-01  0.28050E-01  0.18432E-01  0.11745E-01  0.71744E-02  0.41298E-02
 0.20000E+01 -0.15136E-02 -0.18491E-01 -0.14528E-02  0.40241E-01  0.83634E-01  0.10970E+00  0.11311E+00  0.99777E-01  0.79090E-01  0.58274E-01  0.40874E-01  0.27703E-01  0.18252E-01  0.11654E-01  0.71300E-02  0.41091E-02
 0.22000E+01  0.16071E-02 -0.19643E-01 -0.65966E-02  0.32668E-01  0.75571E-01  0.10261E+00  0.10766E+00  0.95966E-01  0.76599E-01  0.56718E-01  0.39927E-01  0.27136E-01  0.17916E-01  0.11458E-01  0.70194E-02  0.40492E-02
 0.24000E+01  0.38867E-02 -0.20328E-01 -0.10402E-01  0.26634E-01  0.68723E-01  0.96221E-01  0.10245E+00  0.92121E-01  0.73953E-01  0.54980E-01  0.38820E-01  0.26443E-01  0.17490E-01  0.11201E-01  0.68691E-02  0.39657E-02
 0.26000E+01  0.55527E-02 -0.20698E-01 -0.13245E-01  0.21750E-01  0.62838E-01  0.90443E-01  0.97533E-01  0.88348E-01  0.71268E-01  0.53164E-01  0.37632E-01  0.25684E-01  0.17013E-01  0.10908E-01  0.66956E-02  0.38681E-02
 0.28000E+01  0.67580E-02 -0.20851E-01 -0.15377E-01  0.17747E-01  0.57722E-01  0.85190E-01  0.92899E-01  0.84689E-01  0.68600E-01  0.51324E-01  0.36408E-01  0.24889E-01  0.16508E-01  0.10595E-01  0.65084E-02  0.37622E-02
 0.30000E+01  0.77921E-02 -0.20790E-01 -0.17256E-01  0.13715E-01  0.52186E-01  0.79222E-01  0.87443E-01  0.80260E-01  0.65300E-01  0.49006E-01  0.34844E-01  0.23862E-01  0.15849E-01  0.10183E-01  0.62606E-02  0.36213E-02
