 0.00000E+00  0.60683E+00  0.36557E+00  0.12665E+00 -0.37013E-01 -0.10818E+00 -0.11251E+00 -0.86725E-01 -0.56730E-01 -0.33530E-01 -0.18620E-01 -0.99615E-02 -0.52028E-02 -0.26631E-02 -0.13316E-02 -0.64513E-03 -0.29916E-03
 0.20000E+00  0.43797E+00  0.37959E+00  0.27841E+00  0.17014E+00  0.82758E-01  0.26755E-01 -0.17079E-02 -0.12258E-01 -0.13700E-01 -0.11632E-01 -0.88042E-02 -0.62667E-02 -0.42770E-02 -0.28044E-02 -0.17508E-02 -0.10243E-02
 0.40000E+00  0.73101E-01  0.17264E+00  0.22938E+00  0.23048E+00  0.19048E+00  0.13526E+00  0.85212E-01  0.48973E-01  0.26320E-01  0.13488E-01  0.66637E-02  0.31754E-02  0.14440E-02  0.61260E-03  0.23314E-03  0.73814E-04
 0.60000E+00 -0.29908E-01  0.85548E-01  0.17252E+00  0.20719E+00  0.19400E+00  0.15426E+00  0.10940E+00  0.71797E-01  0.44944E-01  0.27459E-01  0.16615E-01  0.10021E-01  0.60178E-02  0.35699E-02  0.20616E-02  0.11364E-02
 0.80000E+00 -0.53095E-01  0.48988E-01  0.13361E+00  0.17639E+00  0.17629E+00  0.14866E+00  0.11175E+00  0.77768E-01  0.51581E-01  0.33299E-01  0.21201E-01  0.13387E-01  0.83713E-02  0.51419E-02  0.30568E-02  0.17247E-02
 0.10000E+01 -0.56316E-01  0.31769E-01  0.10920E+00  0.15303E+00  0.15939E+00  0.13944E+00  0.10853E+00  0.78059E-01  0.53368E-01  0.35394E-01  0.23064E-01  0.14852E-01  0.94414E-02  0.58778E-02  0.35320E-02  0.20095E-02
 0.12000E+01 -0.54677E-01  0.22102E-01  0.92643E-01  0.13564E+00  0.14559E+00  0.13074E+00  0.10422E+00  0.76619E-01  0.53403E-01  0.36005E-01  0.23786E-01  0.15491E-01  0.99389E-02  0.62335E-02  0.37676E-02  0.21532E-02
 0.14000E+01 -0.51685E-01  0.15788E-01  0.80178E-01  0.12172E+00  0.13391E+00  0.12280E+00  0.99741E-01  0.74544E-01  0.52698E-01  0.35951E-01  0.23981E-01  0.15741E-01  0.10162E-01  0.64056E-02  0.38867E-02  0.22279E-02
 0.16000E+01 -0.48284E-01  0.11282E-01  0.70149E-01  0.11000E+00  0.12365E+00  0.11544E+00  0.95245E-01  0.72148E-01  0.51584E-01  0.35518E-01  0.23870E-01  0.15761E-01  0.10224E-01  0.64689E-02  0.39367E-02  0.22615E-02
 0.18000E+01 -0.44844E-01  0.79269E-02  0.61834E-01  0.99890E-01  0.11449E+00  0.10860E+00  0.90811E-01  0.69575E-01  0.50212E-01  0.34836E-01  0.23553E-01  0.15627E-01  0.10176E-01  0.64573E-02  0.39387E-02  0.22666E-02
 0.20000E+01 -0.41554E-01  0.53781E-02  0.54857E-01  0.91114E-01  0.10629E+00  0.10225E+00  0.86506E-01  0.66922E-01  0.48679E-01  0.33986E-01  0.23092E-01  0.15381E-01  0.10047E-01  0.63912E-02  0.39057E-02  0.22508E-02
 0.22000E+01 -0.38516E-01  0.34219E-02  0.48980E-01  0.83490E-01  0.98967E-01  0.96397E-01  0.82392E-01  0.64270E-01  0.47063E-01  0.33031E-01  0.22536E-01  0.15060E-01  0.98624E-02  0.62863E-02  0.38475E-02  0.22199E-02
 0.24000E+01 -0.35764E-01  0.19006E-02  0.43996E-01  0.76843E-01  0.92425E-01  0.91031E-01  0.78502E-01  0.61676E-01  0.45421E-01  0.32021E-01  0.21924E-01  0.14691E-01  0.96411E-02  0.61556E-02  0.37724E-02  0.21787E-02
 0.26000E+01 -0.33288E-01  0.70089E-03  0.39730E-01  0.71006E-01  0.86553E-01  0.86102E-01  0.74837E-01  0.59165E-01  0.43786E-01  0.30987E-01  0.21278E-01  0.14292E-01  0.93962E-02  0.60078E-02  0.36858E-02  0.21304E-02
 0.28000E+01 -0.31065E-01 -0.25413E-03  0.36046E-01  0.65845E-01  0.81252E-01  0.81556E-01  0.71382E-01  0.56743E-01  0.42172E-01  0.29943E-01  0.20615E-01  0.13873E-01  0.91354E-02  0.58481E-02  0.35912E-02  0.20772E-02
 0.30000E+01 -0.28564E-01 -0.11555E-02  0.32125E-01  0.60188E-01  0.75306E-01  0.76343E-01  0.67330E-01  0.53839E-01  0.40198E-01  0.28642E-01  0.19773E-01  0.13335E-01  0.87955E-02  0.56378E-02  0.34655E-02  0.20060E-02
 0.00000E+00  0.60683E+00  0.36557E+00  0.12665E+00 -0.37013E-01 -0.10818E+00 -0.11251E+00 -0.86725E-01 -0.56730E-01 -0.33530E-01 -0.18620E-01 -0.99615E-02 -0.52028E-02 -0.26631E-02 -0.13316E-02 -0.64513E-03 -0.29916E-03
 0.20000E+00  0.43797E+00  0.37959E+00  0.27841E+00  0.17014E+00  0.82758E-01  0.26755E-01 -0.17079E-02 -0.12258E-01 -0.13700E-01 -0.11632E-01 -0.88042E-02 -0.62667E-02 -0.42770E-02 -0.28044E-02 -0.17508E-02 -0.10243E-02
 0.40000E+00  0.73101E-01  0.17264E+00  0.22938E+00  0.23048E+00  0.19048E+00  0.13526E+00  0.85212E-01  0.48973E-01  0.26320E-01  0.13488E-01  0.66637E-02  0.31754E-02  0.14440E-02  0.61260E-03  0.23314E-03  0.73814E-04
 0.60000E+00 -0.29908E-01  0.85548E-01  0.17252E+00  0.20719E+00  0.19400E+00  0.15426E+00  0.10940E+00  0.71797E-01  0.44944E-01  0.27459E-01  0.16615E-01  0.10021E-01  0.60178E-02  0.35699E-02  0.20616E-02  0.11364E-02
 0.80000E+00 -0.53095E-01  0.48988E-01  0.13361E+00  0.17639E+00  0.17629E+00  0.14866E+00  0.11175E+00  0.77768E-01  0.51581E-01  0.33299E-01  0.21201E-01  0.13387E-01  0.83713E-02  0.51419E-02  0.30568E-02  0.17247E-02
 0.10000E+01 -0.56316E-01  0.31769E-01  0.10920E+00  0.15303E+00  0.15939E+00  0.13944E+00  0.10853E+00  0.78059E-01  0.53368E-01  0.35394E-01  0.23064E-01  0.14852E-01  0.94414E-02  0.58778E-02  0.35320E-02  0.20095E-02
 0.12000E+01 -0.54677E-01  0.22102E-01  0.92643E-01  0.13564E+00  0.14559E+00  0.13074E+00  0.10422E+00  0.76619E-01  0.53403E-01  0.36005E-01  0.23786E-01  0.15491E-01  0.99389E-02  0.62335E-02  0.37676E-02  0.21532E-02
 0.14000E+01 -0.51685E-01  0.15788E-01  0.80178E-01  0.12172E+00  0.13391E+00  0.12280E+00  0.99741E-01  0.74544E-01  0.52698E-01  0.35951E-01  0.23981E-01  0.15741E-01  0.10162E-01  0.64056E-02  0.38867E-02  0.22279E-02
 0.16000E+01 -0.48284E-01  0.11282E-01  0.70149E-01  0.11000E+00  0.12365E+00  0.11544E+00  0.95245E-01  0.72148E-01  0.51584E-01  0.35518E-01  0.23870E-01  0.15761E-01  0.10224E-01  0.64689E-02  0.39367E-02  0.22615E-02
 0.18000E+01 -0.44844E-01  0.79269E-02  0.61834E-01  0.99890E-01  0.11449E+00  0.10860E+00  0.90811E-01  0.69575E-01  0.50212E-01  0.34836E-01  0.23553E-01  0.15627E-01  0.10176E-01  0.64573E-02  0.39387E-02  0.22666E-02
 0.20000E+01 -0.41554E-01  0.53781E-02  0.54857E-01  0.91114E-01  0.10629E+00  0.10225E+00  0.86506E-01  0.66922E-01  0.48679E-01  0.33986E-01  0.23092E-01  0.15381E-01  0.10047E-01  0.63912E-02  0.39057E-02  0.22508E-02
 0.22000E+01 -0.38516E-01  0.34219E-02  0.48980E-01  0.83490E-01  0.98967E-01  0.96397E-01  0.82392E-01  0.64270E-01  0.47063E-01  0.33031E-01  0.22536E-01  0.15060E-01  0.98624E-02  0.62863E-02  0.38475E-02  0.22199E-02
 0.24000E+01 -0.35764E-01  0.19006E-02  0.43996E-01  0.76843E-01  0.92425E-01  0.91031E-01  0.78502E-01  0.61676E-01  0.45421E-01  0.32021E-01  0.21924E-01  0.14691E-01  0.96411E-02  0.61556E-02  0.37724E-02  0.21787E-02
 0.26000E+01 -0.33288E-01  0.70089E-03  0.39730E-01  0.71006E-01  0.86553E-01  0.86102E-01  0.74837E-01  0.59165E-01  0.43786E-01  0.30987E-01  0.21278E-01  0.14292E-01  0.93962E-02  0.60078E-02  0.36858E-02  0.21304E-02
 0.28000E+01 -0.31065E-01 -0.25413E-03  0.36046E-01  0.65845E-01  0.81252E-01  0.81556E-01  0.71382E-01  0.56743E-01  0.42172E-01  0.29943E-01  0.20615E-01  0.13873E-01  0.91354E-02  0.58481E-02  0.35912E-02  0.20772E-02
 0.30000E+01 -0.28564E-01 -0.11555E-02  0.32125E-01  0.60188E-01  0.75306E-01  0.76343E-01  0.67330E-01  0.53839E-01  0.40198E-01  0.28642E-01  0.19773E-01  0.13335E-01  0.87955E-02  0.56378E-02  0.34655E-02  0.20060E-02
