 0.00000E+00  0.56907E+00  0.34823E+00  0.38232E-01 -0.94390E-01 -0.82245E-01 -0.40083E-01 -0.12934E-01 -0.10707E-02  0.27610E-02  0.32756E-02  0.26909E-02  0.19064E-02  0.12320E-02  0.73772E-03  0.40403E-03  0.18890E-03
 0.20000E+00  0.50609E+00  0.46435E+00  0.26422E+00  0.90767E-01  0.80152E-02 -0.16880E-01 -0.19369E-01 -0.15674E-01 -0.11275E-01 -0.76585E-02 -0.50270E-02 -0.32217E-02 -0.20251E-02 -0.12455E-02 -0.72752E-03 -0.36529E-03
 0.40000E+00  0.75605E-02  0.22007E+00  0.33586E+00  0.27661E+00  0.15588E+00  0.66667E-01  0.21244E-01  0.26863E-02 -0.33518E-02 -0.43809E-02 -0.37234E-02 -0.27081E-02 -0.18014E-02 -0.11188E-02 -0.64075E-03 -0.31296E-03
 0.60000E+00 -0.12013E+00  0.90418E-01  0.26959E+00  0.28438E+00  0.20444E+00  0.12290E+00  0.68968E-01  0.38069E-01  0.21072E-01  0.11764E-01  0.66340E-02  0.37808E-02  0.21770E-02  0.12592E-02  0.70646E-03  0.34565E-03
 0.80000E+00 -0.11423E+00  0.28058E-01  0.18491E+00  0.23990E+00  0.20866E+00  0.15174E+00  0.10167E+00  0.65520E-01  0.41329E-01  0.25703E-01  0.15808E-01  0.96217E-02  0.57915E-02  0.34280E-02  0.19352E-02  0.94551E-03
 0.10000E+01 -0.84061E-01 -0.36917E-02  0.11910E+00  0.19456E+00  0.19900E+00  0.16339E+00  0.11936E+00  0.81697E-01  0.53773E-01  0.34488E-01  0.21695E-01  0.13426E-01  0.81768E-02  0.48781E-02  0.27676E-02  0.13565E-02
 0.12000E+01 -0.56771E-01 -0.21103E-01  0.72761E-01  0.15770E+00  0.18523E+00  0.16509E+00  0.12681E+00  0.89626E-01  0.60303E-01  0.39308E-01  0.25047E-01  0.15669E-01  0.96370E-02  0.58036E-02  0.33225E-02  0.16408E-02
 0.14000E+01 -0.36345E-01 -0.31050E-01  0.40664E-01  0.12888E+00  0.17054E+00  0.16117E+00  0.12794E+00  0.92308E-01  0.63022E-01  0.41563E-01  0.26760E-01  0.16910E-01  0.10511E-01  0.64041E-02  0.37107E-02  0.18517E-02
 0.16000E+01 -0.22270E-01 -0.36600E-01  0.18748E-01  0.10639E+00  0.15588E+00  0.15382E+00  0.12497E+00  0.91523E-01  0.63211E-01  0.42119E-01  0.27396E-01  0.17501E-01  0.11013E-01  0.68043E-02  0.40013E-02  0.20219E-02
 0.18000E+01 -0.13190E-01 -0.39411E-01  0.40465E-02  0.88706E-01  0.14169E+00  0.14445E+00  0.11941E+00  0.88509E-01  0.61761E-01  0.41571E-01  0.27331E-01  0.17672E-01  0.11275E-01  0.70784E-02  0.42317E-02  0.21680E-02
 0.20000E+01 -0.79799E-02 -0.40450E-01 -0.54430E-02  0.74696E-01  0.12812E+00  0.13386E+00  0.11218E+00  0.84021E-01  0.59217E-01  0.40284E-01  0.26800E-01  0.17563E-01  0.11381E-01  0.72708E-02  0.44245E-02  0.22996E-02
 0.22000E+01 -0.57711E-02 -0.40228E-01 -0.10991E-01  0.63565E-01  0.11517E+00  0.12250E+00  0.10380E+00  0.78514E-01  0.55920E-01  0.38492E-01  0.25954E-01  0.17271E-01  0.11388E-01  0.74163E-02  0.45988E-02  0.24257E-02
 0.24000E+01 -0.58581E-02 -0.39136E-01 -0.13608E-01  0.54659E-01  0.10280E+00  0.11071E+00  0.94678E-01  0.72332E-01  0.52121E-01  0.36368E-01  0.24905E-01  0.16865E-01  0.11338E-01  0.75379E-02  0.47666E-02  0.25519E-02
 0.26000E+01 -0.76998E-02 -0.37421E-01 -0.14032E-01  0.47447E-01  0.90917E-01  0.98633E-01  0.85039E-01  0.65675E-01  0.47974E-01  0.34017E-01  0.23723E-01  0.16387E-01  0.11256E-01  0.76502E-02  0.49357E-02  0.26817E-02
 0.28000E+01 -0.11018E-01 -0.35212E-01 -0.12667E-01  0.41594E-01  0.79378E-01  0.86266E-01  0.74938E-01  0.58608E-01  0.43532E-01  0.31481E-01  0.22435E-01  0.15859E-01  0.11155E-01  0.77621E-02  0.51116E-02  0.28180E-02
 0.30000E+01 -0.13267E-01 -0.33235E-01 -0.12278E-01  0.35222E-01  0.68072E-01  0.74505E-01  0.65442E-01  0.51990E-01  0.39367E-01  0.29086E-01  0.21198E-01  0.15329E-01  0.11025E-01  0.78344E-02  0.52506E-02  0.29297E-02
