 0.00000E+00  0.69452E+00  0.33755E+00 -0.37919E-01 -0.13822E+00 -0.85587E-01 -0.27866E-01  0.79499E-03  0.10285E-01  0.11270E-01  0.92944E-02  0.67552E-02  0.45436E-02  0.28851E-02  0.17412E-02  0.98284E-03  0.47866E-03
 0.20000E+00  0.41705E+00  0.45472E+00  0.30856E+00  0.12703E+00  0.18055E-01 -0.22193E-01 -0.28936E-01 -0.24401E-01 -0.17699E-01 -0.11816E-01 -0.74304E-02 -0.44331E-02 -0.25054E-02 -0.13282E-02 -0.64603E-03 -0.27187E-03
 0.40000E+00 -0.63757E-01  0.23216E+00  0.38357E+00  0.30375E+00  0.16144E+00  0.64533E-01  0.17404E-01 -0.14842E-02 -0.73389E-02 -0.78400E-02 -0.65014E-02 -0.48168E-02 -0.33404E-02 -0.22068E-02 -0.13630E-02 -0.71431E-03
 0.60000E+00 -0.11518E+00  0.10906E+00  0.28370E+00  0.28780E+00  0.20396E+00  0.12194E+00  0.67075E-01  0.34896E-01  0.17059E-01  0.75460E-02  0.26905E-02  0.36992E-03 -0.61408E-03 -0.91219E-03 -0.83635E-03 -0.54361E-03
 0.80000E+00 -0.89780E-01  0.40792E-01  0.18628E+00  0.23683E+00  0.20319E+00  0.14374E+00  0.92016E-01  0.55551E-01  0.32044E-01  0.17608E-01  0.90683E-02  0.42117E-02  0.15819E-02  0.26854E-03 -0.25210E-03 -0.29340E-03
 0.10000E+01 -0.57548E-01  0.10496E-03  0.11085E+00  0.18465E+00  0.18553E+00  0.14573E+00  0.10057E+00  0.64512E-01  0.39351E-01  0.22928E-01  0.12683E-01  0.65454E-02  0.30256E-02  0.11250E-02  0.22566E-03 -0.62749E-04
 0.12000E+01 -0.29442E-01 -0.25512E-01  0.53448E-01  0.13773E+00  0.16199E+00  0.13823E+00  0.10049E+00  0.67019E-01  0.42286E-01  0.25482E-01  0.14647E-01  0.79550E-02  0.39917E-02  0.17627E-02  0.62090E-03  0.14501E-03
 0.14000E+01 -0.69166E-02 -0.41699E-01  0.98396E-02  0.96809E-01  0.13654E+00  0.12570E+00  0.95427E-01  0.65639E-01  0.42519E-01  0.26291E-01  0.15552E-01  0.87592E-02  0.46363E-02  0.22464E-02  0.95287E-03  0.33195E-03
 0.16000E+01  0.10153E-01 -0.51284E-01 -0.22898E-01  0.61300E-01  0.11044E+00  0.10990E+00  0.86899E-01  0.61482E-01  0.40785E-01  0.25810E-01  0.15660E-01  0.90998E-02  0.50290E-02  0.26048E-02  0.12300E-02  0.49886E-03
 0.18000E+01  0.22248E-01 -0.56038E-01 -0.46912E-01  0.30501E-01  0.84248E-01  0.91825E-01  0.75804E-01  0.55212E-01  0.37525E-01  0.24309E-01  0.15128E-01  0.90591E-02  0.52081E-02  0.28522E-02  0.14550E-02  0.64489E-03
 0.20000E+01  0.30048E-01 -0.57237E-01 -0.63944E-01  0.37911E-02  0.58398E-01  0.72257E-01  0.62881E-01  0.47381E-01  0.33110E-01  0.22022E-01  0.14090E-01  0.87116E-02  0.52105E-02  0.30041E-02  0.16325E-02  0.77055E-03
 0.22000E+01  0.34291E-01 -0.55869E-01 -0.75412E-01 -0.19273E-01  0.33363E-01  0.51981E-01  0.48843E-01  0.38526E-01  0.27904E-01  0.19177E-01  0.12684E-01  0.81327E-02  0.50745E-02  0.30775E-02  0.17686E-02  0.87725E-03
 0.24000E+01  0.35715E-01 -0.52701E-01 -0.82522E-01 -0.39110E-01  0.95016E-02  0.31635E-01  0.34287E-01  0.29100E-01  0.22219E-01  0.15976E-01  0.11031E-01  0.73915E-02  0.48366E-02  0.30896E-02  0.18702E-02  0.96717E-03
 0.26000E+01  0.34956E-01 -0.48292E-01 -0.86296E-01 -0.56238E-01 -0.13120E-01  0.11542E-01  0.19556E-01  0.19380E-01  0.16250E-01  0.12546E-01  0.92104E-02  0.65347E-02  0.45224E-02  0.30533E-02  0.19430E-02  0.10424E-02
 0.28000E+01  0.32499E-01 -0.43050E-01 -0.87529E-01 -0.71119E-01 -0.34535E-01 -0.81276E-02  0.48555E-02  0.95392E-02  0.10127E-01  0.89744E-02  0.72770E-02  0.55948E-02  0.41501E-02  0.29781E-02  0.19914E-02  0.11049E-02
 0.30000E+01  0.31495E-01 -0.40195E-01 -0.90763E-01 -0.84358E-01 -0.51895E-01 -0.23561E-01 -0.65008E-02  0.20047E-02  0.54656E-02  0.62676E-02  0.58171E-02  0.48882E-02  0.38723E-02  0.29240E-02  0.20299E-02  0.11531E-02
