 0.00000E+00  0.54514E+00  0.34288E+00  0.47794E-01 -0.88862E-01 -0.84404E-01 -0.42728E-01 -0.12934E-01  0.40191E-03  0.43116E-02  0.44081E-02  0.34004E-02  0.23136E-02  0.14508E-02  0.84705E-03  0.45288E-03  0.20692E-03
 0.20000E+00  0.49167E+00  0.45952E+00  0.27029E+00  0.97840E-01  0.98239E-02 -0.18897E-01 -0.21993E-01 -0.17418E-01 -0.12091E-01 -0.79117E-02 -0.50128E-02 -0.31049E-02 -0.18849E-02 -0.11169E-02 -0.62773E-03 -0.30479E-03
 0.40000E+00  0.53860E-01  0.23818E+00  0.32653E+00  0.26430E+00  0.14942E+00  0.61909E-01  0.16218E-01 -0.16786E-02 -0.63995E-02 -0.62504E-02 -0.47972E-02 -0.33073E-02 -0.21340E-02 -0.13042E-02 -0.74140E-03 -0.36080E-03
 0.60000E+00 -0.11105E+00  0.99457E-01  0.27606E+00  0.29038E+00  0.20846E+00  0.12193E+00  0.63939E-01  0.31891E-01  0.15680E-01  0.77269E-02  0.38286E-02  0.19009E-02  0.94007E-03  0.45772E-03  0.21212E-03  0.86017E-04
 0.80000E+00 -0.13633E+00  0.18530E-01  0.18994E+00  0.25222E+00  0.22103E+00  0.15979E+00  0.10469E+00  0.65127E-01  0.39474E-01  0.23612E-01  0.13986E-01  0.81889E-02  0.47191E-02  0.26532E-02  0.14129E-02  0.65336E-03
 0.10000E+01 -0.10289E+00 -0.21907E-01  0.10901E+00  0.19588E+00  0.20973E+00  0.17739E+00  0.13097E+00  0.88922E-01  0.57394E-01  0.35941E-01  0.22034E-01  0.13249E-01  0.78024E-02  0.44686E-02  0.24194E-02  0.11348E-02
 0.12000E+01 -0.63149E-01 -0.39010E-01  0.51624E-01  0.14635E+00  0.18872E+00  0.17805E+00  0.14082E+00  0.10003E+00  0.66640E-01  0.42749E-01  0.26744E-01  0.16392E-01  0.98481E-02  0.57701E-02  0.32044E-02  0.15393E-02
 0.14000E+01 -0.34347E-01 -0.45214E-01  0.15974E-01  0.10960E+00  0.16635E+00  0.16921E+00  0.13971E+00  0.10210E+00  0.69507E-01  0.45422E-01  0.28930E-01  0.18077E-01  0.11107E-01  0.66862E-02  0.38274E-02  0.18901E-02
 0.16000E+01 -0.15908E-01 -0.46920E-01 -0.57058E-02  0.83297E-01  0.14623E+00  0.15718E+00  0.13376E+00  0.99827E-01  0.69147E-01  0.45926E-01  0.29744E-01  0.18936E-01  0.11893E-01  0.73474E-02  0.43252E-02  0.21883E-02
 0.18000E+01 -0.47428E-02 -0.46707E-01 -0.18921E-01  0.64130E-01  0.12862E+00  0.14428E+00  0.12565E+00  0.95389E-01  0.67085E-01  0.45225E-01  0.29755E-01  0.19281E-01  0.12360E-01  0.78165E-02  0.47140E-02  0.24333E-02
 0.20000E+01  0.10080E-02 -0.45392E-01 -0.26439E-01  0.49634E-01  0.11238E+00  0.13042E+00  0.11582E+00  0.89371E-01  0.63862E-01  0.43765E-01  0.29308E-01  0.19371E-01  0.12699E-01  0.82322E-02  0.50880E-02  0.26782E-02
 0.22000E+01  0.30814E-02 -0.43427E-01 -0.30159E-01  0.38371E-01  0.97242E-01  0.11612E+00  0.10501E+00  0.82423E-01  0.59954E-01  0.41860E-01  0.28597E-01  0.19317E-01  0.12970E-01  0.86246E-02  0.54602E-02  0.29272E-02
 0.24000E+01  0.24835E-02 -0.41084E-01 -0.31225E-01  0.29444E-01  0.82987E-01  0.10163E+00  0.93610E-01  0.74912E-01  0.55636E-01  0.39699E-01  0.27744E-01  0.19198E-01  0.13221E-01  0.90202E-02  0.58446E-02  0.31869E-02
 0.26000E+01 -0.48435E-04 -0.38492E-01 -0.30405E-01  0.22177E-01  0.69358E-01  0.87009E-01  0.81814E-01  0.67026E-01  0.51060E-01  0.37388E-01  0.26821E-01  0.19058E-01  0.13479E-01  0.94355E-02  0.62505E-02  0.34618E-02
 0.28000E+01 -0.41686E-02 -0.35662E-01 -0.28043E-01  0.16184E-01  0.56099E-01  0.72135E-01  0.69589E-01  0.58779E-01  0.46254E-01  0.34961E-01  0.25856E-01  0.18920E-01  0.13762E-01  0.98849E-02  0.66882E-02  0.37578E-02
 0.30000E+01 -0.73774E-02 -0.32971E-01 -0.26408E-01  0.98484E-02  0.43135E-01  0.57874E-01  0.57943E-01  0.50925E-01  0.41654E-01  0.32605E-01  0.24884E-01  0.18734E-01  0.13980E-01  0.10268E-01  0.70703E-02  0.40187E-02
