 0.00000E+00  0.70244E+00  0.31968E+00 -0.66693E-01 -0.15196E+00 -0.71996E-01  0.41736E-02  0.34080E-01  0.34965E-01  0.26458E-01  0.17726E-01  0.11199E-01  0.68426E-02  0.40808E-02  0.23735E-02  0.13125E-02  0.63040E-03
 0.20000E+00  0.40100E+00  0.46506E+00  0.33281E+00  0.13804E+00  0.82802E-02 -0.41583E-01 -0.46343E-01 -0.35886E-01 -0.24270E-01 -0.15480E-01 -0.96134E-02 -0.58897E-02 -0.35761E-02 -0.21452E-02 -0.12327E-02 -0.61295E-03
 0.40000E+00 -0.54726E-01  0.26503E+00  0.41399E+00  0.30503E+00  0.13091E+00  0.19341E-01 -0.23397E-01 -0.29556E-01 -0.23580E-01 -0.16171E-01 -0.10356E-01 -0.63864E-02 -0.38361E-02 -0.22448E-02 -0.12485E-02 -0.60283E-03
 0.60000E+00 -0.14827E+00  0.11108E+00  0.30641E+00  0.30329E+00  0.20185E+00  0.10768E+00  0.50787E-01  0.22863E-01  0.10461E-01  0.50637E-02  0.26372E-02  0.14808E-02  0.89017E-03  0.56086E-03  0.34720E-03  0.18375E-03
 0.80000E+00 -0.94019E-01  0.75581E-02  0.15230E+00  0.23406E+00  0.22993E+00  0.17980E+00  0.12326E+00  0.78487E-01  0.48178E-01  0.29104E-01  0.17459E-01  0.10431E-01  0.62053E-02  0.36550E-02  0.20650E-02  0.10124E-02
 0.10000E+01 -0.66583E-02 -0.43985E-01  0.29114E-01  0.15566E+00  0.22442E+00  0.21547E+00  0.16713E+00  0.11481E+00  0.73724E-01  0.45651E-01  0.27687E-01  0.16554E-01  0.97708E-02  0.56671E-02  0.31393E-02  0.15118E-02
 0.12000E+01  0.48704E-01 -0.62718E-01 -0.38046E-01  0.10088E+00  0.20435E+00  0.21975E+00  0.18030E+00  0.12782E+00  0.83551E-01  0.52208E-01  0.31761E-01  0.18959E-01  0.11125E-01  0.63879E-02  0.34938E-02  0.16629E-02
 0.14000E+01  0.72437E-01 -0.66959E-01 -0.67203E-01  0.68553E-01  0.18220E+00  0.20859E+00  0.17606E+00  0.12676E+00  0.83571E-01  0.52451E-01  0.31955E-01  0.19057E-01  0.11147E-01  0.63668E-02  0.34583E-02  0.16354E-02
 0.16000E+01  0.78746E-01 -0.65628E-01 -0.77139E-01  0.49682E-01  0.16171E+00  0.19172E+00  0.16422E+00  0.11917E+00  0.78920E-01  0.49657E-01  0.30292E-01  0.18072E-01  0.10567E-01  0.60293E-02  0.32701E-02  0.15441E-02
 0.18000E+01  0.76705E-01 -0.62385E-01 -0.78161E-01  0.38133E-01  0.14353E+00  0.17351E+00  0.14974E+00  0.10906E+00  0.72394E-01  0.45627E-01  0.27877E-01  0.16659E-01  0.97604E-02  0.55829E-02  0.30368E-02  0.14379E-02
 0.20000E+01  0.70382E-01 -0.58388E-01 -0.74562E-01  0.30853E-01  0.12719E+00  0.15513E+00  0.13417E+00  0.97801E-01  0.64965E-01  0.40998E-01  0.25103E-01  0.15052E-01  0.88611E-02  0.51017E-02  0.27968E-02  0.13339E-02
 0.22000E+01  0.62058E-01 -0.54286E-01 -0.68805E-01  0.26096E-01  0.11255E+00  0.13747E+00  0.11873E+00  0.86421E-01  0.57382E-01  0.36253E-01  0.22262E-01  0.13414E-01  0.79542E-02  0.46252E-02  0.25655E-02  0.12367E-02
 0.24000E+01  0.52683E-01 -0.50181E-01 -0.61793E-01  0.23016E-01  0.99202E-01  0.12051E+00  0.10354E+00  0.75080E-01  0.49772E-01  0.31479E-01  0.19408E-01  0.11777E-01  0.70577E-02  0.41627E-02  0.23471E-02  0.11481E-02
 0.26000E+01  0.42758E-01 -0.46162E-01 -0.54089E-01  0.21071E-01  0.86904E-01  0.10424E+00  0.88725E-01  0.63911E-01  0.42243E-01  0.26749E-01  0.16583E-01  0.10165E-01  0.61821E-02  0.37178E-02  0.21422E-02  0.10675E-02
 0.28000E+01  0.32497E-01 -0.42317E-01 -0.46040E-01  0.19907E-01  0.75455E-01  0.88638E-01  0.74329E-01  0.52989E-01  0.34854E-01  0.22102E-01  0.13811E-01  0.85872E-02  0.53306E-02  0.32899E-02  0.19486E-02  0.99325E-03
 0.30000E+01  0.24134E-01 -0.38880E-01 -0.39839E-01  0.17576E-01  0.64343E-01  0.74406E-01  0.61570E-01  0.43464E-01  0.28464E-01  0.18091E-01  0.11408E-01  0.72041E-02  0.45684E-02  0.28927E-02  0.17582E-02  0.91456E-03
