 0.00000E+00  0.68698E+00  0.31868E+00 -0.63272E-01 -0.14549E+00 -0.66495E-01  0.24370E-02  0.27429E-01  0.28559E-01  0.22443E-01  0.15848E-01  0.10619E-01  0.69010E-02  0.43913E-02  0.27368E-02  0.16224E-02  0.82589E-03
 0.20000E+00  0.44559E+00  0.47571E+00  0.31401E+00  0.11805E+00  0.21324E-02 -0.36907E-01 -0.38982E-01 -0.30333E-01 -0.21179E-01 -0.14097E-01 -0.91571E-02 -0.58642E-02 -0.37188E-02 -0.23286E-02 -0.13926E-02 -0.71461E-03
 0.40000E+00 -0.10282E+00  0.25465E+00  0.43767E+00  0.32475E+00  0.13652E+00  0.21531E-01 -0.20419E-01 -0.27313E-01 -0.22937E-01 -0.16695E-01 -0.11384E-01 -0.74810E-02 -0.47967E-02 -0.30056E-02 -0.17891E-02 -0.91374E-03
 0.60000E+00 -0.14436E+00  0.98991E-01  0.29185E+00  0.29385E+00  0.19931E+00  0.11275E+00  0.60140E-01  0.32174E-01  0.17623E-01  0.98998E-02  0.56852E-02  0.33268E-02  0.19778E-02  0.11845E-02  0.68678E-03  0.34456E-03
 0.80000E+00 -0.67491E-01  0.12991E-01  0.13967E+00  0.21729E+00  0.21609E+00  0.17131E+00  0.12038E+00  0.79539E-01  0.50969E-01  0.32146E-01  0.20084E-01  0.12464E-01  0.76881E-02  0.46916E-02  0.27407E-02  0.13807E-02
 0.10000E+01 -0.39177E-02 -0.28691E-01  0.43691E-01  0.15746E+00  0.21169E+00  0.19559E+00  0.14950E+00  0.10368E+00  0.68397E-01  0.43924E-01  0.27750E-01  0.17329E-01  0.10716E-01  0.65362E-02  0.38104E-02  0.19158E-02
 0.12000E+01  0.32923E-01 -0.48077E-01 -0.95534E-02  0.11796E+00  0.19990E+00  0.20041E+00  0.15919E+00  0.11269E+00  0.75236E-01  0.48665E-01  0.30877E-01  0.19324E-01  0.11957E-01  0.72878E-02  0.42427E-02  0.21306E-02
 0.14000E+01  0.52319E-01 -0.56909E-01 -0.38696E-01  0.91736E-01  0.18613E+00  0.19595E+00  0.15899E+00  0.11380E+00  0.76471E-01  0.49663E-01  0.31591E-01  0.19802E-01  0.12262E-01  0.74759E-02  0.43520E-02  0.21853E-02
 0.16000E+01  0.61628E-01 -0.60520E-01 -0.54539E-01  0.73572E-01  0.17224E+00  0.18715E+00  0.15383E+00  0.11086E+00  0.74795E-01  0.48710E-01  0.31049E-01  0.19496E-01  0.12091E-01  0.73818E-02  0.43028E-02  0.21630E-02
 0.18000E+01  0.65058E-01 -0.61359E-01 -0.62731E-01  0.60418E-01  0.15880E+00  0.17629E+00  0.14612E+00  0.10576E+00  0.71556E-01  0.46705E-01  0.29832E-01  0.18771E-01  0.11668E-01  0.71417E-02  0.41737E-02  0.21027E-02
 0.20000E+01  0.64845E-01 -0.60591E-01 -0.66187E-01  0.50562E-01  0.14590E+00  0.16436E+00  0.13696E+00  0.99403E-01  0.67396E-01  0.44078E-01  0.28218E-01  0.17803E-01  0.11102E-01  0.68213E-02  0.40024E-02  0.20230E-02
 0.22000E+01  0.62317E-01 -0.58860E-01 -0.66581E-01  0.43032E-01  0.13364E+00  0.15202E+00  0.12707E+00  0.92379E-01  0.62731E-01  0.41108E-01  0.26384E-01  0.16702E-01  0.10459E-01  0.64589E-02  0.38099E-02  0.19340E-02
 0.24000E+01  0.58276E-01 -0.56554E-01 -0.64954E-01  0.37173E-01  0.12201E+00  0.13959E+00  0.11684E+00  0.85000E-01  0.57790E-01  0.37947E-01  0.24430E-01  0.15529E-01  0.97767E-02  0.60762E-02  0.36081E-02  0.18415E-02
 0.26000E+01  0.53206E-01 -0.53889E-01 -0.61942E-01  0.32532E-01  0.11091E+00  0.12719E+00  0.10643E+00  0.77425E-01  0.52690E-01  0.34677E-01  0.22406E-01  0.14316E-01  0.90730E-02  0.56840E-02  0.34030E-02  0.17482E-02
 0.28000E+01  0.47382E-01 -0.50961E-01 -0.57903E-01  0.28812E-01  0.10025E+00  0.11485E+00  0.95922E-01  0.69718E-01  0.47482E-01  0.31331E-01  0.20337E-01  0.13077E-01  0.83565E-02  0.52868E-02  0.31968E-02  0.16551E-02
 0.30000E+01  0.42878E-01 -0.48586E-01 -0.55497E-01  0.24163E-01  0.89894E-01  0.10353E+00  0.86543E-01  0.62943E-01  0.42939E-01  0.28419E-01  0.18529E-01  0.11985E-01  0.77152E-02  0.49224E-02  0.30014E-02  0.15641E-02
