 0.00000E+00  0.69253E+00  0.32360E+00 -0.53848E-01 -0.13772E+00 -0.67495E-01 -0.51828E-02  0.18227E-01  0.20383E-01  0.15840E-01  0.10665E-01  0.66036E-02  0.38285E-02  0.20742E-02  0.10296E-02  0.45052E-03  0.16376E-03
 0.20000E+00  0.42953E+00  0.47108E+00  0.31733E+00  0.12155E+00  0.37440E-02 -0.36422E-01 -0.38763E-01 -0.29872E-01 -0.20339E-01 -0.12985E-01 -0.79520E-02 -0.47121E-02 -0.27059E-02 -0.14973E-02 -0.77938E-03 -0.35321E-03
 0.40000E+00 -0.86090E-01  0.24707E+00  0.41171E+00  0.30746E+00  0.13912E+00  0.35835E-01 -0.43268E-02 -0.13755E-01 -0.12563E-01 -0.89997E-02 -0.57359E-02 -0.33651E-02 -0.18201E-02 -0.88727E-03 -0.37230E-03 -0.12621E-03
 0.60000E+00 -0.12545E+00  0.99623E-01  0.27847E+00  0.28478E+00  0.20164E+00  0.12143E+00  0.69172E-01  0.39022E-01  0.22101E-01  0.12591E-01  0.72053E-02  0.41348E-02  0.23743E-02  0.13550E-02  0.74409E-03  0.35615E-03
 0.80000E+00 -0.70411E-01  0.18998E-01  0.15129E+00  0.22583E+00  0.21819E+00  0.16888E+00  0.11591E+00  0.74429E-01  0.45937E-01  0.27588E-01  0.16197E-01  0.93019E-02  0.52092E-02  0.28198E-02  0.14361E-02  0.63683E-03
 0.10000E+01 -0.22808E-01 -0.21518E-01  0.69543E-01  0.17610E+00  0.21263E+00  0.18498E+00  0.13539E+00  0.90165E-01  0.56825E-01  0.34521E-01  0.20365E-01  0.11683E-01  0.64955E-02  0.34645E-02  0.17254E-02  0.74627E-03
 0.12000E+01  0.59485E-02 -0.40930E-01  0.21997E-01  0.13952E+00  0.19784E+00  0.18349E+00  0.13851E+00  0.93779E-01  0.59666E-01  0.36450E-01  0.21569E-01  0.12387E-01  0.68821E-02  0.36602E-02  0.18140E-02  0.78014E-03
 0.14000E+01  0.20650E-01 -0.49138E-01 -0.43595E-02  0.11266E+00  0.17931E+00  0.17274E+00  0.13267E+00  0.90670E-01  0.58039E-01  0.35622E-01  0.21169E-01  0.12212E-01  0.68210E-02  0.36535E-02  0.18278E-02  0.79446E-03
 0.16000E+01  0.26313E-01 -0.51230E-01 -0.17925E-01  0.92467E-01  0.15963E+00  0.15739E+00  0.12213E+00  0.83986E-01  0.54030E-01  0.33332E-01  0.19929E-01  0.11587E-01  0.65418E-02  0.35578E-02  0.18169E-02  0.80768E-03
 0.18000E+01  0.26330E-01 -0.49874E-01 -0.23636E-01  0.76895E-01  0.14003E+00  0.13995E+00  0.10927E+00  0.75483E-01  0.48800E-01  0.30295E-01  0.18266E-01  0.10743E-01  0.61635E-02  0.34284E-02  0.18028E-02  0.82617E-03
 0.20000E+01  0.22525E-01 -0.46354E-01 -0.24099E-01  0.64644E-01  0.12082E+00  0.12142E+00  0.95079E-01  0.65923E-01  0.42859E-01  0.26830E-01  0.16369E-01  0.97852E-02  0.57403E-02  0.32909E-02  0.17959E-02  0.85327E-03
 0.22000E+01  0.16533E-01 -0.41716E-01 -0.21428E-01  0.54837E-01  0.10257E+00  0.10293E+00  0.80628E-01  0.56088E-01  0.36721E-01  0.23244E-01  0.14408E-01  0.88006E-02  0.53118E-02  0.31584E-02  0.17971E-02  0.88661E-03
 0.24000E+01  0.90940E-02 -0.36420E-01 -0.16646E-01  0.46892E-01  0.85293E-01  0.84781E-01  0.66242E-01  0.46236E-01  0.30555E-01  0.19643E-01  0.12445E-01  0.78225E-02  0.48939E-02  0.30376E-02  0.18083E-02  0.92635E-03
 0.26000E+01  0.74074E-03 -0.30731E-01 -0.10449E-01  0.40348E-01  0.68911E-01  0.67094E-01  0.52075E-01  0.36491E-01  0.24449E-01  0.16081E-01  0.10511E-01  0.68663E-02  0.44936E-02  0.29305E-02  0.18294E-02  0.97189E-03
 0.28000E+01 -0.84016E-02 -0.24712E-01 -0.30891E-02  0.34899E-01  0.53169E-01  0.49689E-01  0.38014E-01  0.26786E-01  0.18364E-01  0.12537E-01  0.85949E-02  0.59286E-02  0.41103E-02  0.28380E-02  0.18618E-02  0.10242E-02
 0.30000E+01 -0.14913E-01 -0.20222E-01  0.12587E-02  0.28623E-01  0.38978E-01  0.34669E-01  0.26079E-01  0.18609E-01  0.13252E-01  0.95581E-02  0.69777E-02  0.51288E-02  0.37745E-02  0.27470E-02  0.18781E-02  0.10614E-02
