 0.00000E+00  0.55083E+00  0.34495E+00  0.46083E-01 -0.89741E-01 -0.83245E-01 -0.41540E-01 -0.12603E-01  0.29813E-03  0.41986E-02  0.43979E-02  0.34713E-02  0.24248E-02  0.15711E-02  0.95700E-03  0.53894E-03  0.25930E-03
 0.20000E+00  0.49857E+00  0.46152E+00  0.26718E+00  0.94380E-01  0.88960E-02 -0.17934E-01 -0.20685E-01 -0.16538E-01 -0.11683E-01 -0.77924E-02 -0.50331E-02 -0.31821E-02 -0.19771E-02 -0.12034E-02 -0.69616E-03 -0.34670E-03
 0.40000E+00  0.39795E-01  0.23209E+00  0.32913E+00  0.26816E+00  0.15132E+00  0.63039E-01  0.17295E-01 -0.87529E-03 -0.59955E-02 -0.61352E-02 -0.48321E-02 -0.34018E-02 -0.22398E-02 -0.13984E-02 -0.81248E-03 -0.40287E-03
 0.60000E+00 -0.11531E+00  0.95388E-01  0.27359E+00  0.28818E+00  0.20647E+00  0.12143E+00  0.65033E-01  0.33679E-01  0.17411E-01  0.91067E-02  0.48376E-02  0.26116E-02  0.14328E-02  0.79488E-03  0.43108E-03  0.20568E-03
 0.80000E+00 -0.12882E+00  0.21187E-01  0.18707E+00  0.24647E+00  0.21527E+00  0.15606E+00  0.10353E+00  0.65832E-01  0.40993E-01  0.25224E-01  0.15387E-01  0.93102E-02  0.55803E-02  0.32927E-02  0.18541E-02  0.90386E-03
 0.10000E+01 -0.95180E-01 -0.15147E-01  0.11141E+00  0.19332E+00  0.20398E+00  0.17135E+00  0.12696E+00  0.87410E-01  0.57571E-01  0.36866E-01  0.23148E-01  0.14305E-01  0.87076E-02  0.51952E-02  0.29480E-02  0.14448E-02
 0.12000E+01 -0.59233E-01 -0.31961E-01  0.58223E-01  0.14903E+00  0.18683E+00  0.17381E+00  0.13719E+00  0.98333E-01  0.66520E-01  0.43407E-01  0.27647E-01  0.17287E-01  0.10632E-01  0.64059E-02  0.36690E-02  0.18121E-02
 0.14000E+01 -0.32412E-01 -0.39672E-01  0.23517E-01  0.11610E+00  0.16952E+00  0.16940E+00  0.13908E+00  0.10210E+00  0.70186E-01  0.46355E-01  0.29826E-01  0.18828E-01  0.11693E-01  0.71200E-02  0.41228E-02  0.20555E-02
 0.16000E+01 -0.14758E-01 -0.42795E-01  0.16806E-02  0.92081E-01  0.15320E+00  0.16105E+00  0.13574E+00  0.10128E+00  0.70447E-01  0.46999E-01  0.30537E-01  0.19477E-01  0.12239E-01  0.75526E-02  0.44360E-02  0.22388E-02
 0.18000E+01 -0.38083E-02 -0.43603E-01 -0.11957E-01  0.74212E-01  0.13813E+00  0.15074E+00  0.12948E+00  0.97811E-01  0.68722E-01  0.46289E-01  0.30383E-01  0.19601E-01  0.12481E-01  0.78211E-02  0.46680E-02  0.23880E-02
 0.20000E+01  0.23379E-02 -0.43075E-01 -0.20088E-01  0.60653E-01  0.12415E+00  0.13935E+00  0.12144E+00  0.92700E-01  0.65756E-01  0.44739E-01  0.29698E-01  0.19409E-01  0.12547E-01  0.79995E-02  0.48596E-02  0.25222E-02
 0.22000E+01  0.49752E-02 -0.41722E-01 -0.24366E-01  0.50203E-01  0.11106E+00  0.12731E+00  0.11226E+00  0.86516E-01  0.61984E-01  0.42649E-01  0.28680E-01  0.19028E-01  0.12514E-01  0.81333E-02  0.50360E-02  0.26536E-02
 0.24000E+01  0.51109E-02 -0.39845E-01 -0.25936E-01  0.42032E-01  0.98739E-01  0.11499E+00  0.10240E+00  0.79683E-01  0.57720E-01  0.40233E-01  0.27465E-01  0.18537E-01  0.12429E-01  0.82474E-02  0.52092E-02  0.27871E-02
 0.26000E+01  0.33355E-02 -0.37578E-01 -0.25464E-01  0.35569E-01  0.86984E-01  0.10242E+00  0.92023E-01  0.72357E-01  0.53093E-01  0.37585E-01  0.26118E-01  0.17981E-01  0.12319E-01  0.83599E-02  0.53902E-02  0.29283E-02
 0.28000E+01 -0.64618E-05 -0.34983E-01 -0.23337E-01  0.30434E-01  0.75589E-01  0.89553E-01  0.81149E-01  0.64586E-01  0.48150E-01  0.34743E-01  0.24668E-01  0.17382E-01  0.12200E-01  0.84819E-02  0.55863E-02  0.30814E-02
 0.30000E+01 -0.26031E-02 -0.32479E-01 -0.21820E-01  0.24937E-01  0.64314E-01  0.77076E-01  0.70682E-01  0.57120E-01  0.43391E-01  0.31987E-01  0.23239E-01  0.16765E-01  0.12047E-01  0.85631E-02  0.57464E-02  0.32110E-02
