 0.00000E+00  0.77067E+00  0.29632E+00 -0.10686E+00 -0.14836E+00 -0.47800E-01  0.19029E-01  0.36161E-01  0.30978E-01  0.21105E-01  0.12759E-01  0.70431E-02  0.35151E-02  0.14931E-02  0.42519E-03 -0.45984E-04 -0.14591E-03
 0.20000E+00  0.34007E+00  0.48563E+00  0.37607E+00  0.14736E+00 -0.74801E-02 -0.60093E-01 -0.59486E-01 -0.43729E-01 -0.28379E-01 -0.17197E-01 -0.99291E-02 -0.54830E-02 -0.28750E-02 -0.14022E-02 -0.61038E-03 -0.22141E-03
 0.40000E+00 -0.94449E-01  0.26918E+00  0.42304E+00  0.29581E+00  0.12234E+00  0.24135E-01 -0.10333E-01 -0.15882E-01 -0.12560E-01 -0.80682E-02 -0.45522E-02 -0.22481E-02 -0.88946E-03 -0.16945E-03  0.13126E-03  0.16249E-03
 0.60000E+00 -0.10291E+00  0.10612E+00  0.26843E+00  0.27514E+00  0.20042E+00  0.12482E+00  0.72757E-01  0.41367E-01  0.23335E-01  0.13134E-01  0.73795E-02  0.41333E-02  0.23016E-02  0.12648E-02  0.66554E-03  0.30616E-03
 0.80000E+00 -0.45594E-01  0.77149E-02  0.13165E+00  0.22453E+00  0.23126E+00  0.18372E+00  0.12618E+00  0.79619E-01  0.47660E-01  0.27460E-01  0.15279E-01  0.81678E-02  0.41351E-02  0.19219E-02  0.77226E-03  0.24478E-03
 0.10000E+01  0.52725E-03 -0.41998E-01  0.45142E-01  0.17739E+00  0.23039E+00  0.20348E+00  0.14767E+00  0.95969E-01  0.58269E-01  0.33672E-01  0.18590E-01  0.97256E-02  0.47087E-02  0.19931E-02  0.64471E-03  0.10990E-03
 0.12000E+01  0.23874E-01 -0.62972E-01 -0.95161E-03  0.14074E+00  0.21286E+00  0.19838E+00  0.14767E+00  0.97246E-01  0.59434E-01  0.34416E-01  0.18959E-01  0.98439E-02  0.46851E-02  0.19052E-02  0.54769E-03  0.41858E-04
 0.14000E+01  0.31217E-01 -0.69155E-01 -0.22658E-01  0.11313E+00  0.18871E+00  0.18103E+00  0.13651E+00  0.90533E-01  0.55571E-01  0.32274E-01  0.17820E-01  0.92733E-02  0.44255E-02  0.18084E-02  0.52718E-03  0.46484E-04
 0.16000E+01  0.29168E-01 -0.67919E-01 -0.30574E-01  0.92017E-01  0.16265E+00  0.15829E+00  0.12009E+00  0.79958E-01  0.49271E-01  0.28760E-01  0.16000E-01  0.84291E-02  0.41135E-02  0.17634E-02  0.58804E-03  0.11347E-03
 0.18000E+01  0.21792E-01 -0.62934E-01 -0.30615E-01  0.75506E-01  0.13675E+00  0.13355E+00  0.10143E+00  0.67666E-01  0.41887E-01  0.24658E-01  0.13917E-01  0.75130E-02  0.38287E-02  0.17872E-02  0.72098E-03  0.23017E-03
 0.20000E+01  0.11346E-01 -0.55980E-01 -0.25993E-01  0.62228E-01  0.11167E+00  0.10824E+00  0.81859E-01  0.54638E-01  0.34038E-01  0.20319E-01  0.11752E-01  0.66035E-02  0.35937E-02  0.18749E-02  0.91187E-03  0.38473E-03
 0.22000E+01 -0.74520E-03 -0.48114E-01 -0.18664E-01  0.51370E-01  0.87852E-01  0.83320E-01  0.62302E-01  0.41529E-01  0.26134E-01  0.15973E-01  0.96152E-02  0.57416E-02  0.34128E-02  0.20139E-02  0.11441E-02  0.56489E-03
 0.24000E+01 -0.13543E-01 -0.39907E-01 -0.98206E-02  0.42360E-01  0.65492E-01  0.59315E-01  0.43259E-01  0.28710E-01  0.18407E-01  0.11746E-01  0.75671E-02  0.49487E-02  0.32862E-02  0.21950E-02  0.14066E-02  0.76270E-03
 0.26000E+01 -0.26578E-01 -0.31755E-01 -0.24836E-03  0.34748E-01  0.44594E-01  0.36451E-01  0.24981E-01  0.16371E-01  0.10974E-01  0.76997E-02  0.56307E-02  0.42263E-02  0.32049E-02  0.24055E-02  0.16873E-02  0.97027E-03
 0.28000E+01 -0.39798E-01 -0.23692E-01  0.98326E-02  0.28181E-01  0.24806E-01  0.14455E-01  0.72881E-02  0.44000E-02  0.37681E-02  0.37951E-02  0.37844E-02  0.35627E-02  0.31626E-02  0.26422E-02  0.19850E-02  0.11870E-02
 0.30000E+01 -0.51042E-01 -0.17017E-01  0.17555E-01  0.21197E-01  0.65704E-02 -0.53282E-02 -0.84682E-02 -0.62096E-02 -0.26074E-02  0.33592E-03  0.21388E-02  0.29583E-02  0.31064E-02  0.28339E-02  0.22342E-02  0.13700E-02
