 0.00000E+00  0.57246E+00  0.34934E+00  0.39602E-01 -0.93468E-01 -0.83492E-01 -0.42856E-01 -0.16040E-01 -0.39513E-02  0.28572E-03  0.12620E-02  0.11197E-02  0.71543E-03  0.35041E-03  0.10232E-03 -0.24330E-04 -0.50832E-04
 0.20000E+00  0.49492E+00  0.45966E+00  0.26741E+00  0.96021E-01  0.11056E-01 -0.16141E-01 -0.19580E-01 -0.15955E-01 -0.11376E-01 -0.76101E-02 -0.49012E-02 -0.30687E-02 -0.18746E-02 -0.11138E-02 -0.62631E-03 -0.30403E-03
 0.40000E+00  0.16514E-01  0.22215E+00  0.33025E+00  0.27118E+00  0.15508E+00  0.69084E-01  0.24652E-01  0.60203E-02 -0.46744E-03 -0.20663E-02 -0.19613E-02 -0.14136E-02 -0.87668E-03 -0.47694E-03 -0.22260E-03 -0.84710E-04
 0.60000E+00 -0.11171E+00  0.95216E-01  0.26821E+00  0.28153E+00  0.20382E+00  0.12394E+00  0.70241E-01  0.39000E-01  0.21657E-01  0.12112E-01  0.68297E-02  0.38761E-02  0.22078E-02  0.12524E-02  0.68471E-03  0.32678E-03
 0.80000E+00 -0.11560E+00  0.29650E-01  0.18775E+00  0.24235E+00  0.21042E+00  0.15251E+00  0.10126E+00  0.64217E-01  0.39669E-01  0.24099E-01  0.14437E-01  0.85175E-02  0.49318E-02  0.27797E-02  0.14817E-02  0.68541E-03
 0.10000E+01 -0.91490E-01 -0.50780E-02  0.12305E+00  0.19883E+00  0.20108E+00  0.16321E+00  0.11748E+00  0.78839E-01  0.50704E-01  0.31728E-01  0.19440E-01  0.11672E-01  0.68544E-02  0.39099E-02  0.21064E-02  0.98340E-03
 0.12000E+01 -0.67918E-01 -0.23926E-01  0.77167E-01  0.16165E+00  0.18534E+00  0.16231E+00  0.12263E+00  0.85052E-01  0.56064E-01  0.35803E-01  0.22348E-01  0.13673E-01  0.81995E-02  0.47951E-02  0.26581E-02  0.12752E-02
 0.14000E+01 -0.50534E-01 -0.34140E-01  0.46092E-01  0.13212E+00  0.16789E+00  0.15512E+00  0.12109E+00  0.85970E-01  0.57770E-01  0.37558E-01  0.23876E-01  0.14908E-01  0.91582E-02  0.55143E-02  0.31589E-02  0.15615E-02
 0.16000E+01 -0.39616E-01 -0.39279E-01  0.25941E-01  0.10916E+00  0.15035E+00  0.14429E+00  0.11539E+00  0.83507E-01  0.57130E-01  0.37826E-01  0.24529E-01  0.15669E-01  0.98886E-02  0.61465E-02  0.36431E-02  0.18543E-02
 0.18000E+01 -0.32816E-01 -0.42059E-01  0.12232E-01  0.91210E-01  0.13452E+00  0.13303E+00  0.10849E+00  0.79853E-01  0.55543E-01  0.37417E-01  0.24723E-01  0.16131E-01  0.10431E-01  0.66632E-02  0.40603E-02  0.21138E-02
 0.20000E+01 -0.29926E-01 -0.42927E-01  0.37828E-02  0.76785E-01  0.11910E+00  0.12042E+00  0.99901E-01  0.74797E-01  0.52990E-01  0.36409E-01  0.24581E-01  0.16426E-01  0.10906E-01  0.71690E-02  0.44904E-02  0.23882E-02
 0.22000E+01 -0.29818E-01 -0.42616E-01 -0.10366E-02  0.65030E-01  0.10434E+00  0.10725E+00  0.90426E-01  0.68977E-01  0.49902E-01  0.35069E-01  0.24253E-01  0.16630E-01  0.11350E-01  0.76732E-02  0.49315E-02  0.26733E-02
 0.24000E+01 -0.31648E-01 -0.41555E-01 -0.33545E-02  0.55234E-01  0.90218E-01  0.93889E-01  0.80502E-01  0.62748E-01  0.46525E-01  0.33553E-01  0.23831E-01  0.16794E-01  0.11784E-01  0.81845E-02  0.53848E-02  0.29681E-02
 0.26000E+01 -0.34996E-01 -0.39952E-01 -0.37982E-02  0.46887E-01  0.76541E-01  0.80347E-01  0.70230E-01  0.56220E-01  0.42951E-01  0.31931E-01  0.23366E-01  0.16953E-01  0.12232E-01  0.87184E-02  0.58604E-02  0.32780E-02
 0.28000E+01 -0.39650E-01 -0.37916E-01 -0.27318E-02  0.39624E-01  0.63077E-01  0.66521E-01  0.59579E-01  0.49400E-01  0.39207E-01  0.30231E-01  0.22883E-01  0.17128E-01  0.12714E-01  0.92900E-02  0.63688E-02  0.36092E-02
 0.30000E+01 -0.43416E-01 -0.36175E-01 -0.24754E-02  0.32129E-01  0.50096E-01  0.53438E-01  0.49565E-01  0.42991E-01  0.35669E-01  0.28600E-01  0.22388E-01  0.17250E-01  0.13126E-01  0.97923E-02  0.68198E-02  0.39041E-02
