 0.00000E+00  0.81209E+00  0.30065E+00 -0.66441E-01 -0.20592E+00 -0.17330E+00 -0.76535E-01  0.62222E-02  0.49302E-01  0.59946E-01  0.53638E-01  0.41846E-01  0.30247E-01  0.20767E-01  0.13623E-01  0.84840E-02  0.49463E-02
 0.20000E+00  0.29472E+00  0.44620E+00  0.43728E+00  0.29960E+00  0.12271E+00 -0.16200E-01 -0.88982E-01 -0.10724E+00 -0.95713E-01 -0.74246E-01 -0.53291E-01 -0.36479E-01 -0.24115E-01 -0.15396E-01 -0.94016E-02 -0.54042E-02
 0.40000E+00 -0.50595E-01  0.20538E+00  0.33834E+00  0.32825E+00  0.23036E+00  0.11745E+00  0.34107E-01 -0.10586E-01 -0.26874E-01 -0.28084E-01 -0.23446E-01 -0.17622E-01 -0.12417E-01 -0.82978E-02 -0.52380E-02 -0.30841E-02
 0.60000E+00 -0.51643E-01  0.82102E-01  0.18093E+00  0.21864E+00  0.20242E+00  0.15789E+00  0.10929E+00  0.69747E-01  0.42317E-01  0.24972E-01  0.14543E-01  0.84160E-02  0.48425E-02  0.27549E-02  0.15310E-02  0.81646E-03
 0.80000E+00 -0.32653E-01  0.34259E-01  0.10552E+00  0.15637E+00  0.17398E+00  0.16164E+00  0.13217E+00  0.98619E-01  0.69070E-01  0.46407E-01  0.30370E-01  0.19521E-01  0.12340E-01  0.76258E-02  0.45478E-02  0.25698E-02
 0.10000E+01 -0.20558E-01  0.12429E-01  0.67741E-01  0.12248E+00  0.15508E+00  0.15824E+00  0.13885E+00  0.10934E+00  0.79834E-01  0.55407E-01  0.37203E-01  0.24412E-01  0.15693E-01  0.98300E-02  0.59253E-02  0.33758E-02
 0.12000E+01 -0.11899E-01 -0.97838E-03  0.42988E-01  0.98870E-01  0.14015E+00  0.15302E+00  0.14044E+00  0.11415E+00  0.85286E-01  0.60225E-01  0.40984E-01  0.27181E-01  0.17623E-01  0.11115E-01  0.67356E-02  0.38532E-02
 0.14000E+01 -0.50391E-02 -0.10529E-01  0.24216E-01  0.79831E-01  0.12671E+00  0.14652E+00  0.13924E+00  0.11583E+00  0.87973E-01  0.62885E-01  0.43198E-01  0.28864E-01  0.18826E-01  0.11930E-01  0.72567E-02  0.41631E-02
 0.16000E+01  0.32955E-03 -0.17379E-01  0.97748E-02  0.64153E-01  0.11440E+00  0.13911E+00  0.13600E+00  0.11521E+00  0.88615E-01  0.63938E-01  0.44239E-01  0.29729E-01  0.19479E-01  0.12390E-01  0.75578E-02  0.43453E-02
 0.18000E+01  0.43455E-02 -0.22110E-01 -0.10691E-02  0.51449E-01  0.10335E+00  0.13132E+00  0.13140E+00  0.11293E+00  0.87733E-01  0.63769E-01  0.44374E-01  0.29955E-01  0.19699E-01  0.12566E-01  0.76830E-02  0.44250E-02
 0.20000E+01  0.72195E-02 -0.25228E-01 -0.90103E-02  0.41316E-01  0.93639E-01  0.12360E+00  0.12605E+00  0.10960E+00  0.85826E-01  0.62750E-01  0.43865E-01  0.29720E-01  0.19603E-01  0.12534E-01  0.76777E-02  0.44283E-02
 0.22000E+01  0.91941E-02 -0.27173E-01 -0.14716E-01  0.33302E-01  0.85218E-01  0.11624E+00  0.12042E+00  0.10570E+00  0.83310E-01  0.61201E-01  0.42941E-01  0.29181E-01  0.19294E-01  0.12361E-01  0.75831E-02  0.43788E-02
 0.24000E+01  0.10506E-01 -0.28309E-01 -0.18781E-01  0.26954E-01  0.77955E-01  0.10941E+00  0.11485E+00  0.10160E+00  0.80498E-01  0.59368E-01  0.41784E-01  0.28465E-01  0.18859E-01  0.12101E-01  0.74334E-02  0.42966E-02
 0.26000E+01  0.11344E-01 -0.28899E-01 -0.21667E-01  0.21881E-01  0.71676E-01  0.10315E+00  0.10949E+00  0.97489E-01  0.77587E-01  0.57410E-01  0.40511E-01  0.27655E-01  0.18353E-01  0.11793E-01  0.72521E-02  0.41953E-02
 0.28000E+01  0.11839E-01 -0.29118E-01 -0.23701E-01  0.17787E-01  0.66218E-01  0.97433E-01  0.10441E+00  0.93489E-01  0.74684E-01  0.55418E-01  0.39191E-01  0.26803E-01  0.17814E-01  0.11460E-01  0.70537E-02  0.40834E-02
 0.30000E+01  0.12135E-01 -0.28988E-01 -0.25329E-01  0.13739E-01  0.60321E-01  0.90931E-01  0.98443E-01  0.88660E-01  0.71109E-01  0.52922E-01  0.37514E-01  0.25705E-01  0.17111E-01  0.11022E-01  0.67908E-02  0.39342E-02
 0.00000E+00  0.81209E+00  0.30065E+00 -0.66441E-01 -0.20592E+00 -0.17330E+00 -0.76535E-01  0.62222E-02  0.49302E-01  0.59946E-01  0.53638E-01  0.41846E-01  0.30247E-01  0.20767E-01  0.13623E-01  0.84840E-02  0.49463E-02
 0.20000E+00  0.29472E+00  0.44620E+00  0.43728E+00  0.29960E+00  0.12271E+00 -0.16200E-01 -0.88982E-01 -0.10724E+00 -0.95713E-01 -0.74246E-01 -0.53291E-01 -0.36479E-01 -0.24115E-01 -0.15396E-01 -0.94016E-02 -0.54042E-02
 0.40000E+00 -0.50595E-01  0.20538E+00  0.33834E+00  0.32825E+00  0.23036E+00  0.11745E+00  0.34107E-01 -0.10586E-01 -0.26874E-01 -0.28084E-01 -0.23446E-01 -0.17622E-01 -0.12417E-01 -0.82978E-02 -0.52380E-02 -0.30841E-02
 0.60000E+00 -0.51643E-01  0.82102E-01  0.18093E+00  0.21864E+00  0.20242E+00  0.15789E+00  0.10929E+00  0.69747E-01  0.42317E-01  0.24972E-01  0.14543E-01  0.84160E-02  0.48425E-02  0.27549E-02  0.15310E-02  0.81646E-03
 0.80000E+00 -0.32653E-01  0.34259E-01  0.10552E+00  0.15637E+00  0.17398E+00  0.16164E+00  0.13217E+00  0.98619E-01  0.69070E-01  0.46407E-01  0.30370E-01  0.19521E-01  0.12340E-01  0.76258E-02  0.45478E-02  0.25698E-02
 0.10000E+01 -0.20558E-01  0.12429E-01  0.67741E-01  0.12248E+00  0.15508E+00  0.15824E+00  0.13885E+00  0.10934E+00  0.79834E-01  0.55407E-01  0.37203E-01  0.24412E-01  0.15693E-01  0.98300E-02  0.59253E-02  0.33758E-02
 0.12000E+01 -0.11899E-01 -0.97838E-03  0.42988E-01  0.98870E-01  0.14015E+00  0.15302E+00  0.14044E+00  0.11415E+00  0.85286E-01  0.60225E-01  0.40984E-01  0.27181E-01  0.17623E-01  0.11115E-01  0.67356E-02  0.38532E-02
 0.14000E+01 -0.50391E-02 -0.10529E-01  0.24216E-01  0.79831E-01  0.12671E+00  0.14652E+00  0.13924E+00  0.11583E+00  0.87973E-01  0.62885E-01  0.43198E-01  0.28864E-01  0.18826E-01  0.11930E-01  0.72567E-02  0.41631E-02
 0.16000E+01  0.32955E-03 -0.17379E-01  0.97748E-02  0.64153E-01  0.11440E+00  0.13911E+00  0.13600E+00  0.11521E+00  0.88615E-01  0.63938E-01  0.44239E-01  0.29729E-01  0.19479E-01  0.12390E-01  0.75578E-02  0.43453E-02
 0.18000E+01  0.43455E-02 -0.22110E-01 -0.10691E-02  0.51449E-01  0.10335E+00  0.13132E+00  0.13140E+00  0.11293E+00  0.87733E-01  0.63769E-01  0.44374E-01  0.29955E-01  0.19699E-01  0.12566E-01  0.76830E-02  0.44250E-02
 0.20000E+01  0.72195E-02 -0.25228E-01 -0.90103E-02  0.41316E-01  0.93639E-01  0.12360E+00  0.12605E+00  0.10960E+00  0.85826E-01  0.62750E-01  0.43865E-01  0.29720E-01  0.19603E-01  0.12534E-01  0.76777E-02  0.44283E-02
 0.22000E+01  0.91941E-02 -0.27173E-01 -0.14716E-01  0.33302E-01  0.85218E-01  0.11624E+00  0.12042E+00  0.10570E+00  0.83310E-01  0.61201E-01  0.42941E-01  0.29181E-01  0.19294E-01  0.12361E-01  0.75831E-02  0.43788E-02
 0.24000E+01  0.10506E-01 -0.28309E-01 -0.18781E-01  0.26954E-01  0.77955E-01  0.10941E+00  0.11485E+00  0.10160E+00  0.80498E-01  0.59368E-01  0.41784E-01  0.28465E-01  0.18859E-01  0.12101E-01  0.74334E-02  0.42966E-02
 0.26000E+01  0.11344E-01 -0.28899E-01 -0.21667E-01  0.21881E-01  0.71676E-01  0.10315E+00  0.10949E+00  0.97489E-01  0.77587E-01  0.57410E-01  0.40511E-01  0.27655E-01  0.18353E-01  0.11793E-01  0.72521E-02  0.41953E-02
 0.28000E+01  0.11839E-01 -0.29118E-01 -0.23701E-01  0.17787E-01  0.66218E-01  0.97433E-01  0.10441E+00  0.93489E-01  0.74684E-01  0.55418E-01  0.39191E-01  0.26803E-01  0.17814E-01  0.11460E-01  0.70537E-02  0.40834E-02
 0.30000E+01  0.12135E-01 -0.28988E-01 -0.25329E-01  0.13739E-01  0.60321E-01  0.90931E-01  0.98443E-01  0.88660E-01  0.71109E-01  0.52922E-01  0.37514E-01  0.25705E-01  0.17111E-01  0.11022E-01  0.67908E-02  0.39342E-02
