 0.00000E+00  0.68835E+00  0.34180E+00 -0.30467E-01 -0.13643E+00 -0.89473E-01 -0.33520E-01 -0.40122E-02  0.70709E-02  0.94600E-02  0.84482E-02  0.64770E-02  0.45566E-02  0.30218E-02  0.19089E-02  0.11287E-02  0.57142E-03
 0.20000E+00  0.42059E+00  0.45089E+00  0.30338E+00  0.12660E+00  0.21511E-01 -0.18025E-01 -0.25812E-01 -0.22612E-01 -0.16931E-01 -0.11666E-01 -0.75882E-02 -0.47067E-02 -0.27916E-02 -0.15786E-02 -0.83535E-03 -0.38473E-03
 0.40000E+00 -0.57157E-01  0.22845E+00  0.37646E+00  0.30190E+00  0.16495E+00  0.69689E-01  0.21756E-01  0.13864E-02 -0.57589E-02 -0.71386E-02 -0.63118E-02 -0.48843E-02 -0.35113E-02 -0.23965E-02 -0.15226E-02 -0.81454E-03
 0.60000E+00 -0.11378E+00  0.11009E+00  0.28359E+00  0.28695E+00  0.20319E+00  0.12161E+00  0.67109E-01  0.35122E-01  0.17337E-01  0.78003E-02  0.28920E-02  0.51733E-03 -0.51135E-03 -0.84292E-03 -0.79223E-03 -0.51979E-03
 0.80000E+00 -0.93851E-01  0.44614E-01  0.19174E+00  0.23747E+00  0.19978E+00  0.13954E+00  0.88826E-01  0.53690E-01  0.31208E-01  0.17398E-01  0.91769E-02  0.44465E-02  0.18400E-02  0.49995E-03 -0.74350E-04 -0.18638E-03
 0.10000E+01 -0.65344E-01  0.45950E-02  0.11901E+00  0.18636E+00  0.18117E+00  0.13985E+00  0.95914E-01  0.61696E-01  0.38017E-01  0.22530E-01  0.12779E-01  0.68507E-02  0.33823E-02  0.14536E-02  0.48158E-03  0.92434E-04
 0.12000E+01 -0.39068E-01 -0.21745E-01  0.62048E-01  0.14010E+00  0.15797E+00  0.13243E+00  0.95855E-01  0.64255E-01  0.41054E-01  0.25213E-01  0.14875E-01  0.83777E-02  0.44451E-02  0.21659E-02  0.92943E-03  0.33039E-03
 0.14000E+01 -0.16742E-01 -0.39457E-01  0.17291E-01  0.99488E-01  0.13375E+00  0.12123E+00  0.91886E-01  0.63688E-01  0.41865E-01  0.26423E-01  0.16050E-01  0.93608E-02  0.52055E-02  0.27228E-02  0.13052E-02  0.53986E-03
 0.16000E+01  0.12455E-02 -0.50947E-01 -0.17569E-01  0.63961E-01  0.10926E+00  0.10742E+00  0.85030E-01  0.60750E-01  0.40957E-01  0.26475E-01  0.16491E-01  0.99023E-02  0.57151E-02  0.31464E-02  0.16165E-02  0.72236E-03
 0.18000E+01  0.14927E-01 -0.57708E-01 -0.44219E-01  0.32867E-01  0.84758E-01  0.91545E-01  0.75821E-01  0.55843E-01  0.38599E-01  0.25539E-01  0.16295E-01  0.10054E-01  0.59979E-02  0.34459E-02  0.18649E-02  0.87732E-03
 0.20000E+01  0.24632E-01 -0.60845E-01 -0.64051E-01  0.56809E-02  0.60512E-01  0.74166E-01  0.64782E-01  0.49364E-01  0.35063E-01  0.23785E-01  0.15564E-01  0.98715E-02  0.60824E-02  0.36335E-02  0.20547E-02  0.10056E-02
 0.22000E+01  0.30862E-01 -0.61259E-01 -0.78252E-01 -0.17932E-01  0.36951E-01  0.55959E-01  0.52530E-01  0.41778E-01  0.30667E-01  0.21420E-01  0.14422E-01  0.94268E-02  0.60066E-02  0.37276E-02  0.21934E-02  0.11097E-02
 0.24000E+01  0.34193E-01 -0.59668E-01 -0.87890E-01 -0.38334E-01  0.14392E-01  0.37478E-01  0.39584E-01  0.33483E-01  0.25687E-01  0.18620E-01  0.12979E-01  0.87830E-02  0.58045E-02  0.37448E-02  0.22881E-02  0.11921E-02
 0.26000E+01  0.35204E-01 -0.56645E-01 -0.93946E-01 -0.55986E-01 -0.70540E-02  0.19078E-01  0.26308E-01  0.24774E-01  0.20336E-01  0.15530E-01  0.11326E-01  0.79949E-02  0.55076E-02  0.37020E-02  0.23471E-02  0.12563E-02
 0.28000E+01  0.34347E-01 -0.52608E-01 -0.97205E-01 -0.71346E-01 -0.27430E-01  0.91537E-03  0.12899E-01  0.15817E-01  0.14738E-01  0.12236E-01  0.95172E-02  0.70966E-02  0.51356E-02  0.36101E-02  0.23759E-02  0.13048E-02
 0.30000E+01  0.34560E-01 -0.50905E-01 -0.10217E+00 -0.84880E-01 -0.43754E-01 -0.13095E-01  0.27594E-02  0.91321E-02  0.10601E-01  0.98229E-02  0.82066E-02  0.64553E-02  0.48782E-02  0.35549E-02  0.24058E-02  0.13454E-02
