 0.00000E+00  0.69541E+00  0.32951E+00  0.25055E-01 -0.13013E+00 -0.14647E+00 -0.90637E-01 -0.25953E-01  0.16614E-01  0.34077E-01  0.35287E-01  0.29381E-01  0.21917E-01  0.15280E-01  0.10100E-01  0.63175E-02  0.36940E-02
 0.20000E+00  0.42228E+00  0.40309E+00  0.31505E+00  0.19301E+00  0.79165E-01  0.27663E-03 -0.39263E-01 -0.49736E-01 -0.44797E-01 -0.34645E-01 -0.24634E-01 -0.16656E-01 -0.10875E-01 -0.68705E-02 -0.41629E-02 -0.23801E-02
 0.40000E+00 -0.38310E-03  0.21199E+00  0.32584E+00  0.31582E+00  0.22298E+00  0.11133E+00  0.25485E-01 -0.21753E-01 -0.38404E-01 -0.37973E-01 -0.30875E-01 -0.22724E-01 -0.15721E-01 -0.10345E-01 -0.64541E-02 -0.37682E-02
 0.60000E+00 -0.89714E-01  0.96081E-01  0.22622E+00  0.26526E+00  0.22866E+00  0.15812E+00  0.90196E-01  0.42044E-01  0.14569E-01  0.16724E-02 -0.30819E-02 -0.40487E-02 -0.35579E-02 -0.26689E-02 -0.18042E-02 -0.11096E-02
 0.80000E+00 -0.71373E-01  0.35628E-01  0.13110E+00  0.18582E+00  0.19377E+00  0.16831E+00  0.12887E+00  0.90304E-01  0.59623E-01  0.37957E-01  0.23691E-01  0.14637E-01  0.89675E-02  0.54129E-02  0.31738E-02  0.17723E-02
 0.10000E+01 -0.40549E-01  0.63599E-02  0.69168E-01  0.12631E+00  0.15968E+00  0.16383E+00  0.14537E+00  0.11599E+00  0.85668E-01  0.59944E-01  0.40444E-01  0.26611E-01  0.17142E-01  0.10762E-01  0.65037E-02  0.37154E-02
 0.12000E+01 -0.17540E-01 -0.80285E-02  0.32232E-01  0.87545E-01  0.13390E+00  0.15514E+00  0.14994E+00  0.12736E+00  0.98590E-01  0.71484E-01  0.49558E-01  0.33293E-01  0.21790E-01  0.13847E-01  0.84453E-02  0.48574E-02
 0.14000E+01 -0.23658E-02 -0.15419E-01  0.99970E-02  0.62345E-01  0.11498E+00  0.14588E+00  0.14890E+00  0.13118E+00  0.10421E+00  0.77017E-01  0.54168E-01  0.36794E-01  0.24287E-01  0.15534E-01  0.95205E-02  0.54957E-02
 0.16000E+01  0.74676E-02 -0.19336E-01 -0.38069E-02  0.45463E-01  0.10086E+00  0.13719E+00  0.14540E+00  0.13119E+00  0.10595E+00  0.79258E-01  0.56258E-01  0.38485E-01  0.25543E-01  0.16406E-01  0.10087E-01  0.58366E-02
 0.18000E+01  0.13889E-01 -0.21435E-01 -0.12672E-01  0.33715E-01  0.89995E-01  0.12934E+00  0.14089E+00  0.12928E+00  0.10562E+00  0.79682E-01  0.56925E-01  0.39137E-01  0.26077E-01  0.16801E-01  0.10353E-01  0.60010E-02
 0.20000E+01  0.18111E-01 -0.22528E-01 -0.18519E-01  0.25251E-01  0.81385E-01  0.12230E+00  0.13604E+00  0.12639E+00  0.10415E+00  0.79070E-01  0.56763E-01  0.39174E-01  0.26179E-01  0.16905E-01  0.10436E-01  0.60569E-02
 0.22000E+01  0.20879E-01 -0.23037E-01 -0.22435E-01  0.18986E-01  0.74394E-01  0.11599E+00  0.13115E+00  0.12304E+00  0.10206E+00  0.77864E-01  0.56108E-01  0.38837E-01  0.26015E-01  0.16830E-01  0.10404E-01  0.60447E-02
 0.24000E+01  0.22677E-01 -0.23195E-01 -0.25085E-01  0.14229E-01  0.68592E-01  0.11032E+00  0.12640E+00  0.11951E+00  0.99654E-01  0.76323E-01  0.55165E-01  0.38276E-01  0.25689E-01  0.16643E-01  0.10301E-01  0.59896E-02
 0.26000E+01  0.23820E-01 -0.23134E-01 -0.26876E-01  0.10532E-01  0.63671E-01  0.10516E+00  0.12183E+00  0.11592E+00  0.97081E-01  0.74592E-01  0.54049E-01  0.37577E-01  0.25259E-01  0.16386E-01  0.10151E-01  0.59066E-02
 0.28000E+01  0.24498E-01 -0.22926E-01 -0.28056E-01  0.76152E-02  0.59428E-01  0.10045E+00  0.11745E+00  0.11235E+00  0.94428E-01  0.72750E-01  0.52825E-01  0.36788E-01  0.24762E-01  0.16080E-01  0.99693E-02  0.58046E-02
 0.30000E+01  0.24851E-01 -0.22407E-01 -0.28731E-01  0.49281E-02  0.54906E-01  0.94995E-01  0.11210E+00  0.10779E+00  0.90925E-01  0.70239E-01  0.51110E-01  0.35653E-01  0.24030E-01  0.15621E-01  0.96928E-02  0.56470E-02
 0.00000E+00  0.69541E+00  0.32951E+00  0.25055E-01 -0.13013E+00 -0.14647E+00 -0.90637E-01 -0.25953E-01  0.16614E-01  0.34077E-01  0.35287E-01  0.29381E-01  0.21917E-01  0.15280E-01  0.10100E-01  0.63175E-02  0.36940E-02
 0.20000E+00  0.42228E+00  0.40309E+00  0.31505E+00  0.19301E+00  0.79165E-01  0.27663E-03 -0.39263E-01 -0.49736E-01 -0.44797E-01 -0.34645E-01 -0.24634E-01 -0.16656E-01 -0.10875E-01 -0.68705E-02 -0.41629E-02 -0.23801E-02
 0.40000E+00 -0.38310E-03  0.21199E+00  0.32584E+00  0.31582E+00  0.22298E+00  0.11133E+00  0.25485E-01 -0.21753E-01 -0.38404E-01 -0.37973E-01 -0.30875E-01 -0.22724E-01 -0.15721E-01 -0.10345E-01 -0.64541E-02 -0.37682E-02
 0.60000E+00 -0.89714E-01  0.96081E-01  0.22622E+00  0.26526E+00  0.22866E+00  0.15812E+00  0.90196E-01  0.42044E-01  0.14569E-01  0.16724E-02 -0.30819E-02 -0.40487E-02 -0.35579E-02 -0.26689E-02 -0.18042E-02 -0.11096E-02
 0.80000E+00 -0.71373E-01  0.35628E-01  0.13110E+00  0.18582E+00  0.19377E+00  0.16831E+00  0.12887E+00  0.90304E-01  0.59623E-01  0.37957E-01  0.23691E-01  0.14637E-01  0.89675E-02  0.54129E-02  0.31738E-02  0.17723E-02
 0.10000E+01 -0.40549E-01  0.63599E-02  0.69168E-01  0.12631E+00  0.15968E+00  0.16383E+00  0.14537E+00  0.11599E+00  0.85668E-01  0.59944E-01  0.40444E-01  0.26611E-01  0.17142E-01  0.10762E-01  0.65037E-02  0.37154E-02
 0.12000E+01 -0.17540E-01 -0.80285E-02  0.32232E-01  0.87545E-01  0.13390E+00  0.15514E+00  0.14994E+00  0.12736E+00  0.98590E-01  0.71484E-01  0.49558E-01  0.33293E-01  0.21790E-01  0.13847E-01  0.84453E-02  0.48574E-02
 0.14000E+01 -0.23658E-02 -0.15419E-01  0.99970E-02  0.62345E-01  0.11498E+00  0.14588E+00  0.14890E+00  0.13118E+00  0.10421E+00  0.77017E-01  0.54168E-01  0.36794E-01  0.24287E-01  0.15534E-01  0.95205E-02  0.54957E-02
 0.16000E+01  0.74676E-02 -0.19336E-01 -0.38069E-02  0.45463E-01  0.10086E+00  0.13719E+00  0.14540E+00  0.13119E+00  0.10595E+00  0.79258E-01  0.56258E-01  0.38485E-01  0.25543E-01  0.16406E-01  0.10087E-01  0.58366E-02
 0.18000E+01  0.13889E-01 -0.21435E-01 -0.12672E-01  0.33715E-01  0.89995E-01  0.12934E+00  0.14089E+00  0.12928E+00  0.10562E+00  0.79682E-01  0.56925E-01  0.39137E-01  0.26077E-01  0.16801E-01  0.10353E-01  0.60010E-02
 0.20000E+01  0.18111E-01 -0.22528E-01 -0.18519E-01  0.25251E-01  0.81385E-01  0.12230E+00  0.13604E+00  0.12639E+00  0.10415E+00  0.79070E-01  0.56763E-01  0.39174E-01  0.26179E-01  0.16905E-01  0.10436E-01  0.60569E-02
 0.22000E+01  0.20879E-01 -0.23037E-01 -0.22435E-01  0.18986E-01  0.74394E-01  0.11599E+00  0.13115E+00  0.12304E+00  0.10206E+00  0.77864E-01  0.56108E-01  0.38837E-01  0.26015E-01  0.16830E-01  0.10404E-01  0.60447E-02
 0.24000E+01  0.22677E-01 -0.23195E-01 -0.25085E-01  0.14229E-01  0.68592E-01  0.11032E+00  0.12640E+00  0.11951E+00  0.99654E-01  0.76323E-01  0.55165E-01  0.38276E-01  0.25689E-01  0.16643E-01  0.10301E-01  0.59896E-02
 0.26000E+01  0.23820E-01 -0.23134E-01 -0.26876E-01  0.10532E-01  0.63671E-01  0.10516E+00  0.12183E+00  0.11592E+00  0.97081E-01  0.74592E-01  0.54049E-01  0.37577E-01  0.25259E-01  0.16386E-01  0.10151E-01  0.59066E-02
 0.28000E+01  0.24498E-01 -0.22926E-01 -0.28056E-01  0.76152E-02  0.59428E-01  0.10045E+00  0.11745E+00  0.11235E+00  0.94428E-01  0.72750E-01  0.52825E-01  0.36788E-01  0.24762E-01  0.16080E-01  0.99693E-02  0.58046E-02
 0.30000E+01  0.24851E-01 -0.22407E-01 -0.28731E-01  0.49281E-02  0.54906E-01  0.94995E-01  0.11210E+00  0.10779E+00  0.90925E-01  0.70239E-01  0.51110E-01  0.35653E-01  0.24030E-01  0.15621E-01  0.96928E-02  0.56470E-02
