 0.00000E+00  0.83180E+00  0.32130E+00 -0.50814E-01 -0.20167E+00 -0.18258E+00 -0.95801E-01 -0.16587E-01  0.28454E-01  0.43674E-01  0.42056E-01  0.33911E-01  0.24810E-01  0.16999E-01  0.11024E-01  0.67536E-02  0.38687E-02
 0.20000E+00  0.25057E+00  0.43175E+00  0.44571E+00  0.32038E+00  0.14673E+00  0.52794E-02 -0.72731E-01 -0.96545E-01 -0.89453E-01 -0.70799E-01 -0.51280E-01 -0.35074E-01 -0.22967E-01 -0.14435E-01 -0.86523E-02 -0.48817E-02
 0.40000E+00 -0.29612E-01  0.18238E+00  0.29621E+00  0.29466E+00  0.22004E+00  0.12921E+00  0.58090E-01  0.15687E-01 -0.41460E-02 -0.10739E-01 -0.11080E-01 -0.91126E-02 -0.66896E-02 -0.45381E-02 -0.28670E-02 -0.16778E-02
 0.60000E+00 -0.36746E-01  0.80037E-01  0.16795E+00  0.20368E+00  0.19198E+00  0.15389E+00  0.11021E+00  0.73018E-01  0.45940E-01  0.27956E-01  0.16647E-01  0.97629E-02  0.56501E-02  0.32164E-02  0.17838E-02  0.94837E-03
 0.80000E+00 -0.29709E-01  0.45050E-01  0.11681E+00  0.16211E+00  0.17246E+00  0.15487E+00  0.12333E+00  0.90099E-01  0.61939E-01  0.40827E-01  0.26131E-01  0.16356E-01  0.10032E-01  0.60058E-02  0.34735E-02  0.19098E-02
 0.10000E+01 -0.24259E-01  0.27229E-01  0.89024E-01  0.13818E+00  0.15958E+00  0.15286E+00  0.12818E+00  0.97604E-01  0.69383E-01  0.47002E-01  0.30773E-01  0.19631E-01  0.12233E-01  0.74187E-02  0.43351E-02  0.24024E-02
 0.12000E+01 -0.18483E-01  0.12280E-01  0.64340E-01  0.11569E+00  0.14597E+00  0.14856E+00  0.13016E+00  0.10242E+00  0.74657E-01  0.51587E-01  0.34320E-01  0.22183E-01  0.13973E-01  0.85483E-02  0.50296E-02  0.28020E-02
 0.14000E+01 -0.12539E-01 -0.75199E-03  0.41351E-01  0.93232E-01  0.13048E+00  0.14119E+00  0.12881E+00  0.10428E+00  0.77633E-01  0.54523E-01  0.36748E-01  0.24007E-01  0.15253E-01  0.93979E-02  0.55603E-02  0.31108E-02
 0.16000E+01 -0.73615E-02 -0.10693E-01  0.22316E-01  0.72956E-01  0.11447E+00  0.13121E+00  0.12395E+00  0.10272E+00  0.77777E-01  0.55335E-01  0.37683E-01  0.24827E-01  0.15885E-01  0.98434E-02  0.58505E-02  0.32848E-02
 0.18000E+01 -0.34606E-02 -0.17330E-01  0.81356E-02  0.56187E-01  0.99339E-01  0.11982E+00  0.11648E+00  0.98338E-01  0.75450E-01  0.54225E-01  0.37230E-01  0.24695E-01  0.15891E-01  0.98934E-02  0.59026E-02  0.33240E-02
 0.20000E+01 -0.84721E-03 -0.21240E-01 -0.16530E-02  0.43058E-01  0.85875E-01  0.10821E+00  0.10764E+00  0.92212E-01  0.71484E-01  0.51786E-01  0.35787E-01  0.23869E-01  0.15432E-01  0.96461E-02  0.57740E-02  0.32601E-02
 0.22000E+01  0.71605E-03 -0.23220E-01 -0.80519E-02  0.33080E-01  0.74337E-01  0.97201E-01  0.98501E-01  0.85353E-01  0.66709E-01  0.48636E-01  0.33789E-01  0.22640E-01  0.14697E-01  0.92180E-02  0.55338E-02  0.31319E-02
 0.24000E+01  0.15288E-02 -0.23975E-01 -0.12078E-01  0.25572E-01  0.64658E-01  0.87239E-01  0.89745E-01  0.78485E-01  0.61745E-01  0.45252E-01  0.31578E-01  0.21242E-01  0.13837E-01  0.87055E-02  0.52400E-02  0.29720E-02
 0.26000E+01  0.18473E-02 -0.24010E-01 -0.14529E-01  0.19915E-01  0.56618E-01  0.78474E-01  0.81734E-01  0.72020E-01  0.56966E-01  0.41932E-01  0.29372E-01  0.19825E-01  0.12955E-01  0.81733E-02  0.49316E-02  0.28028E-02
 0.28000E+01  0.18497E-02 -0.23654E-01 -0.15958E-01  0.15634E-01  0.49982E-01  0.70908E-01  0.74624E-01  0.66167E-01  0.52574E-01  0.38842E-01  0.27297E-01  0.18481E-01  0.12110E-01  0.76601E-02  0.46324E-02  0.26379E-02
 0.30000E+01  0.16492E-02 -0.22914E-01 -0.16804E-01  0.11752E-01  0.43392E-01  0.63081E-01  0.67091E-01  0.59865E-01  0.47788E-01  0.35443E-01  0.24996E-01  0.16980E-01  0.11161E-01  0.70807E-02  0.42932E-02  0.24502E-02
 0.00000E+00  0.83180E+00  0.32130E+00 -0.50814E-01 -0.20167E+00 -0.18258E+00 -0.95801E-01 -0.16587E-01  0.28454E-01  0.43674E-01  0.42056E-01  0.33911E-01  0.24810E-01  0.16999E-01  0.11024E-01  0.67536E-02  0.38687E-02
 0.20000E+00  0.25057E+00  0.43175E+00  0.44571E+00  0.32038E+00  0.14673E+00  0.52794E-02 -0.72731E-01 -0.96545E-01 -0.89453E-01 -0.70799E-01 -0.51280E-01 -0.35074E-01 -0.22967E-01 -0.14435E-01 -0.86523E-02 -0.48817E-02
 0.40000E+00 -0.29612E-01  0.18238E+00  0.29621E+00  0.29466E+00  0.22004E+00  0.12921E+00  0.58090E-01  0.15687E-01 -0.41460E-02 -0.10739E-01 -0.11080E-01 -0.91126E-02 -0.66896E-02 -0.45381E-02 -0.28670E-02 -0.16778E-02
 0.60000E+00 -0.36746E-01  0.80037E-01  0.16795E+00  0.20368E+00  0.19198E+00  0.15389E+00  0.11021E+00  0.73018E-01  0.45940E-01  0.27956E-01  0.16647E-01  0.97629E-02  0.56501E-02  0.32164E-02  0.17838E-02  0.94837E-03
 0.80000E+00 -0.29709E-01  0.45050E-01  0.11681E+00  0.16211E+00  0.17246E+00  0.15487E+00  0.12333E+00  0.90099E-01  0.61939E-01  0.40827E-01  0.26131E-01  0.16356E-01  0.10032E-01  0.60058E-02  0.34735E-02  0.19098E-02
 0.10000E+01 -0.24259E-01  0.27229E-01  0.89024E-01  0.13818E+00  0.15958E+00  0.15286E+00  0.12818E+00  0.97604E-01  0.69383E-01  0.47002E-01  0.30773E-01  0.19631E-01  0.12233E-01  0.74187E-02  0.43351E-02  0.24024E-02
 0.12000E+01 -0.18483E-01  0.12280E-01  0.64340E-01  0.11569E+00  0.14597E+00  0.14856E+00  0.13016E+00  0.10242E+00  0.74657E-01  0.51587E-01  0.34320E-01  0.22183E-01  0.13973E-01  0.85483E-02  0.50296E-02  0.28020E-02
 0.14000E+01 -0.12539E-01 -0.75199E-03  0.41351E-01  0.93232E-01  0.13048E+00  0.14119E+00  0.12881E+00  0.10428E+00  0.77633E-01  0.54523E-01  0.36748E-01  0.24007E-01  0.15253E-01  0.93979E-02  0.55603E-02  0.31108E-02
 0.16000E+01 -0.73615E-02 -0.10693E-01  0.22316E-01  0.72956E-01  0.11447E+00  0.13121E+00  0.12395E+00  0.10272E+00  0.77777E-01  0.55335E-01  0.37683E-01  0.24827E-01  0.15885E-01  0.98434E-02  0.58505E-02  0.32848E-02
 0.18000E+01 -0.34606E-02 -0.17330E-01  0.81356E-02  0.56187E-01  0.99339E-01  0.11982E+00  0.11648E+00  0.98338E-01  0.75450E-01  0.54225E-01  0.37230E-01  0.24695E-01  0.15891E-01  0.98934E-02  0.59026E-02  0.33240E-02
 0.20000E+01 -0.84721E-03 -0.21240E-01 -0.16530E-02  0.43058E-01  0.85875E-01  0.10821E+00  0.10764E+00  0.92212E-01  0.71484E-01  0.51786E-01  0.35787E-01  0.23869E-01  0.15432E-01  0.96461E-02  0.57740E-02  0.32601E-02
 0.22000E+01  0.71605E-03 -0.23220E-01 -0.80519E-02  0.33080E-01  0.74337E-01  0.97201E-01  0.98501E-01  0.85353E-01  0.66709E-01  0.48636E-01  0.33789E-01  0.22640E-01  0.14697E-01  0.92180E-02  0.55338E-02  0.31319E-02
 0.24000E+01  0.15288E-02 -0.23975E-01 -0.12078E-01  0.25572E-01  0.64658E-01  0.87239E-01  0.89745E-01  0.78485E-01  0.61745E-01  0.45252E-01  0.31578E-01  0.21242E-01  0.13837E-01  0.87055E-02  0.52400E-02  0.29720E-02
 0.26000E+01  0.18473E-02 -0.24010E-01 -0.14529E-01  0.19915E-01  0.56618E-01  0.78474E-01  0.81734E-01  0.72020E-01  0.56966E-01  0.41932E-01  0.29372E-01  0.19825E-01  0.12955E-01  0.81733E-02  0.49316E-02  0.28028E-02
 0.28000E+01  0.18497E-02 -0.23654E-01 -0.15958E-01  0.15634E-01  0.49982E-01  0.70908E-01  0.74624E-01  0.66167E-01  0.52574E-01  0.38842E-01  0.27297E-01  0.18481E-01  0.12110E-01  0.76601E-02  0.46324E-02  0.26379E-02
 0.30000E+01  0.16492E-02 -0.22914E-01 -0.16804E-01  0.11752E-01  0.43392E-01  0.63081E-01  0.67091E-01  0.59865E-01  0.47788E-01  0.35443E-01  0.24996E-01  0.16980E-01  0.11161E-01  0.70807E-02  0.42932E-02  0.24502E-02
