 0.00000E+00  0.70025E+00  0.32473E+00 -0.56696E-01 -0.14821E+00 -0.77871E-01 -0.47720E-02  0.27515E-01  0.31460E-01  0.24802E-01  0.16921E-01  0.10759E-01  0.65660E-02  0.38873E-02  0.22319E-02  0.12135E-02  0.57326E-03
 0.20000E+00  0.38845E+00  0.45615E+00  0.33334E+00  0.14592E+00  0.16931E-01 -0.36378E-01 -0.44610E-01 -0.35946E-01 -0.24841E-01 -0.16021E-01 -0.99967E-02 -0.61265E-02 -0.37082E-02 -0.22114E-02 -0.12615E-02 -0.62324E-03
 0.40000E+00 -0.35610E-01  0.26253E+00  0.39699E+00  0.29476E+00  0.13357E+00  0.27490E-01 -0.16354E-01 -0.25165E-01 -0.21110E-01 -0.14778E-01 -0.95411E-02 -0.58909E-02 -0.35247E-02 -0.20460E-02 -0.11256E-02 -0.53768E-03
 0.60000E+00 -0.12933E+00  0.11919E+00  0.29924E+00  0.29220E+00  0.19628E+00  0.10731E+00  0.52161E-01  0.24157E-01  0.11333E-01  0.56110E-02  0.29771E-02  0.16914E-02  0.10202E-02  0.64019E-03  0.39365E-03  0.20739E-03
 0.80000E+00 -0.10378E+00  0.14653E-01  0.16306E+00  0.23566E+00  0.22460E+00  0.17363E+00  0.11879E+00  0.75743E-01  0.46585E-01  0.28203E-01  0.16963E-01  0.10165E-01  0.60684E-02  0.35890E-02  0.20366E-02  0.10022E-02
 0.10000E+01 -0.27596E-01 -0.41907E-01  0.43207E-01  0.16237E+00  0.22141E+00  0.20971E+00  0.16290E+00  0.11254E+00  0.72662E-01  0.45199E-01  0.27528E-01  0.16529E-01  0.98023E-02  0.57167E-02  0.31857E-02  0.15422E-02
 0.12000E+01  0.30652E-01 -0.63888E-01 -0.28106E-01  0.10656E+00  0.20264E+00  0.21616E+00  0.17838E+00  0.12755E+00  0.83993E-01  0.52789E-01  0.32280E-01  0.19367E-01  0.11428E-01  0.66056E-02  0.36396E-02  0.17437E-02
 0.14000E+01  0.58828E-01 -0.69451E-01 -0.60878E-01  0.72615E-01  0.18111E+00  0.20659E+00  0.17580E+00  0.12786E+00  0.85007E-01  0.53694E-01  0.32893E-01  0.19723E-01  0.11604E-01  0.66741E-02  0.36538E-02  0.17400E-02
 0.16000E+01  0.67945E-01 -0.68600E-01 -0.72813E-01  0.52871E-01  0.16115E+00  0.19079E+00  0.16497E+00  0.12102E+00  0.80858E-01  0.51214E-01  0.31416E-01  0.18843E-01  0.11080E-01  0.63642E-02  0.34777E-02  0.16533E-02
 0.18000E+01  0.67298E-01 -0.65407E-01 -0.74642E-01  0.41072E-01  0.14344E+00  0.17324E+00  0.15097E+00  0.11119E+00  0.74471E-01  0.47249E-01  0.29025E-01  0.17435E-01  0.10270E-01  0.59104E-02  0.32371E-02  0.15422E-02
 0.20000E+01  0.61892E-01 -0.61386E-01 -0.71590E-01  0.33690E-01  0.12769E+00  0.15566E+00  0.13605E+00  0.10033E+00  0.67253E-01  0.42719E-01  0.26287E-01  0.15829E-01  0.93565E-02  0.54102E-02  0.29796E-02  0.14267E-02
 0.22000E+01  0.53834E-01 -0.57083E-01 -0.65847E-01  0.29067E-01  0.11350E+00  0.13849E+00  0.12089E+00  0.89041E-01  0.59665E-01  0.37930E-01  0.23394E-01  0.14142E-01  0.84085E-02  0.49011E-02  0.27247E-02  0.13159E-02
 0.24000E+01  0.44352E-01 -0.52779E-01 -0.58667E-01  0.26225E-01  0.10061E+00  0.12199E+00  0.10597E+00  0.77772E-01  0.52030E-01  0.33098E-01  0.20476E-01  0.12448E-01  0.74644E-02  0.44014E-02  0.24798E-02  0.12119E-02
 0.26000E+01  0.34215E-01 -0.48539E-01 -0.50739E-01  0.24526E-01  0.88770E-01  0.10620E+00  0.91437E-01  0.66702E-01  0.44492E-01  0.28318E-01  0.17591E-01  0.10778E-01  0.65401E-02  0.39175E-02  0.22464E-02  0.11148E-02
 0.28000E+01  0.23630E-01 -0.44440E-01 -0.42382E-01  0.23633E-01  0.77741E-01  0.91025E-01  0.77289E-01  0.55848E-01  0.37076E-01  0.23609E-01  0.14751E-01  0.91386E-02  0.56367E-02  0.34486E-02  0.20234E-02  0.10234E-02
 0.30000E+01  0.14895E-01 -0.40838E-01 -0.35862E-01  0.21627E-01  0.67008E-01  0.77088E-01  0.64640E-01  0.46293E-01  0.30601E-01  0.19508E-01  0.12270E-01  0.76939E-02  0.48274E-02  0.30167E-02  0.18091E-02  0.93123E-03
