 0.00000E+00  0.79430E+00  0.29676E+00 -0.10667E+00 -0.14496E+00 -0.53502E-01  0.62591E-02  0.24755E-01  0.23990E-01  0.17324E-01  0.10447E-01  0.52489E-02  0.19259E-02  0.71944E-04 -0.78424E-03 -0.96493E-03 -0.69700E-03
 0.20000E+00  0.31448E+00  0.48929E+00  0.38272E+00  0.14755E+00 -0.48490E-02 -0.55462E-01 -0.57071E-01 -0.43736E-01 -0.28947E-01 -0.17088E-01 -0.89401E-02 -0.39182E-02 -0.11094E-02  0.27093E-03  0.73154E-03  0.60594E-03
 0.40000E+00 -0.94754E-01  0.24741E+00  0.39738E+00  0.29349E+00  0.14567E+00  0.55711E-01  0.15357E-01  0.40274E-03 -0.35410E-02 -0.33920E-02 -0.21850E-02 -0.10522E-02 -0.28256E-03  0.13685E-03  0.27818E-03  0.22313E-03
 0.60000E+00 -0.79818E-01  0.10621E+00  0.25735E+00  0.26873E+00  0.20116E+00  0.12937E+00  0.77692E-01  0.44712E-01  0.24632E-01  0.12806E-01  0.60972E-02  0.24644E-02  0.61572E-03 -0.22660E-03 -0.48333E-03 -0.38790E-03
 0.80000E+00 -0.47146E-01  0.32014E-01  0.16010E+00  0.22739E+00  0.20910E+00  0.15516E+00  0.10338E+00  0.64478E-01  0.37936E-01  0.20897E-01  0.10558E-01  0.46410E-02  0.14734E-02 -0.57680E-04 -0.59915E-03 -0.53479E-03
 0.10000E+01 -0.21504E-01 -0.14688E-01  0.90111E-01  0.18795E+00  0.20189E+00  0.16268E+00  0.11408E+00  0.73780E-01  0.44689E-01  0.25291E-01  0.13183E-01  0.60882E-02  0.21989E-02  0.25769E-03 -0.49270E-03 -0.51303E-03
 0.12000E+01 -0.29995E-02 -0.44498E-01  0.39108E-01  0.15202E+00  0.18682E+00  0.15968E+00  0.11582E+00  0.76704E-01  0.47382E-01  0.27352E-01  0.14619E-01  0.70357E-02  0.28030E-02  0.63320E-03 -0.27018E-03 -0.39928E-03
 0.14000E+01  0.75067E-02 -0.60489E-01  0.50684E-02  0.12019E+00  0.16592E+00  0.14825E+00  0.11029E+00  0.74431E-01  0.46801E-01  0.27583E-01  0.15183E-01  0.76820E-02  0.34105E-02  0.11475E-02  0.11640E-03 -0.16839E-03
 0.16000E+01  0.99214E-02 -0.64868E-01 -0.14138E-01  0.91953E-01  0.13979E+00  0.12931E+00  0.98303E-01  0.67598E-01  0.43418E-01  0.26334E-01  0.15136E-01  0.82234E-02  0.41705E-02  0.19130E-02  0.74593E-03  0.22507E-03
 0.18000E+01  0.59109E-02 -0.60807E-01 -0.21989E-01  0.67023E-01  0.11040E+00  0.10524E+00  0.81814E-01  0.57576E-01  0.38093E-01  0.24095E-01  0.14725E-01  0.87648E-02  0.51097E-02  0.29185E-02  0.15957E-02  0.76294E-03
 0.20000E+01 -0.26614E-02 -0.51221E-01 -0.21879E-01  0.45023E-01  0.79537E-01  0.78301E-01  0.62697E-01  0.45677E-01  0.31644E-01  0.21315E-01  0.14163E-01  0.93769E-02  0.62240E-02  0.41275E-02  0.26236E-02  0.14154E-02
 0.22000E+01 -0.13884E-01 -0.38692E-01 -0.16840E-01  0.25768E-01  0.49069E-01  0.50726E-01  0.42795E-01  0.33170E-01  0.24838E-01  0.18397E-01  0.13610E-01  0.10081E-01  0.74653E-02  0.54660E-02  0.37592E-02  0.21356E-02
 0.24000E+01 -0.26660E-01 -0.24514E-01 -0.86693E-02  0.87211E-02  0.19498E-01  0.23326E-01  0.22818E-01  0.20564E-01  0.17991E-01  0.15506E-01  0.13136E-01  0.10891E-01  0.88175E-02  0.69065E-02  0.49759E-02  0.29056E-02
 0.26000E+01 -0.40099E-01 -0.98488E-02  0.11314E-02 -0.64387E-02 -0.85665E-02 -0.30559E-02  0.34863E-02  0.83640E-02  0.11405E-01  0.12794E-01  0.12791E-01  0.11797E-01  0.10244E-01  0.84040E-02  0.62331E-02  0.36992E-02
 0.28000E+01 -0.53960E-01  0.50494E-02  0.11985E-01 -0.20236E-01 -0.35456E-01 -0.28597E-01 -0.15286E-01 -0.34721E-02  0.50625E-02  0.10250E-01  0.12568E-01  0.12796E-01  0.11742E-01  0.99559E-02  0.75290E-02  0.45152E-02
 0.30000E+01 -0.64944E-01  0.16317E-01  0.18935E-01 -0.33426E-01 -0.58744E-01 -0.50182E-01 -0.30943E-01 -0.13237E-01 -0.10064E-03  0.82400E-02  0.12469E-01  0.13692E-01  0.13035E-01  0.11279E-01  0.86284E-02  0.52058E-02
