 0.00000E+00  0.79617E+00  0.36449E+00  0.17559E-01 -0.15798E+00 -0.18392E+00 -0.13419E+00 -0.72336E-01 -0.27680E-01 -0.37437E-02  0.59279E-02  0.81574E-02  0.73048E-02  0.55600E-02  0.38394E-02  0.24491E-02  0.14412E-02
 0.20000E+00  0.27655E+00  0.38271E+00  0.37689E+00  0.28098E+00  0.15492E+00  0.50727E-01 -0.11196E-01 -0.36373E-01 -0.39570E-01 -0.33350E-01 -0.24929E-01 -0.17371E-01 -0.11522E-01 -0.73135E-02 -0.44192E-02 -0.25098E-02
 0.40000E+00 -0.72211E-02  0.16551E+00  0.26479E+00  0.27271E+00  0.21830E+00  0.14499E+00  0.82710E-01  0.41284E-01  0.17978E-01  0.64536E-02  0.13970E-02 -0.49283E-03 -0.97493E-03 -0.90389E-03 -0.66708E-03 -0.42703E-03
 0.60000E+00 -0.33118E-01  0.85077E-01  0.17149E+00  0.20397E+00  0.18920E+00  0.14942E+00  0.10557E+00  0.69157E-01  0.43163E-01  0.26165E-01  0.15591E-01  0.91893E-02  0.53628E-02  0.30848E-02  0.17296E-02  0.92901E-03
 0.80000E+00 -0.33063E-01  0.55461E-01  0.12963E+00  0.16772E+00  0.16783E+00  0.14270E+00  0.10833E+00  0.75968E-01  0.50486E-01  0.32384E-01  0.20292E-01  0.12501E-01  0.75811E-02  0.45047E-02  0.25935E-02  0.14223E-02
 0.10000E+01 -0.30825E-01  0.39723E-01  0.10534E+00  0.14518E+00  0.15292E+00  0.13600E+00  0.10739E+00  0.77921E-01  0.53296E-01  0.35019E-01  0.22387E-01  0.14025E-01  0.86238E-02  0.51824E-02  0.30103E-02  0.16622E-02
 0.12000E+01 -0.27756E-01  0.27288E-01  0.84722E-01  0.12490E+00  0.13827E+00  0.12802E+00  0.10448E+00  0.77863E-01  0.54423E-01  0.36390E-01  0.23597E-01  0.14956E-01  0.92840E-02  0.56219E-02  0.32852E-02  0.18223E-02
 0.14000E+01 -0.24209E-01  0.16810E-01  0.66027E-01  0.10533E+00  0.12285E+00  0.11823E+00  0.99415E-01  0.75830E-01  0.53972E-01  0.36609E-01  0.24013E-01  0.15361E-01  0.96084E-02  0.58538E-02  0.34371E-02  0.19135E-02
 0.16000E+01 -0.20747E-01  0.86190E-02  0.50211E-01  0.87636E-01  0.10767E+00  0.10739E+00  0.92666E-01  0.72063E-01  0.52052E-01  0.35715E-01  0.23642E-01  0.15237E-01  0.95889E-02  0.58707E-02  0.34605E-02  0.19323E-02
 0.18000E+01 -0.17756E-01  0.26652E-02  0.37677E-01  0.72606E-01  0.93744E-01  0.96474E-01  0.85066E-01  0.67195E-01  0.49109E-01  0.34003E-01  0.22673E-01  0.14700E-01  0.92963E-02  0.57146E-02  0.33794E-02  0.18918E-02
 0.20000E+01 -0.15361E-01 -0.14660E-02  0.28120E-01  0.60320E-01  0.81546E-01  0.86207E-01  0.77373E-01  0.61889E-01  0.45654E-01  0.31840E-01  0.21354E-01  0.13912E-01  0.88338E-02  0.54487E-02  0.32311E-02  0.18127E-02
 0.22000E+01 -0.13531E-01 -0.42642E-02  0.20952E-01  0.50461E-01  0.71150E-01  0.76960E-01  0.70087E-01  0.56629E-01  0.42086E-01  0.29522E-01  0.19894E-01  0.13013E-01  0.82915E-02  0.51293E-02  0.30491E-02  0.17140E-02
 0.24000E+01 -0.12163E-01 -0.61439E-02  0.15583E-01  0.42591E-01  0.62418E-01  0.68856E-01  0.63469E-01  0.51707E-01  0.38662E-01  0.27251E-01  0.18437E-01  0.12101E-01  0.77335E-02  0.47966E-02  0.28577E-02  0.16093E-02
 0.26000E+01 -0.11151E-01 -0.74105E-02  0.11527E-01  0.36285E-01  0.55115E-01  0.61850E-01  0.57597E-01  0.47247E-01  0.35507E-01  0.25128E-01  0.17059E-01  0.11230E-01  0.71964E-02  0.44741E-02  0.26710E-02  0.15068E-02
 0.28000E+01 -0.10415E-01 -0.82714E-02  0.84320E-02  0.31207E-01  0.49019E-01  0.55846E-01  0.52463E-01  0.43289E-01  0.32673E-01  0.23203E-01  0.15799E-01  0.10429E-01  0.66991E-02  0.41741E-02  0.24967E-02  0.14107E-02
 0.30000E+01 -0.97319E-02 -0.89238E-02  0.55951E-02  0.26252E-01  0.42846E-01  0.49613E-01  0.47039E-01  0.39050E-01  0.29607E-01  0.21103E-01  0.14416E-01  0.95441E-02  0.61479E-02  0.38404E-02  0.23023E-02  0.13034E-02
 0.00000E+00  0.79617E+00  0.36449E+00  0.17559E-01 -0.15798E+00 -0.18392E+00 -0.13419E+00 -0.72336E-01 -0.27680E-01 -0.37437E-02  0.59279E-02  0.81574E-02  0.73048E-02  0.55600E-02  0.38394E-02  0.24491E-02  0.14412E-02
 0.20000E+00  0.27655E+00  0.38271E+00  0.37689E+00  0.28098E+00  0.15492E+00  0.50727E-01 -0.11196E-01 -0.36373E-01 -0.39570E-01 -0.33350E-01 -0.24929E-01 -0.17371E-01 -0.11522E-01 -0.73135E-02 -0.44192E-02 -0.25098E-02
 0.40000E+00 -0.72211E-02  0.16551E+00  0.26479E+00  0.27271E+00  0.21830E+00  0.14499E+00  0.82710E-01  0.41284E-01  0.17978E-01  0.64536E-02  0.13970E-02 -0.49283E-03 -0.97493E-03 -0.90389E-03 -0.66708E-03 -0.42703E-03
 0.60000E+00 -0.33118E-01  0.85077E-01  0.17149E+00  0.20397E+00  0.18920E+00  0.14942E+00  0.10557E+00  0.69157E-01  0.43163E-01  0.26165E-01  0.15591E-01  0.91893E-02  0.53628E-02  0.30848E-02  0.17296E-02  0.92901E-03
 0.80000E+00 -0.33063E-01  0.55461E-01  0.12963E+00  0.16772E+00  0.16783E+00  0.14270E+00  0.10833E+00  0.75968E-01  0.50486E-01  0.32384E-01  0.20292E-01  0.12501E-01  0.75811E-02  0.45047E-02  0.25935E-02  0.14223E-02
 0.10000E+01 -0.30825E-01  0.39723E-01  0.10534E+00  0.14518E+00  0.15292E+00  0.13600E+00  0.10739E+00  0.77921E-01  0.53296E-01  0.35019E-01  0.22387E-01  0.14025E-01  0.86238E-02  0.51824E-02  0.30103E-02  0.16622E-02
 0.12000E+01 -0.27756E-01  0.27288E-01  0.84722E-01  0.12490E+00  0.13827E+00  0.12802E+00  0.10448E+00  0.77863E-01  0.54423E-01  0.36390E-01  0.23597E-01  0.14956E-01  0.92840E-02  0.56219E-02  0.32852E-02  0.18223E-02
 0.14000E+01 -0.24209E-01  0.16810E-01  0.66027E-01  0.10533E+00  0.12285E+00  0.11823E+00  0.99415E-01  0.75830E-01  0.53972E-01  0.36609E-01  0.24013E-01  0.15361E-01  0.96084E-02  0.58538E-02  0.34371E-02  0.19135E-02
 0.16000E+01 -0.20747E-01  0.86190E-02  0.50211E-01  0.87636E-01  0.10767E+00  0.10739E+00  0.92666E-01  0.72063E-01  0.52052E-01  0.35715E-01  0.23642E-01  0.15237E-01  0.95889E-02  0.58707E-02  0.34605E-02  0.19323E-02
 0.18000E+01 -0.17756E-01  0.26652E-02  0.37677E-01  0.72606E-01  0.93744E-01  0.96474E-01  0.85066E-01  0.67195E-01  0.49109E-01  0.34003E-01  0.22673E-01  0.14700E-01  0.92963E-02  0.57146E-02  0.33794E-02  0.18918E-02
 0.20000E+01 -0.15361E-01 -0.14660E-02  0.28120E-01  0.60320E-01  0.81546E-01  0.86207E-01  0.77373E-01  0.61889E-01  0.45654E-01  0.31840E-01  0.21354E-01  0.13912E-01  0.88338E-02  0.54487E-02  0.32311E-02  0.18127E-02
 0.22000E+01 -0.13531E-01 -0.42642E-02  0.20952E-01  0.50461E-01  0.71150E-01  0.76960E-01  0.70087E-01  0.56629E-01  0.42086E-01  0.29522E-01  0.19894E-01  0.13013E-01  0.82915E-02  0.51293E-02  0.30491E-02  0.17140E-02
 0.24000E+01 -0.12163E-01 -0.61439E-02  0.15583E-01  0.42591E-01  0.62418E-01  0.68856E-01  0.63469E-01  0.51707E-01  0.38662E-01  0.27251E-01  0.18437E-01  0.12101E-01  0.77335E-02  0.47966E-02  0.28577E-02  0.16093E-02
 0.26000E+01 -0.11151E-01 -0.74105E-02  0.11527E-01  0.36285E-01  0.55115E-01  0.61850E-01  0.57597E-01  0.47247E-01  0.35507E-01  0.25128E-01  0.17059E-01  0.11230E-01  0.71964E-02  0.44741E-02  0.26710E-02  0.15068E-02
 0.28000E+01 -0.10415E-01 -0.82714E-02  0.84320E-02  0.31207E-01  0.49019E-01  0.55846E-01  0.52463E-01  0.43289E-01  0.32673E-01  0.23203E-01  0.15799E-01  0.10429E-01  0.66991E-02  0.41741E-02  0.24967E-02  0.14107E-02
 0.30000E+01 -0.97319E-02 -0.89238E-02  0.55951E-02  0.26252E-01  0.42846E-01  0.49613E-01  0.47039E-01  0.39050E-01  0.29607E-01  0.21103E-01  0.14416E-01  0.95441E-02  0.61479E-02  0.38404E-02  0.23023E-02  0.13034E-02
