 0.00000E+00  0.79683E+00  0.29652E+00 -0.60131E-01 -0.18860E+00 -0.14626E+00 -0.45253E-01  0.34077E-01  0.68133E-01  0.68524E-01  0.54231E-01  0.37935E-01  0.24781E-01  0.15551E-01  0.94642E-02  0.55566E-02  0.30990E-02
 0.20000E+00  0.32906E+00  0.42331E+00  0.37979E+00  0.23658E+00  0.75709E-01 -0.38197E-01 -0.87328E-01 -0.88931E-01 -0.69128E-01 -0.46327E-01 -0.28393E-01 -0.16508E-01 -0.93096E-02 -0.51379E-02 -0.27648E-02 -0.14308E-02
 0.40000E+00 -0.50117E-01  0.24274E+00  0.38337E+00  0.35067E+00  0.21705E+00  0.75669E-01 -0.18693E-01 -0.58925E-01 -0.63103E-01 -0.51570E-01 -0.37065E-01 -0.24853E-01 -0.15987E-01 -0.99484E-02 -0.59521E-02 -0.33705E-02
 0.60000E+00 -0.90534E-01  0.10271E+00  0.23867E+00  0.27891E+00  0.23853E+00  0.16149E+00  0.87414E-01  0.35404E-01  0.66574E-02 -0.56941E-02 -0.90674E-02 -0.85134E-02 -0.66964E-02 -0.47676E-02 -0.31336E-02 -0.18968E-02
 0.80000E+00 -0.45924E-01  0.22558E-01  0.10836E+00  0.17739E+00  0.20568E+00  0.19195E+00  0.15238E+00  0.10664E+00  0.67727E-01  0.40070E-01  0.22609E-01  0.12399E-01  0.66878E-02  0.35582E-02  0.18548E-02  0.93333E-03
 0.10000E+01 -0.94731E-02 -0.11444E-01  0.35005E-01  0.10580E+00  0.16375E+00  0.18561E+00  0.17191E+00  0.13792E+00  0.99855E-01  0.67401E-01  0.43533E-01  0.27401E-01  0.16954E-01  0.10293E-01  0.60587E-02  0.33931E-02
 0.12000E+01  0.90875E-02 -0.23451E-01  0.70923E-04  0.64037E-01  0.13035E+00  0.16818E+00  0.16985E+00  0.14601E+00  0.11232E+00  0.80129E-01  0.54441E-01  0.35853E-01  0.23069E-01  0.14469E-01  0.87417E-02  0.49961E-02
 0.14000E+01  0.17549E-01 -0.27069E-01 -0.16327E-01  0.40046E-01  0.10668E+00  0.15102E+00  0.16135E+00  0.14481E+00  0.11555E+00  0.85146E-01  0.59517E-01  0.40163E-01  0.26371E-01  0.16811E-01  0.10286E-01  0.59355E-02
 0.16000E+01  0.21333E-01 -0.27704E-01 -0.24368E-01  0.25576E-01  0.90005E-01  0.13676E+00  0.15207E+00  0.14060E+00  0.11501E+00  0.86583E-01  0.61644E-01  0.42246E-01  0.28090E-01  0.18085E-01  0.11151E-01  0.64716E-02
 0.18000E+01  0.22978E-01 -0.27294E-01 -0.28518E-01  0.16271E-01  0.77903E-01  0.12526E+00  0.14356E+00  0.13569E+00  0.11302E+00  0.86395E-01  0.62313E-01  0.43165E-01  0.28951E-01  0.18766E-01  0.11631E-01  0.67762E-02
 0.20000E+01  0.23604E-01 -0.26527E-01 -0.30726E-01  0.99205E-02  0.68771E-01  0.11593E+00  0.13609E+00  0.13085E+00  0.11051E+00  0.85459E-01  0.62239E-01  0.43459E-01  0.29334E-01  0.19109E-01  0.11888E-01  0.69458E-02
 0.22000E+01  0.23715E-01 -0.25658E-01 -0.31892E-01  0.53674E-02  0.61626E-01  0.10819E+00  0.12955E+00  0.12630E+00  0.10785E+00  0.84174E-01  0.61772E-01  0.43401E-01  0.29441E-01  0.19253E-01  0.12012E-01  0.70335E-02
 0.24000E+01  0.23556E-01 -0.24786E-01 -0.32466E-01  0.19654E-02  0.55852E-01  0.10164E+00  0.12377E+00  0.12208E+00  0.10520E+00  0.82731E-01  0.61091E-01  0.43140E-01  0.29380E-01  0.19272E-01  0.12053E-01  0.70695E-02
 0.26000E+01  0.23251E-01 -0.23944E-01 -0.32686E-01 -0.66831E-03  0.51048E-01  0.95984E-01  0.11861E+00  0.11817E+00  0.10263E+00  0.81225E-01  0.60293E-01  0.42756E-01  0.29216E-01  0.19214E-01  0.12040E-01  0.70722E-02
 0.28000E+01  0.22864E-01 -0.23142E-01 -0.32687E-01 -0.27705E-02  0.46952E-01  0.90998E-01  0.11395E+00  0.11453E+00  0.10016E+00  0.79708E-01  0.59437E-01  0.42303E-01  0.28990E-01  0.19108E-01  0.11994E-01  0.70537E-02
 0.30000E+01  0.22307E-01 -0.22149E-01 -0.32422E-01 -0.48197E-02  0.42571E-01  0.85452E-01  0.10860E+00  0.11023E+00  0.97132E-01  0.77777E-01  0.58286E-01  0.41650E-01  0.28632E-01  0.18918E-01  0.11896E-01  0.70061E-02
 0.00000E+00  0.79683E+00  0.29652E+00 -0.60131E-01 -0.18860E+00 -0.14626E+00 -0.45253E-01  0.34077E-01  0.68133E-01  0.68524E-01  0.54231E-01  0.37935E-01  0.24781E-01  0.15551E-01  0.94642E-02  0.55566E-02  0.30990E-02
 0.20000E+00  0.32906E+00  0.42331E+00  0.37979E+00  0.23658E+00  0.75709E-01 -0.38197E-01 -0.87328E-01 -0.88931E-01 -0.69128E-01 -0.46327E-01 -0.28393E-01 -0.16508E-01 -0.93096E-02 -0.51379E-02 -0.27648E-02 -0.14308E-02
 0.40000E+00 -0.50117E-01  0.24274E+00  0.38337E+00  0.35067E+00  0.21705E+00  0.75669E-01 -0.18693E-01 -0.58925E-01 -0.63103E-01 -0.51570E-01 -0.37065E-01 -0.24853E-01 -0.15987E-01 -0.99484E-02 -0.59521E-02 -0.33705E-02
 0.60000E+00 -0.90534E-01  0.10271E+00  0.23867E+00  0.27891E+00  0.23853E+00  0.16149E+00  0.87414E-01  0.35404E-01  0.66574E-02 -0.56941E-02 -0.90674E-02 -0.85134E-02 -0.66964E-02 -0.47676E-02 -0.31336E-02 -0.18968E-02
 0.80000E+00 -0.45924E-01  0.22558E-01  0.10836E+00  0.17739E+00  0.20568E+00  0.19195E+00  0.15238E+00  0.10664E+00  0.67727E-01  0.40070E-01  0.22609E-01  0.12399E-01  0.66878E-02  0.35582E-02  0.18548E-02  0.93333E-03
 0.10000E+01 -0.94731E-02 -0.11444E-01  0.35005E-01  0.10580E+00  0.16375E+00  0.18561E+00  0.17191E+00  0.13792E+00  0.99855E-01  0.67401E-01  0.43533E-01  0.27401E-01  0.16954E-01  0.10293E-01  0.60587E-02  0.33931E-02
 0.12000E+01  0.90875E-02 -0.23451E-01  0.70923E-04  0.64037E-01  0.13035E+00  0.16818E+00  0.16985E+00  0.14601E+00  0.11232E+00  0.80129E-01  0.54441E-01  0.35853E-01  0.23069E-01  0.14469E-01  0.87417E-02  0.49961E-02
 0.14000E+01  0.17549E-01 -0.27069E-01 -0.16327E-01  0.40046E-01  0.10668E+00  0.15102E+00  0.16135E+00  0.14481E+00  0.11555E+00  0.85146E-01  0.59517E-01  0.40163E-01  0.26371E-01  0.16811E-01  0.10286E-01  0.59355E-02
 0.16000E+01  0.21333E-01 -0.27704E-01 -0.24368E-01  0.25576E-01  0.90005E-01  0.13676E+00  0.15207E+00  0.14060E+00  0.11501E+00  0.86583E-01  0.61644E-01  0.42246E-01  0.28090E-01  0.18085E-01  0.11151E-01  0.64716E-02
 0.18000E+01  0.22978E-01 -0.27294E-01 -0.28518E-01  0.16271E-01  0.77903E-01  0.12526E+00  0.14356E+00  0.13569E+00  0.11302E+00  0.86395E-01  0.62313E-01  0.43165E-01  0.28951E-01  0.18766E-01  0.11631E-01  0.67762E-02
 0.20000E+01  0.23604E-01 -0.26527E-01 -0.30726E-01  0.99205E-02  0.68771E-01  0.11593E+00  0.13609E+00  0.13085E+00  0.11051E+00  0.85459E-01  0.62239E-01  0.43459E-01  0.29334E-01  0.19109E-01  0.11888E-01  0.69458E-02
 0.22000E+01  0.23715E-01 -0.25658E-01 -0.31892E-01  0.53674E-02  0.61626E-01  0.10819E+00  0.12955E+00  0.12630E+00  0.10785E+00  0.84174E-01  0.61772E-01  0.43401E-01  0.29441E-01  0.19253E-01  0.12012E-01  0.70335E-02
 0.24000E+01  0.23556E-01 -0.24786E-01 -0.32466E-01  0.19654E-02  0.55852E-01  0.10164E+00  0.12377E+00  0.12208E+00  0.10520E+00  0.82731E-01  0.61091E-01  0.43140E-01  0.29380E-01  0.19272E-01  0.12053E-01  0.70695E-02
 0.26000E+01  0.23251E-01 -0.23944E-01 -0.32686E-01 -0.66831E-03  0.51048E-01  0.95984E-01  0.11861E+00  0.11817E+00  0.10263E+00  0.81225E-01  0.60293E-01  0.42756E-01  0.29216E-01  0.19214E-01  0.12040E-01  0.70722E-02
 0.28000E+01  0.22864E-01 -0.23142E-01 -0.32687E-01 -0.27705E-02  0.46952E-01  0.90998E-01  0.11395E+00  0.11453E+00  0.10016E+00  0.79708E-01  0.59437E-01  0.42303E-01  0.28990E-01  0.19108E-01  0.11994E-01  0.70537E-02
 0.30000E+01  0.22307E-01 -0.22149E-01 -0.32422E-01 -0.48197E-02  0.42571E-01  0.85452E-01  0.10860E+00  0.11023E+00  0.97132E-01  0.77777E-01  0.58286E-01  0.41650E-01  0.28632E-01  0.18918E-01  0.11896E-01  0.70061E-02
