 0.00000E+00  0.70305E+00  0.31053E+00 -0.79667E-01 -0.15038E+00 -0.58687E-01  0.14253E-01  0.36586E-01  0.33594E-01  0.24579E-01  0.16520E-01  0.10710E-01  0.68229E-02  0.43009E-02  0.26765E-02  0.15915E-02  0.81308E-03
 0.20000E+00  0.43063E+00  0.47973E+00  0.32518E+00  0.12017E+00 -0.46580E-02 -0.44900E-01 -0.43929E-01 -0.32258E-01 -0.21436E-01 -0.13733E-01 -0.86849E-02 -0.54683E-02 -0.34359E-02 -0.21439E-02 -0.12818E-02 -0.65803E-03
 0.40000E+00 -0.10879E+00  0.26641E+00  0.45251E+00  0.32721E+00  0.12685E+00  0.83913E-02 -0.30425E-01 -0.32787E-01 -0.25239E-01 -0.17395E-01 -0.11451E-01 -0.73697E-02 -0.46793E-02 -0.29277E-02 -0.17483E-02 -0.89629E-03
 0.60000E+00 -0.15297E+00  0.99138E-01  0.30083E+00  0.30395E+00  0.20384E+00  0.11122E+00  0.55888E-01  0.27967E-01  0.14469E-01  0.77953E-02  0.43470E-02  0.24894E-02  0.14545E-02  0.85776E-03  0.49004E-03  0.24260E-03
 0.80000E+00 -0.60083E-01  0.17171E-02  0.12686E+00  0.21918E+00  0.22831E+00  0.18314E+00  0.12724E+00  0.82214E-01  0.51469E-01  0.31849E-01  0.19631E-01  0.12078E-01  0.74155E-02  0.45168E-02  0.26377E-02  0.13287E-02
 0.10000E+01  0.15781E-01 -0.41153E-01  0.19209E-01  0.14922E+00  0.22134E+00  0.21031E+00  0.16061E+00  0.10974E+00  0.71062E-01  0.44886E-01  0.28009E-01  0.17350E-01  0.10680E-01  0.65021E-02  0.37895E-02  0.19056E-02
 0.12000E+01  0.52972E-01 -0.56245E-01 -0.32272E-01  0.10590E+00  0.20389E+00  0.21111E+00  0.16825E+00  0.11782E+00  0.77425E-01  0.49336E-01  0.30937E-01  0.19205E-01  0.11822E-01  0.71862E-02  0.41784E-02  0.20971E-02
 0.14000E+01  0.67705E-01 -0.60233E-01 -0.54840E-01  0.79963E-01  0.18551E+00  0.20148E+00  0.16427E+00  0.11654E+00  0.77195E-01  0.49424E-01  0.31075E-01  0.19313E-01  0.11888E-01  0.72195E-02  0.41920E-02  0.21016E-02
 0.16000E+01  0.72037E-01 -0.60164E-01 -0.64312E-01  0.63457E-01  0.16874E+00  0.18865E+00  0.15585E+00  0.11141E+00  0.74141E-01  0.47606E-01  0.29985E-01  0.18654E-01  0.11487E-01  0.69756E-02  0.40496E-02  0.20299E-02
 0.18000E+01  0.71664E-01 -0.58575E-01 -0.67727E-01  0.52042E-01  0.15369E+00  0.17506E+00  0.14579E+00  0.10469E+00  0.69860E-01  0.44941E-01  0.28345E-01  0.17653E-01  0.10881E-01  0.66133E-02  0.38426E-02  0.19276E-02
 0.20000E+01  0.69066E-01 -0.56409E-01 -0.68136E-01  0.43601E-01  0.14015E+00  0.16168E+00  0.13531E+00  0.97409E-01  0.65111E-01  0.41941E-01  0.26485E-01  0.16516E-01  0.10195E-01  0.62067E-02  0.36127E-02  0.18151E-02
 0.22000E+01  0.65275E-01 -0.54017E-01 -0.66860E-01  0.37047E-01  0.12775E+00  0.14864E+00  0.12473E+00  0.89887E-01  0.60130E-01  0.38767E-01  0.24510E-01  0.15308E-01  0.94689E-02  0.57791E-02  0.33729E-02  0.16985E-02
 0.24000E+01  0.60867E-01 -0.51572E-01 -0.64643E-01  0.31734E-01  0.11627E+00  0.13604E+00  0.11424E+00  0.82323E-01  0.55073E-01  0.35528E-01  0.22490E-01  0.14074E-01  0.87286E-02  0.53453E-02  0.31312E-02  0.15816E-02
 0.26000E+01  0.56056E-01 -0.49121E-01 -0.61790E-01  0.27338E-01  0.10552E+00  0.12383E+00  0.10391E+00  0.74790E-01  0.50004E-01  0.32270E-01  0.20456E-01  0.12832E-01  0.79855E-02  0.49116E-02  0.28907E-02  0.14659E-02
 0.28000E+01  0.51014E-01 -0.46670E-01 -0.58527E-01  0.23554E-01  0.95274E-01  0.11190E+00  0.93676E-01  0.67265E-01  0.44918E-01  0.28994E-01  0.18410E-01  0.11584E-01  0.72409E-02  0.44790E-02  0.26522E-02  0.13517E-02
 0.30000E+01  0.46635E-01 -0.44441E-01 -0.56218E-01  0.19034E-01  0.85078E-01  0.10065E+00  0.84338E-01  0.60556E-01  0.40451E-01  0.26144E-01  0.16638E-01  0.10504E-01  0.65946E-02  0.41011E-02  0.24422E-02  0.12506E-02
