 0.00000E+00  0.59244E+00  0.34908E+00  0.26442E-01 -0.10220E+00 -0.83516E-01 -0.38523E-01 -0.10920E-01  0.66447E-03  0.40945E-02  0.42466E-02  0.33730E-02  0.23707E-02  0.15396E-02  0.93719E-03  0.52794E-03  0.25504E-03
 0.20000E+00  0.49116E+00  0.46001E+00  0.27042E+00  0.98575E-01  0.12187E-01 -0.16127E-01 -0.20294E-01 -0.17059E-01 -0.12568E-01 -0.86862E-02 -0.57808E-02 -0.37476E-02 -0.23793E-02 -0.14775E-02 -0.87172E-03 -0.44170E-03
 0.40000E+00 -0.62059E-02  0.22039E+00  0.34262E+00  0.28015E+00  0.15601E+00  0.65843E-01  0.20452E-01  0.20313E-02 -0.38964E-02 -0.48277E-02 -0.40777E-02 -0.29772E-02 -0.19980E-02 -0.12592E-02 -0.73637E-03 -0.36786E-03
 0.60000E+00 -0.11811E+00  0.94711E-01  0.27026E+00  0.28087E+00  0.20069E+00  0.12091E+00  0.68424E-01  0.38210E-01  0.21432E-01  0.12139E-01  0.69562E-02  0.40366E-02  0.23727E-02  0.14041E-02  0.80585E-03  0.40159E-03
 0.80000E+00 -0.10858E+00  0.31656E-01  0.18386E+00  0.23617E+00  0.20538E+00  0.15006E+00  0.10126E+00  0.65771E-01  0.41833E-01  0.26247E-01  0.16297E-01  0.10026E-01  0.61086E-02  0.36683E-02  0.21049E-02  0.10439E-02
 0.10000E+01 -0.78641E-01 -0.18920E-02  0.11751E+00  0.19204E+00  0.19706E+00  0.16238E+00  0.11913E+00  0.81936E-01  0.54232E-01  0.34999E-01  0.22170E-01  0.13825E-01  0.84939E-02  0.51208E-02  0.29412E-02  0.14586E-02
 0.12000E+01 -0.52062E-01 -0.21115E-01  0.70571E-01  0.15627E+00  0.18470E+00  0.16500E+00  0.12701E+00  0.90021E-01  0.60778E-01  0.39773E-01  0.25452E-01  0.15994E-01  0.98842E-02  0.59862E-02  0.34507E-02  0.17159E-02
 0.14000E+01 -0.32176E-01 -0.32509E-01  0.37887E-01  0.12826E+00  0.17125E+00  0.16203E+00  0.12865E+00  0.92888E-01  0.63494E-01  0.41929E-01  0.27027E-01  0.17091E-01  0.10624E-01  0.64711E-02  0.37510E-02  0.18739E-02
 0.16000E+01 -0.18461E-01 -0.39131E-01  0.15487E-01  0.10640E+00  0.15767E+00  0.15555E+00  0.12616E+00  0.92264E-01  0.63635E-01  0.42327E-01  0.27461E-01  0.17476E-01  0.10938E-01  0.67127E-02  0.39211E-02  0.19716E-02
 0.18000E+01 -0.96550E-02 -0.42727E-01  0.42416E-03  0.89251E-01  0.14443E+00  0.14696E+00  0.12103E+00  0.89362E-01  0.62083E-01  0.41563E-01  0.27141E-01  0.17395E-01  0.10974E-01  0.67966E-02  0.40079E-02  0.20312E-02
 0.20000E+01 -0.45660E-02 -0.44322E-01 -0.93583E-02  0.75696E-01  0.13174E+00  0.13715E+00  0.11424E+00  0.84985E-01  0.59422E-01  0.40036E-01  0.26324E-01  0.17003E-01  0.10826E-01  0.67762E-02  0.40398E-02  0.20658E-02
 0.22000E+01 -0.25993E-02 -0.44465E-01 -0.14978E-01  0.65052E-01  0.11956E+00  0.12645E+00  0.10618E+00  0.79486E-01  0.55921E-01  0.37935E-01  0.25139E-01  0.16389E-01  0.10549E-01  0.66871E-02  0.40381E-02  0.20864E-02
 0.24000E+01 -0.30142E-02 -0.43489E-01 -0.17377E-01  0.56706E-01  0.10787E+00  0.11513E+00  0.97218E-01  0.73175E-01  0.51815E-01  0.35424E-01  0.23695E-01  0.15621E-01  0.10188E-01  0.65554E-02  0.40178E-02  0.21004E-02
 0.26000E+01 -0.51523E-02 -0.41804E-01 -0.17515E-01  0.50091E-01  0.96690E-01  0.10357E+00  0.87766E-01  0.66401E-01  0.47353E-01  0.32669E-01  0.22096E-01  0.14759E-01  0.97753E-02  0.63973E-02  0.39858E-02  0.21101E-02
 0.28000E+01 -0.87038E-02 -0.39647E-01 -0.15937E-01  0.44832E-01  0.85957E-01  0.91865E-01  0.77968E-01  0.59291E-01  0.42633E-01  0.29738E-01  0.20384E-01  0.13832E-01  0.93265E-02  0.62220E-02  0.39468E-02  0.21176E-02
 0.30000E+01 -0.10726E-01 -0.37961E-01 -0.15926E-01  0.38707E-01  0.75491E-01  0.81007E-01  0.69070E-01  0.52895E-01  0.38401E-01  0.27105E-01  0.18838E-01  0.12982E-01  0.89035E-02  0.60445E-02  0.38950E-02  0.21138E-02
