 0.00000E+00  0.71353E+00  0.36098E+00  0.54970E-01 -0.11522E+00 -0.15067E+00 -0.10868E+00 -0.48925E-01 -0.43818E-02  0.18016E-01  0.24182E-01  0.22069E-01  0.17177E-01  0.12219E-01  0.81486E-02  0.51124E-02  0.29907E-02
 0.20000E+00  0.34515E+00  0.35590E+00  0.30249E+00  0.20741E+00  0.10654E+00  0.27997E-01 -0.18095E-01 -0.36452E-01 -0.37670E-01 -0.31289E-01 -0.23213E-01 -0.16100E-01 -0.10669E-01 -0.67955E-02 -0.41356E-02 -0.23701E-02
 0.40000E+00  0.50882E-01  0.20384E+00  0.28380E+00  0.27306E+00  0.20062E+00  0.11238E+00  0.41633E-01 -0.58936E-03 -0.18783E-01 -0.22444E-01 -0.19567E-01 -0.14862E-01 -0.10423E-01 -0.68918E-02 -0.43015E-02 -0.25083E-02
 0.60000E+00 -0.46612E-01  0.11674E+00  0.22704E+00  0.25529E+00  0.21691E+00  0.14938E+00  0.85188E-01  0.39597E-01  0.13445E-01  0.11631E-02 -0.32801E-02 -0.40679E-02 -0.34811E-02 -0.25585E-02 -0.17007E-02 -0.10320E-02
 0.80000E+00 -0.71719E-01  0.51620E-01  0.15266E+00  0.20240E+00  0.20034E+00  0.16568E+00  0.12076E+00  0.80431E-01  0.50387E-01  0.30411E-01  0.18020E-01  0.10611E-01  0.62353E-02  0.36369E-02  0.20760E-02  0.11360E-02
 0.10000E+01 -0.57523E-01  0.11254E-01  0.85588E-01  0.14228E+00  0.16827E+00  0.16441E+00  0.14083E+00  0.10951E+00  0.79294E-01  0.54555E-01  0.36234E-01  0.23484E-01  0.14916E-01  0.92492E-02  0.55327E-02  0.31353E-02
 0.12000E+01 -0.35743E-01 -0.93839E-02  0.40090E-01  0.95746E-01  0.13754E+00  0.15406E+00  0.14629E+00  0.12316E+00  0.94840E-01  0.68427E-01  0.47135E-01  0.31410E-01  0.20372E-01  0.12831E-01  0.77637E-02  0.44364E-02
 0.14000E+01 -0.18965E-01 -0.18978E-01  0.13111E-01  0.65114E-01  0.11402E+00  0.14174E+00  0.14373E+00  0.12658E+00  0.10067E+00  0.74388E-01  0.52169E-01  0.35240E-01  0.23093E-01  0.14657E-01  0.89195E-02  0.51182E-02
 0.16000E+01 -0.80056E-02 -0.23303E-01 -0.24541E-02  0.45607E-01  0.96991E-01  0.13037E+00  0.13806E+00  0.12502E+00  0.10137E+00  0.75976E-01  0.53855E-01  0.36678E-01  0.24186E-01  0.15425E-01  0.94204E-02  0.54198E-02
 0.18000E+01 -0.10811E-02 -0.25185E-01 -0.11631E-01  0.32872E-01  0.84530E-01  0.12058E+00  0.13160E+00  0.12140E+00  0.99705E-01  0.75426E-01  0.53847E-01  0.36876E-01  0.24421E-01  0.15626E-01  0.95672E-02  0.55144E-02
 0.20000E+01  0.33392E-02 -0.25894E-01 -0.17220E-01  0.24211E-01  0.75124E-01  0.11225E+00  0.12525E+00  0.11708E+00  0.97029E-01  0.73891E-01  0.53022E-01  0.36456E-01  0.24220E-01  0.15535E-01  0.95287E-02  0.54998E-02
 0.22000E+01  0.62153E-02 -0.26006E-01 -0.20709E-01  0.18080E-01  0.67780E-01  0.10513E+00  0.11929E+00  0.11262E+00  0.93966E-01  0.71917E-01  0.51805E-01  0.35728E-01  0.23793E-01  0.15290E-01  0.93920E-02  0.54267E-02
 0.24000E+01  0.81224E-02 -0.25802E-01 -0.22926E-01  0.13569E-01  0.61856E-01  0.98951E-01  0.11378E+00  0.10826E+00  0.90802E-01  0.69768E-01  0.50410E-01  0.34851E-01  0.23254E-01  0.14966E-01  0.92034E-02  0.53222E-02
 0.26000E+01  0.94030E-02 -0.25425E-01 -0.24336E-01  0.10136E-01  0.56934E-01  0.93495E-01  0.10869E+00  0.10407E+00  0.87659E-01  0.67568E-01  0.48942E-01  0.33903E-01  0.22657E-01  0.14600E-01  0.89869E-02  0.52007E-02
 0.28000E+01  0.10255E-01 -0.24947E-01 -0.25204E-01  0.74598E-02  0.52748E-01  0.88608E-01  0.10395E+00  0.10006E+00  0.84582E-01  0.65369E-01  0.47448E-01  0.32923E-01  0.22032E-01  0.14212E-01  0.87550E-02  0.50695E-02
 0.30000E+01  0.10902E-01 -0.24175E-01 -0.25645E-01  0.49583E-02  0.48294E-01  0.83059E-01  0.98351E-01  0.95163E-01  0.80734E-01  0.62561E-01  0.45506E-01  0.31629E-01  0.21194E-01  0.13686E-01  0.84381E-02  0.48890E-02
 0.00000E+00  0.71353E+00  0.36098E+00  0.54970E-01 -0.11522E+00 -0.15067E+00 -0.10868E+00 -0.48925E-01 -0.43818E-02  0.18016E-01  0.24182E-01  0.22069E-01  0.17177E-01  0.12219E-01  0.81486E-02  0.51124E-02  0.29907E-02
 0.20000E+00  0.34515E+00  0.35590E+00  0.30249E+00  0.20741E+00  0.10654E+00  0.27997E-01 -0.18095E-01 -0.36452E-01 -0.37670E-01 -0.31289E-01 -0.23213E-01 -0.16100E-01 -0.10669E-01 -0.67955E-02 -0.41356E-02 -0.23701E-02
 0.40000E+00  0.50882E-01  0.20384E+00  0.28380E+00  0.27306E+00  0.20062E+00  0.11238E+00  0.41633E-01 -0.58936E-03 -0.18783E-01 -0.22444E-01 -0.19567E-01 -0.14862E-01 -0.10423E-01 -0.68918E-02 -0.43015E-02 -0.25083E-02
 0.60000E+00 -0.46612E-01  0.11674E+00  0.22704E+00  0.25529E+00  0.21691E+00  0.14938E+00  0.85188E-01  0.39597E-01  0.13445E-01  0.11631E-02 -0.32801E-02 -0.40679E-02 -0.34811E-02 -0.25585E-02 -0.17007E-02 -0.10320E-02
 0.80000E+00 -0.71719E-01  0.51620E-01  0.15266E+00  0.20240E+00  0.20034E+00  0.16568E+00  0.12076E+00  0.80431E-01  0.50387E-01  0.30411E-01  0.18020E-01  0.10611E-01  0.62353E-02  0.36369E-02  0.20760E-02  0.11360E-02
 0.10000E+01 -0.57523E-01  0.11254E-01  0.85588E-01  0.14228E+00  0.16827E+00  0.16441E+00  0.14083E+00  0.10951E+00  0.79294E-01  0.54555E-01  0.36234E-01  0.23484E-01  0.14916E-01  0.92492E-02  0.55327E-02  0.31353E-02
 0.12000E+01 -0.35743E-01 -0.93839E-02  0.40090E-01  0.95746E-01  0.13754E+00  0.15406E+00  0.14629E+00  0.12316E+00  0.94840E-01  0.68427E-01  0.47135E-01  0.31410E-01  0.20372E-01  0.12831E-01  0.77637E-02  0.44364E-02
 0.14000E+01 -0.18965E-01 -0.18978E-01  0.13111E-01  0.65114E-01  0.11402E+00  0.14174E+00  0.14373E+00  0.12658E+00  0.10067E+00  0.74388E-01  0.52169E-01  0.35240E-01  0.23093E-01  0.14657E-01  0.89195E-02  0.51182E-02
 0.16000E+01 -0.80056E-02 -0.23303E-01 -0.24541E-02  0.45607E-01  0.96991E-01  0.13037E+00  0.13806E+00  0.12502E+00  0.10137E+00  0.75976E-01  0.53855E-01  0.36678E-01  0.24186E-01  0.15425E-01  0.94204E-02  0.54198E-02
 0.18000E+01 -0.10811E-02 -0.25185E-01 -0.11631E-01  0.32872E-01  0.84530E-01  0.12058E+00  0.13160E+00  0.12140E+00  0.99705E-01  0.75426E-01  0.53847E-01  0.36876E-01  0.24421E-01  0.15626E-01  0.95672E-02  0.55144E-02
 0.20000E+01  0.33392E-02 -0.25894E-01 -0.17220E-01  0.24211E-01  0.75124E-01  0.11225E+00  0.12525E+00  0.11708E+00  0.97029E-01  0.73891E-01  0.53022E-01  0.36456E-01  0.24220E-01  0.15535E-01  0.95287E-02  0.54998E-02
 0.22000E+01  0.62153E-02 -0.26006E-01 -0.20709E-01  0.18080E-01  0.67780E-01  0.10513E+00  0.11929E+00  0.11262E+00  0.93966E-01  0.71917E-01  0.51805E-01  0.35728E-01  0.23793E-01  0.15290E-01  0.93920E-02  0.54267E-02
 0.24000E+01  0.81224E-02 -0.25802E-01 -0.22926E-01  0.13569E-01  0.61856E-01  0.98951E-01  0.11378E+00  0.10826E+00  0.90802E-01  0.69768E-01  0.50410E-01  0.34851E-01  0.23254E-01  0.14966E-01  0.92034E-02  0.53222E-02
 0.26000E+01  0.94030E-02 -0.25425E-01 -0.24336E-01  0.10136E-01  0.56934E-01  0.93495E-01  0.10869E+00  0.10407E+00  0.87659E-01  0.67568E-01  0.48942E-01  0.33903E-01  0.22657E-01  0.14600E-01  0.89869E-02  0.52007E-02
 0.28000E+01  0.10255E-01 -0.24947E-01 -0.25204E-01  0.74598E-02  0.52748E-01  0.88608E-01  0.10395E+00  0.10006E+00  0.84582E-01  0.65369E-01  0.47448E-01  0.32923E-01  0.22032E-01  0.14212E-01  0.87550E-02  0.50695E-02
 0.30000E+01  0.10902E-01 -0.24175E-01 -0.25645E-01  0.49583E-02  0.48294E-01  0.83059E-01  0.98351E-01  0.95163E-01  0.80734E-01  0.62561E-01  0.45506E-01  0.31629E-01  0.21194E-01  0.13686E-01  0.84381E-02  0.48890E-02
