 0.00000E+00  0.86790E+00  0.29020E+00 -0.10436E+00 -0.23399E+00 -0.17510E+00 -0.55992E-01  0.36563E-01  0.78577E-01  0.82706E-01  0.68934E-01  0.51012E-01  0.35201E-01  0.23172E-01  0.14646E-01  0.88405E-02  0.50269E-02
 0.20000E+00  0.21894E+00  0.44835E+00  0.47481E+00  0.33080E+00  0.12901E+00 -0.30780E-01 -0.11133E+00 -0.12672E+00 -0.10794E+00 -0.79491E-01 -0.53772E-01 -0.34504E-01 -0.21351E-01 -0.12799E-01 -0.73904E-02 -0.40536E-02
 0.40000E+00 -0.44696E-01  0.21365E+00  0.34330E+00  0.32600E+00  0.22029E+00  0.10166E+00  0.15841E-01 -0.28329E-01 -0.42114E-01 -0.40003E-01 -0.32111E-01 -0.23571E-01 -0.16318E-01 -0.10749E-01 -0.67076E-02 -0.39141E-02
 0.60000E+00 -0.46123E-01  0.92550E-01  0.19328E+00  0.22837E+00  0.20579E+00  0.15363E+00  0.98726E-01  0.55642E-01  0.27480E-01  0.11419E-01  0.32988E-02 -0.26732E-03 -0.14781E-02 -0.15920E-02 -0.12763E-02 -0.86512E-03
 0.80000E+00 -0.28480E-01  0.36758E-01  0.10974E+00  0.16340E+00  0.18211E+00  0.16812E+00  0.13519E+00  0.98029E-01  0.65879E-01  0.41958E-01  0.25767E-01  0.15440E-01  0.90804E-02  0.52358E-02  0.29339E-02  0.15727E-02
 0.10000E+01 -0.13495E-01  0.63488E-02  0.58615E-01  0.11914E+00  0.16047E+00  0.16992E+00  0.15245E+00  0.12141E+00  0.88847E-01  0.61330E-01  0.40713E-01  0.26310E-01  0.16630E-01  0.10248E-01  0.60889E-02  0.34283E-02
 0.12000E+01 -0.12866E-02 -0.12701E-01  0.22953E-01  0.85195E-01  0.14027E+00  0.16593E+00  0.16051E+00  0.13549E+00  0.10411E+00  0.75017E-01  0.51756E-01  0.34622E-01  0.22558E-01  0.14265E-01  0.86567E-02  0.49558E-02
 0.14000E+01  0.81969E-02 -0.24712E-01 -0.23851E-02  0.58585E-01  0.12164E+00  0.15852E+00  0.16257E+00  0.14321E+00  0.11390E+00  0.84527E-01  0.59832E-01  0.40924E-01  0.27173E-01  0.17453E-01  0.10724E-01  0.61980E-02
 0.16000E+01  0.15100E-01 -0.31728E-01 -0.19685E-01  0.38304E-01  0.10518E+00  0.14932E+00  0.16052E+00  0.14614E+00  0.11931E+00  0.90504E-01  0.65274E-01  0.45362E-01  0.30522E-01  0.19816E-01  0.12279E-01  0.71423E-02
 0.18000E+01  0.19859E-01 -0.35364E-01 -0.30997E-01  0.23245E-01  0.91166E-01  0.13961E+00  0.15595E+00  0.14575E+00  0.12144E+00  0.93698E-01  0.68548E-01  0.48209E-01  0.32758E-01  0.21436E-01  0.13364E-01  0.78095E-02
 0.20000E+01  0.23003E-01 -0.36857E-01 -0.38108E-01  0.12216E-01  0.79486E-01  0.13018E+00  0.15010E+00  0.14326E+00  0.12133E+00  0.94871E-01  0.70183E-01  0.49817E-01  0.34106E-01  0.22452E-01  0.14062E-01  0.82458E-02
 0.22000E+01  0.24979E-01 -0.37076E-01 -0.42387E-01  0.41846E-02  0.69850E-01  0.12142E+00  0.14374E+00  0.13957E+00  0.11977E+00  0.94656E-01  0.70644E-01  0.50509E-01  0.34783E-01  0.23004E-01  0.14459E-01  0.85016E-02
 0.24000E+01  0.26129E-01 -0.36599E-01 -0.44827E-01 -0.16834E-02  0.61918E-01  0.11350E+00  0.13737E+00  0.13530E+00  0.11736E+00  0.93556E-01  0.70320E-01  0.50569E-01  0.34988E-01  0.23225E-01  0.14639E-01  0.86256E-02
 0.26000E+01  0.26692E-01 -0.35784E-01 -0.46099E-01 -0.60089E-02  0.55360E-01  0.10643E+00  0.13127E+00  0.13083E+00  0.11450E+00  0.91926E-01  0.69496E-01  0.50213E-01  0.34874E-01  0.23218E-01  0.14668E-01  0.86574E-02
 0.28000E+01  0.26848E-01 -0.34830E-01 -0.46626E-01 -0.92148E-02  0.49922E-01  0.10018E+00  0.12556E+00  0.12641E+00  0.11145E+00  0.90006E-01  0.68371E-01  0.49592E-01  0.34550E-01  0.23058E-01  0.14594E-01  0.86259E-02
 0.30000E+01  0.26774E-01 -0.33320E-01 -0.46274E-01 -0.11779E-01  0.44549E-01  0.93397E-01  0.11893E+00  0.12089E+00  0.10735E+00  0.87193E-01  0.66539E-01  0.48443E-01  0.33848E-01  0.22643E-01  0.14357E-01  0.84968E-02
 0.00000E+00  0.86790E+00  0.29020E+00 -0.10436E+00 -0.23399E+00 -0.17510E+00 -0.55992E-01  0.36563E-01  0.78577E-01  0.82706E-01  0.68934E-01  0.51012E-01  0.35201E-01  0.23172E-01  0.14646E-01  0.88405E-02  0.50269E-02
 0.20000E+00  0.21894E+00  0.44835E+00  0.47481E+00  0.33080E+00  0.12901E+00 -0.30780E-01 -0.11133E+00 -0.12672E+00 -0.10794E+00 -0.79491E-01 -0.53772E-01 -0.34504E-01 -0.21351E-01 -0.12799E-01 -0.73904E-02 -0.40536E-02
 0.40000E+00 -0.44696E-01  0.21365E+00  0.34330E+00  0.32600E+00  0.22029E+00  0.10166E+00  0.15841E-01 -0.28329E-01 -0.42114E-01 -0.40003E-01 -0.32111E-01 -0.23571E-01 -0.16318E-01 -0.10749E-01 -0.67076E-02 -0.39141E-02
 0.60000E+00 -0.46123E-01  0.92550E-01  0.19328E+00  0.22837E+00  0.20579E+00  0.15363E+00  0.98726E-01  0.55642E-01  0.27480E-01  0.11419E-01  0.32988E-02 -0.26732E-03 -0.14781E-02 -0.15920E-02 -0.12763E-02 -0.86512E-03
 0.80000E+00 -0.28480E-01  0.36758E-01  0.10974E+00  0.16340E+00  0.18211E+00  0.16812E+00  0.13519E+00  0.98029E-01  0.65879E-01  0.41958E-01  0.25767E-01  0.15440E-01  0.90804E-02  0.52358E-02  0.29339E-02  0.15727E-02
 0.10000E+01 -0.13495E-01  0.63488E-02  0.58615E-01  0.11914E+00  0.16047E+00  0.16992E+00  0.15245E+00  0.12141E+00  0.88847E-01  0.61330E-01  0.40713E-01  0.26310E-01  0.16630E-01  0.10248E-01  0.60889E-02  0.34283E-02
 0.12000E+01 -0.12866E-02 -0.12701E-01  0.22953E-01  0.85195E-01  0.14027E+00  0.16593E+00  0.16051E+00  0.13549E+00  0.10411E+00  0.75017E-01  0.51756E-01  0.34622E-01  0.22558E-01  0.14265E-01  0.86567E-02  0.49558E-02
 0.14000E+01  0.81969E-02 -0.24712E-01 -0.23851E-02  0.58585E-01  0.12164E+00  0.15852E+00  0.16257E+00  0.14321E+00  0.11390E+00  0.84527E-01  0.59832E-01  0.40924E-01  0.27173E-01  0.17453E-01  0.10724E-01  0.61980E-02
 0.16000E+01  0.15100E-01 -0.31728E-01 -0.19685E-01  0.38304E-01  0.10518E+00  0.14932E+00  0.16052E+00  0.14614E+00  0.11931E+00  0.90504E-01  0.65274E-01  0.45362E-01  0.30522E-01  0.19816E-01  0.12279E-01  0.71423E-02
 0.18000E+01  0.19859E-01 -0.35364E-01 -0.30997E-01  0.23245E-01  0.91166E-01  0.13961E+00  0.15595E+00  0.14575E+00  0.12144E+00  0.93698E-01  0.68548E-01  0.48209E-01  0.32758E-01  0.21436E-01  0.13364E-01  0.78095E-02
 0.20000E+01  0.23003E-01 -0.36857E-01 -0.38108E-01  0.12216E-01  0.79486E-01  0.13018E+00  0.15010E+00  0.14326E+00  0.12133E+00  0.94871E-01  0.70183E-01  0.49817E-01  0.34106E-01  0.22452E-01  0.14062E-01  0.82458E-02
 0.22000E+01  0.24979E-01 -0.37076E-01 -0.42387E-01  0.41846E-02  0.69850E-01  0.12142E+00  0.14374E+00  0.13957E+00  0.11977E+00  0.94656E-01  0.70644E-01  0.50509E-01  0.34783E-01  0.23004E-01  0.14459E-01  0.85016E-02
 0.24000E+01  0.26129E-01 -0.36599E-01 -0.44827E-01 -0.16834E-02  0.61918E-01  0.11350E+00  0.13737E+00  0.13530E+00  0.11736E+00  0.93556E-01  0.70320E-01  0.50569E-01  0.34988E-01  0.23225E-01  0.14639E-01  0.86256E-02
 0.26000E+01  0.26692E-01 -0.35784E-01 -0.46099E-01 -0.60089E-02  0.55360E-01  0.10643E+00  0.13127E+00  0.13083E+00  0.11450E+00  0.91926E-01  0.69496E-01  0.50213E-01  0.34874E-01  0.23218E-01  0.14668E-01  0.86574E-02
 0.28000E+01  0.26848E-01 -0.34830E-01 -0.46626E-01 -0.92148E-02  0.49922E-01  0.10018E+00  0.12556E+00  0.12641E+00  0.11145E+00  0.90006E-01  0.68371E-01  0.49592E-01  0.34550E-01  0.23058E-01  0.14594E-01  0.86259E-02
 0.30000E+01  0.26774E-01 -0.33320E-01 -0.46274E-01 -0.11779E-01  0.44549E-01  0.93397E-01  0.11893E+00  0.12089E+00  0.10735E+00  0.87193E-01  0.66539E-01  0.48443E-01  0.33848E-01  0.22643E-01  0.14357E-01  0.84968E-02
