 0.00000E+00  0.82056E+00  0.34137E+00 -0.21546E-01 -0.18531E+00 -0.18935E+00 -0.12277E+00 -0.53962E-01 -0.96160E-02  0.11030E-01  0.17141E-01  0.16470E-01  0.13410E-01  0.99625E-02  0.69007E-02  0.44608E-02  0.26667E-02
 0.20000E+00  0.25498E+00  0.41479E+00  0.42640E+00  0.31578E+00  0.16291E+00  0.37380E-01 -0.34327E-01 -0.60317E-01 -0.60126E-01 -0.49582E-01 -0.37249E-01 -0.26477E-01 -0.18050E-01 -0.11801E-01 -0.73315E-02 -0.42640E-02
 0.40000E+00 -0.18693E-01  0.16995E+00  0.27508E+00  0.28014E+00  0.21989E+00  0.14244E+00  0.78912E-01  0.38045E-01  0.15733E-01  0.49490E-02  0.29787E-03 -0.13767E-02 -0.17021E-02 -0.14758E-02 -0.10814E-02 -0.69823E-03
 0.60000E+00 -0.32031E-01  0.76335E-01  0.15840E+00  0.19251E+00  0.18282E+00  0.14845E+00  0.10846E+00  0.73941E-01  0.48321E-01  0.30814E-01  0.19360E-01  0.12026E-01  0.73735E-02  0.44319E-02  0.25784E-02  0.14264E-02
 0.80000E+00 -0.28765E-01  0.46373E-01  0.11469E+00  0.15473E+00  0.16089E+00  0.14190E+00  0.11165E+00  0.81186E-01  0.56034E-01  0.37413E-01  0.24447E-01  0.15715E-01  0.99289E-02  0.61239E-02  0.36401E-02  0.20487E-02
 0.10000E+01 -0.26539E-01  0.34051E-01  0.95802E-01  0.13764E+00  0.15011E+00  0.13758E+00  0.11166E+00  0.83225E-01  0.58566E-01  0.39709E-01  0.26276E-01  0.17069E-01  0.10881E-01  0.67616E-02  0.40437E-02  0.22867E-02
 0.12000E+01 -0.24412E-01  0.25123E-01  0.81621E-01  0.12445E+00  0.14141E+00  0.13367E+00  0.11107E+00  0.84272E-01  0.60118E-01  0.41196E-01  0.27492E-01  0.17986E-01  0.11533E-01  0.72020E-02  0.43241E-02  0.24529E-02
 0.14000E+01 -0.21926E-01  0.16750E-01  0.67713E-01  0.11099E+00  0.13193E+00  0.12872E+00  0.10944E+00  0.84451E-01  0.61007E-01  0.42209E-01  0.28385E-01  0.18687E-01  0.12046E-01  0.75546E-02  0.45515E-02  0.25888E-02
 0.16000E+01 -0.19270E-01  0.90545E-02  0.54292E-01  0.97351E-01  0.12160E+00  0.12252E+00  0.10651E+00  0.83501E-01  0.61021E-01  0.42588E-01  0.28838E-01  0.19092E-01  0.12364E-01  0.77841E-02  0.47042E-02  0.26820E-02
 0.18000E+01 -0.16725E-01  0.24578E-02  0.42157E-01  0.84339E-01  0.11098E+00  0.11536E+00  0.10237E+00  0.81397E-01  0.60089E-01  0.42257E-01  0.28784E-01  0.19149E-01  0.12452E-01  0.78651E-02  0.47658E-02  0.27227E-02
 0.20000E+01 -0.14492E-01 -0.28514E-02  0.31798E-01  0.72570E-01  0.10065E+00  0.10772E+00  0.97345E-01  0.78357E-01  0.58347E-01  0.41297E-01  0.28272E-01  0.18886E-01  0.12323E-01  0.78055E-02  0.47404E-02  0.27130E-02
 0.22000E+01 -0.12659E-01 -0.69195E-02  0.23320E-01  0.62337E-01  0.91046E-01  0.10005E+00  0.91858E-01  0.74713E-01  0.56038E-01  0.39876E-01  0.27415E-01  0.18377E-01  0.12025E-01  0.76353E-02  0.46460E-02  0.26630E-02
 0.24000E+01 -0.11218E-01 -0.99441E-02  0.16544E-01  0.53642E-01  0.82373E-01  0.92686E-01  0.86273E-01  0.70790E-01  0.53420E-01  0.38185E-01  0.26346E-01  0.17712E-01  0.11618E-01  0.73921E-02  0.45054E-02  0.25858E-02
 0.26000E+01 -0.10120E-01 -0.12154E-01  0.11180E-01  0.46323E-01  0.74663E-01  0.85814E-01  0.80830E-01  0.66823E-01  0.50687E-01  0.36370E-01  0.25169E-01  0.16963E-01  0.11151E-01  0.71071E-02  0.43380E-02  0.24926E-02
 0.28000E+01 -0.93084E-02 -0.13746E-01  0.69558E-02  0.40192E-01  0.67874E-01  0.79512E-01  0.75671E-01  0.62961E-01  0.47967E-01  0.34530E-01  0.23958E-01  0.16182E-01  0.10657E-01  0.68028E-02  0.41577E-02  0.23915E-02
 0.30000E+01 -0.85637E-02 -0.15049E-01  0.29589E-02  0.33928E-01  0.60557E-01  0.72445E-01  0.69710E-01  0.58396E-01  0.44696E-01  0.32286E-01  0.22463E-01  0.15207E-01  0.10035E-01  0.64170E-02  0.39275E-02  0.22617E-02
 0.00000E+00  0.82056E+00  0.34137E+00 -0.21546E-01 -0.18531E+00 -0.18935E+00 -0.12277E+00 -0.53962E-01 -0.96160E-02  0.11030E-01  0.17141E-01  0.16470E-01  0.13410E-01  0.99625E-02  0.69007E-02  0.44608E-02  0.26667E-02
 0.20000E+00  0.25498E+00  0.41479E+00  0.42640E+00  0.31578E+00  0.16291E+00  0.37380E-01 -0.34327E-01 -0.60317E-01 -0.60126E-01 -0.49582E-01 -0.37249E-01 -0.26477E-01 -0.18050E-01 -0.11801E-01 -0.73315E-02 -0.42640E-02
 0.40000E+00 -0.18693E-01  0.16995E+00  0.27508E+00  0.28014E+00  0.21989E+00  0.14244E+00  0.78912E-01  0.38045E-01  0.15733E-01  0.49490E-02  0.29787E-03 -0.13767E-02 -0.17021E-02 -0.14758E-02 -0.10814E-02 -0.69823E-03
 0.60000E+00 -0.32031E-01  0.76335E-01  0.15840E+00  0.19251E+00  0.18282E+00  0.14845E+00  0.10846E+00  0.73941E-01  0.48321E-01  0.30814E-01  0.19360E-01  0.12026E-01  0.73735E-02  0.44319E-02  0.25784E-02  0.14264E-02
 0.80000E+00 -0.28765E-01  0.46373E-01  0.11469E+00  0.15473E+00  0.16089E+00  0.14190E+00  0.11165E+00  0.81186E-01  0.56034E-01  0.37413E-01  0.24447E-01  0.15715E-01  0.99289E-02  0.61239E-02  0.36401E-02  0.20487E-02
 0.10000E+01 -0.26539E-01  0.34051E-01  0.95802E-01  0.13764E+00  0.15011E+00  0.13758E+00  0.11166E+00  0.83225E-01  0.58566E-01  0.39709E-01  0.26276E-01  0.17069E-01  0.10881E-01  0.67616E-02  0.40437E-02  0.22867E-02
 0.12000E+01 -0.24412E-01  0.25123E-01  0.81621E-01  0.12445E+00  0.14141E+00  0.13367E+00  0.11107E+00  0.84272E-01  0.60118E-01  0.41196E-01  0.27492E-01  0.17986E-01  0.11533E-01  0.72020E-02  0.43241E-02  0.24529E-02
 0.14000E+01 -0.21926E-01  0.16750E-01  0.67713E-01  0.11099E+00  0.13193E+00  0.12872E+00  0.10944E+00  0.84451E-01  0.61007E-01  0.42209E-01  0.28385E-01  0.18687E-01  0.12046E-01  0.75546E-02  0.45515E-02  0.25888E-02
 0.16000E+01 -0.19270E-01  0.90545E-02  0.54292E-01  0.97351E-01  0.12160E+00  0.12252E+00  0.10651E+00  0.83501E-01  0.61021E-01  0.42588E-01  0.28838E-01  0.19092E-01  0.12364E-01  0.77841E-02  0.47042E-02  0.26820E-02
 0.18000E+01 -0.16725E-01  0.24578E-02  0.42157E-01  0.84339E-01  0.11098E+00  0.11536E+00  0.10237E+00  0.81397E-01  0.60089E-01  0.42257E-01  0.28784E-01  0.19149E-01  0.12452E-01  0.78651E-02  0.47658E-02  0.27227E-02
 0.20000E+01 -0.14492E-01 -0.28514E-02  0.31798E-01  0.72570E-01  0.10065E+00  0.10772E+00  0.97345E-01  0.78357E-01  0.58347E-01  0.41297E-01  0.28272E-01  0.18886E-01  0.12323E-01  0.78055E-02  0.47404E-02  0.27130E-02
 0.22000E+01 -0.12659E-01 -0.69195E-02  0.23320E-01  0.62337E-01  0.91046E-01  0.10005E+00  0.91858E-01  0.74713E-01  0.56038E-01  0.39876E-01  0.27415E-01  0.18377E-01  0.12025E-01  0.76353E-02  0.46460E-02  0.26630E-02
 0.24000E+01 -0.11218E-01 -0.99441E-02  0.16544E-01  0.53642E-01  0.82373E-01  0.92686E-01  0.86273E-01  0.70790E-01  0.53420E-01  0.38185E-01  0.26346E-01  0.17712E-01  0.11618E-01  0.73921E-02  0.45054E-02  0.25858E-02
 0.26000E+01 -0.10120E-01 -0.12154E-01  0.11180E-01  0.46323E-01  0.74663E-01  0.85814E-01  0.80830E-01  0.66823E-01  0.50687E-01  0.36370E-01  0.25169E-01  0.16963E-01  0.11151E-01  0.71071E-02  0.43380E-02  0.24926E-02
 0.28000E+01 -0.93084E-02 -0.13746E-01  0.69558E-02  0.40192E-01  0.67874E-01  0.79512E-01  0.75671E-01  0.62961E-01  0.47967E-01  0.34530E-01  0.23958E-01  0.16182E-01  0.10657E-01  0.68028E-02  0.41577E-02  0.23915E-02
 0.30000E+01 -0.85637E-02 -0.15049E-01  0.29589E-02  0.33928E-01  0.60557E-01  0.72445E-01  0.69710E-01  0.58396E-01  0.44696E-01  0.32286E-01  0.22463E-01  0.15207E-01  0.10035E-01  0.64170E-02  0.39275E-02  0.22617E-02
