 0.00000E+00  0.60981E+00  0.36379E+00  0.12236E+00 -0.41505E-01 -0.11164E+00 -0.11485E+00 -0.88374E-01 -0.58078E-01 -0.34755E-01 -0.19747E-01 -0.10960E-01 -0.60438E-02 -0.33323E-02 -0.18316E-02 -0.99195E-03 -0.51942E-03
 0.20000E+00  0.41767E+00  0.37205E+00  0.28414E+00  0.18570E+00  0.10301E+00  0.47224E-01  0.16255E-01  0.21713E-02 -0.27487E-02 -0.36192E-02 -0.30881E-02 -0.22735E-02 -0.15517E-02 -0.10036E-02 -0.61528E-03 -0.35364E-03
 0.40000E+00  0.71303E-01  0.17376E+00  0.23302E+00  0.23573E+00  0.19638E+00  0.14108E+00  0.90475E-01  0.53436E-01  0.29923E-01  0.16288E-01  0.87776E-02  0.47321E-02  0.25590E-02  0.13818E-02  0.73619E-03  0.37993E-03
 0.60000E+00 -0.19353E-01  0.90926E-01  0.17113E+00  0.19977E+00  0.18294E+00  0.14226E+00  0.98406E-01  0.62770E-01  0.38041E-01  0.22427E-01  0.13070E-01  0.75912E-02  0.43987E-02  0.25270E-02  0.14202E-02  0.76600E-03
 0.80000E+00 -0.37674E-01  0.55864E-01  0.12915E+00  0.16158E+00  0.15499E+00  0.12549E+00  0.90265E-01  0.59843E-01  0.37652E-01  0.22990E-01  0.13828E-01  0.82560E-02  0.48974E-02  0.28688E-02  0.16377E-02  0.89411E-03
 0.10000E+01 -0.39558E-01  0.38680E-01  0.10266E+00  0.13391E+00  0.13219E+00  0.10978E+00  0.80903E-01  0.54906E-01  0.35312E-01  0.21991E-01  0.13456E-01  0.81510E-02  0.48934E-02  0.28943E-02  0.16649E-02  0.91429E-03
 0.12000E+01 -0.37627E-01  0.28440E-01  0.84172E-01  0.11319E+00  0.11411E+00  0.96548E-01  0.72413E-01  0.49964E-01  0.32623E-01  0.20589E-01  0.12741E-01  0.77911E-02  0.47134E-02  0.28050E-02  0.16214E-02  0.89361E-03
 0.14000E+01 -0.34641E-01  0.21423E-01  0.69953E-01  0.96481E-01  0.98975E-01  0.85021E-01  0.64673E-01  0.45209E-01  0.29866E-01  0.19041E-01  0.11884E-01  0.73183E-02  0.44526E-02  0.26618E-02  0.15440E-02  0.85327E-03
 0.16000E+01 -0.31434E-01  0.16299E-01  0.58559E-01  0.82593E-01  0.86018E-01  0.74855E-01  0.57618E-01  0.40713E-01  0.27153E-01  0.17453E-01  0.10967E-01  0.67914E-02  0.41506E-02  0.24902E-02  0.14485E-02  0.80215E-03
 0.18000E+01 -0.28383E-01  0.12466E-01  0.49358E-01  0.71048E-01  0.74986E-01  0.65990E-01  0.51306E-01  0.36580E-01  0.24589E-01  0.15910E-01  0.10053E-01  0.62533E-02  0.38356E-02  0.23079E-02  0.13454E-02  0.74637E-03
 0.20000E+01 -0.25660E-01  0.95620E-02  0.41938E-01  0.61512E-01  0.65695E-01  0.58377E-01  0.45775E-01  0.32882E-01  0.22247E-01  0.14474E-01  0.91869E-02  0.57355E-02  0.35285E-02  0.21281E-02  0.12429E-02  0.69047E-03
 0.22000E+01 -0.23319E-01  0.73366E-02  0.35957E-01  0.53677E-01  0.57937E-01  0.51918E-01  0.41007E-01  0.29644E-01  0.20164E-01  0.13178E-01  0.83955E-02  0.52573E-02  0.32423E-02  0.19593E-02  0.11461E-02  0.63742E-03
 0.24000E+01 -0.21342E-01  0.56058E-02  0.31116E-01  0.47236E-01  0.51477E-01  0.46472E-01  0.36935E-01  0.26843E-01  0.18342E-01  0.12033E-01  0.76894E-02  0.48273E-02  0.29832E-02  0.18057E-02  0.10576E-02  0.58880E-03
 0.26000E+01 -0.19686E-01  0.42355E-02  0.27164E-01  0.41913E-01  0.46080E-01  0.41876E-01  0.33464E-01  0.24432E-01  0.16759E-01  0.11030E-01  0.70669E-02  0.44460E-02  0.27523E-02  0.16683E-02  0.97822E-03  0.54506E-03
 0.28000E+01 -0.18303E-01  0.31316E-02  0.23910E-01  0.37487E-01  0.41555E-01  0.37989E-01  0.30504E-01  0.22361E-01  0.15390E-01  0.10156E-01  0.65216E-02  0.41105E-02  0.25484E-02  0.15466E-02  0.90773E-03  0.50617E-03
 0.30000E+01 -0.16863E-01  0.20669E-02  0.20645E-01  0.32989E-01  0.36913E-01  0.33966E-01  0.27416E-01  0.20182E-01  0.13939E-01  0.92251E-02  0.59380E-02  0.37499E-02  0.23285E-02  0.14150E-02  0.83134E-03  0.46394E-03
 0.00000E+00  0.60981E+00  0.36379E+00  0.12236E+00 -0.41505E-01 -0.11164E+00 -0.11485E+00 -0.88374E-01 -0.58078E-01 -0.34755E-01 -0.19747E-01 -0.10960E-01 -0.60438E-02 -0.33323E-02 -0.18316E-02 -0.99195E-03 -0.51942E-03
 0.20000E+00  0.41767E+00  0.37205E+00  0.28414E+00  0.18570E+00  0.10301E+00  0.47224E-01  0.16255E-01  0.21713E-02 -0.27487E-02 -0.36192E-02 -0.30881E-02 -0.22735E-02 -0.15517E-02 -0.10036E-02 -0.61528E-03 -0.35364E-03
 0.40000E+00  0.71303E-01  0.17376E+00  0.23302E+00  0.23573E+00  0.19638E+00  0.14108E+00  0.90475E-01  0.53436E-01  0.29923E-01  0.16288E-01  0.87776E-02  0.47321E-02  0.25590E-02  0.13818E-02  0.73619E-03  0.37993E-03
 0.60000E+00 -0.19353E-01  0.90926E-01  0.17113E+00  0.19977E+00  0.18294E+00  0.14226E+00  0.98406E-01  0.62770E-01  0.38041E-01  0.22427E-01  0.13070E-01  0.75912E-02  0.43987E-02  0.25270E-02  0.14202E-02  0.76600E-03
 0.80000E+00 -0.37674E-01  0.55864E-01  0.12915E+00  0.16158E+00  0.15499E+00  0.12549E+00  0.90265E-01  0.59843E-01  0.37652E-01  0.22990E-01  0.13828E-01  0.82560E-02  0.48974E-02  0.28688E-02  0.16377E-02  0.89411E-03
 0.10000E+01 -0.39558E-01  0.38680E-01  0.10266E+00  0.13391E+00  0.13219E+00  0.10978E+00  0.80903E-01  0.54906E-01  0.35312E-01  0.21991E-01  0.13456E-01  0.81510E-02  0.48934E-02  0.28943E-02  0.16649E-02  0.91429E-03
 0.12000E+01 -0.37627E-01  0.28440E-01  0.84172E-01  0.11319E+00  0.11411E+00  0.96548E-01  0.72413E-01  0.49964E-01  0.32623E-01  0.20589E-01  0.12741E-01  0.77911E-02  0.47134E-02  0.28050E-02  0.16214E-02  0.89361E-03
 0.14000E+01 -0.34641E-01  0.21423E-01  0.69953E-01  0.96481E-01  0.98975E-01  0.85021E-01  0.64673E-01  0.45209E-01  0.29866E-01  0.19041E-01  0.11884E-01  0.73183E-02  0.44526E-02  0.26618E-02  0.15440E-02  0.85327E-03
 0.16000E+01 -0.31434E-01  0.16299E-01  0.58559E-01  0.82593E-01  0.86018E-01  0.74855E-01  0.57618E-01  0.40713E-01  0.27153E-01  0.17453E-01  0.10967E-01  0.67914E-02  0.41506E-02  0.24902E-02  0.14485E-02  0.80215E-03
 0.18000E+01 -0.28383E-01  0.12466E-01  0.49358E-01  0.71048E-01  0.74986E-01  0.65990E-01  0.51306E-01  0.36580E-01  0.24589E-01  0.15910E-01  0.10053E-01  0.62533E-02  0.38356E-02  0.23079E-02  0.13454E-02  0.74637E-03
 0.20000E+01 -0.25660E-01  0.95620E-02  0.41938E-01  0.61512E-01  0.65695E-01  0.58377E-01  0.45775E-01  0.32882E-01  0.22247E-01  0.14474E-01  0.91869E-02  0.57355E-02  0.35285E-02  0.21281E-02  0.12429E-02  0.69047E-03
 0.22000E+01 -0.23319E-01  0.73366E-02  0.35957E-01  0.53677E-01  0.57937E-01  0.51918E-01  0.41007E-01  0.29644E-01  0.20164E-01  0.13178E-01  0.83955E-02  0.52573E-02  0.32423E-02  0.19593E-02  0.11461E-02  0.63742E-03
 0.24000E+01 -0.21342E-01  0.56058E-02  0.31116E-01  0.47236E-01  0.51477E-01  0.46472E-01  0.36935E-01  0.26843E-01  0.18342E-01  0.12033E-01  0.76894E-02  0.48273E-02  0.29832E-02  0.18057E-02  0.10576E-02  0.58880E-03
 0.26000E+01 -0.19686E-01  0.42355E-02  0.27164E-01  0.41913E-01  0.46080E-01  0.41876E-01  0.33464E-01  0.24432E-01  0.16759E-01  0.11030E-01  0.70669E-02  0.44460E-02  0.27523E-02  0.16683E-02  0.97822E-03  0.54506E-03
 0.28000E+01 -0.18303E-01  0.31316E-02  0.23910E-01  0.37487E-01  0.41555E-01  0.37989E-01  0.30504E-01  0.22361E-01  0.15390E-01  0.10156E-01  0.65216E-02  0.41105E-02  0.25484E-02  0.15466E-02  0.90773E-03  0.50617E-03
 0.30000E+01 -0.16863E-01  0.20669E-02  0.20645E-01  0.32989E-01  0.36913E-01  0.33966E-01  0.27416E-01  0.20182E-01  0.13939E-01  0.92251E-02  0.59380E-02  0.37499E-02  0.23285E-02  0.14150E-02  0.83134E-03  0.46394E-03
