 0.00000E+00  0.76862E+00  0.28437E+00 -0.12249E+00 -0.14821E+00 -0.31850E-01  0.36571E-01  0.48035E-01  0.37699E-01  0.24882E-01  0.15074E-01  0.86182E-02  0.46680E-02  0.23652E-02  0.10835E-02  0.41961E-03  0.12396E-03
 0.20000E+00  0.36664E+00  0.50145E+00  0.37246E+00  0.12956E+00 -0.26139E-01 -0.71207E-01 -0.63562E-01 -0.44314E-01 -0.27932E-01 -0.16724E-01 -0.96806E-02 -0.54398E-02 -0.29585E-02 -0.15408E-02 -0.74747E-03 -0.31467E-03
 0.40000E+00 -0.13851E+00  0.27962E+00  0.46343E+00  0.31387E+00  0.11084E+00  0.37198E-02 -0.26656E-01 -0.26199E-01 -0.18625E-01 -0.11620E-01 -0.66809E-02 -0.35624E-02 -0.17235E-02 -0.70739E-03 -0.20562E-03 -0.18245E-04
 0.60000E+00 -0.11456E+00  0.92455E-01  0.26921E+00  0.28772E+00  0.21235E+00  0.13150E+00  0.75650E-01  0.42455E-01  0.23675E-01  0.13172E-01  0.72994E-02  0.40155E-02  0.21821E-02  0.11601E-02  0.58531E-03  0.25777E-03
 0.80000E+00 -0.24993E-01 -0.93595E-02  0.10783E+00  0.22426E+00  0.24733E+00  0.19971E+00  0.13627E+00  0.84898E-01  0.50217E-01  0.28655E-01  0.15820E-01  0.84017E-02  0.42264E-02  0.19495E-02  0.77551E-03  0.24233E-03
 0.10000E+01  0.28528E-01 -0.52247E-01  0.20630E-01  0.17179E+00  0.24141E+00  0.21560E+00  0.15473E+00  0.99010E-01  0.59344E-01  0.33999E-01  0.18690E-01  0.97849E-02  0.47740E-02  0.20663E-02  0.71332E-03  0.15725E-03
 0.12000E+01  0.50463E-01 -0.66561E-01 -0.19869E-01  0.13411E+00  0.21903E+00  0.20541E+00  0.15084E+00  0.97743E-01  0.59017E-01  0.33957E-01  0.18708E-01  0.97966E-02  0.47684E-02  0.20489E-02  0.69352E-03  0.14328E-03
 0.14000E+01  0.55564E-01 -0.68352E-01 -0.36709E-01  0.10654E+00  0.19155E+00  0.18447E+00  0.13718E+00  0.89615E-01  0.54500E-01  0.31611E-01  0.17600E-01  0.93595E-02  0.46735E-02  0.21091E-02  0.79822E-03  0.22472E-03
 0.16000E+01  0.52240E-01 -0.64629E-01 -0.41628E-01  0.85474E-01  0.16338E+00  0.15964E+00  0.11958E+00  0.78656E-01  0.48271E-01  0.28371E-01  0.16109E-01  0.88298E-02  0.46311E-02  0.22793E-02  0.10141E-02  0.38158E-03
 0.18000E+01  0.44757E-01 -0.58401E-01 -0.40304E-01  0.68702E-01  0.13612E+00  0.13385E+00  0.10067E+00  0.66684E-01  0.41436E-01  0.24843E-01  0.14535E-01  0.83269E-02  0.46659E-02  0.25401E-02  0.13092E-02  0.58929E-03
 0.20000E+01  0.35112E-01 -0.51034E-01 -0.35508E-01  0.54909E-01  0.11019E+00  0.10825E+00  0.81542E-01  0.54476E-01  0.34470E-01  0.21285E-01  0.12996E-01  0.78921E-02  0.47787E-02  0.28745E-02  0.16630E-02  0.83313E-03
 0.22000E+01  0.24498E-01 -0.43257E-01 -0.28808E-01  0.43346E-01  0.85886E-01  0.83558E-01  0.62868E-01  0.42505E-01  0.27651E-01  0.17835E-01  0.11546E-01  0.75318E-02  0.49529E-02  0.32578E-02  0.20524E-02  0.10979E-02
 0.24000E+01  0.13529E-01 -0.35453E-01 -0.21088E-01  0.33495E-01  0.63229E-01  0.60056E-01  0.44939E-01  0.30982E-01  0.21102E-01  0.14555E-01  0.10204E-01  0.72435E-02  0.51760E-02  0.36745E-02  0.24638E-02  0.13746E-02
 0.26000E+01  0.25705E-02 -0.27824E-01 -0.12893E-01  0.24962E-01  0.42122E-01  0.37821E-01  0.27871E-01  0.19994E-01  0.14871E-01  0.11460E-01  0.89696E-02  0.70166E-02  0.54339E-02  0.41107E-02  0.28854E-02  0.16561E-02
 0.28000E+01 -0.82914E-02 -0.20421E-01 -0.44598E-02  0.17431E-01  0.22297E-01  0.16673E-01  0.11558E-01  0.94795E-02  0.89246E-02  0.85306E-02  0.78300E-02  0.68429E-02  0.57211E-02  0.45625E-02  0.33150E-02  0.19412E-02
 0.30000E+01 -0.17137E-01 -0.14382E-01  0.15873E-02  0.96166E-02  0.43543E-02 -0.19361E-02 -0.26307E-02  0.37333E-03  0.37651E-02  0.59627E-02  0.67972E-02  0.66414E-02  0.59206E-02  0.49109E-02  0.36541E-02  0.21682E-02
