 0.00000E+00  0.83589E+00  0.30291E+00 -0.72401E-01 -0.20490E+00 -0.15830E+00 -0.51038E-01  0.33370E-01  0.70593E-01  0.72464E-01  0.58425E-01  0.41651E-01  0.27715E-01  0.17681E-01  0.10908E-01  0.64728E-02  0.36386E-02
 0.20000E+00  0.26228E+00  0.41736E+00  0.41104E+00  0.27482E+00  0.10082E+00 -0.31512E-01 -0.94559E-01 -0.10283E+00 -0.84001E-01 -0.59149E-01 -0.38208E-01 -0.23480E-01 -0.14010E-01 -0.81666E-02 -0.46224E-02 -0.25011E-02
 0.40000E+00 -0.38116E-01  0.23252E+00  0.36323E+00  0.33541E+00  0.21464E+00  0.84850E-01 -0.42101E-02 -0.45049E-01 -0.52772E-01 -0.45073E-01 -0.33455E-01 -0.23025E-01 -0.15128E-01 -0.95708E-02 -0.57975E-02 -0.33126E-02
 0.60000E+00 -0.65827E-01  0.10683E+00  0.22668E+00  0.26122E+00  0.22479E+00  0.15608E+00  0.89485E-01  0.41637E-01  0.13901E-01  0.71104E-03 -0.41413E-02 -0.50208E-02 -0.43463E-02 -0.32513E-02 -0.21999E-02 -0.13557E-02
 0.80000E+00 -0.38184E-01  0.31330E-01  0.11272E+00  0.17490E+00  0.19811E+00  0.18323E+00  0.14574E+00  0.10320E+00  0.66961E-01  0.40837E-01  0.23933E-01  0.13711E-01  0.77526E-02  0.43287E-02  0.23650E-02  0.12432E-02
 0.10000E+01 -0.11852E-01 -0.57846E-02  0.43324E-01  0.11110E+00  0.16359E+00  0.18122E+00  0.16610E+00  0.13293E+00  0.96526E-01  0.65578E-01  0.42696E-01  0.27084E-01  0.16868E-01  0.10289E-01  0.60751E-02  0.34089E-02
 0.12000E+01  0.35963E-02 -0.21758E-01  0.65737E-02  0.70866E-01  0.13403E+00  0.16793E+00  0.16701E+00  0.14242E+00  0.10919E+00  0.77849E-01  0.52930E-01  0.34887E-01  0.22454E-01  0.14076E-01  0.84959E-02  0.48494E-02
 0.14000E+01  0.11470E-01 -0.28154E-01 -0.12346E-01  0.46282E-01  0.11173E+00  0.15308E+00  0.16062E+00  0.14257E+00  0.11301E+00  0.82948E-01  0.57842E-01  0.38961E-01  0.25534E-01  0.16243E-01  0.99165E-02  0.57099E-02
 0.16000E+01  0.15327E-01 -0.30503E-01 -0.22359E-01  0.30829E-01  0.95347E-01  0.13985E+00  0.15246E+00  0.13915E+00  0.11285E+00  0.84466E-01  0.59899E-01  0.40922E-01  0.27133E-01  0.17421E-01  0.10712E-01  0.62017E-02
 0.18000E+01  0.17173E-01 -0.31138E-01 -0.27910E-01  0.20589E-01  0.83056E-01  0.12869E+00  0.14441E+00  0.13457E+00  0.11098E+00  0.84260E-01  0.60477E-01  0.41735E-01  0.27899E-01  0.18029E-01  0.11142E-01  0.64747E-02
 0.20000E+01  0.17985E-01 -0.31019E-01 -0.31102E-01  0.13436E-01  0.73532E-01  0.11928E+00  0.13699E+00  0.12974E+00  0.10841E+00  0.83208E-01  0.60273E-01  0.41911E-01  0.28189E-01  0.18305E-01  0.11354E-01  0.66165E-02
 0.22000E+01  0.18237E-01 -0.30553E-01 -0.32956E-01  0.82227E-02  0.65926E-01  0.11127E+00  0.13026E+00  0.12502E+00  0.10556E+00  0.81732E-01  0.59636E-01  0.41716E-01  0.28194E-01  0.18377E-01  0.11432E-01  0.66764E-02
 0.24000E+01  0.18176E-01 -0.29930E-01 -0.34011E-01  0.42893E-02  0.59693E-01  0.10436E+00  0.12418E+00  0.12051E+00  0.10264E+00  0.80048E-01  0.58757E-01  0.41303E-01  0.28024E-01  0.18322E-01  0.11425E-01  0.66839E-02
 0.26000E+01  0.17936E-01 -0.29237E-01 -0.34565E-01  0.12326E-02  0.54462E-01  0.98303E-01  0.11865E+00  0.11625E+00  0.99756E-01  0.78273E-01  0.57744E-01  0.40758E-01  0.27746E-01  0.18187E-01  0.11363E-01  0.66573E-02
 0.28000E+01  0.17585E-01 -0.28522E-01 -0.34795E-01 -0.12029E-02  0.49981E-01  0.92917E-01  0.11358E+00  0.11223E+00  0.96938E-01  0.76467E-01  0.56659E-01  0.40135E-01  0.27399E-01  0.17999E-01  0.11265E-01  0.66081E-02
 0.30000E+01  0.17051E-01 -0.27558E-01 -0.34683E-01 -0.35492E-02  0.45179E-01  0.86863E-01  0.10768E+00  0.10738E+00  0.93411E-01  0.74110E-01  0.55171E-01  0.39231E-01  0.26863E-01  0.17690E-01  0.11091E-01  0.65151E-02
 0.00000E+00  0.83589E+00  0.30291E+00 -0.72401E-01 -0.20490E+00 -0.15830E+00 -0.51038E-01  0.33370E-01  0.70593E-01  0.72464E-01  0.58425E-01  0.41651E-01  0.27715E-01  0.17681E-01  0.10908E-01  0.64728E-02  0.36386E-02
 0.20000E+00  0.26228E+00  0.41736E+00  0.41104E+00  0.27482E+00  0.10082E+00 -0.31512E-01 -0.94559E-01 -0.10283E+00 -0.84001E-01 -0.59149E-01 -0.38208E-01 -0.23480E-01 -0.14010E-01 -0.81666E-02 -0.46224E-02 -0.25011E-02
 0.40000E+00 -0.38116E-01  0.23252E+00  0.36323E+00  0.33541E+00  0.21464E+00  0.84850E-01 -0.42101E-02 -0.45049E-01 -0.52772E-01 -0.45073E-01 -0.33455E-01 -0.23025E-01 -0.15128E-01 -0.95708E-02 -0.57975E-02 -0.33126E-02
 0.60000E+00 -0.65827E-01  0.10683E+00  0.22668E+00  0.26122E+00  0.22479E+00  0.15608E+00  0.89485E-01  0.41637E-01  0.13901E-01  0.71104E-03 -0.41413E-02 -0.50208E-02 -0.43463E-02 -0.32513E-02 -0.21999E-02 -0.13557E-02
 0.80000E+00 -0.38184E-01  0.31330E-01  0.11272E+00  0.17490E+00  0.19811E+00  0.18323E+00  0.14574E+00  0.10320E+00  0.66961E-01  0.40837E-01  0.23933E-01  0.13711E-01  0.77526E-02  0.43287E-02  0.23650E-02  0.12432E-02
 0.10000E+01 -0.11852E-01 -0.57846E-02  0.43324E-01  0.11110E+00  0.16359E+00  0.18122E+00  0.16610E+00  0.13293E+00  0.96526E-01  0.65578E-01  0.42696E-01  0.27084E-01  0.16868E-01  0.10289E-01  0.60751E-02  0.34089E-02
 0.12000E+01  0.35963E-02 -0.21758E-01  0.65737E-02  0.70866E-01  0.13403E+00  0.16793E+00  0.16701E+00  0.14242E+00  0.10919E+00  0.77849E-01  0.52930E-01  0.34887E-01  0.22454E-01  0.14076E-01  0.84959E-02  0.48494E-02
 0.14000E+01  0.11470E-01 -0.28154E-01 -0.12346E-01  0.46282E-01  0.11173E+00  0.15308E+00  0.16062E+00  0.14257E+00  0.11301E+00  0.82948E-01  0.57842E-01  0.38961E-01  0.25534E-01  0.16243E-01  0.99165E-02  0.57099E-02
 0.16000E+01  0.15327E-01 -0.30503E-01 -0.22359E-01  0.30829E-01  0.95347E-01  0.13985E+00  0.15246E+00  0.13915E+00  0.11285E+00  0.84466E-01  0.59899E-01  0.40922E-01  0.27133E-01  0.17421E-01  0.10712E-01  0.62017E-02
 0.18000E+01  0.17173E-01 -0.31138E-01 -0.27910E-01  0.20589E-01  0.83056E-01  0.12869E+00  0.14441E+00  0.13457E+00  0.11098E+00  0.84260E-01  0.60477E-01  0.41735E-01  0.27899E-01  0.18029E-01  0.11142E-01  0.64747E-02
 0.20000E+01  0.17985E-01 -0.31019E-01 -0.31102E-01  0.13436E-01  0.73532E-01  0.11928E+00  0.13699E+00  0.12974E+00  0.10841E+00  0.83208E-01  0.60273E-01  0.41911E-01  0.28189E-01  0.18305E-01  0.11354E-01  0.66165E-02
 0.22000E+01  0.18237E-01 -0.30553E-01 -0.32956E-01  0.82227E-02  0.65926E-01  0.11127E+00  0.13026E+00  0.12502E+00  0.10556E+00  0.81732E-01  0.59636E-01  0.41716E-01  0.28194E-01  0.18377E-01  0.11432E-01  0.66764E-02
 0.24000E+01  0.18176E-01 -0.29930E-01 -0.34011E-01  0.42893E-02  0.59693E-01  0.10436E+00  0.12418E+00  0.12051E+00  0.10264E+00  0.80048E-01  0.58757E-01  0.41303E-01  0.28024E-01  0.18322E-01  0.11425E-01  0.66839E-02
 0.26000E+01  0.17936E-01 -0.29237E-01 -0.34565E-01  0.12326E-02  0.54462E-01  0.98303E-01  0.11865E+00  0.11625E+00  0.99756E-01  0.78273E-01  0.57744E-01  0.40758E-01  0.27746E-01  0.18187E-01  0.11363E-01  0.66573E-02
 0.28000E+01  0.17585E-01 -0.28522E-01 -0.34795E-01 -0.12029E-02  0.49981E-01  0.92917E-01  0.11358E+00  0.11223E+00  0.96938E-01  0.76467E-01  0.56659E-01  0.40135E-01  0.27399E-01  0.17999E-01  0.11265E-01  0.66081E-02
 0.30000E+01  0.17051E-01 -0.27558E-01 -0.34683E-01 -0.35492E-02  0.45179E-01  0.86863E-01  0.10768E+00  0.10738E+00  0.93411E-01  0.74110E-01  0.55171E-01  0.39231E-01  0.26863E-01  0.17690E-01  0.11091E-01  0.65151E-02
