 0.00000E+00  0.72745E+00  0.31745E+00 -0.70144E-01 -0.14080E+00 -0.64759E-01 -0.40724E-02  0.17938E-01  0.20291E-01  0.16432E-01  0.11747E-01  0.78627E-02  0.50418E-02  0.31269E-02  0.18763E-02  0.10624E-02  0.51850E-03
 0.20000E+00  0.38909E+00  0.47204E+00  0.34076E+00  0.13853E+00  0.96217E-02 -0.36543E-01 -0.41431E-01 -0.33490E-01 -0.24043E-01 -0.16306E-01 -0.10700E-01 -0.68677E-02 -0.43345E-02 -0.26853E-02 -0.15839E-02 -0.80278E-03
 0.40000E+00 -0.89541E-01  0.24686E+00  0.40295E+00  0.29653E+00  0.13734E+00  0.42007E-01  0.34768E-02 -0.78937E-02 -0.92243E-02 -0.75669E-02 -0.54529E-02 -0.36649E-02 -0.23505E-02 -0.14482E-02 -0.83876E-03 -0.41704E-03
 0.60000E+00 -0.10324E+00  0.10344E+00  0.26140E+00  0.26412E+00  0.19012E+00  0.11918E+00  0.71688E-01  0.42888E-01  0.25748E-01  0.15526E-01  0.93972E-02  0.57035E-02  0.34668E-02  0.20971E-02  0.12190E-02  0.61207E-03
 0.80000E+00 -0.57215E-01  0.26877E-01  0.14894E+00  0.21504E+00  0.20523E+00  0.15922E+00  0.11119E+00  0.73616E-01  0.47359E-01  0.29934E-01  0.18683E-01  0.11540E-01  0.70583E-02  0.42551E-02  0.24503E-02  0.12185E-02
 0.10000E+01 -0.21844E-01 -0.13739E-01  0.78873E-01  0.17660E+00  0.20401E+00  0.17482E+00  0.12892E+00  0.88099E-01  0.57783E-01  0.36966E-01  0.23239E-01  0.14405E-01  0.88148E-02  0.53026E-02  0.30420E-02  0.15071E-02
 0.12000E+01 -0.20864E-03 -0.36084E-01  0.35929E-01  0.14805E+00  0.19585E+00  0.17747E+00  0.13455E+00  0.93379E-01  0.61836E-01  0.39813E-01  0.25139E-01  0.15631E-01  0.95857E-02  0.57744E-02  0.33155E-02  0.16436E-02
 0.14000E+01  0.11983E-01 -0.48765E-01  0.89939E-02  0.12630E+00  0.18476E+00  0.17344E+00  0.13369E+00  0.93658E-01  0.62409E-01  0.40373E-01  0.25596E-01  0.15975E-01  0.98336E-02  0.59472E-02  0.34283E-02  0.17053E-02
 0.16000E+01  0.18071E-01 -0.55808E-01 -0.80144E-02  0.10920E+00  0.17246E+00  0.16576E+00  0.12917E+00  0.91078E-01  0.60985E-01  0.39624E-01  0.25231E-01  0.15823E-01  0.97927E-02  0.59594E-02  0.34580E-02  0.17296E-02
 0.18000E+01  0.19930E-01 -0.59307E-01 -0.18419E-01  0.95423E-01  0.15964E+00  0.15591E+00  0.12238E+00  0.86713E-01  0.58315E-01  0.38063E-01  0.24364E-01  0.15373E-01  0.95847E-02  0.58835E-02  0.34453E-02  0.17365E-02
 0.20000E+01  0.19045E-01 -0.60466E-01 -0.24378E-01  0.84057E-01  0.14672E+00  0.14482E+00  0.11425E+00  0.81266E-01  0.54885E-01  0.36007E-01  0.23192E-01  0.14745E-01  0.92780E-02  0.57572E-02  0.34095E-02  0.17347E-02
 0.22000E+01  0.16206E-01 -0.60080E-01 -0.27215E-01  0.74544E-01  0.13396E+00  0.13306E+00  0.10531E+00  0.75165E-01  0.50993E-01  0.33651E-01  0.21838E-01  0.14014E-01  0.89171E-02  0.56056E-02  0.33643E-02  0.17303E-02
 0.24000E+01  0.12023E-01 -0.58623E-01 -0.27809E-01  0.66488E-01  0.12151E+00  0.12102E+00  0.95950E-01  0.68696E-01  0.46837E-01  0.31125E-01  0.20382E-01  0.13226E-01  0.85290E-02  0.54434E-02  0.33166E-02  0.17263E-02
 0.26000E+01  0.69267E-02 -0.56488E-01 -0.26892E-01  0.59487E-01  0.10937E+00  0.10887E+00  0.86367E-01  0.62025E-01  0.42534E-01  0.28505E-01  0.18872E-01  0.12411E-01  0.81295E-02  0.52788E-02  0.32704E-02  0.17243E-02
 0.28000E+01  0.10122E-02 -0.53899E-01 -0.24828E-01  0.53290E-01  0.97458E-01  0.96614E-01  0.76590E-01  0.55181E-01  0.38107E-01  0.25807E-01  0.17318E-01  0.11575E-01  0.77222E-02  0.51137E-02  0.32268E-02  0.17248E-02
 0.30000E+01 -0.41964E-02 -0.51921E-01 -0.23850E-01  0.46671E-01  0.85880E-01  0.85006E-01  0.67421E-01  0.48779E-01  0.33955E-01  0.23255E-01  0.15825E-01  0.10749E-01  0.72992E-02  0.49222E-02  0.31572E-02  0.17078E-02
