 0.00000E+00  0.61991E+00  0.35497E+00  0.10374E+00 -0.58428E-01 -0.11960E+00 -0.11298E+00 -0.80105E-01 -0.47742E-01 -0.25374E-01 -0.12586E-01 -0.60623E-02 -0.29277E-02 -0.14436E-02 -0.72753E-03 -0.36942E-03 -0.18451E-03
 0.20000E+00  0.40566E+00  0.36846E+00  0.28440E+00  0.18457E+00  0.97872E-01  0.38710E-01  0.66585E-02 -0.64268E-02 -0.93463E-02 -0.81733E-02 -0.60259E-02 -0.40982E-02 -0.26639E-02 -0.16718E-02 -0.10072E-02 -0.57351E-03
 0.40000E+00  0.83006E-01  0.19522E+00  0.25498E+00  0.24952E+00  0.19845E+00  0.13340E+00  0.77830E-01  0.40313E-01  0.18951E-01  0.82659E-02  0.34111E-02  0.13472E-02  0.50626E-03  0.17446E-03  0.49541E-04  0.72077E-05
 0.60000E+00 -0.28541E-01  0.99940E-01  0.19227E+00  0.22348E+00  0.20160E+00  0.15294E+00  0.10217E+00  0.62374E-01  0.36002E-01  0.20266E-01  0.11399E-01  0.64930E-02  0.37494E-02  0.21722E-02  0.12389E-02  0.67916E-03
 0.80000E+00 -0.51369E-01  0.50321E-01  0.13313E+00  0.17293E+00  0.16952E+00  0.13926E+00  0.10105E+00  0.67251E-01  0.42340E-01  0.25872E-01  0.15634E-01  0.94399E-02  0.56996E-02  0.34127E-02  0.19935E-02  0.11118E-02
 0.10000E+01 -0.47138E-01  0.27111E-01  0.93131E-01  0.13081E+00  0.13603E+00  0.11804E+00  0.90312E-01  0.63213E-01  0.41669E-01  0.26486E-01  0.16522E-01  0.10220E-01  0.62811E-02  0.38090E-02  0.22453E-02  0.12603E-02
 0.12000E+01 -0.39490E-01  0.16190E-01  0.69023E-01  0.10245E+00  0.11096E+00  0.99824E-01  0.78950E-01  0.56934E-01  0.38513E-01  0.25008E-01  0.15863E-01  0.99370E-02  0.61636E-02  0.37626E-02  0.22285E-02  0.12552E-02
 0.14000E+01 -0.33343E-01  0.10617E-01  0.54364E-01  0.83925E-01  0.93477E-01  0.86130E-01  0.69572E-01  0.51105E-01  0.35113E-01  0.23091E-01  0.14793E-01  0.93353E-02  0.58222E-02  0.35684E-02  0.21195E-02  0.11962E-02
 0.16000E+01 -0.28885E-01  0.74638E-02  0.44939E-01  0.71419E-01  0.81140E-01  0.76002E-01  0.62267E-01  0.46297E-01  0.32134E-01  0.21305E-01  0.13736E-01  0.87102E-02  0.54518E-02  0.33501E-02  0.19937E-02  0.11268E-02
 0.18000E+01 -0.25634E-01  0.54991E-02  0.38477E-01  0.62539E-01  0.72107E-01  0.68350E-01  0.56566E-01  0.42418E-01  0.29650E-01  0.19770E-01  0.12803E-01  0.81463E-02  0.51117E-02  0.31470E-02  0.18754E-02  0.10610E-02
 0.20000E+01 -0.23185E-01  0.41723E-02  0.33781E-01  0.55915E-01  0.65217E-01  0.62384E-01  0.52022E-01  0.39259E-01  0.27586E-01  0.18471E-01  0.12001E-01  0.76554E-02  0.48128E-02  0.29672E-02  0.17700E-02  0.10021E-02
 0.22000E+01 -0.21278E-01  0.32181E-02  0.30201E-01  0.50763E-01  0.59765E-01  0.57586E-01  0.48308E-01  0.36638E-01  0.25849E-01  0.17365E-01  0.11312E-01  0.72298E-02  0.45520E-02  0.28095E-02  0.16773E-02  0.95020E-03
 0.24000E+01 -0.19743E-01  0.24965E-02  0.27363E-01  0.46613E-01  0.55314E-01  0.53618E-01  0.45201E-01  0.34419E-01  0.24364E-01  0.16411E-01  0.10713E-01  0.68580E-02  0.43232E-02  0.26707E-02  0.15956E-02  0.90432E-03
 0.26000E+01 -0.18472E-01  0.19278E-02  0.25036E-01  0.43165E-01  0.51576E-01  0.50253E-01  0.42540E-01  0.32504E-01  0.23072E-01  0.15576E-01  0.10185E-01  0.65291E-02  0.41201E-02  0.25472E-02  0.15227E-02  0.86337E-03
 0.28000E+01 -0.17394E-01  0.14636E-02  0.23074E-01  0.40226E-01  0.48361E-01  0.47334E-01  0.40214E-01  0.30817E-01  0.21928E-01  0.14832E-01  0.97133E-02  0.62340E-02  0.39374E-02  0.24359E-02  0.14568E-02  0.82635E-03
 0.30000E+01 -0.16220E-01  0.10141E-02  0.21015E-01  0.37089E-01  0.44888E-01  0.44150E-01  0.37654E-01  0.28947E-01  0.20650E-01  0.13996E-01  0.91812E-02  0.59000E-02  0.37301E-02  0.23093E-02  0.13819E-02  0.78417E-03
 0.00000E+00  0.61991E+00  0.35497E+00  0.10374E+00 -0.58428E-01 -0.11960E+00 -0.11298E+00 -0.80105E-01 -0.47742E-01 -0.25374E-01 -0.12586E-01 -0.60623E-02 -0.29277E-02 -0.14436E-02 -0.72753E-03 -0.36942E-03 -0.18451E-03
 0.20000E+00  0.40566E+00  0.36846E+00  0.28440E+00  0.18457E+00  0.97872E-01  0.38710E-01  0.66585E-02 -0.64268E-02 -0.93463E-02 -0.81733E-02 -0.60259E-02 -0.40982E-02 -0.26639E-02 -0.16718E-02 -0.10072E-02 -0.57351E-03
 0.40000E+00  0.83006E-01  0.19522E+00  0.25498E+00  0.24952E+00  0.19845E+00  0.13340E+00  0.77830E-01  0.40313E-01  0.18951E-01  0.82659E-02  0.34111E-02  0.13472E-02  0.50626E-03  0.17446E-03  0.49541E-04  0.72077E-05
 0.60000E+00 -0.28541E-01  0.99940E-01  0.19227E+00  0.22348E+00  0.20160E+00  0.15294E+00  0.10217E+00  0.62374E-01  0.36002E-01  0.20266E-01  0.11399E-01  0.64930E-02  0.37494E-02  0.21722E-02  0.12389E-02  0.67916E-03
 0.80000E+00 -0.51369E-01  0.50321E-01  0.13313E+00  0.17293E+00  0.16952E+00  0.13926E+00  0.10105E+00  0.67251E-01  0.42340E-01  0.25872E-01  0.15634E-01  0.94399E-02  0.56996E-02  0.34127E-02  0.19935E-02  0.11118E-02
 0.10000E+01 -0.47138E-01  0.27111E-01  0.93131E-01  0.13081E+00  0.13603E+00  0.11804E+00  0.90312E-01  0.63213E-01  0.41669E-01  0.26486E-01  0.16522E-01  0.10220E-01  0.62811E-02  0.38090E-02  0.22453E-02  0.12603E-02
 0.12000E+01 -0.39490E-01  0.16190E-01  0.69023E-01  0.10245E+00  0.11096E+00  0.99824E-01  0.78950E-01  0.56934E-01  0.38513E-01  0.25008E-01  0.15863E-01  0.99370E-02  0.61636E-02  0.37626E-02  0.22285E-02  0.12552E-02
 0.14000E+01 -0.33343E-01  0.10617E-01  0.54364E-01  0.83925E-01  0.93477E-01  0.86130E-01  0.69572E-01  0.51105E-01  0.35113E-01  0.23091E-01  0.14793E-01  0.93353E-02  0.58222E-02  0.35684E-02  0.21195E-02  0.11962E-02
 0.16000E+01 -0.28885E-01  0.74638E-02  0.44939E-01  0.71419E-01  0.81140E-01  0.76002E-01  0.62267E-01  0.46297E-01  0.32134E-01  0.21305E-01  0.13736E-01  0.87102E-02  0.54518E-02  0.33501E-02  0.19937E-02  0.11268E-02
 0.18000E+01 -0.25634E-01  0.54991E-02  0.38477E-01  0.62539E-01  0.72107E-01  0.68350E-01  0.56566E-01  0.42418E-01  0.29650E-01  0.19770E-01  0.12803E-01  0.81463E-02  0.51117E-02  0.31470E-02  0.18754E-02  0.10610E-02
 0.20000E+01 -0.23185E-01  0.41723E-02  0.33781E-01  0.55915E-01  0.65217E-01  0.62384E-01  0.52022E-01  0.39259E-01  0.27586E-01  0.18471E-01  0.12001E-01  0.76554E-02  0.48128E-02  0.29672E-02  0.17700E-02  0.10021E-02
 0.22000E+01 -0.21278E-01  0.32181E-02  0.30201E-01  0.50763E-01  0.59765E-01  0.57586E-01  0.48308E-01  0.36638E-01  0.25849E-01  0.17365E-01  0.11312E-01  0.72298E-02  0.45520E-02  0.28095E-02  0.16773E-02  0.95020E-03
 0.24000E+01 -0.19743E-01  0.24965E-02  0.27363E-01  0.46613E-01  0.55314E-01  0.53618E-01  0.45201E-01  0.34419E-01  0.24364E-01  0.16411E-01  0.10713E-01  0.68580E-02  0.43232E-02  0.26707E-02  0.15956E-02  0.90432E-03
 0.26000E+01 -0.18472E-01  0.19278E-02  0.25036E-01  0.43165E-01  0.51576E-01  0.50253E-01  0.42540E-01  0.32504E-01  0.23072E-01  0.15576E-01  0.10185E-01  0.65291E-02  0.41201E-02  0.25472E-02  0.15227E-02  0.86337E-03
 0.28000E+01 -0.17394E-01  0.14636E-02  0.23074E-01  0.40226E-01  0.48361E-01  0.47334E-01  0.40214E-01  0.30817E-01  0.21928E-01  0.14832E-01  0.97133E-02  0.62340E-02  0.39374E-02  0.24359E-02  0.14568E-02  0.82635E-03
 0.30000E+01 -0.16220E-01  0.10141E-02  0.21015E-01  0.37089E-01  0.44888E-01  0.44150E-01  0.37654E-01  0.28947E-01  0.20650E-01  0.13996E-01  0.91812E-02  0.59000E-02  0.37301E-02  0.23093E-02  0.13819E-02  0.78417E-03
