 0.00000E+00  0.81750E+00  0.28012E+00 -0.88327E-01 -0.20949E+00 -0.15491E+00 -0.45768E-01  0.36738E-01  0.71706E-01  0.72625E-01  0.58765E-01  0.42521E-01  0.28936E-01  0.18947E-01  0.11993E-01  0.72802E-02  0.41695E-02
 0.20000E+00  0.30503E+00  0.45919E+00  0.43684E+00  0.27981E+00  0.90563E-01 -0.47957E-01 -0.11081E+00 -0.11657E+00 -0.95239E-01 -0.68383E-01 -0.45721E-01 -0.29384E-01 -0.18419E-01 -0.11270E-01 -0.66624E-02 -0.37387E-02
 0.40000E+00 -0.72381E-01  0.22870E+00  0.37813E+00  0.35525E+00  0.23130E+00  0.96599E-01  0.38027E-02 -0.39558E-01 -0.49241E-01 -0.43182E-01 -0.32795E-01 -0.23122E-01 -0.15566E-01 -0.10074E-01 -0.62227E-02 -0.36120E-02
 0.60000E+00 -0.62420E-01  0.83260E-01  0.19385E+00  0.23713E+00  0.21849E+00  0.16652E+00  0.11001E+00  0.65114E-01  0.35479E-01  0.18189E-01  0.88974E-02  0.41658E-02  0.18467E-02  0.75317E-03  0.26635E-03  0.70223E-04
 0.80000E+00 -0.28529E-01  0.22937E-01  0.93445E-01  0.15424E+00  0.18306E+00  0.17647E+00  0.14647E+00  0.10897E+00  0.75079E-01  0.49231E-01  0.31365E-01  0.19664E-01  0.12177E-01  0.74092E-02  0.43699E-02  0.24505E-02
 0.10000E+01 -0.98614E-02 -0.13834E-02  0.46132E-01  0.10873E+00  0.15521E+00  0.16900E+00  0.15348E+00  0.12262E+00  0.89617E-01  0.61768E-01  0.41062E-01  0.26694E-01  0.17045E-01  0.10639E-01  0.64057E-02  0.36511E-02
 0.12000E+01  0.14283E-04 -0.12446E-01  0.21573E-01  0.82009E-01  0.13511E+00  0.15866E+00  0.15142E+00  0.12552E+00  0.94464E-01  0.66705E-01  0.45252E-01  0.29920E-01  0.19375E-01  0.12232E-01  0.74320E-02  0.42659E-02
 0.14000E+01  0.56521E-02 -0.18111E-01  0.72159E-02  0.64583E-01  0.11998E+00  0.14865E+00  0.14660E+00  0.12444E+00  0.95419E-01  0.68421E-01  0.47013E-01  0.31416E-01  0.20523E-01  0.13048E-01  0.79721E-02  0.45957E-02
 0.16000E+01  0.90692E-02 -0.21219E-01 -0.19219E-02  0.52296E-01  0.10807E+00  0.13953E+00  0.14099E+00  0.12175E+00  0.94621E-01  0.68603E-01  0.47573E-01  0.32034E-01  0.21057E-01  0.13455E-01  0.82533E-02  0.47722E-02
 0.18000E+01  0.11208E-01 -0.22963E-01 -0.80598E-02  0.43171E-01  0.98389E-01  0.13137E+00  0.13528E+00  0.11838E+00  0.92972E-01  0.67986E-01  0.47481E-01  0.32160E-01  0.21242E-01  0.13626E-01  0.83832E-02  0.48586E-02
 0.20000E+01  0.12560E-01 -0.23916E-01 -0.12327E-01  0.36151E-01  0.90337E-01  0.12407E+00  0.12976E+00  0.11479E+00  0.90912E-01  0.66940E-01  0.47019E-01  0.31999E-01  0.21217E-01  0.13652E-01  0.84197E-02  0.48888E-02
 0.22000E+01  0.13404E-01 -0.24387E-01 -0.15360E-01  0.30611E-01  0.83533E-01  0.11755E+00  0.12455E+00  0.11117E+00  0.88670E-01  0.65665E-01  0.46344E-01  0.31663E-01  0.21062E-01  0.13587E-01  0.83964E-02  0.48827E-02
 0.24000E+01  0.13914E-01 -0.24559E-01 -0.17555E-01  0.26144E-01  0.77705E-01  0.11170E+00  0.11968E+00  0.10766E+00  0.86377E-01  0.64281E-01  0.45551E-01  0.31226E-01  0.20827E-01  0.13465E-01  0.83351E-02  0.48533E-02
 0.26000E+01  0.14199E-01 -0.24541E-01 -0.19168E-01  0.22465E-01  0.72638E-01  0.10642E+00  0.11515E+00  0.10428E+00  0.84103E-01  0.62854E-01  0.44697E-01  0.30729E-01  0.20545E-01  0.13307E-01  0.82495E-02  0.48089E-02
 0.28000E+01  0.14329E-01 -0.24400E-01 -0.20366E-01  0.19379E-01  0.68172E-01  0.10163E+00  0.11093E+00  0.10105E+00  0.81877E-01  0.61422E-01  0.43815E-01  0.30200E-01  0.20233E-01  0.13127E-01  0.81485E-02  0.47547E-02
 0.30000E+01  0.14343E-01 -0.24056E-01 -0.21379E-01  0.16188E-01  0.63248E-01  0.96139E-01  0.10596E+00  0.97166E-01  0.79134E-01  0.59614E-01  0.42673E-01  0.29497E-01  0.19808E-01  0.12875E-01  0.80038E-02  0.46755E-02
 0.00000E+00  0.81750E+00  0.28012E+00 -0.88327E-01 -0.20949E+00 -0.15491E+00 -0.45768E-01  0.36738E-01  0.71706E-01  0.72625E-01  0.58765E-01  0.42521E-01  0.28936E-01  0.18947E-01  0.11993E-01  0.72802E-02  0.41695E-02
 0.20000E+00  0.30503E+00  0.45919E+00  0.43684E+00  0.27981E+00  0.90563E-01 -0.47957E-01 -0.11081E+00 -0.11657E+00 -0.95239E-01 -0.68383E-01 -0.45721E-01 -0.29384E-01 -0.18419E-01 -0.11270E-01 -0.66624E-02 -0.37387E-02
 0.40000E+00 -0.72381E-01  0.22870E+00  0.37813E+00  0.35525E+00  0.23130E+00  0.96599E-01  0.38027E-02 -0.39558E-01 -0.49241E-01 -0.43182E-01 -0.32795E-01 -0.23122E-01 -0.15566E-01 -0.10074E-01 -0.62227E-02 -0.36120E-02
 0.60000E+00 -0.62420E-01  0.83260E-01  0.19385E+00  0.23713E+00  0.21849E+00  0.16652E+00  0.11001E+00  0.65114E-01  0.35479E-01  0.18189E-01  0.88974E-02  0.41658E-02  0.18467E-02  0.75317E-03  0.26635E-03  0.70223E-04
 0.80000E+00 -0.28529E-01  0.22937E-01  0.93445E-01  0.15424E+00  0.18306E+00  0.17647E+00  0.14647E+00  0.10897E+00  0.75079E-01  0.49231E-01  0.31365E-01  0.19664E-01  0.12177E-01  0.74092E-02  0.43699E-02  0.24505E-02
 0.10000E+01 -0.98614E-02 -0.13834E-02  0.46132E-01  0.10873E+00  0.15521E+00  0.16900E+00  0.15348E+00  0.12262E+00  0.89617E-01  0.61768E-01  0.41062E-01  0.26694E-01  0.17045E-01  0.10639E-01  0.64057E-02  0.36511E-02
 0.12000E+01  0.14283E-04 -0.12446E-01  0.21573E-01  0.82009E-01  0.13511E+00  0.15866E+00  0.15142E+00  0.12552E+00  0.94464E-01  0.66705E-01  0.45252E-01  0.29920E-01  0.19375E-01  0.12232E-01  0.74320E-02  0.42659E-02
 0.14000E+01  0.56521E-02 -0.18111E-01  0.72159E-02  0.64583E-01  0.11998E+00  0.14865E+00  0.14660E+00  0.12444E+00  0.95419E-01  0.68421E-01  0.47013E-01  0.31416E-01  0.20523E-01  0.13048E-01  0.79721E-02  0.45957E-02
 0.16000E+01  0.90692E-02 -0.21219E-01 -0.19219E-02  0.52296E-01  0.10807E+00  0.13953E+00  0.14099E+00  0.12175E+00  0.94621E-01  0.68603E-01  0.47573E-01  0.32034E-01  0.21057E-01  0.13455E-01  0.82533E-02  0.47722E-02
 0.18000E+01  0.11208E-01 -0.22963E-01 -0.80598E-02  0.43171E-01  0.98389E-01  0.13137E+00  0.13528E+00  0.11838E+00  0.92972E-01  0.67986E-01  0.47481E-01  0.32160E-01  0.21242E-01  0.13626E-01  0.83832E-02  0.48586E-02
 0.20000E+01  0.12560E-01 -0.23916E-01 -0.12327E-01  0.36151E-01  0.90337E-01  0.12407E+00  0.12976E+00  0.11479E+00  0.90912E-01  0.66940E-01  0.47019E-01  0.31999E-01  0.21217E-01  0.13652E-01  0.84197E-02  0.48888E-02
 0.22000E+01  0.13404E-01 -0.24387E-01 -0.15360E-01  0.30611E-01  0.83533E-01  0.11755E+00  0.12455E+00  0.11117E+00  0.88670E-01  0.65665E-01  0.46344E-01  0.31663E-01  0.21062E-01  0.13587E-01  0.83964E-02  0.48827E-02
 0.24000E+01  0.13914E-01 -0.24559E-01 -0.17555E-01  0.26144E-01  0.77705E-01  0.11170E+00  0.11968E+00  0.10766E+00  0.86377E-01  0.64281E-01  0.45551E-01  0.31226E-01  0.20827E-01  0.13465E-01  0.83351E-02  0.48533E-02
 0.26000E+01  0.14199E-01 -0.24541E-01 -0.19168E-01  0.22465E-01  0.72638E-01  0.10642E+00  0.11515E+00  0.10428E+00  0.84103E-01  0.62854E-01  0.44697E-01  0.30729E-01  0.20545E-01  0.13307E-01  0.82495E-02  0.48089E-02
 0.28000E+01  0.14329E-01 -0.24400E-01 -0.20366E-01  0.19379E-01  0.68172E-01  0.10163E+00  0.11093E+00  0.10105E+00  0.81877E-01  0.61422E-01  0.43815E-01  0.30200E-01  0.20233E-01  0.13127E-01  0.81485E-02  0.47547E-02
 0.30000E+01  0.14343E-01 -0.24056E-01 -0.21379E-01  0.16188E-01  0.63248E-01  0.96139E-01  0.10596E+00  0.97166E-01  0.79134E-01  0.59614E-01  0.42673E-01  0.29497E-01  0.19808E-01  0.12875E-01  0.80038E-02  0.46755E-02
