 0.00000E+00  0.70517E+00  0.31563E+00 -0.72148E-01 -0.14778E+00 -0.64286E-01  0.53444E-02  0.29457E-01  0.29398E-01  0.22358E-01  0.15240E-01  0.98152E-02  0.61050E-02  0.37009E-02  0.21855E-02  0.12259E-02  0.59610E-03
 0.20000E+00  0.42179E+00  0.47503E+00  0.32735E+00  0.12706E+00  0.23675E-02 -0.41069E-01 -0.43450E-01 -0.33537E-01 -0.23056E-01 -0.15029E-01 -0.95233E-02 -0.59334E-02 -0.36525E-02 -0.22160E-02 -0.12853E-02 -0.64380E-03
 0.40000E+00 -0.98065E-01  0.25847E+00  0.43322E+00  0.31748E+00  0.13311E+00  0.21811E-01 -0.18470E-01 -0.24811E-01 -0.20395E-01 -0.14382E-01 -0.94307E-02 -0.59263E-02 -0.36130E-02 -0.21392E-02 -0.12012E-02 -0.58454E-03
 0.60000E+00 -0.13709E+00  0.10233E+00  0.28861E+00  0.28965E+00  0.19828E+00  0.11394E+00  0.61762E-01  0.33512E-01  0.18606E-01  0.10606E-01  0.61889E-02  0.36809E-02  0.22225E-02  0.13502E-02  0.79287E-03  0.40183E-03
 0.80000E+00 -0.65245E-01  0.11975E-01  0.13869E+00  0.21897E+00  0.21955E+00  0.17452E+00  0.12220E+00  0.79976E-01  0.50516E-01  0.31280E-01  0.19121E-01  0.11577E-01  0.69491E-02  0.41160E-02  0.23334E-02  0.11468E-02
 0.10000E+01 -0.32685E-02 -0.32410E-01  0.42570E-01  0.16089E+00  0.21640E+00  0.19900E+00  0.15077E+00  0.10314E+00  0.66806E-01  0.41941E-01  0.25799E-01  0.15633E-01  0.93489E-02  0.54950E-02  0.30843E-02  0.15024E-02
 0.12000E+01  0.32136E-01 -0.52187E-01 -0.98253E-02  0.12165E+00  0.20344E+00  0.20191E+00  0.15854E+00  0.11050E+00  0.72307E-01  0.45634E-01  0.28125E-01  0.17033E-01  0.10159E-01  0.59434E-02  0.33165E-02  0.16070E-02
 0.14000E+01  0.48861E-01 -0.59911E-01 -0.36329E-01  0.95797E-01  0.18734E+00  0.19410E+00  0.15527E+00  0.10925E+00  0.71869E-01  0.45490E-01  0.28077E-01  0.17012E-01  0.10142E-01  0.59265E-02  0.33017E-02  0.15975E-02
 0.16000E+01  0.55323E-01 -0.62073E-01 -0.49227E-01  0.78094E-01  0.17118E+00  0.18205E+00  0.14720E+00  0.10415E+00  0.68728E-01  0.43593E-01  0.26948E-01  0.16348E-01  0.97579E-02  0.57087E-02  0.31841E-02  0.15422E-02
 0.18000E+01  0.55405E-01 -0.61111E-01 -0.53906E-01  0.65523E-01  0.15514E+00  0.16747E+00  0.13617E+00  0.96617E-01  0.63890E-01  0.40607E-01  0.25163E-01  0.15312E-01  0.91739E-02  0.53925E-02  0.30238E-02  0.14715E-02
 0.20000E+01  0.51704E-01 -0.58450E-01 -0.53718E-01  0.56272E-01  0.13958E+00  0.15174E+00  0.12364E+00  0.87814E-01  0.58150E-01  0.37044E-01  0.23035E-01  0.14085E-01  0.84936E-02  0.50337E-02  0.28487E-02  0.13975E-02
 0.22000E+01  0.46330E-01 -0.55158E-01 -0.51206E-01  0.49150E-01  0.12514E+00  0.13636E+00  0.11109E+00  0.78904E-01  0.52303E-01  0.33403E-01  0.20860E-01  0.12833E-01  0.78018E-02  0.46713E-02  0.26737E-02  0.13245E-02
 0.24000E+01  0.39717E-01 -0.51432E-01 -0.46992E-01  0.43602E-01  0.11151E+00  0.12119E+00  0.98487E-01  0.69870E-01  0.46350E-01  0.29692E-01  0.18647E-01  0.11566E-01  0.71075E-02  0.43129E-02  0.25044E-02  0.12558E-02
 0.26000E+01  0.32381E-01 -0.47456E-01 -0.41685E-01  0.39196E-01  0.98624E-01  0.10638E+00  0.86016E-01  0.60875E-01  0.40404E-01  0.25984E-01  0.16439E-01  0.10305E-01  0.64216E-02  0.39629E-02  0.23420E-02  0.11913E-02
 0.28000E+01  0.24552E-01 -0.43377E-01 -0.35667E-01  0.35630E-01  0.86352E-01  0.91912E-01  0.73720E-01  0.51963E-01  0.34502E-01  0.22303E-01  0.14250E-01  0.90604E-02  0.57484E-02  0.36230E-02  0.21872E-02  0.11314E-02
 0.30000E+01  0.18475E-01 -0.40108E-01 -0.31704E-01  0.31140E-01  0.74788E-01  0.78957E-01  0.62945E-01  0.44238E-01  0.29406E-01  0.19119E-01  0.12343E-01  0.79607E-02  0.51393E-02  0.33031E-02  0.20321E-02  0.10664E-02
