 0.00000E+00  0.74967E+00  0.30956E+00 -0.84919E-01 -0.14305E+00 -0.59558E-01  0.90207E-03  0.20964E-01  0.22014E-01  0.17464E-01  0.12384E-01  0.82516E-02  0.52719E-02  0.32583E-02  0.19488E-02  0.11007E-02  0.53664E-03
 0.20000E+00  0.36915E+00  0.47966E+00  0.35636E+00  0.14347E+00  0.62780E-02 -0.41599E-01 -0.45684E-01 -0.36662E-01 -0.26309E-01 -0.17867E-01 -0.11737E-01 -0.75374E-02 -0.47569E-02 -0.29463E-02 -0.17378E-02 -0.88119E-03
 0.40000E+00 -0.99921E-01  0.24754E+00  0.40430E+00  0.29385E+00  0.13529E+00  0.42695E-01  0.55358E-02 -0.58435E-02 -0.76625E-02 -0.64896E-02 -0.47355E-02 -0.31925E-02 -0.20413E-02 -0.12485E-02 -0.71659E-03 -0.35373E-03
 0.60000E+00 -0.94660E-01  0.10166E+00  0.25327E+00  0.25832E+00  0.18924E+00  0.12129E+00  0.74610E-01  0.45522E-01  0.27778E-01  0.16978E-01  0.10394E-01  0.63717E-02  0.39085E-02  0.23849E-02  0.13974E-02  0.70606E-03
 0.80000E+00 -0.48317E-01  0.26585E-01  0.14515E+00  0.21331E+00  0.20515E+00  0.15953E+00  0.11155E+00  0.73994E-01  0.47711E-01  0.30214E-01  0.18878E-01  0.11664E-01  0.71320E-02  0.42974E-02  0.24740E-02  0.12305E-02
 0.10000E+01 -0.16731E-01 -0.13104E-01  0.80051E-01  0.17901E+00  0.20481E+00  0.17374E+00  0.12729E+00  0.86729E-01  0.56847E-01  0.36368E-01  0.22856E-01  0.14157E-01  0.86533E-02  0.51994E-02  0.29806E-02  0.14767E-02
 0.12000E+01  0.19809E-02 -0.35697E-01  0.39571E-01  0.15295E+00  0.19752E+00  0.17601E+00  0.13209E+00  0.91238E-01  0.60322E-01  0.38820E-01  0.24502E-01  0.15225E-01  0.93283E-02  0.56153E-02  0.32237E-02  0.15989E-02
 0.14000E+01  0.12601E-01 -0.49019E-01  0.13433E-01  0.13244E+00  0.18719E+00  0.17215E+00  0.13114E+00  0.91356E-01  0.60756E-01  0.39282E-01  0.24896E-01  0.15530E-01  0.95535E-02  0.57757E-02  0.33302E-02  0.16577E-02
 0.16000E+01  0.17796E-01 -0.56761E-01 -0.35246E-02  0.11592E+00  0.17547E+00  0.16486E+00  0.12683E+00  0.88894E-01  0.59402E-01  0.38577E-01  0.24560E-01  0.15398E-01  0.95271E-02  0.57978E-02  0.33660E-02  0.16853E-02
 0.18000E+01  0.19006E-01 -0.60628E-01 -0.13912E-01  0.10236E+00  0.16287E+00  0.15516E+00  0.12015E+00  0.84614E-01  0.56794E-01  0.37062E-01  0.23729E-01  0.14976E-01  0.93402E-02  0.57373E-02  0.33635E-02  0.16977E-02
 0.20000E+01  0.17676E-01 -0.62025E-01 -0.19962E-01  0.90998E-01  0.15003E+00  0.14421E+00  0.11217E+00  0.79302E-01  0.53465E-01  0.35079E-01  0.22609E-01  0.14386E-01  0.90600E-02  0.56288E-02  0.33387E-02  0.17014E-02
 0.22000E+01  0.14380E-01 -0.61609E-01 -0.22694E-01  0.81424E-01  0.13718E+00  0.13244E+00  0.10328E+00  0.73269E-01  0.49635E-01  0.32774E-01  0.21295E-01  0.13686E-01  0.87229E-02  0.54941E-02  0.33042E-02  0.17025E-02
 0.24000E+01  0.99143E-02 -0.60066E-01 -0.23270E-01  0.73200E-01  0.12459E+00  0.12039E+00  0.94015E-01  0.66911E-01  0.45572E-01  0.30319E-01  0.19892E-01  0.12937E-01  0.83618E-02  0.53499E-02  0.32674E-02  0.17039E-02
 0.26000E+01  0.45781E-02 -0.57791E-01 -0.22311E-01  0.66041E-01  0.11235E+00  0.10829E+00  0.84575E-01  0.60390E-01  0.41388E-01  0.27783E-01  0.18440E-01  0.12161E-01  0.79880E-02  0.52010E-02  0.32297E-02  0.17056E-02
 0.28000E+01 -0.15970E-02 -0.55010E-01 -0.20144E-01  0.59711E-01  0.10033E+00  0.96096E-01  0.74955E-01  0.53710E-01  0.37090E-01  0.25177E-01  0.16949E-01  0.11366E-01  0.76074E-02  0.50519E-02  0.31945E-02  0.17097E-02
 0.30000E+01 -0.66662E-02 -0.53076E-01 -0.19501E-01  0.52851E-01  0.88878E-01  0.84873E-01  0.66220E-01  0.47664E-01  0.33186E-01  0.22784E-01  0.15553E-01  0.10596E-01  0.72139E-02  0.48738E-02  0.31293E-02  0.16932E-02
