 0.00000E+00  0.80534E+00  0.40093E+00  0.55320E-01 -0.13508E+00 -0.17522E+00 -0.12981E+00 -0.64258E-01 -0.14363E-01  0.11991E-01  0.20701E-01  0.20066E-01  0.15991E-01  0.11493E-01  0.76997E-02  0.48415E-02  0.28361E-02
 0.20000E+00  0.21338E+00  0.29777E+00  0.30744E+00  0.24721E+00  0.15297E+00  0.64122E-01  0.30518E-02 -0.27512E-01 -0.36001E-01 -0.32821E-01 -0.25559E-01 -0.18217E-01 -0.12261E-01 -0.78821E-02 -0.48250E-02 -0.27765E-02
 0.40000E+00  0.45951E-01  0.18635E+00  0.26177E+00  0.25639E+00  0.19522E+00  0.11797E+00  0.53885E-01  0.13452E-01 -0.61671E-02 -0.12525E-01 -0.12363E-01 -0.98831E-02 -0.71049E-02 -0.47590E-02 -0.29923E-02 -0.17530E-02
 0.60000E+00 -0.44343E-02  0.13718E+00  0.22638E+00  0.24193E+00  0.20086E+00  0.13709E+00  0.78378E-01  0.37074E-01  0.13313E-01  0.19965E-02 -0.22461E-02 -0.31492E-02 -0.27694E-02 -0.20535E-02 -0.13693E-02 -0.83204E-03
 0.80000E+00 -0.40105E-01  0.81803E-01  0.17246E+00  0.20806E+00  0.19412E+00  0.15290E+00  0.10647E+00  0.67679E-01  0.40323E-01  0.23041E-01  0.12881E-01  0.71547E-02  0.39805E-02  0.22138E-02  0.12154E-02  0.64506E-03
 0.10000E+01 -0.50609E-01  0.25940E-01  0.10018E+00  0.15043E+00  0.16826E+00  0.15844E+00  0.13233E+00  0.10110E+00  0.72246E-01  0.49143E-01  0.32290E-01  0.20716E-01  0.13040E-01  0.80284E-02  0.47777E-02  0.26983E-02
 0.12000E+01 -0.39407E-01 -0.76016E-02  0.43390E-01  0.96958E-01  0.13555E+00  0.15002E+00  0.14195E+00  0.11963E+00  0.92353E-01  0.66752E-01  0.45992E-01  0.30613E-01  0.19821E-01  0.12465E-01  0.75354E-02  0.43049E-02
 0.14000E+01 -0.26137E-01 -0.22415E-01  0.11036E-01  0.62064E-01  0.10943E+00  0.13671E+00  0.13962E+00  0.12401E+00  0.99450E-01  0.73971E-01  0.52101E-01  0.35278E-01  0.23146E-01  0.14704E-01  0.89569E-02  0.51457E-02
 0.16000E+01 -0.16778E-01 -0.28348E-01 -0.59774E-02  0.41269E-01  0.91233E-01  0.12431E+00  0.13317E+00  0.12198E+00  0.99967E-01  0.75580E-01  0.53918E-01  0.36878E-01  0.24389E-01  0.15590E-01  0.95415E-02  0.55008E-02
 0.18000E+01 -0.10732E-01 -0.30591E-01 -0.15163E-01  0.28558E-01  0.78585E-01  0.11409E+00  0.12617E+00  0.11788E+00  0.97961E-01  0.74850E-01  0.53845E-01  0.37077E-01  0.24654E-01  0.15826E-01  0.97177E-02  0.56160E-02
 0.20000E+01 -0.67778E-02 -0.31274E-01 -0.20376E-01  0.20347E-01  0.69471E-01  0.10582E+00  0.11970E+00  0.11339E+00  0.95154E-01  0.73248E-01  0.53008E-01  0.36679E-01  0.24485E-01  0.15767E-01  0.97045E-02  0.56186E-02
 0.22000E+01 -0.40929E-02 -0.31264E-01 -0.23475E-01  0.14729E-01  0.62606E-01  0.99051E-01  0.11396E+00  0.10906E+00  0.92186E-01  0.71361E-01  0.51876E-01  0.36029E-01  0.24124E-01  0.15572E-01  0.96024E-02  0.55673E-02
 0.24000E+01 -0.21899E-02 -0.30934E-01 -0.25387E-01  0.10677E-01  0.57210E-01  0.93373E-01  0.10888E+00  0.10504E+00  0.89286E-01  0.69421E-01  0.50647E-01  0.35280E-01  0.23680E-01  0.15315E-01  0.94584E-02  0.54901E-02
 0.26000E+01 -0.78548E-03 -0.30448E-01 -0.26590E-01  0.76166E-02  0.52800E-01  0.88486E-01  0.10432E+00  0.10131E+00  0.86515E-01  0.67512E-01  0.49402E-01  0.34498E-01  0.23202E-01  0.15031E-01  0.92944E-02  0.54001E-02
 0.28000E+01  0.28266E-03 -0.29886E-01 -0.27345E-01  0.52184E-02  0.49083E-01  0.84185E-01  0.10019E+00  0.97835E-01  0.83882E-01  0.65661E-01  0.48170E-01  0.33710E-01  0.22712E-01  0.14734E-01  0.91211E-02  0.53038E-02
 0.30000E+01  0.13369E-02 -0.29065E-01 -0.27819E-01  0.28844E-02  0.45113E-01  0.79367E-01  0.95415E-01  0.93726E-01  0.80701E-01  0.63383E-01  0.46629E-01  0.32707E-01  0.22079E-01  0.14346E-01  0.88914E-02  0.51750E-02
 0.00000E+00  0.80534E+00  0.40093E+00  0.55320E-01 -0.13508E+00 -0.17522E+00 -0.12981E+00 -0.64258E-01 -0.14363E-01  0.11991E-01  0.20701E-01  0.20066E-01  0.15991E-01  0.11493E-01  0.76997E-02  0.48415E-02  0.28361E-02
 0.20000E+00  0.21338E+00  0.29777E+00  0.30744E+00  0.24721E+00  0.15297E+00  0.64122E-01  0.30518E-02 -0.27512E-01 -0.36001E-01 -0.32821E-01 -0.25559E-01 -0.18217E-01 -0.12261E-01 -0.78821E-02 -0.48250E-02 -0.27765E-02
 0.40000E+00  0.45951E-01  0.18635E+00  0.26177E+00  0.25639E+00  0.19522E+00  0.11797E+00  0.53885E-01  0.13452E-01 -0.61671E-02 -0.12525E-01 -0.12363E-01 -0.98831E-02 -0.71049E-02 -0.47590E-02 -0.29923E-02 -0.17530E-02
 0.60000E+00 -0.44343E-02  0.13718E+00  0.22638E+00  0.24193E+00  0.20086E+00  0.13709E+00  0.78378E-01  0.37074E-01  0.13313E-01  0.19965E-02 -0.22461E-02 -0.31492E-02 -0.27694E-02 -0.20535E-02 -0.13693E-02 -0.83204E-03
 0.80000E+00 -0.40105E-01  0.81803E-01  0.17246E+00  0.20806E+00  0.19412E+00  0.15290E+00  0.10647E+00  0.67679E-01  0.40323E-01  0.23041E-01  0.12881E-01  0.71547E-02  0.39805E-02  0.22138E-02  0.12154E-02  0.64506E-03
 0.10000E+01 -0.50609E-01  0.25940E-01  0.10018E+00  0.15043E+00  0.16826E+00  0.15844E+00  0.13233E+00  0.10110E+00  0.72246E-01  0.49143E-01  0.32290E-01  0.20716E-01  0.13040E-01  0.80284E-02  0.47777E-02  0.26983E-02
 0.12000E+01 -0.39407E-01 -0.76016E-02  0.43390E-01  0.96958E-01  0.13555E+00  0.15002E+00  0.14195E+00  0.11963E+00  0.92353E-01  0.66752E-01  0.45992E-01  0.30613E-01  0.19821E-01  0.12465E-01  0.75354E-02  0.43049E-02
 0.14000E+01 -0.26137E-01 -0.22415E-01  0.11036E-01  0.62064E-01  0.10943E+00  0.13671E+00  0.13962E+00  0.12401E+00  0.99450E-01  0.73971E-01  0.52101E-01  0.35278E-01  0.23146E-01  0.14704E-01  0.89569E-02  0.51457E-02
 0.16000E+01 -0.16778E-01 -0.28348E-01 -0.59774E-02  0.41269E-01  0.91233E-01  0.12431E+00  0.13317E+00  0.12198E+00  0.99967E-01  0.75580E-01  0.53918E-01  0.36878E-01  0.24389E-01  0.15590E-01  0.95415E-02  0.55008E-02
 0.18000E+01 -0.10732E-01 -0.30591E-01 -0.15163E-01  0.28558E-01  0.78585E-01  0.11409E+00  0.12617E+00  0.11788E+00  0.97961E-01  0.74850E-01  0.53845E-01  0.37077E-01  0.24654E-01  0.15826E-01  0.97177E-02  0.56160E-02
 0.20000E+01 -0.67778E-02 -0.31274E-01 -0.20376E-01  0.20347E-01  0.69471E-01  0.10582E+00  0.11970E+00  0.11339E+00  0.95154E-01  0.73248E-01  0.53008E-01  0.36679E-01  0.24485E-01  0.15767E-01  0.97045E-02  0.56186E-02
 0.22000E+01 -0.40929E-02 -0.31264E-01 -0.23475E-01  0.14729E-01  0.62606E-01  0.99051E-01  0.11396E+00  0.10906E+00  0.92186E-01  0.71361E-01  0.51876E-01  0.36029E-01  0.24124E-01  0.15572E-01  0.96024E-02  0.55673E-02
 0.24000E+01 -0.21899E-02 -0.30934E-01 -0.25387E-01  0.10677E-01  0.57210E-01  0.93373E-01  0.10888E+00  0.10504E+00  0.89286E-01  0.69421E-01  0.50647E-01  0.35280E-01  0.23680E-01  0.15315E-01  0.94584E-02  0.54901E-02
 0.26000E+01 -0.78548E-03 -0.30448E-01 -0.26590E-01  0.76166E-02  0.52800E-01  0.88486E-01  0.10432E+00  0.10131E+00  0.86515E-01  0.67512E-01  0.49402E-01  0.34498E-01  0.23202E-01  0.15031E-01  0.92944E-02  0.54001E-02
 0.28000E+01  0.28266E-03 -0.29886E-01 -0.27345E-01  0.52184E-02  0.49083E-01  0.84185E-01  0.10019E+00  0.97835E-01  0.83882E-01  0.65661E-01  0.48170E-01  0.33710E-01  0.22712E-01  0.14734E-01  0.91211E-02  0.53038E-02
 0.30000E+01  0.13369E-02 -0.29065E-01 -0.27819E-01  0.28844E-02  0.45113E-01  0.79367E-01  0.95415E-01  0.93726E-01  0.80701E-01  0.63383E-01  0.46629E-01  0.32707E-01  0.22079E-01  0.14346E-01  0.88914E-02  0.51750E-02
