 0.00000E+00  0.74020E+00  0.33135E+00  0.52592E-02 -0.15010E+00 -0.15689E+00 -0.93163E-01 -0.26340E-01  0.14384E-01  0.29227E-01  0.28925E-01  0.22925E-01  0.16309E-01  0.10903E-01  0.69612E-02  0.42376E-02  0.24279E-02
 0.20000E+00  0.35770E+00  0.39209E+00  0.33642E+00  0.22004E+00  0.95367E-01  0.30716E-02 -0.44519E-01 -0.56948E-01 -0.50551E-01 -0.38125E-01 -0.26313E-01 -0.17265E-01 -0.10972E-01 -0.67784E-02 -0.40362E-02 -0.22779E-02
 0.40000E+00  0.28083E-02  0.21951E+00  0.33043E+00  0.31492E+00  0.21956E+00  0.11016E+00  0.29338E-01 -0.13203E-01 -0.27328E-01 -0.26705E-01 -0.20970E-01 -0.14840E-01 -0.98964E-02 -0.63133E-02 -0.38430E-02 -0.22025E-02
 0.60000E+00 -0.75483E-01  0.10259E+00  0.22651E+00  0.26374E+00  0.22964E+00  0.16349E+00  0.99298E-01  0.52913E-01  0.25275E-01  0.10990E-01  0.43641E-02  0.15400E-02  0.42580E-03  0.30848E-04 -0.77749E-04 -0.82080E-04
 0.80000E+00 -0.60166E-01  0.35159E-01  0.12559E+00  0.18212E+00  0.19494E+00  0.17340E+00  0.13527E+00  0.95906E-01  0.63598E-01  0.40409E-01  0.25073E-01  0.15377E-01  0.93561E-02  0.56168E-02  0.32806E-02  0.18271E-02
 0.10000E+01 -0.34739E-01  0.45436E-02  0.64399E-01  0.12217E+00  0.15671E+00  0.16057E+00  0.14049E+00  0.10938E+00  0.78224E-01  0.52761E-01  0.34281E-01  0.21771E-01  0.13596E-01  0.83211E-02  0.49296E-02  0.27741E-02
 0.12000E+01 -0.18530E-01 -0.80112E-02  0.32807E-01  0.86238E-01  0.12783E+00  0.14304E+00  0.13290E+00  0.10806E+00  0.79800E-01  0.55137E-01  0.36481E-01  0.23484E-01  0.14816E-01  0.91362E-02  0.54426E-02  0.30753E-02
 0.14000E+01 -0.95219E-02 -0.13138E-01  0.16409E-01  0.64839E-01  0.10753E+00  0.12738E+00  0.12259E+00  0.10210E+00  0.76720E-01  0.53699E-01  0.35878E-01  0.23268E-01  0.14761E-01  0.91410E-02  0.54625E-02  0.30936E-02
 0.16000E+01 -0.44464E-02 -0.15250E-01  0.73164E-02  0.51322E-01  0.93020E-01  0.11459E+00  0.11283E+00  0.95399E-01  0.72469E-01  0.51137E-01  0.34377E-01  0.22400E-01  0.14262E-01  0.88558E-02  0.53028E-02  0.30077E-02
 0.18000E+01 -0.14492E-02 -0.16070E-01  0.18882E-02  0.42181E-01  0.82213E-01  0.10424E+00  0.10430E+00  0.89115E-01  0.68203E-01  0.48397E-01  0.32676E-01  0.21362E-01  0.13636E-01  0.84835E-02  0.50873E-02  0.28886E-02
 0.20000E+01  0.40098E-03 -0.16296E-01 -0.15620E-02  0.35623E-01  0.73839E-01  0.95736E-01  0.96950E-01  0.83485E-01  0.64251E-01  0.45783E-01  0.31011E-01  0.20325E-01  0.12999E-01  0.80989E-02  0.48620E-02  0.27629E-02
 0.22000E+01  0.15793E-02 -0.16233E-01 -0.38616E-02  0.30695E-01  0.67131E-01  0.88624E-01  0.90604E-01  0.78497E-01  0.60675E-01  0.43377E-01  0.29455E-01  0.19343E-01  0.12390E-01  0.77287E-02  0.46439E-02  0.26407E-02
 0.24000E+01  0.23463E-02 -0.16025E-01 -0.54541E-02  0.26850E-01  0.61609E-01  0.82571E-01  0.85077E-01  0.74075E-01  0.57458E-01  0.41187E-01  0.28026E-01  0.18435E-01  0.11823E-01  0.73820E-02  0.44388E-02  0.25254E-02
 0.26000E+01  0.28509E-02 -0.15745E-01 -0.65912E-02  0.23753E-01  0.56950E-01  0.77329E-01  0.80202E-01  0.70122E-01  0.54553E-01  0.39193E-01  0.26716E-01  0.17597E-01  0.11298E-01  0.70598E-02  0.42477E-02  0.24178E-02
 0.28000E+01  0.31775E-02 -0.15429E-01 -0.74204E-02  0.21190E-01  0.52935E-01  0.72707E-01  0.75843E-01  0.66549E-01  0.51906E-01  0.37363E-01  0.25507E-01  0.16821E-01  0.10809E-01  0.67595E-02  0.40692E-02  0.23171E-02
 0.30000E+01  0.34265E-02 -0.14975E-01 -0.81200E-02  0.18555E-01  0.48592E-01  0.67584E-01  0.70933E-01  0.62481E-01  0.48867E-01  0.35249E-01  0.24103E-01  0.15915E-01  0.10238E-01  0.64070E-02  0.38592E-02  0.21985E-02
 0.00000E+00  0.74020E+00  0.33135E+00  0.52592E-02 -0.15010E+00 -0.15689E+00 -0.93163E-01 -0.26340E-01  0.14384E-01  0.29227E-01  0.28925E-01  0.22925E-01  0.16309E-01  0.10903E-01  0.69612E-02  0.42376E-02  0.24279E-02
 0.20000E+00  0.35770E+00  0.39209E+00  0.33642E+00  0.22004E+00  0.95367E-01  0.30716E-02 -0.44519E-01 -0.56948E-01 -0.50551E-01 -0.38125E-01 -0.26313E-01 -0.17265E-01 -0.10972E-01 -0.67784E-02 -0.40362E-02 -0.22779E-02
 0.40000E+00  0.28083E-02  0.21951E+00  0.33043E+00  0.31492E+00  0.21956E+00  0.11016E+00  0.29338E-01 -0.13203E-01 -0.27328E-01 -0.26705E-01 -0.20970E-01 -0.14840E-01 -0.98964E-02 -0.63133E-02 -0.38430E-02 -0.22025E-02
 0.60000E+00 -0.75483E-01  0.10259E+00  0.22651E+00  0.26374E+00  0.22964E+00  0.16349E+00  0.99298E-01  0.52913E-01  0.25275E-01  0.10990E-01  0.43641E-02  0.15400E-02  0.42580E-03  0.30848E-04 -0.77749E-04 -0.82080E-04
 0.80000E+00 -0.60166E-01  0.35159E-01  0.12559E+00  0.18212E+00  0.19494E+00  0.17340E+00  0.13527E+00  0.95906E-01  0.63598E-01  0.40409E-01  0.25073E-01  0.15377E-01  0.93561E-02  0.56168E-02  0.32806E-02  0.18271E-02
 0.10000E+01 -0.34739E-01  0.45436E-02  0.64399E-01  0.12217E+00  0.15671E+00  0.16057E+00  0.14049E+00  0.10938E+00  0.78224E-01  0.52761E-01  0.34281E-01  0.21771E-01  0.13596E-01  0.83211E-02  0.49296E-02  0.27741E-02
 0.12000E+01 -0.18530E-01 -0.80112E-02  0.32807E-01  0.86238E-01  0.12783E+00  0.14304E+00  0.13290E+00  0.10806E+00  0.79800E-01  0.55137E-01  0.36481E-01  0.23484E-01  0.14816E-01  0.91362E-02  0.54426E-02  0.30753E-02
 0.14000E+01 -0.95219E-02 -0.13138E-01  0.16409E-01  0.64839E-01  0.10753E+00  0.12738E+00  0.12259E+00  0.10210E+00  0.76720E-01  0.53699E-01  0.35878E-01  0.23268E-01  0.14761E-01  0.91410E-02  0.54625E-02  0.30936E-02
 0.16000E+01 -0.44464E-02 -0.15250E-01  0.73164E-02  0.51322E-01  0.93020E-01  0.11459E+00  0.11283E+00  0.95399E-01  0.72469E-01  0.51137E-01  0.34377E-01  0.22400E-01  0.14262E-01  0.88558E-02  0.53028E-02  0.30077E-02
 0.18000E+01 -0.14492E-02 -0.16070E-01  0.18882E-02  0.42181E-01  0.82213E-01  0.10424E+00  0.10430E+00  0.89115E-01  0.68203E-01  0.48397E-01  0.32676E-01  0.21362E-01  0.13636E-01  0.84835E-02  0.50873E-02  0.28886E-02
 0.20000E+01  0.40098E-03 -0.16296E-01 -0.15620E-02  0.35623E-01  0.73839E-01  0.95736E-01  0.96950E-01  0.83485E-01  0.64251E-01  0.45783E-01  0.31011E-01  0.20325E-01  0.12999E-01  0.80989E-02  0.48620E-02  0.27629E-02
 0.22000E+01  0.15793E-02 -0.16233E-01 -0.38616E-02  0.30695E-01  0.67131E-01  0.88624E-01  0.90604E-01  0.78497E-01  0.60675E-01  0.43377E-01  0.29455E-01  0.19343E-01  0.12390E-01  0.77287E-02  0.46439E-02  0.26407E-02
 0.24000E+01  0.23463E-02 -0.16025E-01 -0.54541E-02  0.26850E-01  0.61609E-01  0.82571E-01  0.85077E-01  0.74075E-01  0.57458E-01  0.41187E-01  0.28026E-01  0.18435E-01  0.11823E-01  0.73820E-02  0.44388E-02  0.25254E-02
 0.26000E+01  0.28509E-02 -0.15745E-01 -0.65912E-02  0.23753E-01  0.56950E-01  0.77329E-01  0.80202E-01  0.70122E-01  0.54553E-01  0.39193E-01  0.26716E-01  0.17597E-01  0.11298E-01  0.70598E-02  0.42477E-02  0.24178E-02
 0.28000E+01  0.31775E-02 -0.15429E-01 -0.74204E-02  0.21190E-01  0.52935E-01  0.72707E-01  0.75843E-01  0.66549E-01  0.51906E-01  0.37363E-01  0.25507E-01  0.16821E-01  0.10809E-01  0.67595E-02  0.40692E-02  0.23171E-02
 0.30000E+01  0.34265E-02 -0.14975E-01 -0.81200E-02  0.18555E-01  0.48592E-01  0.67584E-01  0.70933E-01  0.62481E-01  0.48867E-01  0.35249E-01  0.24103E-01  0.15915E-01  0.10238E-01  0.64070E-02  0.38592E-02  0.21985E-02
