 0.00000E+00  0.68318E+00  0.33828E+00 -0.32607E-01 -0.13439E+00 -0.82750E-01 -0.26013E-01  0.95326E-03  0.88898E-02  0.90511E-02  0.69322E-02  0.46499E-02  0.28479E-02  0.16050E-02  0.82123E-03  0.36936E-03  0.13821E-03
 0.20000E+00  0.43156E+00  0.45735E+00  0.30180E+00  0.11922E+00  0.13292E-01 -0.23382E-01 -0.27456E-01 -0.21551E-01 -0.14552E-01 -0.89916E-02 -0.51667E-02 -0.27439E-02 -0.13039E-02 -0.50535E-03 -0.11673E-03  0.15500E-04
 0.40000E+00 -0.65089E-01  0.23122E+00  0.38481E+00  0.30402E+00  0.15902E+00  0.61677E-01  0.16265E-01 -0.67731E-03 -0.53534E-02 -0.54772E-02 -0.42674E-02 -0.29390E-02 -0.18707E-02 -0.11164E-02 -0.61720E-03 -0.29374E-03
 0.60000E+00 -0.12127E+00  0.10409E+00  0.28437E+00  0.29235E+00  0.20823E+00  0.12440E+00  0.68217E-01  0.35447E-01  0.17416E-01  0.78533E-02  0.29779E-02  0.63053E-03 -0.39111E-03 -0.73390E-03 -0.70893E-03 -0.47088E-03
 0.80000E+00 -0.89627E-01  0.35699E-01  0.18280E+00  0.23976E+00  0.20951E+00  0.14896E+00  0.94506E-01  0.55827E-01  0.31130E-01  0.16290E-01  0.77798E-02  0.31296E-02  0.74376E-03 -0.34746E-03 -0.67266E-03 -0.53197E-03
 0.10000E+01 -0.53038E-01 -0.13428E-02  0.10792E+00  0.18620E+00  0.19030E+00  0.14941E+00  0.10124E+00  0.62739E-01  0.36408E-01  0.19814E-01  0.99277E-02  0.43325E-02  0.13510E-02 -0.87543E-04 -0.59203E-03 -0.52154E-03
 0.12000E+01 -0.24590E-01 -0.21557E-01  0.55313E-01  0.13947E+00  0.16363E+00  0.13777E+00  0.97220E-01  0.61907E-01  0.36694E-01  0.20365E-01  0.10435E-01  0.47139E-02  0.16094E-02  0.75189E-04 -0.49742E-03 -0.47458E-03
 0.14000E+01 -0.44046E-02 -0.32067E-01  0.18507E-01  0.99776E-01  0.13457E+00  0.12005E+00  0.87350E-01  0.56707E-01  0.34104E-01  0.19176E-01  0.99693E-02  0.46015E-02  0.16538E-02  0.17472E-03 -0.39823E-03 -0.40794E-03
 0.16000E+01  0.90463E-02 -0.36557E-01 -0.70373E-02  0.66116E-01  0.10520E+00  0.99218E-01  0.74164E-01  0.48939E-01  0.29787E-01  0.16929E-01  0.89052E-02  0.41820E-02  0.15634E-02  0.23331E-03 -0.29729E-03 -0.32966E-03
 0.18000E+01  0.17249E-01 -0.37122E-01 -0.24389E-01  0.37426E-01  0.76400E-01  0.76821E-01  0.59074E-01  0.39628E-01  0.24408E-01  0.14019E-01  0.74627E-02  0.35669E-02  0.13866E-02  0.26550E-03 -0.19524E-03 -0.24384E-03
 0.20000E+01  0.21410E-01 -0.35086E-01 -0.35707E-01  0.12805E-01  0.48601E-01  0.53783E-01  0.42948E-01  0.29415E-01  0.18386E-01  0.10701E-01  0.57836E-02  0.28280E-02  0.11547E-02  0.28090E-03 -0.92349E-04 -0.15306E-03
 0.22000E+01  0.22566E-01 -0.31358E-01 -0.42555E-01 -0.83439E-02  0.22218E-01  0.30890E-01  0.26508E-01  0.18830E-01  0.12068E-01  0.71823E-02  0.39825E-02  0.20229E-02  0.89215E-03  0.28599E-03  0.10065E-04 -0.60144E-04
 0.24000E+01  0.21518E-01 -0.26586E-01 -0.46117E-01 -0.26544E-01 -0.25333E-02  0.86452E-02  0.10237E-01  0.82332E-02  0.56894E-02  0.36045E-02  0.21386E-02  0.11914E-02  0.61554E-03  0.28516E-03  0.11096E-03  0.32888E-04
 0.26000E+01  0.18887E-01 -0.21180E-01 -0.47287E-01 -0.42327E-01 -0.25695E-01 -0.12757E-01 -0.56373E-02 -0.21941E-02 -0.62523E-03  0.45456E-04  0.29615E-03  0.35619E-03  0.33489E-03  0.28140E-03  0.21013E-03  0.12510E-03
 0.28000E+01  0.15049E-01 -0.15373E-01 -0.46664E-01 -0.56172E-01 -0.47482E-01 -0.33363E-01 -0.21096E-01 -0.12417E-01 -0.68454E-02 -0.34732E-02 -0.15312E-02 -0.47476E-03  0.54355E-04  0.27655E-03  0.30821E-03  0.21663E-03
 0.30000E+01  0.12540E-01 -0.10994E-01 -0.47463E-01 -0.69015E-01 -0.66524E-01 -0.51041E-01 -0.34241E-01 -0.21066E-01 -0.12089E-01 -0.64292E-02 -0.30595E-02 -0.11643E-02 -0.17299E-03  0.27973E-03  0.39629E-03  0.29707E-03
