 0.00000E+00  0.60399E+00  0.35039E+00  0.23253E-01 -0.11133E+00 -0.10006E+00 -0.55900E-01 -0.23085E-01 -0.52066E-02  0.28091E-02  0.54824E-02  0.56343E-02  0.47985E-02  0.37234E-02  0.27129E-02  0.18144E-02  0.10022E-02
 0.20000E+00  0.45323E+00  0.44089E+00  0.27953E+00  0.12090E+00  0.31195E-01 -0.60715E-02 -0.17534E-01 -0.18329E-01 -0.15415E-01 -0.11758E-01 -0.84837E-02 -0.59055E-02 -0.40077E-02 -0.26546E-02 -0.16620E-02 -0.88194E-03
 0.40000E+00  0.16055E-01  0.22732E+00  0.33561E+00  0.27916E+00  0.16745E+00  0.80551E-01  0.30454E-01  0.58013E-02 -0.45926E-02 -0.78202E-02 -0.78182E-02 -0.66030E-02 -0.51231E-02 -0.37498E-02 -0.25247E-02 -0.14030E-02
 0.60000E+00 -0.97445E-01  0.11697E+00  0.27906E+00  0.27932E+00  0.19794E+00  0.11856E+00  0.64803E-01  0.32922E-01  0.15266E-01  0.60284E-02  0.15094E-02 -0.48497E-03 -0.11966E-02 -0.12867E-02 -0.10573E-02 -0.65298E-03
 0.80000E+00 -0.12199E+00  0.47755E-01  0.20680E+00  0.24266E+00  0.19701E+00  0.13648E+00  0.87952E-01  0.54405E-01  0.32626E-01  0.19016E-01  0.10758E-01  0.58768E-02  0.30667E-02  0.14981E-02  0.66184E-03  0.24897E-03
 0.10000E+01 -0.11389E+00  0.74937E-03  0.13782E+00  0.19747E+00  0.18490E+00  0.14492E+00  0.10427E+00  0.71351E-01  0.47141E-01  0.30303E-01  0.19037E-01  0.11717E-01  0.70708E-02  0.41699E-02  0.23420E-02  0.11423E-02
 0.12000E+01 -0.92742E-01 -0.32321E-01  0.76120E-01  0.15135E+00  0.16715E+00  0.14663E+00  0.11459E+00  0.83643E-01  0.58302E-01  0.39293E-01  0.25802E-01  0.16588E-01  0.10472E-01  0.64763E-02  0.38124E-02  0.19315E-02
 0.14000E+01 -0.67702E-01 -0.56037E-01  0.22733E-01  0.10746E+00  0.14645E+00  0.14319E+00  0.11968E+00  0.91514E-01  0.66087E-01  0.45857E-01  0.30895E-01  0.20343E-01  0.13144E-01  0.83199E-02  0.50040E-02  0.25772E-02
 0.16000E+01 -0.43036E-01 -0.73104E-01 -0.22427E-01  0.67261E-01  0.12455E+00  0.13603E+00  0.12054E+00  0.95645E-01  0.70928E-01  0.50257E-01  0.34468E-01  0.23065E-01  0.15134E-01  0.97228E-02  0.59267E-02  0.30829E-02
 0.18000E+01 -0.20791E-01 -0.85353E-01 -0.59986E-01  0.31312E-01  0.10251E+00  0.12628E+00  0.11811E+00  0.96733E-01  0.73308E-01  0.52817E-01  0.36732E-01  0.24888E-01  0.16521E-01  0.10733E-01  0.66074E-02  0.34620E-02
 0.20000E+01 -0.18203E-02 -0.94051E-01 -0.90759E-01 -0.32438E-03  0.81025E-01  0.11479E+00  0.11319E+00  0.95414E-01  0.73701E-01  0.53867E-01  0.37908E-01  0.25956E-01  0.17399E-01  0.11408E-01  0.70805E-02  0.37318E-02
 0.22000E+01  0.13659E-01 -0.10006E+00 -0.11553E+00 -0.27752E-01  0.60570E-01  0.10229E+00  0.10648E+00  0.92264E-01  0.72539E-01  0.53715E-01  0.38208E-01  0.26409E-01  0.17859E-01  0.11807E-01  0.73805E-02  0.39101E-02
 0.24000E+01  0.25856E-01 -0.10400E+00 -0.13514E+00 -0.51302E-01  0.41365E-01  0.89250E-01  0.98492E-01  0.87741E-01  0.70177E-01  0.52620E-01  0.37811E-01  0.26368E-01  0.17978E-01  0.11978E-01  0.75375E-02  0.40122E-02
 0.26000E+01  0.35151E-01 -0.10636E+00 -0.15044E+00 -0.71461E-01  0.23433E-01  0.75992E-01  0.89634E-01  0.82206E-01  0.66907E-01  0.50799E-01  0.36872E-01  0.25939E-01  0.17829E-01  0.11968E-01  0.75800E-02  0.40534E-02
 0.28000E+01  0.41853E-01 -0.10757E+00 -0.16218E+00 -0.88673E-01  0.67528E-02  0.62742E-01  0.80201E-01  0.75941E-01  0.62959E-01  0.48425E-01  0.35513E-01  0.25207E-01  0.17468E-01  0.11814E-01  0.75308E-02  0.40453E-02
 0.30000E+01  0.45837E-01 -0.10960E+00 -0.17184E+00 -0.10210E+00 -0.60428E-02  0.52645E-01  0.73035E-01  0.71190E-01  0.59966E-01  0.46626E-01  0.34482E-01  0.24651E-01  0.17193E-01  0.11697E-01  0.74930E-02  0.40389E-02
