 0.00000E+00  0.66188E+00  0.36603E+00  0.16577E-01 -0.11606E+00 -0.10453E+00 -0.64995E-01 -0.35755E-01 -0.18686E-01 -0.96336E-02 -0.51186E-02 -0.29403E-02 -0.18788E-02 -0.13223E-02 -0.97787E-03 -0.69193E-03 -0.40128E-03
 0.20000E+00  0.41209E+00  0.42154E+00  0.28353E+00  0.13571E+00  0.48357E-01  0.93070E-02 -0.55086E-02 -0.93984E-02 -0.86873E-02 -0.65095E-02 -0.43073E-02 -0.25875E-02 -0.14107E-02 -0.67952E-03 -0.27326E-03 -0.84712E-04
 0.40000E+00 -0.10602E-02  0.20964E+00  0.31783E+00  0.26898E+00  0.17168E+00  0.96668E-01  0.51742E-01  0.26975E-01  0.13809E-01  0.69969E-02  0.35480E-02  0.18266E-02  0.96972E-03  0.53384E-03  0.29264E-03  0.14106E-03
 0.60000E+00 -0.79674E-01  0.12155E+00  0.26451E+00  0.25879E+00  0.18530E+00  0.11700E+00  0.70838E-01  0.42132E-01  0.24645E-01  0.14133E-01  0.79241E-02  0.43282E-02  0.22876E-02  0.11529E-02  0.53632E-03  0.21458E-03
 0.80000E+00 -0.10108E+00  0.69774E-01  0.21206E+00  0.22916E+00  0.17646E+00  0.11869E+00  0.76015E-01  0.47480E-01  0.28951E-01  0.17180E-01  0.98976E-02  0.55185E-02  0.29576E-02  0.15021E-02  0.70144E-03  0.28202E-03
 0.10000E+01 -0.10622E+00  0.32397E-01  0.16665E+00  0.20008E+00  0.16515E+00  0.11749E+00  0.78911E-01  0.51286E-01  0.32257E-01  0.19565E-01  0.11413E-01  0.63761E-02  0.33788E-02  0.16635E-02  0.73265E-03  0.27098E-03
 0.12000E+01 -0.10372E+00  0.42215E-02  0.12776E+00  0.17329E+00  0.15337E+00  0.11489E+00  0.80489E-01  0.54120E-01  0.34898E-01  0.21493E-01  0.12604E-01  0.69979E-02  0.36241E-02  0.16933E-02  0.67055E-03  0.20545E-03
 0.14000E+01 -0.97596E-01 -0.16033E-01  0.95362E-01  0.14821E+00  0.13992E+00  0.10944E+00  0.79241E-01  0.54644E-01  0.35863E-01  0.22315E-01  0.13124E-01  0.72457E-02  0.36833E-02  0.16460E-02  0.58694E-03  0.13896E-03
 0.16000E+01 -0.90534E-01 -0.29334E-01  0.69451E-01  0.12471E+00  0.12437E+00  0.10051E+00  0.74456E-01  0.52195E-01  0.34641E-01  0.21701E-01  0.12801E-01  0.70588E-02  0.35627E-02  0.15615E-02  0.52845E-03  0.10523E-03
 0.18000E+01 -0.84218E-01 -0.37147E-01  0.49559E-01  0.10318E+00  0.10746E+00  0.88818E-01  0.66706E-01  0.47180E-01  0.31505E-01  0.19828E-01  0.11744E-01  0.65042E-02  0.33023E-02  0.14630E-02  0.50811E-03  0.11064E-03
 0.20000E+01 -0.79258E-01 -0.40917E-01  0.34784E-01  0.83891E-01  0.90135E-01  0.75462E-01  0.56977E-01  0.40386E-01  0.27018E-01  0.17061E-01  0.10167E-01  0.56936E-02  0.29504E-02  0.13633E-02  0.52274E-03  0.14901E-03
 0.22000E+01 -0.75822E-01 -0.41850E-01  0.24165E-01  0.66892E-01  0.73113E-01  0.61354E-01  0.46132E-01  0.32513E-01  0.21687E-01  0.13729E-01  0.82644E-02  0.47260E-02  0.25481E-02  0.12712E-02  0.56689E-03  0.21306E-03
 0.24000E+01 -0.73800E-01 -0.40860E-01  0.16783E-01  0.52016E-01  0.56800E-01  0.47108E-01  0.34783E-01  0.24072E-01  0.15887E-01  0.10077E-01  0.61783E-02  0.36753E-02  0.21256E-02  0.11927E-02  0.63592E-03  0.29699E-03
 0.26000E+01 -0.73006E-01 -0.38589E-01  0.11855E-01  0.38953E-01  0.41310E-01  0.33027E-01  0.23267E-01  0.15359E-01  0.98383E-02  0.62526E-02  0.39951E-02  0.25853E-02  0.17004E-02  0.11305E-02  0.72638E-03  0.39687E-03
 0.28000E+01 -0.73293E-01 -0.35446E-01  0.88030E-02  0.27376E-01  0.26588E-01  0.19195E-01  0.11712E-01  0.64951E-02  0.36360E-02  0.23183E-02  0.17536E-02  0.14767E-02  0.12817E-02  0.10874E-02  0.83792E-03  0.51172E-03
 0.30000E+01 -0.72663E-01 -0.34161E-01  0.39199E-02  0.16122E-01  0.13761E-01  0.76902E-02  0.22853E-02 -0.68469E-03 -0.13675E-02 -0.83878E-03 -0.27641E-04  0.61401E-03  0.97582E-03  0.10816E-02  0.95115E-03  0.61892E-03
