 0.00000E+00  0.85992E+00  0.27727E+00 -0.10481E+00 -0.21287E+00 -0.13806E+00 -0.17827E-01  0.62729E-01  0.87939E-01  0.78161E-01  0.56659E-01  0.36598E-01  0.22080E-01  0.12779E-01  0.71748E-02  0.39015E-02  0.20307E-02
 0.20000E+00  0.24246E+00  0.44614E+00  0.44091E+00  0.27477E+00  0.71283E-01 -0.70757E-01 -0.12471E+00 -0.11650E+00 -0.83601E-01 -0.50790E-01 -0.27248E-01 -0.13107E-01 -0.55847E-02 -0.19777E-02 -0.44984E-03  0.73603E-04
 0.40000E+00 -0.55542E-01  0.24619E+00  0.38534E+00  0.34678E+00  0.20971E+00  0.69419E-01 -0.21428E-01 -0.58462E-01 -0.60970E-01 -0.49091E-01 -0.34909E-01 -0.23200E-01 -0.14799E-01 -0.91333E-02 -0.54205E-02 -0.30469E-02
 0.60000E+00 -0.65470E-01  0.99336E-01  0.22302E+00  0.26673E+00  0.23636E+00  0.16699E+00  0.94990E-01  0.40988E-01  0.90131E-02 -0.59324E-02 -0.10716E-01 -0.10595E-01 -0.86318E-02 -0.63044E-02 -0.42204E-02 -0.25878E-02
 0.80000E+00 -0.28329E-01  0.18755E-01  0.98434E-01  0.17298E+00  0.20912E+00  0.19906E+00  0.15831E+00  0.10912E+00  0.66987E-01  0.37424E-01  0.19315E-01  0.92627E-02  0.40908E-02  0.16094E-02  0.51589E-03  0.94621E-04
 0.10000E+01 -0.23610E-02 -0.14541E-01  0.31029E-01  0.10659E+00  0.16901E+00  0.19192E+00  0.17641E+00  0.13976E+00  0.99632E-01  0.66084E-01  0.41875E-01  0.25824E-01  0.15644E-01  0.93000E-02  0.53682E-02  0.29554E-02
 0.12000E+01  0.10289E-01 -0.26209E-01 -0.16763E-02  0.65791E-01  0.13492E+00  0.17353E+00  0.17447E+00  0.14944E+00  0.11472E+00  0.81803E-01  0.55601E-01  0.36634E-01  0.23569E-01  0.14768E-01  0.89082E-02  0.50814E-02
 0.14000E+01  0.15932E-01 -0.29704E-01 -0.17897E-01  0.40610E-01  0.10931E+00  0.15514E+00  0.16634E+00  0.15016E+00  0.12078E+00  0.89839E-01  0.63410E-01  0.43174E-01  0.28556E-01  0.18301E-01  0.11238E-01  0.64988E-02
 0.16000E+01  0.18321E-01 -0.30192E-01 -0.26416E-01  0.24264E-01  0.90211E-01  0.13926E+00  0.15701E+00  0.14735E+00  0.12247E+00  0.93709E-01  0.67757E-01  0.47072E-01  0.31649E-01  0.20548E-01  0.12745E-01  0.74265E-02
 0.18000E+01  0.19167E-01 -0.29552E-01 -0.31100E-01  0.13073E-01  0.75649E-01  0.12593E+00  0.14799E+00  0.14318E+00  0.12199E+00  0.95281E-01  0.70079E-01  0.49365E-01  0.33559E-01  0.21978E-01  0.13722E-01  0.80352E-02
 0.20000E+01  0.19244E-01 -0.28499E-01 -0.33719E-01  0.50696E-02  0.64245E-01  0.11472E+00  0.13968E+00  0.13855E+00  0.12038E+00  0.95526E-01  0.71167E-01  0.50650E-01  0.34713E-01  0.22876E-01  0.14351E-01  0.84330E-02
 0.22000E+01  0.18925E-01 -0.27321E-01 -0.35148E-01 -0.83901E-03  0.55112E-01  0.10521E+00  0.13213E+00  0.13385E+00  0.11817E+00  0.94971E-01  0.71473E-01  0.51276E-01  0.35362E-01  0.23416E-01  0.14743E-01  0.86867E-02
 0.24000E+01  0.18401E-01 -0.26143E-01 -0.35860E-01 -0.53149E-02  0.47651E-01  0.97045E-01  0.12531E+00  0.12924E+00  0.11565E+00  0.93929E-01  0.71274E-01  0.51464E-01  0.35670E-01  0.23710E-01  0.14971E-01  0.88402E-02
 0.26000E+01  0.17775E-01 -0.25011E-01 -0.36122E-01 -0.87823E-02  0.41440E-01  0.89947E-01  0.11911E+00  0.12482E+00  0.11299E+00  0.92587E-01  0.70743E-01  0.51356E-01  0.35743E-01  0.23834E-01  0.15085E-01  0.89233E-02
 0.28000E+01  0.17097E-01 -0.23943E-01 -0.36093E-01 -0.11518E-01  0.36179E-01  0.83697E-01  0.11344E+00  0.12058E+00  0.11028E+00  0.91060E-01  0.69991E-01  0.51044E-01  0.35652E-01  0.23838E-01  0.15118E-01  0.89561E-02
 0.30000E+01  0.16221E-01 -0.22640E-01 -0.35689E-01 -0.14089E-01  0.30668E-01  0.76795E-01  0.10689E+00  0.11542E+00  0.10673E+00  0.88863E-01  0.68737E-01  0.50375E-01  0.35317E-01  0.23681E-01  0.15051E-01  0.89305E-02
 0.00000E+00  0.85992E+00  0.27727E+00 -0.10481E+00 -0.21287E+00 -0.13806E+00 -0.17827E-01  0.62729E-01  0.87939E-01  0.78161E-01  0.56659E-01  0.36598E-01  0.22080E-01  0.12779E-01  0.71748E-02  0.39015E-02  0.20307E-02
 0.20000E+00  0.24246E+00  0.44614E+00  0.44091E+00  0.27477E+00  0.71283E-01 -0.70757E-01 -0.12471E+00 -0.11650E+00 -0.83601E-01 -0.50790E-01 -0.27248E-01 -0.13107E-01 -0.55847E-02 -0.19777E-02 -0.44984E-03  0.73603E-04
 0.40000E+00 -0.55542E-01  0.24619E+00  0.38534E+00  0.34678E+00  0.20971E+00  0.69419E-01 -0.21428E-01 -0.58462E-01 -0.60970E-01 -0.49091E-01 -0.34909E-01 -0.23200E-01 -0.14799E-01 -0.91333E-02 -0.54205E-02 -0.30469E-02
 0.60000E+00 -0.65470E-01  0.99336E-01  0.22302E+00  0.26673E+00  0.23636E+00  0.16699E+00  0.94990E-01  0.40988E-01  0.90131E-02 -0.59324E-02 -0.10716E-01 -0.10595E-01 -0.86318E-02 -0.63044E-02 -0.42204E-02 -0.25878E-02
 0.80000E+00 -0.28329E-01  0.18755E-01  0.98434E-01  0.17298E+00  0.20912E+00  0.19906E+00  0.15831E+00  0.10912E+00  0.66987E-01  0.37424E-01  0.19315E-01  0.92627E-02  0.40908E-02  0.16094E-02  0.51589E-03  0.94621E-04
 0.10000E+01 -0.23610E-02 -0.14541E-01  0.31029E-01  0.10659E+00  0.16901E+00  0.19192E+00  0.17641E+00  0.13976E+00  0.99632E-01  0.66084E-01  0.41875E-01  0.25824E-01  0.15644E-01  0.93000E-02  0.53682E-02  0.29554E-02
 0.12000E+01  0.10289E-01 -0.26209E-01 -0.16763E-02  0.65791E-01  0.13492E+00  0.17353E+00  0.17447E+00  0.14944E+00  0.11472E+00  0.81803E-01  0.55601E-01  0.36634E-01  0.23569E-01  0.14768E-01  0.89082E-02  0.50814E-02
 0.14000E+01  0.15932E-01 -0.29704E-01 -0.17897E-01  0.40610E-01  0.10931E+00  0.15514E+00  0.16634E+00  0.15016E+00  0.12078E+00  0.89839E-01  0.63410E-01  0.43174E-01  0.28556E-01  0.18301E-01  0.11238E-01  0.64988E-02
 0.16000E+01  0.18321E-01 -0.30192E-01 -0.26416E-01  0.24264E-01  0.90211E-01  0.13926E+00  0.15701E+00  0.14735E+00  0.12247E+00  0.93709E-01  0.67757E-01  0.47072E-01  0.31649E-01  0.20548E-01  0.12745E-01  0.74265E-02
 0.18000E+01  0.19167E-01 -0.29552E-01 -0.31100E-01  0.13073E-01  0.75649E-01  0.12593E+00  0.14799E+00  0.14318E+00  0.12199E+00  0.95281E-01  0.70079E-01  0.49365E-01  0.33559E-01  0.21978E-01  0.13722E-01  0.80352E-02
 0.20000E+01  0.19244E-01 -0.28499E-01 -0.33719E-01  0.50696E-02  0.64245E-01  0.11472E+00  0.13968E+00  0.13855E+00  0.12038E+00  0.95526E-01  0.71167E-01  0.50650E-01  0.34713E-01  0.22876E-01  0.14351E-01  0.84330E-02
 0.22000E+01  0.18925E-01 -0.27321E-01 -0.35148E-01 -0.83901E-03  0.55112E-01  0.10521E+00  0.13213E+00  0.13385E+00  0.11817E+00  0.94971E-01  0.71473E-01  0.51276E-01  0.35362E-01  0.23416E-01  0.14743E-01  0.86867E-02
 0.24000E+01  0.18401E-01 -0.26143E-01 -0.35860E-01 -0.53149E-02  0.47651E-01  0.97045E-01  0.12531E+00  0.12924E+00  0.11565E+00  0.93929E-01  0.71274E-01  0.51464E-01  0.35670E-01  0.23710E-01  0.14971E-01  0.88402E-02
 0.26000E+01  0.17775E-01 -0.25011E-01 -0.36122E-01 -0.87823E-02  0.41440E-01  0.89947E-01  0.11911E+00  0.12482E+00  0.11299E+00  0.92587E-01  0.70743E-01  0.51356E-01  0.35743E-01  0.23834E-01  0.15085E-01  0.89233E-02
 0.28000E+01  0.17097E-01 -0.23943E-01 -0.36093E-01 -0.11518E-01  0.36179E-01  0.83697E-01  0.11344E+00  0.12058E+00  0.11028E+00  0.91060E-01  0.69991E-01  0.51044E-01  0.35652E-01  0.23838E-01  0.15118E-01  0.89561E-02
 0.30000E+01  0.16221E-01 -0.22640E-01 -0.35689E-01 -0.14089E-01  0.30668E-01  0.76795E-01  0.10689E+00  0.11542E+00  0.10673E+00  0.88863E-01  0.68737E-01  0.50375E-01  0.35317E-01  0.23681E-01  0.15051E-01  0.89305E-02
