 0.00000E+00  0.70286E+00  0.33577E+00 -0.42356E-01 -0.13856E+00 -0.83368E-01 -0.25516E-01  0.29101E-02  0.12356E-01  0.13260E-01  0.11054E-01  0.81797E-02  0.56082E-02  0.36258E-02  0.22243E-02  0.12743E-02  0.62831E-03
 0.20000E+00  0.40997E+00  0.45572E+00  0.31244E+00  0.12806E+00  0.16367E-01 -0.25053E-01 -0.32261E-01 -0.27784E-01 -0.20775E-01 -0.14362E-01 -0.93832E-02 -0.58401E-02 -0.34655E-02 -0.19520E-02 -0.10250E-02 -0.46821E-03
 0.40000E+00 -0.68334E-01  0.23238E+00  0.38501E+00  0.30373E+00  0.16101E+00  0.64346E-01  0.17028E-01 -0.23299E-02 -0.85167E-02 -0.90892E-02 -0.76261E-02 -0.57219E-02 -0.40102E-02 -0.26701E-02 -0.16583E-02 -0.87243E-03
 0.60000E+00 -0.11096E+00  0.10950E+00  0.28177E+00  0.28668E+00  0.20466E+00  0.12384E+00  0.69374E-01  0.37044E-01  0.18799E-01  0.88301E-02  0.35771E-02  0.95044E-03 -0.25116E-03 -0.69486E-03 -0.71362E-03 -0.48347E-03
 0.80000E+00 -0.85857E-01  0.41666E-01  0.18591E+00  0.23706E+00  0.20398E+00  0.14506E+00  0.93978E-01  0.57938E-01  0.34443E-01  0.19713E-01  0.10748E-01  0.54573E-02  0.24530E-02  0.84785E-03  0.10775E-03 -0.10362E-03
 0.10000E+01 -0.56497E-01 -0.32755E-03  0.11148E+00  0.18651E+00  0.18716E+00  0.14716E+00  0.10250E+00  0.67045E-01  0.42074E-01  0.25437E-01  0.14759E-01  0.81299E-02  0.41604E-02  0.18958E-02  0.71301E-03  0.19757E-03
 0.12000E+01 -0.29896E-01 -0.28946E-01  0.52786E-01  0.14107E+00  0.16625E+00  0.14207E+00  0.10431E+00  0.70985E-01  0.46089E-01  0.28790E-01  0.17298E-01  0.99378E-02  0.53920E-02  0.27032E-02  0.12102E-02  0.45767E-03
 0.14000E+01 -0.73731E-02 -0.48582E-01  0.64833E-02  0.10099E+00  0.14384E+00  0.13281E+00  0.10191E+00  0.71569E-01  0.47710E-01  0.30552E-01  0.18838E-01  0.11153E-01  0.62937E-02  0.33415E-02  0.16295E-02  0.68732E-03
 0.16000E+01  0.10509E-01 -0.61363E-01 -0.29428E-01  0.65654E-01  0.12036E+00  0.12011E+00  0.95967E-01  0.69305E-01  0.47278E-01  0.30933E-01  0.19501E-01  0.11841E-01  0.68974E-02  0.38234E-02  0.19746E-02  0.88674E-03
 0.18000E+01  0.23865E-01 -0.68885E-01 -0.56654E-01  0.34622E-01  0.96379E-01  0.10485E+00  0.87273E-01  0.64775E-01  0.45187E-01  0.30185E-01  0.19438E-01  0.12086E-01  0.72457E-02  0.41679E-02  0.22522E-02  0.10575E-02
 0.20000E+01  0.32890E-01 -0.72236E-01 -0.76477E-01  0.74351E-02  0.72161E-01  0.87537E-01  0.76288E-01  0.58327E-01  0.41672E-01  0.28454E-01  0.18734E-01  0.11934E-01  0.73605E-02  0.43835E-02  0.24642E-02  0.11993E-02
 0.22000E+01  0.37872E-01 -0.72246E-01 -0.89929E-01 -0.16252E-01  0.47954E-01  0.68608E-01  0.63423E-01  0.50269E-01  0.36940E-01  0.25868E-01  0.17461E-01  0.11422E-01  0.72593E-02  0.44760E-02  0.26112E-02  0.13114E-02
 0.24000E+01  0.39374E-01 -0.69695E-01 -0.98097E-01 -0.36749E-01  0.24152E-01  0.48683E-01  0.49241E-01  0.41026E-01  0.31284E-01  0.22617E-01  0.15737E-01  0.10618E-01  0.69775E-02  0.44624E-02  0.26998E-02  0.13957E-02
 0.26000E+01  0.38039E-01 -0.65256E-01 -0.10205E+00 -0.54478E-01  0.98400E-03  0.28241E-01  0.34206E-01  0.30966E-01  0.24966E-01  0.18876E-01  0.13672E-01  0.95879E-02  0.65525E-02  0.43620E-02  0.27391E-02  0.14559E-02
 0.28000E+01  0.34439E-01 -0.59480E-01 -0.10273E+00 -0.69842E-01 -0.21397E-01  0.76525E-02  0.18694E-01  0.20390E-01  0.18205E-01  0.14794E-01  0.11360E-01  0.83897E-02  0.60174E-02  0.41927E-02  0.27381E-02  0.14959E-02
 0.30000E+01  0.32897E-01 -0.56961E-01 -0.10633E+00 -0.83402E-01 -0.38808E-01 -0.76515E-02  0.74346E-02  0.12835E-01  0.13437E-01  0.11951E-01  0.97740E-02  0.75851E-02  0.56734E-02  0.40989E-02  0.27553E-02  0.15343E-02
