 0.00000E+00  0.76496E+00  0.28355E+00 -0.12326E+00 -0.14957E+00 -0.31786E-01  0.37713E-01  0.48976E-01  0.38370E-01  0.25698E-01  0.16174E-01  0.98897E-02  0.59458E-02  0.35276E-02  0.20584E-02  0.11481E-02  0.55640E-03
 0.20000E+00  0.37017E+00  0.50178E+00  0.37053E+00  0.12780E+00 -0.26137E-01 -0.69036E-01 -0.60300E-01 -0.41468E-01 -0.26238E-01 -0.16128E-01 -0.98197E-02 -0.59602E-02 -0.36121E-02 -0.21753E-02 -0.12588E-02 -0.63003E-03
 0.40000E+00 -0.13616E+00  0.28358E+00  0.46885E+00  0.31656E+00  0.10797E+00 -0.21883E-02 -0.32220E-01 -0.30402E-01 -0.21799E-01 -0.14167E-01 -0.87887E-02 -0.52985E-02 -0.31222E-02 -0.17940E-02 -0.98034E-03 -0.46629E-03
 0.60000E+00 -0.12503E+00  0.91510E-01  0.27699E+00  0.29444E+00  0.21197E+00  0.12574E+00  0.68855E-01  0.37212E-01  0.20459E-01  0.11527E-01  0.66411E-02  0.38986E-02  0.23235E-02  0.13933E-02  0.80802E-03  0.40526E-03
 0.80000E+00 -0.24619E-01 -0.14324E-01  0.10141E+00  0.22150E+00  0.24810E+00  0.20139E+00  0.13785E+00  0.86739E-01  0.52555E-01  0.31307E-01  0.18470E-01  0.10807E-01  0.62644E-02  0.35752E-02  0.19508E-02  0.92704E-03
 0.10000E+01  0.35400E-01 -0.54664E-01  0.89019E-02  0.16182E+00  0.24009E+00  0.22057E+00  0.16168E+00  0.10589E+00  0.65615E-01  0.39486E-01  0.23312E-01  0.13537E-01  0.77194E-02  0.42938E-02  0.22674E-02  0.10440E-02
 0.12000E+01  0.57967E-01 -0.65646E-01 -0.30242E-01  0.12299E+00  0.21745E+00  0.21223E+00  0.16059E+00  0.10712E+00  0.67037E-01  0.40502E-01  0.23892E-01  0.13800E-01  0.77883E-02  0.42620E-02  0.22024E-02  0.99207E-03
 0.14000E+01  0.63339E-01 -0.66316E-01 -0.45565E-01  0.97521E-01  0.19297E+00  0.19466E+00  0.14975E+00  0.10084E+00  0.63430E-01  0.38406E-01  0.22653E-01  0.13054E-01  0.73327E-02  0.39818E-02  0.20360E-02  0.90699E-03
 0.16000E+01  0.61503E-01 -0.63497E-01 -0.50506E-01  0.79693E-01  0.16994E+00  0.17461E+00  0.13546E+00  0.91640E-01  0.57803E-01  0.35058E-01  0.20699E-01  0.11936E-01  0.67070E-02  0.36424E-02  0.18624E-02  0.82956E-03
 0.18000E+01  0.56597E-01 -0.59478E-01 -0.50578E-01  0.66432E-01  0.14891E+00  0.15443E+00  0.12019E+00  0.81436E-01  0.51432E-01  0.31245E-01  0.18492E-01  0.10699E-01  0.60420E-02  0.33045E-02  0.17053E-02  0.76699E-03
 0.20000E+01  0.50314E-01 -0.55087E-01 -0.48163E-01  0.56073E-01  0.12967E+00  0.13481E+00  0.10481E+00  0.70941E-01  0.44811E-01  0.27274E-01  0.16206E-01  0.94381E-02  0.53822E-02  0.29857E-02  0.15692E-02  0.71896E-03
 0.22000E+01  0.43499E-01 -0.50712E-01 -0.44484E-01  0.47725E-01  0.11213E+00  0.11618E+00  0.89880E-01  0.60618E-01  0.38258E-01  0.23342E-01  0.13952E-01  0.82068E-02  0.47508E-02  0.26918E-02  0.14524E-02  0.68269E-03
 0.24000E+01  0.36485E-01 -0.46465E-01 -0.40083E-01  0.40833E-01  0.96006E-01  0.98494E-01  0.75453E-01  0.50548E-01  0.31838E-01  0.19488E-01  0.11751E-01  0.70158E-02  0.41508E-02  0.24222E-02  0.13531E-02  0.65661E-03
 0.26000E+01  0.29502E-01 -0.42414E-01 -0.35346E-01  0.34990E-01  0.81095E-01  0.81741E-01  0.61620E-01  0.40826E-01  0.25621E-01  0.15756E-01  0.96269E-02  0.58737E-02  0.35833E-02  0.21745E-02  0.12678E-02  0.63811E-03
 0.28000E+01  0.22582E-01 -0.38549E-01 -0.30418E-01  0.29925E-01  0.67140E-01  0.65760E-01  0.48294E-01  0.31411E-01  0.19585E-01  0.12133E-01  0.75690E-02  0.47733E-02  0.30424E-02  0.19438E-02  0.11931E-02  0.62518E-03
 0.30000E+01  0.16598E-01 -0.35148E-01 -0.26848E-01  0.24172E-01  0.53800E-01  0.51177E-01  0.36431E-01  0.23142E-01  0.14313E-01  0.89639E-02  0.57536E-02  0.37848E-02  0.25388E-02  0.17127E-02  0.11038E-02  0.59909E-03
