 0.00000E+00  0.76883E+00  0.29718E+00 -0.10091E+00 -0.14298E+00 -0.48120E-01  0.14172E-01  0.30117E-01  0.25736E-01  0.17156E-01  0.99445E-02  0.50775E-02  0.21502E-02  0.54554E-03 -0.22844E-03 -0.47363E-03 -0.38036E-03
 0.20000E+00  0.33561E+00  0.48581E+00  0.37607E+00  0.14584E+00 -0.79164E-02 -0.58773E-01 -0.57400E-01 -0.41679E-01 -0.26632E-01 -0.15772E-01 -0.87872E-02 -0.45817E-02 -0.21746E-02 -0.87135E-03 -0.23765E-03 -0.77230E-05
 0.40000E+00 -0.85479E-01  0.26550E+00  0.41165E+00  0.28949E+00  0.12522E+00  0.32071E-01 -0.20255E-02 -0.93207E-02 -0.79912E-02 -0.50693E-02 -0.26375E-02 -0.10403E-02 -0.13058E-03  0.30519E-03  0.41628E-03  0.30930E-03
 0.60000E+00 -0.94689E-01  0.10471E+00  0.26243E+00  0.27250E+00  0.20225E+00  0.12848E+00  0.76109E-01  0.43651E-01  0.24592E-01  0.13661E-01  0.74721E-02  0.40055E-02  0.20861E-02  0.10379E-02  0.47601E-03  0.18711E-03
 0.80000E+00 -0.46959E-01  0.10275E-01  0.13690E+00  0.22769E+00  0.23025E+00  0.18005E+00  0.12192E+00  0.75838E-01  0.44609E-01  0.25084E-01  0.13462E-01  0.67985E-02  0.31157E-02  0.11776E-02  0.26419E-03 -0.41476E-04
 0.10000E+01 -0.97658E-02 -0.36903E-01  0.58749E-01  0.18447E+00  0.22668E+00  0.19392E+00  0.13754E+00  0.87674E-01  0.52166E-01  0.29381E-01  0.15633E-01  0.77083E-02  0.33389E-02  0.10709E-02  0.54653E-04 -0.20841E-03
 0.12000E+01  0.87601E-02 -0.57098E-01  0.16134E-01  0.14909E+00  0.20741E+00  0.18577E+00  0.13465E+00  0.86797E-01  0.51924E-01  0.29284E-01  0.15538E-01  0.75934E-02  0.32143E-02  0.95232E-03 -0.41640E-04 -0.26829E-03
 0.14000E+01  0.14055E-01 -0.63253E-01 -0.50225E-02  0.12088E+00  0.18174E+00  0.16683E+00  0.12228E+00  0.79306E-01  0.47634E-01  0.26952E-01  0.14348E-01  0.70436E-02  0.30068E-02  0.91494E-03 -0.10722E-04 -0.23081E-03
 0.16000E+01  0.11386E-01 -0.62066E-01 -0.13698E-01  0.98068E-01  0.15400E+00  0.14300E+00  0.10535E+00  0.68578E-01  0.41369E-01  0.23558E-01  0.12675E-01  0.63417E-02  0.28189E-02  0.97095E-03  0.12427E-03 -0.12020E-03
 0.18000E+01  0.40608E-02 -0.57016E-01 -0.15012E-01  0.79302E-01  0.12625E+00  0.11736E+00  0.86486E-01  0.56429E-01  0.34241E-01  0.19722E-01  0.10827E-01  0.56176E-02  0.26840E-02  0.11076E-02  0.33588E-03  0.41397E-04
 0.20000E+01 -0.60228E-02 -0.49876E-01 -0.11818E-01  0.63584E-01  0.99311E-01  0.91323E-01  0.66954E-01  0.43740E-01  0.26787E-01  0.15736E-01  0.89448E-02  0.49225E-02  0.26067E-02  0.13084E-02  0.60282E-03  0.23837E-03
 0.22000E+01 -0.17623E-01 -0.41682E-01 -0.58763E-02  0.50258E-01  0.73650E-01  0.65754E-01  0.47530E-01  0.31057E-01  0.19338E-01  0.11778E-01  0.71093E-02  0.42826E-02  0.25846E-02  0.15587E-02  0.90837E-03  0.45891E-03
 0.24000E+01 -0.29924E-01 -0.33087E-01  0.16601E-02  0.38862E-01  0.49537E-01  0.41195E-01  0.28706E-01  0.18725E-01  0.12102E-01  0.79566E-02  0.53659E-02  0.37078E-02  0.26097E-02  0.18432E-02  0.12376E-02  0.69290E-03
 0.26000E+01 -0.42585E-01 -0.24347E-01  0.10201E-01  0.28942E-01  0.26779E-01  0.17613E-01  0.10507E-01  0.67767E-02  0.51009E-02  0.42816E-02  0.37168E-02  0.31954E-02  0.26773E-02  0.21570E-02  0.15860E-02  0.93749E-03
 0.28000E+01 -0.55424E-01 -0.15661E-01  0.19333E-01  0.20177E-01  0.52359E-02 -0.50180E-02 -0.70490E-02 -0.47682E-02 -0.16538E-02  0.75664E-03  0.21595E-02  0.27400E-02  0.27806E-02  0.24934E-02  0.19482E-02  0.11894E-02
 0.30000E+01 -0.66229E-01 -0.87396E-02  0.25937E-01  0.11303E-01 -0.14290E-01 -0.25092E-01 -0.22486E-01 -0.14875E-01 -0.75554E-02 -0.23232E-02  0.79460E-03  0.23344E-02  0.28617E-02  0.27784E-02  0.22574E-02  0.14049E-02
