 0.00000E+00  0.56058E+00  0.35076E+00  0.13612E+00 -0.16319E-01 -0.87219E-01 -0.96590E-01 -0.76527E-01 -0.50921E-01 -0.30557E-01 -0.17334E-01 -0.96181E-02 -0.53342E-02 -0.29810E-02 -0.16706E-02 -0.92452E-03 -0.49416E-03
 0.20000E+00  0.44210E+00  0.37556E+00  0.27007E+00  0.16212E+00  0.77958E-01  0.25741E-01  0.95542E-04 -0.90044E-02 -0.10088E-01 -0.83031E-02 -0.60418E-02 -0.41309E-02 -0.27173E-02 -0.17272E-02 -0.10519E-02 -0.60396E-03
 0.40000E+00  0.10867E+00  0.18834E+00  0.22848E+00  0.22040E+00  0.17807E+00  0.12445E+00  0.77277E-01  0.43754E-01  0.23206E-01  0.11844E-01  0.59584E-02  0.30052E-02  0.15308E-02  0.78515E-03  0.40046E-03  0.19921E-03
 0.60000E+00 -0.15017E-01  0.95083E-01  0.17677E+00  0.20729E+00  0.19129E+00  0.14991E+00  0.10437E+00  0.66919E-01  0.40771E-01  0.24237E-01  0.14326E-01  0.84999E-02  0.50608E-02  0.29957E-02  0.17336E-02  0.95951E-03
 0.80000E+00 -0.47725E-01  0.51768E-01  0.13392E+00  0.17477E+00  0.17327E+00  0.14470E+00  0.10730E+00  0.73349E-01  0.47616E-01  0.30046E-01  0.18722E-01  0.11610E-01  0.71614E-02  0.43571E-02  0.25744E-02  0.14471E-02
 0.10000E+01 -0.50891E-01  0.31710E-01  0.10445E+00  0.14558E+00  0.15117E+00  0.13167E+00  0.10171E+00  0.72321E-01  0.48699E-01  0.31733E-01  0.20309E-01  0.12863E-01  0.80645E-02  0.49670E-02  0.29615E-02  0.16757E-02
 0.12000E+01 -0.47142E-01  0.21637E-01  0.85040E-01  0.12382E+00  0.13272E+00  0.11897E+00  0.94427E-01  0.68858E-01  0.47422E-01  0.31496E-01  0.20469E-01  0.13121E-01  0.83010E-02  0.51474E-02  0.30843E-02  0.17516E-02
 0.14000E+01 -0.42624E-01  0.15993E-01  0.71916E-01  0.10799E+00  0.11840E+00  0.10829E+00  0.87574E-01  0.64949E-01  0.45391E-01  0.30517E-01  0.20027E-01  0.12934E-01  0.82295E-02  0.51247E-02  0.30803E-02  0.17533E-02
 0.16000E+01 -0.38660E-01  0.12462E-01  0.62553E-01  0.96125E-01  0.10718E+00  0.99495E-01  0.81544E-01  0.61200E-01  0.43210E-01  0.29295E-01  0.19353E-01  0.12563E-01  0.80241E-02  0.50112E-02  0.30186E-02  0.17208E-02
 0.18000E+01 -0.35384E-01  0.10059E-01  0.55542E-01  0.86925E-01  0.98194E-01  0.92184E-01  0.76312E-01  0.57779E-01  0.41099E-01  0.28033E-01  0.18609E-01  0.12124E-01  0.77659E-02  0.48602E-02  0.29322E-02  0.16735E-02
 0.20000E+01 -0.32684E-01  0.83182E-02  0.50077E-01  0.79552E-01  0.90808E-01  0.86009E-01  0.71756E-01  0.54697E-01  0.39128E-01  0.26812E-01  0.17863E-01  0.11671E-01  0.74916E-02  0.46961E-02  0.28365E-02  0.16203E-02
 0.22000E+01 -0.30432E-01  0.69972E-02  0.45674E-01  0.73479E-01  0.84598E-01  0.80703E-01  0.67750E-01  0.51920E-01  0.37307E-01  0.25658E-01  0.17142E-01  0.11225E-01  0.72174E-02  0.45300E-02  0.27388E-02  0.15656E-02
 0.24000E+01 -0.28522E-01  0.59555E-02  0.42025E-01  0.68352E-01  0.79268E-01  0.76070E-01  0.64188E-01  0.49405E-01  0.35629E-01  0.24575E-01  0.16457E-01  0.10796E-01  0.69509E-02  0.43672E-02  0.26424E-02  0.15114E-02
 0.26000E+01 -0.26872E-01  0.51076E-02  0.38925E-01  0.63926E-01  0.74602E-01  0.71957E-01  0.60980E-01  0.47107E-01  0.34075E-01  0.23561E-01  0.15808E-01  0.10386E-01  0.66945E-02  0.42097E-02  0.25488E-02  0.14585E-02
 0.28000E+01 -0.25423E-01  0.44003E-02  0.36236E-01  0.60036E-01  0.70449E-01  0.68252E-01  0.58055E-01  0.44988E-01  0.32626E-01  0.22606E-01  0.15192E-01  0.99937E-02  0.64481E-02  0.40578E-02  0.24582E-02  0.14072E-02
 0.30000E+01 -0.23772E-01  0.37124E-02  0.33344E-01  0.55750E-01  0.65795E-01  0.64033E-01  0.54674E-01  0.42504E-01  0.30906E-01  0.21460E-01  0.14446E-01  0.95153E-02  0.61456E-02  0.38703E-02  0.23459E-02  0.13435E-02
 0.00000E+00  0.56058E+00  0.35076E+00  0.13612E+00 -0.16319E-01 -0.87219E-01 -0.96590E-01 -0.76527E-01 -0.50921E-01 -0.30557E-01 -0.17334E-01 -0.96181E-02 -0.53342E-02 -0.29810E-02 -0.16706E-02 -0.92452E-03 -0.49416E-03
 0.20000E+00  0.44210E+00  0.37556E+00  0.27007E+00  0.16212E+00  0.77958E-01  0.25741E-01  0.95542E-04 -0.90044E-02 -0.10088E-01 -0.83031E-02 -0.60418E-02 -0.41309E-02 -0.27173E-02 -0.17272E-02 -0.10519E-02 -0.60396E-03
 0.40000E+00  0.10867E+00  0.18834E+00  0.22848E+00  0.22040E+00  0.17807E+00  0.12445E+00  0.77277E-01  0.43754E-01  0.23206E-01  0.11844E-01  0.59584E-02  0.30052E-02  0.15308E-02  0.78515E-03  0.40046E-03  0.19921E-03
 0.60000E+00 -0.15017E-01  0.95083E-01  0.17677E+00  0.20729E+00  0.19129E+00  0.14991E+00  0.10437E+00  0.66919E-01  0.40771E-01  0.24237E-01  0.14326E-01  0.84999E-02  0.50608E-02  0.29957E-02  0.17336E-02  0.95951E-03
 0.80000E+00 -0.47725E-01  0.51768E-01  0.13392E+00  0.17477E+00  0.17327E+00  0.14470E+00  0.10730E+00  0.73349E-01  0.47616E-01  0.30046E-01  0.18722E-01  0.11610E-01  0.71614E-02  0.43571E-02  0.25744E-02  0.14471E-02
 0.10000E+01 -0.50891E-01  0.31710E-01  0.10445E+00  0.14558E+00  0.15117E+00  0.13167E+00  0.10171E+00  0.72321E-01  0.48699E-01  0.31733E-01  0.20309E-01  0.12863E-01  0.80645E-02  0.49670E-02  0.29615E-02  0.16757E-02
 0.12000E+01 -0.47142E-01  0.21637E-01  0.85040E-01  0.12382E+00  0.13272E+00  0.11897E+00  0.94427E-01  0.68858E-01  0.47422E-01  0.31496E-01  0.20469E-01  0.13121E-01  0.83010E-02  0.51474E-02  0.30843E-02  0.17516E-02
 0.14000E+01 -0.42624E-01  0.15993E-01  0.71916E-01  0.10799E+00  0.11840E+00  0.10829E+00  0.87574E-01  0.64949E-01  0.45391E-01  0.30517E-01  0.20027E-01  0.12934E-01  0.82295E-02  0.51247E-02  0.30803E-02  0.17533E-02
 0.16000E+01 -0.38660E-01  0.12462E-01  0.62553E-01  0.96125E-01  0.10718E+00  0.99495E-01  0.81544E-01  0.61200E-01  0.43210E-01  0.29295E-01  0.19353E-01  0.12563E-01  0.80241E-02  0.50112E-02  0.30186E-02  0.17208E-02
 0.18000E+01 -0.35384E-01  0.10059E-01  0.55542E-01  0.86925E-01  0.98194E-01  0.92184E-01  0.76312E-01  0.57779E-01  0.41099E-01  0.28033E-01  0.18609E-01  0.12124E-01  0.77659E-02  0.48602E-02  0.29322E-02  0.16735E-02
 0.20000E+01 -0.32684E-01  0.83182E-02  0.50077E-01  0.79552E-01  0.90808E-01  0.86009E-01  0.71756E-01  0.54697E-01  0.39128E-01  0.26812E-01  0.17863E-01  0.11671E-01  0.74916E-02  0.46961E-02  0.28365E-02  0.16203E-02
 0.22000E+01 -0.30432E-01  0.69972E-02  0.45674E-01  0.73479E-01  0.84598E-01  0.80703E-01  0.67750E-01  0.51920E-01  0.37307E-01  0.25658E-01  0.17142E-01  0.11225E-01  0.72174E-02  0.45300E-02  0.27388E-02  0.15656E-02
 0.24000E+01 -0.28522E-01  0.59555E-02  0.42025E-01  0.68352E-01  0.79268E-01  0.76070E-01  0.64188E-01  0.49405E-01  0.35629E-01  0.24575E-01  0.16457E-01  0.10796E-01  0.69509E-02  0.43672E-02  0.26424E-02  0.15114E-02
 0.26000E+01 -0.26872E-01  0.51076E-02  0.38925E-01  0.63926E-01  0.74602E-01  0.71957E-01  0.60980E-01  0.47107E-01  0.34075E-01  0.23561E-01  0.15808E-01  0.10386E-01  0.66945E-02  0.42097E-02  0.25488E-02  0.14585E-02
 0.28000E+01 -0.25423E-01  0.44003E-02  0.36236E-01  0.60036E-01  0.70449E-01  0.68252E-01  0.58055E-01  0.44988E-01  0.32626E-01  0.22606E-01  0.15192E-01  0.99937E-02  0.64481E-02  0.40578E-02  0.24582E-02  0.14072E-02
 0.30000E+01 -0.23772E-01  0.37124E-02  0.33344E-01  0.55750E-01  0.65795E-01  0.64033E-01  0.54674E-01  0.42504E-01  0.30906E-01  0.21460E-01  0.14446E-01  0.95153E-02  0.61456E-02  0.38703E-02  0.23459E-02  0.13435E-02
