 0.00000E+00  0.71953E+00  0.34184E+00 -0.35504E-01 -0.13000E+00 -0.80142E-01 -0.28691E-01 -0.41117E-02  0.39129E-02  0.50375E-02  0.39729E-02  0.25777E-02  0.14451E-02  0.67653E-03  0.21664E-03 -0.79052E-05 -0.63591E-04
 0.20000E+00  0.37967E+00  0.44475E+00  0.31946E+00  0.14081E+00  0.28101E-01 -0.15674E-01 -0.24588E-01 -0.21220E-01 -0.15240E-01 -0.99467E-02 -0.60773E-02 -0.35019E-02 -0.18891E-02 -0.92936E-03 -0.39578E-03 -0.13495E-03
 0.40000E+00 -0.52912E-01  0.22238E+00  0.35295E+00  0.27585E+00  0.15125E+00  0.68945E-01  0.28459E-01  0.10889E-01  0.38433E-02  0.12578E-02  0.43320E-03  0.23724E-03  0.22513E-03  0.23632E-03  0.21229E-03  0.14074E-03
 0.60000E+00 -0.88516E-01  0.11071E+00  0.25754E+00  0.25748E+00  0.18705E+00  0.11908E+00  0.72197E-01  0.42879E-01  0.25154E-01  0.14612E-01  0.84032E-02  0.47697E-02  0.26568E-02  0.14353E-02  0.72911E-03  0.32132E-03
 0.80000E+00 -0.71363E-01  0.50611E-01  0.18032E+00  0.22329E+00  0.19324E+00  0.14107E+00  0.94526E-01  0.60281E-01  0.37165E-01  0.22319E-01  0.13086E-01  0.74751E-02  0.41327E-02  0.21793E-02  0.10611E-02  0.44373E-03
 0.10000E+01 -0.51037E-01  0.14825E-01  0.12498E+00  0.19170E+00  0.18830E+00  0.14865E+00  0.10461E+00  0.68894E-01  0.43440E-01  0.26522E-01  0.15750E-01  0.90924E-02  0.50750E-02  0.27027E-02  0.13312E-02  0.56392E-03
 0.12000E+01 -0.34477E-01 -0.64241E-02  0.85846E-01  0.16356E+00  0.17663E+00  0.14668E+00  0.10642E+00  0.71600E-01  0.45934E-01  0.28499E-01  0.17211E-01  0.10132E-01  0.57994E-02  0.31977E-02  0.16509E-02  0.73760E-03
 0.14000E+01 -0.22583E-01 -0.17824E-01  0.59321E-01  0.13942E+00  0.16144E+00  0.13878E+00  0.10291E+00  0.70450E-01  0.45959E-01  0.29034E-01  0.17908E-01  0.10823E-01  0.64108E-02  0.37009E-02  0.20243E-02  0.95942E-03
 0.16000E+01 -0.15099E-01 -0.22722E-01  0.42098E-01  0.11886E+00  0.14446E+00  0.12719E+00  0.95960E-01  0.66789E-01  0.44373E-01  0.28633E-01  0.18117E-01  0.11299E-01  0.69611E-02  0.42213E-02  0.24423E-02  0.12186E-02
 0.18000E+01 -0.10920E-01 -0.24045E-01  0.30961E-01  0.10158E+00  0.12761E+00  0.11434E+00  0.87581E-01  0.61986E-01  0.42002E-01  0.27741E-01  0.18042E-01  0.11623E-01  0.74411E-02  0.47166E-02  0.28572E-02  0.14812E-02
 0.20000E+01 -0.95596E-02 -0.22573E-01  0.24588E-01  0.86682E-01  0.11057E+00  0.10027E+00  0.77960E-01  0.56271E-01  0.39069E-01  0.26551E-01  0.17841E-01  0.11923E-01  0.79489E-02  0.52612E-02  0.33212E-02  0.17773E-02
 0.22000E+01 -0.10022E-01 -0.19626E-01  0.21168E-01  0.73677E-01  0.94017E-01  0.85979E-01  0.67951E-01  0.50225E-01  0.35913E-01  0.25234E-01  0.17579E-01  0.12203E-01  0.84594E-02  0.58189E-02  0.38003E-02  0.20842E-02
 0.24000E+01 -0.11919E-01 -0.15641E-01  0.19921E-01  0.62076E-01  0.77830E-01  0.71533E-01  0.57677E-01  0.43967E-01  0.32629E-01  0.23859E-01  0.17305E-01  0.12497E-01  0.89955E-02  0.64053E-02  0.43042E-02  0.24071E-02
 0.26000E+01 -0.14767E-01 -0.10939E-01  0.20167E-01  0.51465E-01  0.61935E-01  0.57029E-01  0.47267E-01  0.37604E-01  0.29293E-01  0.22473E-01  0.17046E-01  0.12819E-01  0.95638E-02  0.70223E-02  0.48330E-02  0.27455E-02
 0.28000E+01 -0.18586E-01 -0.57607E-02  0.21510E-01  0.41454E-01  0.46047E-01  0.42292E-01  0.36634E-01  0.31108E-01  0.25910E-01  0.21098E-01  0.16831E-01  0.13197E-01  0.10190E-01  0.76914E-02  0.54027E-02  0.31090E-02
 0.30000E+01 -0.21574E-01 -0.10632E-02  0.22112E-01  0.31484E-01  0.30821E-01  0.28311E-01  0.26560E-01  0.24924E-01  0.22645E-01  0.19720E-01  0.16546E-01  0.13479E-01  0.10716E-01  0.82692E-02  0.59005E-02  0.34284E-02
