 0.00000E+00  0.88390E+00  0.30643E+00 -0.88854E-01 -0.22629E+00 -0.18193E+00 -0.77387E-01  0.71918E-02  0.49547E-01  0.59593E-01  0.53380E-01  0.41969E-01  0.30663E-01  0.21283E-01  0.14095E-01  0.88456E-02  0.51879E-02
 0.20000E+00  0.17920E+00  0.45663E+00  0.50895E+00  0.36992E+00  0.16203E+00 -0.71071E-02 -0.97178E-01 -0.12136E+00 -0.10974E+00 -0.86021E-01 -0.62422E-01 -0.43206E-01 -0.28853E-01 -0.18579E-01 -0.11424E-01 -0.66020E-02
 0.40000E+00 -0.31038E-01  0.17331E+00  0.28106E+00  0.27786E+00  0.20609E+00  0.12036E+00  0.54023E-01  0.14730E-01 -0.37452E-02 -0.10128E-01 -0.10758E-01 -0.91536E-02 -0.69757E-02 -0.49155E-02 -0.32188E-02 -0.19441E-02
 0.60000E+00 -0.25579E-01  0.72590E-01  0.15050E+00  0.18602E+00  0.18000E+00  0.14859E+00  0.10980E+00  0.75191E-01  0.49010E-01  0.31003E-01  0.19273E-01  0.11852E-01  0.72129E-02  0.43188E-02  0.25113E-02  0.13919E-02
 0.80000E+00 -0.18232E-01  0.41265E-01  0.10515E+00  0.15053E+00  0.16539E+00  0.15285E+00  0.12488E+00  0.93485E-01  0.65948E-01  0.44776E-01  0.29671E-01  0.19324E-01  0.12373E-01  0.77364E-02  0.46609E-02  0.26560E-02
 0.10000E+01 -0.13573E-01  0.26260E-01  0.82255E-01  0.13163E+00  0.15643E+00  0.15334E+00  0.13114E+00  0.10180E+00  0.73977E-01  0.51484E-01  0.34837E-01  0.23096E-01  0.15010E-01  0.94994E-02  0.57778E-02  0.33164E-02
 0.12000E+01 -0.88484E-02  0.14137E-01  0.62758E-01  0.11474E+00  0.14745E+00  0.15231E+00  0.13525E+00  0.10803E+00  0.80278E-01  0.56899E-01  0.39091E-01  0.26248E-01  0.17238E-01  0.11002E-01  0.67353E-02  0.38851E-02
 0.14000E+01 -0.38077E-02  0.35892E-02  0.44698E-01  0.98154E-01  0.13753E+00  0.14957E+00  0.13750E+00  0.11263E+00  0.85346E-01  0.61448E-01  0.42767E-01  0.29026E-01  0.19230E-01  0.12360E-01  0.76077E-02  0.44062E-02
 0.16000E+01  0.94758E-03 -0.45063E-02  0.29692E-01  0.83384E-01  0.12756E+00  0.14533E+00  0.13760E+00  0.11510E+00  0.88621E-01  0.64630E-01  0.45459E-01  0.31122E-01  0.20766E-01  0.13422E-01  0.82975E-02  0.48213E-02
 0.18000E+01  0.50254E-02 -0.10026E-01  0.18319E-01  0.71233E-01  0.11829E+00  0.14014E+00  0.13587E+00  0.11554E+00  0.90090E-01  0.66368E-01  0.47070E-01  0.32447E-01  0.21770E-01  0.14133E-01  0.87670E-02  0.51070E-02
 0.20000E+01  0.83343E-02 -0.13459E-01  0.10139E-01  0.61627E-01  0.11004E+00  0.13456E+00  0.13291E+00  0.11448E+00  0.90133E-01  0.66922E-01  0.47771E-01  0.33106E-01  0.22309E-01  0.14533E-01  0.90386E-02  0.52756E-02
 0.22000E+01  0.10929E-01 -0.15433E-01  0.43891E-02  0.54120E-01  0.10286E+00  0.12898E+00  0.12925E+00  0.11243E+00  0.89199E-01  0.66635E-01  0.47807E-01  0.33269E-01  0.22495E-01  0.14693E-01  0.91572E-02  0.53530E-02
 0.24000E+01  0.12905E-01 -0.16490E-01  0.32944E-03  0.48195E-01  0.96619E-01  0.12362E+00  0.12529E+00  0.10985E+00  0.87666E-01  0.65806E-01  0.47401E-01  0.33095E-01  0.22437E-01  0.14686E-01  0.91677E-02  0.53656E-02
 0.26000E+01  0.14332E-01 -0.17064E-01 -0.26479E-02  0.43383E-01  0.91132E-01  0.11855E+00  0.12127E+00  0.10699E+00  0.85797E-01  0.64654E-01  0.46720E-01  0.32706E-01  0.22221E-01  0.14569E-01  0.91063E-02  0.53348E-02
 0.28000E+01  0.15319E-01 -0.17382E-01 -0.49138E-02  0.39382E-01  0.86275E-01  0.11383E+00  0.11734E+00  0.10406E+00  0.83774E-01  0.63330E-01  0.45883E-01  0.32189E-01  0.21908E-01  0.14384E-01  0.89998E-02  0.52766E-02
 0.30000E+01  0.16260E-01 -0.17178E-01 -0.66068E-02  0.35566E-01  0.81080E-01  0.10838E+00  0.11251E+00  0.10026E+00  0.81017E-01  0.61428E-01  0.44615E-01  0.31363E-01  0.21381E-01  0.14056E-01  0.88035E-02  0.51653E-02
 0.00000E+00  0.88390E+00  0.30643E+00 -0.88854E-01 -0.22629E+00 -0.18193E+00 -0.77387E-01  0.71918E-02  0.49547E-01  0.59593E-01  0.53380E-01  0.41969E-01  0.30663E-01  0.21283E-01  0.14095E-01  0.88456E-02  0.51879E-02
 0.20000E+00  0.17920E+00  0.45663E+00  0.50895E+00  0.36992E+00  0.16203E+00 -0.71071E-02 -0.97178E-01 -0.12136E+00 -0.10974E+00 -0.86021E-01 -0.62422E-01 -0.43206E-01 -0.28853E-01 -0.18579E-01 -0.11424E-01 -0.66020E-02
 0.40000E+00 -0.31038E-01  0.17331E+00  0.28106E+00  0.27786E+00  0.20609E+00  0.12036E+00  0.54023E-01  0.14730E-01 -0.37452E-02 -0.10128E-01 -0.10758E-01 -0.91536E-02 -0.69757E-02 -0.49155E-02 -0.32188E-02 -0.19441E-02
 0.60000E+00 -0.25579E-01  0.72590E-01  0.15050E+00  0.18602E+00  0.18000E+00  0.14859E+00  0.10980E+00  0.75191E-01  0.49010E-01  0.31003E-01  0.19273E-01  0.11852E-01  0.72129E-02  0.43188E-02  0.25113E-02  0.13919E-02
 0.80000E+00 -0.18232E-01  0.41265E-01  0.10515E+00  0.15053E+00  0.16539E+00  0.15285E+00  0.12488E+00  0.93485E-01  0.65948E-01  0.44776E-01  0.29671E-01  0.19324E-01  0.12373E-01  0.77364E-02  0.46609E-02  0.26560E-02
 0.10000E+01 -0.13573E-01  0.26260E-01  0.82255E-01  0.13163E+00  0.15643E+00  0.15334E+00  0.13114E+00  0.10180E+00  0.73977E-01  0.51484E-01  0.34837E-01  0.23096E-01  0.15010E-01  0.94994E-02  0.57778E-02  0.33164E-02
 0.12000E+01 -0.88484E-02  0.14137E-01  0.62758E-01  0.11474E+00  0.14745E+00  0.15231E+00  0.13525E+00  0.10803E+00  0.80278E-01  0.56899E-01  0.39091E-01  0.26248E-01  0.17238E-01  0.11002E-01  0.67353E-02  0.38851E-02
 0.14000E+01 -0.38077E-02  0.35892E-02  0.44698E-01  0.98154E-01  0.13753E+00  0.14957E+00  0.13750E+00  0.11263E+00  0.85346E-01  0.61448E-01  0.42767E-01  0.29026E-01  0.19230E-01  0.12360E-01  0.76077E-02  0.44062E-02
 0.16000E+01  0.94758E-03 -0.45063E-02  0.29692E-01  0.83384E-01  0.12756E+00  0.14533E+00  0.13760E+00  0.11510E+00  0.88621E-01  0.64630E-01  0.45459E-01  0.31122E-01  0.20766E-01  0.13422E-01  0.82975E-02  0.48213E-02
 0.18000E+01  0.50254E-02 -0.10026E-01  0.18319E-01  0.71233E-01  0.11829E+00  0.14014E+00  0.13587E+00  0.11554E+00  0.90090E-01  0.66368E-01  0.47070E-01  0.32447E-01  0.21770E-01  0.14133E-01  0.87670E-02  0.51070E-02
 0.20000E+01  0.83343E-02 -0.13459E-01  0.10139E-01  0.61627E-01  0.11004E+00  0.13456E+00  0.13291E+00  0.11448E+00  0.90133E-01  0.66922E-01  0.47771E-01  0.33106E-01  0.22309E-01  0.14533E-01  0.90386E-02  0.52756E-02
 0.22000E+01  0.10929E-01 -0.15433E-01  0.43891E-02  0.54120E-01  0.10286E+00  0.12898E+00  0.12925E+00  0.11243E+00  0.89199E-01  0.66635E-01  0.47807E-01  0.33269E-01  0.22495E-01  0.14693E-01  0.91572E-02  0.53530E-02
 0.24000E+01  0.12905E-01 -0.16490E-01  0.32944E-03  0.48195E-01  0.96619E-01  0.12362E+00  0.12529E+00  0.10985E+00  0.87666E-01  0.65806E-01  0.47401E-01  0.33095E-01  0.22437E-01  0.14686E-01  0.91677E-02  0.53656E-02
 0.26000E+01  0.14332E-01 -0.17064E-01 -0.26479E-02  0.43383E-01  0.91132E-01  0.11855E+00  0.12127E+00  0.10699E+00  0.85797E-01  0.64654E-01  0.46720E-01  0.32706E-01  0.22221E-01  0.14569E-01  0.91063E-02  0.53348E-02
 0.28000E+01  0.15319E-01 -0.17382E-01 -0.49138E-02  0.39382E-01  0.86275E-01  0.11383E+00  0.11734E+00  0.10406E+00  0.83774E-01  0.63330E-01  0.45883E-01  0.32189E-01  0.21908E-01  0.14384E-01  0.89998E-02  0.52766E-02
 0.30000E+01  0.16260E-01 -0.17178E-01 -0.66068E-02  0.35566E-01  0.81080E-01  0.10838E+00  0.11251E+00  0.10026E+00  0.81017E-01  0.61428E-01  0.44615E-01  0.31363E-01  0.21381E-01  0.14056E-01  0.88035E-02  0.51653E-02
