 0.00000E+00  0.75828E+00  0.29041E+00 -0.11603E+00 -0.15218E+00 -0.39507E-01  0.31741E-01  0.46311E-01  0.37713E-01  0.25806E-01  0.16466E-01  0.10173E-01  0.61717E-02  0.36940E-02  0.21751E-02  0.12243E-02  0.59794E-03
 0.20000E+00  0.37606E+00  0.49454E+00  0.36393E+00  0.13115E+00 -0.18402E-01 -0.63397E-01 -0.57806E-01 -0.40769E-01 -0.26217E-01 -0.16288E-01 -0.99915E-02 -0.60983E-02 -0.37109E-02 -0.22410E-02 -0.12993E-02 -0.65121E-03
 0.40000E+00 -0.13016E+00  0.27868E+00  0.46288E+00  0.31805E+00  0.11371E+00  0.23687E-02 -0.30255E-01 -0.30044E-01 -0.22044E-01 -0.14541E-01 -0.91351E-02 -0.55807E-02 -0.33393E-02 -0.19544E-02 -0.10901E-02 -0.52821E-03
 0.60000E+00 -0.12736E+00  0.96776E-01  0.28126E+00  0.29249E+00  0.20715E+00  0.12168E+00  0.66312E-01  0.35759E-01  0.19645E-01  0.11072E-01  0.63840E-02  0.37483E-02  0.22311E-02  0.13340E-02  0.77056E-03  0.38513E-03
 0.80000E+00 -0.33305E-01 -0.74033E-02  0.10989E+00  0.21977E+00  0.24044E+00  0.19476E+00  0.13419E+00  0.85188E-01  0.52075E-01  0.31301E-01  0.18647E-01  0.11033E-01  0.64781E-02  0.37531E-02  0.20816E-02  0.10040E-02
 0.10000E+01  0.29311E-01 -0.51158E-01  0.13166E-01  0.15958E+00  0.23475E+00  0.21699E+00  0.16075E+00  0.10648E+00  0.66687E-01  0.40573E-01  0.24252E-01  0.14294E-01  0.83043E-02  0.47288E-02  0.25670E-02  0.12137E-02
 0.12000E+01  0.55746E-01 -0.64926E-01 -0.30341E-01  0.12005E+00  0.21445E+00  0.21170E+00  0.16222E+00  0.10955E+00  0.69363E-01  0.42411E-01  0.25363E-01  0.14899E-01  0.85930E-02  0.48375E-02  0.25881E-02  0.12068E-02
 0.14000E+01  0.63368E-01 -0.67025E-01 -0.47875E-01  0.94586E-01  0.19178E+00  0.19623E+00  0.15306E+00  0.10442E+00  0.66488E-01  0.40758E-01  0.24382E-01  0.14298E-01  0.82148E-02  0.45964E-02  0.24398E-02  0.11289E-02
 0.16000E+01  0.62742E-01 -0.64899E-01 -0.53777E-01  0.77185E-01  0.17023E+00  0.17774E+00  0.13993E+00  0.95955E-01  0.61280E-01  0.37628E-01  0.22526E-01  0.13211E-01  0.75869E-02  0.42407E-02  0.22476E-02  0.10385E-02
 0.18000E+01  0.58498E-01 -0.61279E-01 -0.54277E-01  0.64485E-01  0.15046E+00  0.15881E+00  0.12553E+00  0.86252E-01  0.55155E-01  0.33910E-01  0.20331E-01  0.11947E-01  0.68792E-02  0.38589E-02  0.20543E-02  0.95324E-03
 0.20000E+01  0.52669E-01 -0.57179E-01 -0.52141E-01  0.54682E-01  0.13242E+00  0.14039E+00  0.11100E+00  0.76241E-01  0.48761E-01  0.30012E-01  0.18036E-01  0.10639E-01  0.61604E-02  0.34829E-02  0.18722E-02  0.87686E-03
 0.22000E+01  0.46158E-01 -0.53021E-01 -0.48669E-01  0.46793E-01  0.11589E+00  0.12278E+00  0.96792E-01  0.66314E-01  0.42374E-01  0.26111E-01  0.15746E-01  0.93427E-02  0.54580E-02  0.31240E-02  0.17044E-02  0.80956E-03
 0.24000E+01  0.39381E-01 -0.48906E-01 -0.44422E-01  0.40277E-01  0.10064E+00  0.10601E+00  0.83018E-01  0.56597E-01  0.36091E-01  0.22270E-01  0.13495E-01  0.80765E-02  0.47795E-02  0.27841E-02  0.15505E-02  0.75037E-03
 0.26000E+01  0.32573E-01 -0.44935E-01 -0.39810E-01  0.34731E-01  0.86474E-01  0.90071E-01  0.69769E-01  0.47185E-01  0.29985E-01  0.18533E-01  0.11309E-01  0.68528E-02  0.41293E-02  0.24632E-02  0.14089E-02  0.69788E-03
 0.28000E+01  0.25785E-01 -0.41129E-01 -0.35015E-01  0.29880E-01  0.73162E-01  0.74824E-01  0.56981E-01  0.38055E-01  0.24046E-01  0.14897E-01  0.91856E-02  0.56677E-02  0.35038E-02  0.21582E-02  0.12771E-02  0.65054E-03
 0.30000E+01  0.19915E-01 -0.37805E-01 -0.31516E-01  0.24413E-01  0.60445E-01  0.60888E-01  0.45568E-01  0.30019E-01  0.18854E-01  0.11721E-01  0.73203E-02  0.46141E-02  0.29352E-02  0.18697E-02  0.11439E-02  0.59799E-03
