 0.00000E+00  0.76200E+00  0.32150E+00 -0.69709E-01 -0.13954E+00 -0.74752E-01 -0.22739E-01 -0.12855E-02  0.43166E-02  0.40321E-02  0.22330E-02  0.55519E-03 -0.55872E-03 -0.11283E-02 -0.12865E-02 -0.11226E-02 -0.72006E-03
 0.20000E+00  0.33814E+00  0.46323E+00  0.35047E+00  0.14589E+00  0.16727E-01 -0.28019E-01 -0.32989E-01 -0.25840E-01 -0.17096E-01 -0.99711E-02 -0.50436E-02 -0.19924E-02 -0.29059E-03  0.51848E-03  0.72766E-03  0.54190E-03
 0.40000E+00 -0.66421E-01  0.23408E+00  0.37186E+00  0.28769E+00  0.15813E+00  0.74074E-01  0.32267E-01  0.13349E-01  0.52716E-02  0.20675E-02  0.92395E-03  0.57265E-03  0.47906E-03  0.43346E-03  0.35254E-03  0.21991E-03
 0.60000E+00 -0.81878E-01  0.11157E+00  0.26251E+00  0.26881E+00  0.19784E+00  0.12515E+00  0.73910E-01  0.41862E-01  0.22728E-01  0.11646E-01  0.54391E-02  0.21101E-02  0.43370E-03 -0.31380E-03 -0.51937E-03 -0.39906E-03
 0.80000E+00 -0.66096E-01  0.47071E-01  0.18140E+00  0.22967E+00  0.19572E+00  0.13700E+00  0.86791E-01  0.51704E-01  0.29106E-01  0.15260E-01  0.71676E-02  0.26905E-02  0.39036E-03 -0.63649E-03 -0.88856E-03 -0.65970E-03
 0.10000E+01 -0.51820E-01  0.82555E-02  0.12300E+00  0.19073E+00  0.17981E+00  0.13328E+00  0.87451E-01  0.53333E-01  0.30519E-01  0.16182E-01  0.76485E-02  0.28648E-02  0.38376E-03 -0.72937E-03 -0.99814E-03 -0.73779E-03
 0.12000E+01 -0.41113E-01 -0.16392E-01  0.79965E-01  0.15549E+00  0.15919E+00  0.12289E+00  0.82530E-01  0.51091E-01  0.29544E-01  0.15784E-01  0.75034E-02  0.28226E-02  0.37930E-03 -0.72259E-03 -0.99000E-03 -0.73205E-03
 0.14000E+01 -0.34381E-01 -0.30914E-01  0.48810E-01  0.12365E+00  0.13556E+00  0.10784E+00  0.73623E-01  0.46070E-01  0.26860E-01  0.14459E-01  0.69368E-02  0.26573E-02  0.40878E-03 -0.61502E-03 -0.87434E-03 -0.65202E-03
 0.16000E+01 -0.31658E-01 -0.37676E-01  0.27281E-01  0.94751E-01  0.10964E+00  0.89110E-01  0.61564E-01  0.38857E-01  0.22843E-01  0.12429E-01  0.60729E-02  0.24328E-02  0.50150E-03 -0.39579E-03 -0.64887E-03 -0.49818E-03
 0.18000E+01 -0.32442E-01 -0.38718E-01  0.13333E-01  0.68569E-01  0.82432E-01  0.67926E-01  0.47333E-01  0.30121E-01  0.17905E-01  0.99230E-02  0.50246E-02  0.21930E-02  0.66429E-03 -0.75325E-04 -0.32846E-03 -0.28159E-03
 0.20000E+01 -0.36010E-01 -0.35701E-01  0.51708E-02  0.44899E-01  0.54835E-01  0.45371E-01  0.31801E-01  0.20455E-01  0.12404E-01  0.71370E-02  0.38813E-02  0.19656E-02  0.89235E-03  0.32762E-03  0.66374E-04 -0.16567E-04
 0.22000E+01 -0.41632E-01 -0.29914E-01  0.13336E-02  0.23570E-01  0.27579E-01  0.22341E-01  0.15691E-01  0.10347E-01  0.66366E-02  0.42266E-02  0.27107E-02  0.17672E-02  0.11759E-02  0.79250E-03  0.51477E-03  0.28272E-03
 0.24000E+01 -0.48662E-01 -0.22380E-01  0.63081E-03  0.44326E-02  0.12523E-02 -0.44413E-03 -0.41882E-03  0.18817E-03  0.83411E-03  0.13125E-02  0.15621E-02  0.16058E-02  0.15020E-02  0.12984E-02  0.99658E-03  0.60282E-03
 0.26000E+01 -0.56642E-01 -0.13784E-01  0.21534E-02 -0.12811E-01 -0.23949E-01 -0.22649E-01 -0.16238E-01 -0.98206E-02 -0.48819E-02 -0.15430E-02  0.45942E-03  0.14833E-02  0.18614E-02  0.18321E-02  0.14994E-02  0.93553E-03
 0.28000E+01 -0.65320E-01 -0.45575E-02  0.52777E-02 -0.28479E-01 -0.48048E-01 -0.44183E-01 -0.31668E-01 -0.19604E-01 -0.10465E-01 -0.43155E-02 -0.58819E-03  0.13997E-02  0.22497E-02  0.23874E-02  0.20175E-02  0.12771E-02
 0.30000E+01 -0.71616E-01  0.11790E-02  0.51924E-02 -0.42840E-01 -0.68161E-01 -0.61675E-01 -0.44046E-01 -0.27393E-01 -0.14884E-01 -0.64979E-02 -0.14037E-02  0.13450E-02  0.25657E-02  0.28332E-02  0.24318E-02  0.15499E-02
