 0.00000E+00  0.68156E+00  0.33465E+00  0.39828E-01 -0.11776E+00 -0.14411E+00 -0.98878E-01 -0.40670E-01  0.45731E-03  0.19927E-01  0.24501E-01  0.21883E-01  0.17018E-01  0.12214E-01  0.82495E-02  0.52437E-02  0.31028E-02
 0.20000E+00  0.42656E+00  0.40321E+00  0.31347E+00  0.19253E+00  0.81157E-01  0.42959E-02 -0.34599E-01 -0.45674E-01 -0.41921E-01 -0.32940E-01 -0.23793E-01 -0.16337E-01 -0.10819E-01 -0.69186E-02 -0.42331E-02 -0.24384E-02
 0.40000E+00  0.76114E-02  0.20291E+00  0.30959E+00  0.30406E+00  0.22241E+00  0.12164E+00  0.41994E-01 -0.42670E-02 -0.23339E-01 -0.26571E-01 -0.22957E-01 -0.17535E-01 -0.12454E-01 -0.83598E-02 -0.52937E-02 -0.31251E-02
 0.60000E+00 -0.76038E-01  0.92621E-01  0.21278E+00  0.25188E+00  0.22239E+00  0.16051E+00  0.98742E-01  0.53004E-01  0.25052E-01  0.10243E-01  0.32722E-02  0.36687E-03 -0.63025E-03 -0.80696E-03 -0.67456E-03 -0.46474E-03
 0.80000E+00 -0.66393E-01  0.38611E-01  0.13110E+00  0.18312E+00  0.18968E+00  0.16433E+00  0.12597E+00  0.88724E-01  0.59093E-01  0.38049E-01  0.24047E-01  0.15036E-01  0.93077E-02  0.56642E-02  0.33411E-02  0.18734E-02
 0.10000E+01 -0.45996E-01  0.12019E-01  0.79252E-01  0.13336E+00  0.15974E+00  0.15740E+00  0.13550E+00  0.10579E+00  0.77025E-01  0.53453E-01  0.35928E-01  0.23616E-01  0.15219E-01  0.95624E-02  0.57836E-02  0.33059E-02
 0.12000E+01 -0.29657E-01 -0.21731E-02  0.46941E-01  0.99791E-01  0.13676E+00  0.14820E+00  0.13699E+00  0.11291E+00  0.85694E-01  0.61388E-01  0.42279E-01  0.28317E-01  0.18515E-01  0.11766E-01  0.71777E-02  0.41296E-02
 0.14000E+01 -0.17813E-01 -0.10409E-01  0.25844E-01  0.76428E-01  0.11911E+00  0.13902E+00  0.13493E+00  0.11507E+00  0.89506E-01  0.65294E-01  0.45587E-01  0.30854E-01  0.20337E-01  0.13004E-01  0.79713E-02  0.46027E-02
 0.16000E+01 -0.92857E-02 -0.15469E-01  0.11433E-01  0.59496E-01  0.10520E+00  0.13046E+00  0.13126E+00  0.11463E+00  0.90663E-01  0.66945E-01  0.47165E-01  0.32144E-01  0.21302E-01  0.13678E-01  0.84113E-02  0.48686E-02
 0.18000E+01 -0.30987E-02 -0.18678E-01  0.12646E-02  0.46825E-01  0.93971E-01  0.12262E+00  0.12688E+00  0.11279E+00  0.90302E-01  0.67267E-01  0.47707E-01  0.32679E-01  0.21742E-01  0.14004E-01  0.86323E-02  0.50055E-02
 0.20000E+01  0.14244E-02 -0.20733E-01 -0.60706E-02  0.37113E-01  0.84725E-01  0.11550E+00  0.12224E+00  0.11019E+00  0.89048E-01  0.66785E-01  0.47607E-01  0.32739E-01  0.21850E-01  0.14108E-01  0.87124E-02  0.50592E-02
 0.22000E+01  0.47444E-02 -0.22037E-01 -0.11437E-01  0.29533E-01  0.77003E-01  0.10905E+00  0.11759E+00  0.10718E+00  0.87273E-01  0.65809E-01  0.47104E-01  0.32497E-01  0.21743E-01  0.14066E-01  0.87000E-02  0.50579E-02
 0.24000E+01  0.71982E-02 -0.22843E-01 -0.15418E-01  0.23510E-01  0.70459E-01  0.10321E+00  0.11305E+00  0.10400E+00  0.85211E-01  0.64542E-01  0.46353E-01  0.32064E-01  0.21498E-01  0.13931E-01  0.86273E-02  0.50206E-02
 0.26000E+01  0.90236E-02 -0.23312E-01 -0.18409E-01  0.18635E-01  0.64827E-01  0.97885E-01  0.10868E+00  0.10077E+00  0.82997E-01  0.63103E-01  0.45450E-01  0.31510E-01  0.21165E-01  0.13734E-01  0.85150E-02  0.49594E-02
 0.28000E+01  0.10377E-01 -0.23546E-01 -0.20669E-01  0.14631E-01  0.59915E-01  0.93003E-01  0.10449E+00  0.97551E-01  0.80706E-01  0.61561E-01  0.44451E-01  0.30878E-01  0.20772E-01  0.13496E-01  0.83757E-02  0.48819E-02
 0.30000E+01  0.11567E-01 -0.23546E-01 -0.22659E-01  0.10605E-01  0.54566E-01  0.87367E-01  0.99429E-01  0.93500E-01  0.77727E-01  0.59496E-01  0.43075E-01  0.29985E-01  0.20206E-01  0.13146E-01  0.81673E-02  0.47643E-02
 0.00000E+00  0.68156E+00  0.33465E+00  0.39828E-01 -0.11776E+00 -0.14411E+00 -0.98878E-01 -0.40670E-01  0.45731E-03  0.19927E-01  0.24501E-01  0.21883E-01  0.17018E-01  0.12214E-01  0.82495E-02  0.52437E-02  0.31028E-02
 0.20000E+00  0.42656E+00  0.40321E+00  0.31347E+00  0.19253E+00  0.81157E-01  0.42959E-02 -0.34599E-01 -0.45674E-01 -0.41921E-01 -0.32940E-01 -0.23793E-01 -0.16337E-01 -0.10819E-01 -0.69186E-02 -0.42331E-02 -0.24384E-02
 0.40000E+00  0.76114E-02  0.20291E+00  0.30959E+00  0.30406E+00  0.22241E+00  0.12164E+00  0.41994E-01 -0.42670E-02 -0.23339E-01 -0.26571E-01 -0.22957E-01 -0.17535E-01 -0.12454E-01 -0.83598E-02 -0.52937E-02 -0.31251E-02
 0.60000E+00 -0.76038E-01  0.92621E-01  0.21278E+00  0.25188E+00  0.22239E+00  0.16051E+00  0.98742E-01  0.53004E-01  0.25052E-01  0.10243E-01  0.32722E-02  0.36687E-03 -0.63025E-03 -0.80696E-03 -0.67456E-03 -0.46474E-03
 0.80000E+00 -0.66393E-01  0.38611E-01  0.13110E+00  0.18312E+00  0.18968E+00  0.16433E+00  0.12597E+00  0.88724E-01  0.59093E-01  0.38049E-01  0.24047E-01  0.15036E-01  0.93077E-02  0.56642E-02  0.33411E-02  0.18734E-02
 0.10000E+01 -0.45996E-01  0.12019E-01  0.79252E-01  0.13336E+00  0.15974E+00  0.15740E+00  0.13550E+00  0.10579E+00  0.77025E-01  0.53453E-01  0.35928E-01  0.23616E-01  0.15219E-01  0.95624E-02  0.57836E-02  0.33059E-02
 0.12000E+01 -0.29657E-01 -0.21731E-02  0.46941E-01  0.99791E-01  0.13676E+00  0.14820E+00  0.13699E+00  0.11291E+00  0.85694E-01  0.61388E-01  0.42279E-01  0.28317E-01  0.18515E-01  0.11766E-01  0.71777E-02  0.41296E-02
 0.14000E+01 -0.17813E-01 -0.10409E-01  0.25844E-01  0.76428E-01  0.11911E+00  0.13902E+00  0.13493E+00  0.11507E+00  0.89506E-01  0.65294E-01  0.45587E-01  0.30854E-01  0.20337E-01  0.13004E-01  0.79713E-02  0.46027E-02
 0.16000E+01 -0.92857E-02 -0.15469E-01  0.11433E-01  0.59496E-01  0.10520E+00  0.13046E+00  0.13126E+00  0.11463E+00  0.90663E-01  0.66945E-01  0.47165E-01  0.32144E-01  0.21302E-01  0.13678E-01  0.84113E-02  0.48686E-02
 0.18000E+01 -0.30987E-02 -0.18678E-01  0.12646E-02  0.46825E-01  0.93971E-01  0.12262E+00  0.12688E+00  0.11279E+00  0.90302E-01  0.67267E-01  0.47707E-01  0.32679E-01  0.21742E-01  0.14004E-01  0.86323E-02  0.50055E-02
 0.20000E+01  0.14244E-02 -0.20733E-01 -0.60706E-02  0.37113E-01  0.84725E-01  0.11550E+00  0.12224E+00  0.11019E+00  0.89048E-01  0.66785E-01  0.47607E-01  0.32739E-01  0.21850E-01  0.14108E-01  0.87124E-02  0.50592E-02
 0.22000E+01  0.47444E-02 -0.22037E-01 -0.11437E-01  0.29533E-01  0.77003E-01  0.10905E+00  0.11759E+00  0.10718E+00  0.87273E-01  0.65809E-01  0.47104E-01  0.32497E-01  0.21743E-01  0.14066E-01  0.87000E-02  0.50579E-02
 0.24000E+01  0.71982E-02 -0.22843E-01 -0.15418E-01  0.23510E-01  0.70459E-01  0.10321E+00  0.11305E+00  0.10400E+00  0.85211E-01  0.64542E-01  0.46353E-01  0.32064E-01  0.21498E-01  0.13931E-01  0.86273E-02  0.50206E-02
 0.26000E+01  0.90236E-02 -0.23312E-01 -0.18409E-01  0.18635E-01  0.64827E-01  0.97885E-01  0.10868E+00  0.10077E+00  0.82997E-01  0.63103E-01  0.45450E-01  0.31510E-01  0.21165E-01  0.13734E-01  0.85150E-02  0.49594E-02
 0.28000E+01  0.10377E-01 -0.23546E-01 -0.20669E-01  0.14631E-01  0.59915E-01  0.93003E-01  0.10449E+00  0.97551E-01  0.80706E-01  0.61561E-01  0.44451E-01  0.30878E-01  0.20772E-01  0.13496E-01  0.83757E-02  0.48819E-02
 0.30000E+01  0.11567E-01 -0.23546E-01 -0.22659E-01  0.10605E-01  0.54566E-01  0.87367E-01  0.99429E-01  0.93500E-01  0.77727E-01  0.59496E-01  0.43075E-01  0.29985E-01  0.20206E-01  0.13146E-01  0.81673E-02  0.47643E-02
