 0.00000E+00  0.78447E+00  0.31661E+00 -0.34233E-01 -0.17736E+00 -0.15349E+00 -0.62592E-01  0.16668E-01  0.55954E-01  0.62008E-01  0.51592E-01  0.37299E-01  0.24945E-01  0.15927E-01  0.98202E-02  0.58235E-02  0.32730E-02
 0.20000E+00  0.32443E+00  0.39445E+00  0.35286E+00  0.22910E+00  0.88331E-01 -0.15791E-01 -0.65883E-01 -0.73813E-01 -0.60638E-01 -0.42496E-01 -0.27138E-01 -0.16421E-01 -0.96353E-02 -0.55300E-02 -0.30894E-02 -0.16545E-02
 0.40000E+00 -0.13987E-01  0.23973E+00  0.36185E+00  0.33151E+00  0.20985E+00  0.78845E-01 -0.11049E-01 -0.51411E-01 -0.57515E-01 -0.47898E-01 -0.34745E-01 -0.23381E-01 -0.15045E-01 -0.93500E-02 -0.55846E-02 -0.31576E-02
 0.60000E+00 -0.94371E-01  0.11547E+00  0.25613E+00  0.29000E+00  0.23882E+00  0.15310E+00  0.75284E-01  0.23738E-01 -0.24350E-02 -0.11870E-01 -0.12873E-01 -0.10698E-01 -0.78854E-02 -0.53868E-02 -0.34426E-02 -0.20435E-02
 0.80000E+00 -0.63653E-01  0.28535E-01  0.12495E+00  0.19154E+00  0.21125E+00  0.18976E+00  0.14622E+00  0.99820E-01  0.61960E-01  0.35798E-01  0.19671E-01  0.10469E-01  0.54636E-02  0.28070E-02  0.14123E-02  0.68678E-03
 0.10000E+01 -0.18869E-01 -0.11705E-01  0.38740E-01  0.10933E+00  0.16580E+00  0.18681E+00  0.17302E+00  0.13908E+00  0.10083E+00  0.68018E-01  0.43802E-01  0.27440E-01  0.16887E-01  0.10199E-01  0.59774E-02  0.33364E-02
 0.12000E+01  0.67452E-02 -0.25383E-01 -0.27137E-02  0.60848E-01  0.12836E+00  0.16852E+00  0.17233E+00  0.14949E+00  0.11565E+00  0.82688E-01  0.56129E-01  0.36852E-01  0.23617E-01  0.14752E-01  0.88823E-02  0.50625E-02
 0.14000E+01  0.18505E-01 -0.28879E-01 -0.20981E-01  0.34383E-01  0.10250E+00  0.14981E+00  0.16289E+00  0.14782E+00  0.11873E+00  0.87711E-01  0.61275E-01  0.41239E-01  0.26980E-01  0.17135E-01  0.10451E-01  0.60149E-02
 0.16000E+01  0.23670E-01 -0.29051E-01 -0.29158E-01  0.19395E-01  0.85000E-01  0.13447E+00  0.15245E+00  0.14256E+00  0.11735E+00  0.88551E-01  0.63003E-01  0.43063E-01  0.28532E-01  0.18304E-01  0.11250E-01  0.65125E-02
 0.18000E+01  0.25899E-01 -0.28222E-01 -0.32948E-01  0.10288E-01  0.72742E-01  0.12240E+00  0.14307E+00  0.13671E+00  0.11452E+00  0.87709E-01  0.63201E-01  0.43660E-01  0.29178E-01  0.18845E-01  0.11643E-01  0.67660E-02
 0.20000E+01  0.26776E-01 -0.27139E-01 -0.34709E-01  0.43529E-02  0.63747E-01  0.11280E+00  0.13501E+00  0.13114E+00  0.11132E+00  0.86211E-01  0.62710E-01  0.43660E-01  0.29362E-01  0.19058E-01  0.11818E-01  0.68871E-02
 0.22000E+01  0.26993E-01 -0.26040E-01 -0.35458E-01  0.25278E-03  0.56852E-01  0.10497E+00  0.12808E+00  0.12606E+00  0.10812E+00  0.84474E-01  0.61899E-01  0.43357E-01  0.29300E-01  0.19090E-01  0.11872E-01  0.69332E-02
 0.24000E+01  0.26872E-01 -0.24997E-01 -0.35669E-01 -0.27195E-02  0.51363E-01  0.98436E-01  0.12206E+00  0.12144E+00  0.10506E+00  0.82672E-01  0.60941E-01  0.42895E-01  0.29101E-01  0.19018E-01  0.11855E-01  0.69349E-02
 0.26000E+01  0.26570E-01 -0.24026E-01 -0.35578E-01 -0.49630E-02  0.46845E-01  0.92835E-01  0.11673E+00  0.11723E+00  0.10217E+00  0.80879E-01  0.59919E-01  0.42348E-01  0.28824E-01  0.18885E-01  0.11794E-01  0.69093E-02
 0.28000E+01  0.26165E-01 -0.23125E-01 -0.35309E-01 -0.67137E-02  0.43021E-01  0.87931E-01  0.11196E+00  0.11336E+00  0.99429E-01  0.79127E-01  0.58876E-01  0.41759E-01  0.28504E-01  0.18715E-01  0.11708E-01  0.68671E-02
 0.30000E+01  0.25573E-01 -0.22041E-01 -0.34762E-01 -0.83763E-02  0.38960E-01  0.82510E-01  0.10653E+00  0.10885E+00  0.96152E-01  0.76963E-01  0.57540E-01  0.40970E-01  0.28051E-01  0.18462E-01  0.11570E-01  0.67955E-02
 0.00000E+00  0.78447E+00  0.31661E+00 -0.34233E-01 -0.17736E+00 -0.15349E+00 -0.62592E-01  0.16668E-01  0.55954E-01  0.62008E-01  0.51592E-01  0.37299E-01  0.24945E-01  0.15927E-01  0.98202E-02  0.58235E-02  0.32730E-02
 0.20000E+00  0.32443E+00  0.39445E+00  0.35286E+00  0.22910E+00  0.88331E-01 -0.15791E-01 -0.65883E-01 -0.73813E-01 -0.60638E-01 -0.42496E-01 -0.27138E-01 -0.16421E-01 -0.96353E-02 -0.55300E-02 -0.30894E-02 -0.16545E-02
 0.40000E+00 -0.13987E-01  0.23973E+00  0.36185E+00  0.33151E+00  0.20985E+00  0.78845E-01 -0.11049E-01 -0.51411E-01 -0.57515E-01 -0.47898E-01 -0.34745E-01 -0.23381E-01 -0.15045E-01 -0.93500E-02 -0.55846E-02 -0.31576E-02
 0.60000E+00 -0.94371E-01  0.11547E+00  0.25613E+00  0.29000E+00  0.23882E+00  0.15310E+00  0.75284E-01  0.23738E-01 -0.24350E-02 -0.11870E-01 -0.12873E-01 -0.10698E-01 -0.78854E-02 -0.53868E-02 -0.34426E-02 -0.20435E-02
 0.80000E+00 -0.63653E-01  0.28535E-01  0.12495E+00  0.19154E+00  0.21125E+00  0.18976E+00  0.14622E+00  0.99820E-01  0.61960E-01  0.35798E-01  0.19671E-01  0.10469E-01  0.54636E-02  0.28070E-02  0.14123E-02  0.68678E-03
 0.10000E+01 -0.18869E-01 -0.11705E-01  0.38740E-01  0.10933E+00  0.16580E+00  0.18681E+00  0.17302E+00  0.13908E+00  0.10083E+00  0.68018E-01  0.43802E-01  0.27440E-01  0.16887E-01  0.10199E-01  0.59774E-02  0.33364E-02
 0.12000E+01  0.67452E-02 -0.25383E-01 -0.27137E-02  0.60848E-01  0.12836E+00  0.16852E+00  0.17233E+00  0.14949E+00  0.11565E+00  0.82688E-01  0.56129E-01  0.36852E-01  0.23617E-01  0.14752E-01  0.88823E-02  0.50625E-02
 0.14000E+01  0.18505E-01 -0.28879E-01 -0.20981E-01  0.34383E-01  0.10250E+00  0.14981E+00  0.16289E+00  0.14782E+00  0.11873E+00  0.87711E-01  0.61275E-01  0.41239E-01  0.26980E-01  0.17135E-01  0.10451E-01  0.60149E-02
 0.16000E+01  0.23670E-01 -0.29051E-01 -0.29158E-01  0.19395E-01  0.85000E-01  0.13447E+00  0.15245E+00  0.14256E+00  0.11735E+00  0.88551E-01  0.63003E-01  0.43063E-01  0.28532E-01  0.18304E-01  0.11250E-01  0.65125E-02
 0.18000E+01  0.25899E-01 -0.28222E-01 -0.32948E-01  0.10288E-01  0.72742E-01  0.12240E+00  0.14307E+00  0.13671E+00  0.11452E+00  0.87709E-01  0.63201E-01  0.43660E-01  0.29178E-01  0.18845E-01  0.11643E-01  0.67660E-02
 0.20000E+01  0.26776E-01 -0.27139E-01 -0.34709E-01  0.43529E-02  0.63747E-01  0.11280E+00  0.13501E+00  0.13114E+00  0.11132E+00  0.86211E-01  0.62710E-01  0.43660E-01  0.29362E-01  0.19058E-01  0.11818E-01  0.68871E-02
 0.22000E+01  0.26993E-01 -0.26040E-01 -0.35458E-01  0.25278E-03  0.56852E-01  0.10497E+00  0.12808E+00  0.12606E+00  0.10812E+00  0.84474E-01  0.61899E-01  0.43357E-01  0.29300E-01  0.19090E-01  0.11872E-01  0.69332E-02
 0.24000E+01  0.26872E-01 -0.24997E-01 -0.35669E-01 -0.27195E-02  0.51363E-01  0.98436E-01  0.12206E+00  0.12144E+00  0.10506E+00  0.82672E-01  0.60941E-01  0.42895E-01  0.29101E-01  0.19018E-01  0.11855E-01  0.69349E-02
 0.26000E+01  0.26570E-01 -0.24026E-01 -0.35578E-01 -0.49630E-02  0.46845E-01  0.92835E-01  0.11673E+00  0.11723E+00  0.10217E+00  0.80879E-01  0.59919E-01  0.42348E-01  0.28824E-01  0.18885E-01  0.11794E-01  0.69093E-02
 0.28000E+01  0.26165E-01 -0.23125E-01 -0.35309E-01 -0.67137E-02  0.43021E-01  0.87931E-01  0.11196E+00  0.11336E+00  0.99429E-01  0.79127E-01  0.58876E-01  0.41759E-01  0.28504E-01  0.18715E-01  0.11708E-01  0.68671E-02
 0.30000E+01  0.25573E-01 -0.22041E-01 -0.34762E-01 -0.83763E-02  0.38960E-01  0.82510E-01  0.10653E+00  0.10885E+00  0.96152E-01  0.76963E-01  0.57540E-01  0.40970E-01  0.28051E-01  0.18462E-01  0.11570E-01  0.67955E-02
