 0.00000E+00  0.84774E+00  0.36822E+00 -0.86339E-02 -0.18269E+00 -0.18200E+00 -0.99207E-01 -0.14691E-01  0.35981E-01  0.52788E-01  0.49376E-01  0.38393E-01  0.26997E-01  0.17846E-01  0.11265E-01  0.67850E-02  0.38531E-02
 0.20000E+00  0.19782E+00  0.32705E+00  0.34880E+00  0.26968E+00  0.14461E+00  0.32259E-01 -0.36935E-01 -0.63072E-01 -0.61596E-01 -0.48535E-01 -0.33992E-01 -0.22184E-01 -0.13848E-01 -0.83562E-02 -0.48586E-02 -0.26851E-02
 0.40000E+00  0.21897E-01  0.21057E+00  0.30569E+00  0.28911E+00  0.20080E+00  0.98534E-01  0.21368E-01 -0.20202E-01 -0.33996E-01 -0.32576E-01 -0.25574E-01 -0.18107E-01 -0.12045E-01 -0.76479E-02 -0.46306E-02 -0.26410E-02
 0.60000E+00 -0.32706E-01  0.14446E+00  0.25360E+00  0.26866E+00  0.21355E+00  0.13327E+00  0.63249E-01  0.17758E-01 -0.49310E-02 -0.12718E-01 -0.13029E-01 -0.10585E-01 -0.76860E-02 -0.51867E-02 -0.32805E-02 -0.19308E-02
 0.80000E+00 -0.55953E-01  0.66967E-01  0.16600E+00  0.21255E+00  0.20634E+00  0.16691E+00  0.11737E+00  0.73537E-01  0.41699E-01  0.21590E-01  0.10212E-01  0.43450E-02  0.15733E-02  0.39108E-03 -0.35578E-04 -0.13514E-03
 0.10000E+01 -0.39724E-01  0.25848E-02  0.67399E-01  0.13166E+00  0.17265E+00  0.18074E+00  0.16122E+00  0.12727E+00  0.91430E-01  0.61222E-01  0.39021E-01  0.24082E-01  0.14545E-01  0.86094E-02  0.49503E-02  0.27179E-02
 0.12000E+01 -0.12882E-01 -0.28420E-01  0.32410E-02  0.67610E-01  0.13236E+00  0.17071E+00  0.17488E+00  0.15328E+00  0.12011E+00  0.86818E-01  0.59323E-01  0.39012E-01  0.24940E-01  0.15505E-01  0.92843E-02  0.52648E-02
 0.14000E+01  0.48728E-02 -0.38554E-01 -0.27520E-01  0.30204E-01  0.10130E+00  0.15285E+00  0.17041E+00  0.15840E+00  0.13008E+00  0.97892E-01  0.69317E-01  0.47037E-01  0.30890E-01  0.19635E-01  0.11967E-01  0.68788E-02
 0.16000E+01  0.14392E-01 -0.40609E-01 -0.41087E-01  0.96043E-02  0.80075E-01  0.13623E+00  0.16070E+00  0.15513E+00  0.13124E+00  0.10132E+00  0.73356E-01  0.50744E-01  0.33868E-01  0.21812E-01  0.13430E-01  0.77799E-02
 0.18000E+01  0.19360E-01 -0.40002E-01 -0.47020E-01 -0.21966E-02  0.65552E-01  0.12274E+00  0.15078E+00  0.14945E+00  0.12910E+00  0.10144E+00  0.74569E-01  0.52259E-01  0.35258E-01  0.22904E-01  0.14198E-01  0.82659E-02
 0.20000E+01  0.21991E-01 -0.38605E-01 -0.49527E-01 -0.93817E-02  0.55238E-01  0.11200E+00  0.14192E+00  0.14349E+00  0.12588E+00  0.10020E+00  0.74483E-01  0.52692E-01  0.35826E-01  0.23417E-01  0.14585E-01  0.85214E-02
 0.22000E+01  0.23393E-01 -0.37039E-01 -0.50413E-01 -0.14018E-01  0.47584E-01  0.10335E+00  0.13423E+00  0.13785E+00  0.12240E+00  0.98417E-01  0.73786E-01  0.52575E-01  0.35957E-01  0.23613E-01  0.14759E-01  0.86461E-02
 0.24000E+01  0.24118E-01 -0.35505E-01 -0.50486E-01 -0.17166E-01  0.41655E-01  0.96188E-01  0.12754E+00  0.13267E+00  0.11896E+00  0.96433E-01  0.72798E-01  0.52169E-01  0.35846E-01  0.23626E-01  0.14809E-01  0.86937E-02
 0.26000E+01  0.24452E-01 -0.34056E-01 -0.50129E-01 -0.19394E-01  0.36883E-01  0.90109E-01  0.12163E+00  0.12791E+00  0.11565E+00  0.94392E-01  0.71667E-01  0.51604E-01  0.35595E-01  0.23532E-01  0.14784E-01  0.86939E-02
 0.28000E+01  0.24542E-01 -0.32701E-01 -0.49529E-01 -0.21023E-01  0.32917E-01  0.84818E-01  0.11632E+00  0.12351E+00  0.11248E+00  0.92354E-01  0.70468E-01  0.50949E-01  0.35260E-01  0.23371E-01  0.14712E-01  0.86642E-02
 0.30000E+01  0.24455E-01 -0.31062E-01 -0.48511E-01 -0.22448E-01  0.28761E-01  0.78980E-01  0.11027E+00  0.11834E+00  0.10864E+00  0.89783E-01  0.68879E-01  0.50024E-01  0.34744E-01  0.23094E-01  0.14569E-01  0.85936E-02
 0.00000E+00  0.84774E+00  0.36822E+00 -0.86339E-02 -0.18269E+00 -0.18200E+00 -0.99207E-01 -0.14691E-01  0.35981E-01  0.52788E-01  0.49376E-01  0.38393E-01  0.26997E-01  0.17846E-01  0.11265E-01  0.67850E-02  0.38531E-02
 0.20000E+00  0.19782E+00  0.32705E+00  0.34880E+00  0.26968E+00  0.14461E+00  0.32259E-01 -0.36935E-01 -0.63072E-01 -0.61596E-01 -0.48535E-01 -0.33992E-01 -0.22184E-01 -0.13848E-01 -0.83562E-02 -0.48586E-02 -0.26851E-02
 0.40000E+00  0.21897E-01  0.21057E+00  0.30569E+00  0.28911E+00  0.20080E+00  0.98534E-01  0.21368E-01 -0.20202E-01 -0.33996E-01 -0.32576E-01 -0.25574E-01 -0.18107E-01 -0.12045E-01 -0.76479E-02 -0.46306E-02 -0.26410E-02
 0.60000E+00 -0.32706E-01  0.14446E+00  0.25360E+00  0.26866E+00  0.21355E+00  0.13327E+00  0.63249E-01  0.17758E-01 -0.49310E-02 -0.12718E-01 -0.13029E-01 -0.10585E-01 -0.76860E-02 -0.51867E-02 -0.32805E-02 -0.19308E-02
 0.80000E+00 -0.55953E-01  0.66967E-01  0.16600E+00  0.21255E+00  0.20634E+00  0.16691E+00  0.11737E+00  0.73537E-01  0.41699E-01  0.21590E-01  0.10212E-01  0.43450E-02  0.15733E-02  0.39108E-03 -0.35578E-04 -0.13514E-03
 0.10000E+01 -0.39724E-01  0.25848E-02  0.67399E-01  0.13166E+00  0.17265E+00  0.18074E+00  0.16122E+00  0.12727E+00  0.91430E-01  0.61222E-01  0.39021E-01  0.24082E-01  0.14545E-01  0.86094E-02  0.49503E-02  0.27179E-02
 0.12000E+01 -0.12882E-01 -0.28420E-01  0.32410E-02  0.67610E-01  0.13236E+00  0.17071E+00  0.17488E+00  0.15328E+00  0.12011E+00  0.86818E-01  0.59323E-01  0.39012E-01  0.24940E-01  0.15505E-01  0.92843E-02  0.52648E-02
 0.14000E+01  0.48728E-02 -0.38554E-01 -0.27520E-01  0.30204E-01  0.10130E+00  0.15285E+00  0.17041E+00  0.15840E+00  0.13008E+00  0.97892E-01  0.69317E-01  0.47037E-01  0.30890E-01  0.19635E-01  0.11967E-01  0.68788E-02
 0.16000E+01  0.14392E-01 -0.40609E-01 -0.41087E-01  0.96043E-02  0.80075E-01  0.13623E+00  0.16070E+00  0.15513E+00  0.13124E+00  0.10132E+00  0.73356E-01  0.50744E-01  0.33868E-01  0.21812E-01  0.13430E-01  0.77799E-02
 0.18000E+01  0.19360E-01 -0.40002E-01 -0.47020E-01 -0.21966E-02  0.65552E-01  0.12274E+00  0.15078E+00  0.14945E+00  0.12910E+00  0.10144E+00  0.74569E-01  0.52259E-01  0.35258E-01  0.22904E-01  0.14198E-01  0.82659E-02
 0.20000E+01  0.21991E-01 -0.38605E-01 -0.49527E-01 -0.93817E-02  0.55238E-01  0.11200E+00  0.14192E+00  0.14349E+00  0.12588E+00  0.10020E+00  0.74483E-01  0.52692E-01  0.35826E-01  0.23417E-01  0.14585E-01  0.85214E-02
 0.22000E+01  0.23393E-01 -0.37039E-01 -0.50413E-01 -0.14018E-01  0.47584E-01  0.10335E+00  0.13423E+00  0.13785E+00  0.12240E+00  0.98417E-01  0.73786E-01  0.52575E-01  0.35957E-01  0.23613E-01  0.14759E-01  0.86461E-02
 0.24000E+01  0.24118E-01 -0.35505E-01 -0.50486E-01 -0.17166E-01  0.41655E-01  0.96188E-01  0.12754E+00  0.13267E+00  0.11896E+00  0.96433E-01  0.72798E-01  0.52169E-01  0.35846E-01  0.23626E-01  0.14809E-01  0.86937E-02
 0.26000E+01  0.24452E-01 -0.34056E-01 -0.50129E-01 -0.19394E-01  0.36883E-01  0.90109E-01  0.12163E+00  0.12791E+00  0.11565E+00  0.94392E-01  0.71667E-01  0.51604E-01  0.35595E-01  0.23532E-01  0.14784E-01  0.86939E-02
 0.28000E+01  0.24542E-01 -0.32701E-01 -0.49529E-01 -0.21023E-01  0.32917E-01  0.84818E-01  0.11632E+00  0.12351E+00  0.11248E+00  0.92354E-01  0.70468E-01  0.50949E-01  0.35260E-01  0.23371E-01  0.14712E-01  0.86642E-02
 0.30000E+01  0.24455E-01 -0.31062E-01 -0.48511E-01 -0.22448E-01  0.28761E-01  0.78980E-01  0.11027E+00  0.11834E+00  0.10864E+00  0.89783E-01  0.68879E-01  0.50024E-01  0.34744E-01  0.23094E-01  0.14569E-01  0.85936E-02
