 0.00000E+00  0.84943E+00  0.27745E+00 -0.10327E+00 -0.21729E+00 -0.14925E+00 -0.31324E-01  0.52211E-01  0.83162E-01  0.78860E-01  0.60889E-01  0.42236E-01  0.27614E-01  0.17422E-01  0.10671E-01  0.63004E-02  0.35284E-02
 0.20000E+00  0.25673E+00  0.45366E+00  0.44904E+00  0.28747E+00  0.86266E-01 -0.59228E-01 -0.12105E+00 -0.12128E+00 -0.94300E-01 -0.63900E-01 -0.39963E-01 -0.23870E-01 -0.13873E-01 -0.78867E-02 -0.43584E-02 -0.23065E-02
 0.40000E+00 -0.61365E-01  0.23746E+00  0.38038E+00  0.34984E+00  0.22030E+00  0.83527E-01 -0.82922E-02 -0.49021E-01 -0.55745E-01 -0.47193E-01 -0.35041E-01 -0.24266E-01 -0.16092E-01 -0.10284E-01 -0.62876E-02 -0.36208E-02
 0.60000E+00 -0.59815E-01  0.91466E-01  0.20614E+00  0.24916E+00  0.22559E+00  0.16628E+00  0.10311E+00  0.54233E-01  0.23538E-01  0.72553E-02 -0.50344E-04 -0.26198E-02 -0.30109E-02 -0.25462E-02 -0.18476E-02 -0.11907E-02
 0.80000E+00 -0.26193E-01  0.21723E-01  0.94965E-01  0.16116E+00  0.19324E+00  0.18569E+00  0.15174E+00  0.10979E+00  0.72682E-01  0.45307E-01  0.27224E-01  0.16031E-01  0.93237E-02  0.53465E-02  0.29905E-02  0.16029E-02
 0.10000E+01 -0.55818E-02 -0.72919E-02  0.38583E-01  0.10663E+00  0.16039E+00  0.17883E+00  0.16408E+00  0.13131E+00  0.95522E-01  0.65228E-01  0.42835E-01  0.27476E-01  0.17316E-01  0.10682E-01  0.63680E-02  0.36008E-02
 0.12000E+01  0.49419E-02 -0.19450E-01  0.99814E-02  0.73967E-01  0.13499E+00  0.16598E+00  0.16289E+00  0.13764E+00  0.10500E+00  0.74834E-01  0.51073E-01  0.33892E-01  0.21993E-01  0.13901E-01  0.84525E-02  0.48539E-02
 0.14000E+01  0.10392E-01 -0.24810E-01 -0.56459E-02  0.53323E-01  0.11605E+00  0.15334E+00  0.15754E+00  0.13793E+00  0.10844E+00  0.79354E-01  0.55411E-01  0.37496E-01  0.24731E-01  0.15840E-01  0.97319E-02  0.56336E-02
 0.16000E+01  0.13326E-01 -0.27236E-01 -0.14892E-01  0.39358E-01  0.10161E+00  0.14214E+00  0.15113E+00  0.13579E+00  0.10908E+00  0.81303E-01  0.57668E-01  0.39537E-01  0.26359E-01  0.17028E-01  0.10532E-01  0.61278E-02
 0.18000E+01  0.14935E-01 -0.28268E-01 -0.20705E-01  0.29366E-01  0.90250E-01  0.13243E+00  0.14471E+00  0.13267E+00  0.10834E+00  0.81872E-01  0.58749E-01  0.40667E-01  0.27323E-01  0.17760E-01  0.11037E-01  0.64450E-02
 0.20000E+01  0.15799E-01 -0.28581E-01 -0.24508E-01  0.21911E-01  0.81067E-01  0.12400E+00  0.13860E+00  0.12916E+00  0.10688E+00  0.81653E-01  0.59126E-01  0.41233E-01  0.27870E-01  0.18201E-01  0.11352E-01  0.66473E-02
 0.22000E+01  0.16214E-01 -0.28506E-01 -0.27060E-01  0.16164E-01  0.73471E-01  0.11661E+00  0.13289E+00  0.12555E+00  0.10503E+00  0.80961E-01  0.59058E-01  0.41433E-01  0.28140E-01  0.18446E-01  0.11538E-01  0.67710E-02
 0.24000E+01  0.16354E-01 -0.28215E-01 -0.28795E-01  0.11622E-01  0.67073E-01  0.11008E+00  0.12759E+00  0.12198E+00  0.10298E+00  0.79985E-01  0.58706E-01  0.41391E-01  0.28223E-01  0.18558E-01  0.11636E-01  0.68405E-02
 0.26000E+01  0.16322E-01 -0.27800E-01 -0.29979E-01  0.79473E-02  0.61586E-01  0.10426E+00  0.12268E+00  0.11850E+00  0.10085E+00  0.78841E-01  0.58171E-01  0.41189E-01  0.28179E-01  0.18578E-01  0.11672E-01  0.68720E-02
 0.28000E+01  0.16174E-01 -0.27318E-01 -0.30784E-01  0.49103E-02  0.56801E-01  0.99008E-01  0.11811E+00  0.11515E+00  0.98700E-01  0.77600E-01  0.57521E-01  0.40879E-01  0.28050E-01  0.18535E-01  0.11665E-01  0.68772E-02
 0.30000E+01  0.15878E-01 -0.26596E-01 -0.31322E-01  0.18399E-02  0.51575E-01  0.93015E-01  0.11269E+00  0.11101E+00  0.95907E-01  0.75881E-01  0.56533E-01  0.40340E-01  0.27769E-01  0.18395E-01  0.11600E-01  0.68483E-02
 0.00000E+00  0.84943E+00  0.27745E+00 -0.10327E+00 -0.21729E+00 -0.14925E+00 -0.31324E-01  0.52211E-01  0.83162E-01  0.78860E-01  0.60889E-01  0.42236E-01  0.27614E-01  0.17422E-01  0.10671E-01  0.63004E-02  0.35284E-02
 0.20000E+00  0.25673E+00  0.45366E+00  0.44904E+00  0.28747E+00  0.86266E-01 -0.59228E-01 -0.12105E+00 -0.12128E+00 -0.94300E-01 -0.63900E-01 -0.39963E-01 -0.23870E-01 -0.13873E-01 -0.78867E-02 -0.43584E-02 -0.23065E-02
 0.40000E+00 -0.61365E-01  0.23746E+00  0.38038E+00  0.34984E+00  0.22030E+00  0.83527E-01 -0.82922E-02 -0.49021E-01 -0.55745E-01 -0.47193E-01 -0.35041E-01 -0.24266E-01 -0.16092E-01 -0.10284E-01 -0.62876E-02 -0.36208E-02
 0.60000E+00 -0.59815E-01  0.91466E-01  0.20614E+00  0.24916E+00  0.22559E+00  0.16628E+00  0.10311E+00  0.54233E-01  0.23538E-01  0.72553E-02 -0.50344E-04 -0.26198E-02 -0.30109E-02 -0.25462E-02 -0.18476E-02 -0.11907E-02
 0.80000E+00 -0.26193E-01  0.21723E-01  0.94965E-01  0.16116E+00  0.19324E+00  0.18569E+00  0.15174E+00  0.10979E+00  0.72682E-01  0.45307E-01  0.27224E-01  0.16031E-01  0.93237E-02  0.53465E-02  0.29905E-02  0.16029E-02
 0.10000E+01 -0.55818E-02 -0.72919E-02  0.38583E-01  0.10663E+00  0.16039E+00  0.17883E+00  0.16408E+00  0.13131E+00  0.95522E-01  0.65228E-01  0.42835E-01  0.27476E-01  0.17316E-01  0.10682E-01  0.63680E-02  0.36008E-02
 0.12000E+01  0.49419E-02 -0.19450E-01  0.99814E-02  0.73967E-01  0.13499E+00  0.16598E+00  0.16289E+00  0.13764E+00  0.10500E+00  0.74834E-01  0.51073E-01  0.33892E-01  0.21993E-01  0.13901E-01  0.84525E-02  0.48539E-02
 0.14000E+01  0.10392E-01 -0.24810E-01 -0.56459E-02  0.53323E-01  0.11605E+00  0.15334E+00  0.15754E+00  0.13793E+00  0.10844E+00  0.79354E-01  0.55411E-01  0.37496E-01  0.24731E-01  0.15840E-01  0.97319E-02  0.56336E-02
 0.16000E+01  0.13326E-01 -0.27236E-01 -0.14892E-01  0.39358E-01  0.10161E+00  0.14214E+00  0.15113E+00  0.13579E+00  0.10908E+00  0.81303E-01  0.57668E-01  0.39537E-01  0.26359E-01  0.17028E-01  0.10532E-01  0.61278E-02
 0.18000E+01  0.14935E-01 -0.28268E-01 -0.20705E-01  0.29366E-01  0.90250E-01  0.13243E+00  0.14471E+00  0.13267E+00  0.10834E+00  0.81872E-01  0.58749E-01  0.40667E-01  0.27323E-01  0.17760E-01  0.11037E-01  0.64450E-02
 0.20000E+01  0.15799E-01 -0.28581E-01 -0.24508E-01  0.21911E-01  0.81067E-01  0.12400E+00  0.13860E+00  0.12916E+00  0.10688E+00  0.81653E-01  0.59126E-01  0.41233E-01  0.27870E-01  0.18201E-01  0.11352E-01  0.66473E-02
 0.22000E+01  0.16214E-01 -0.28506E-01 -0.27060E-01  0.16164E-01  0.73471E-01  0.11661E+00  0.13289E+00  0.12555E+00  0.10503E+00  0.80961E-01  0.59058E-01  0.41433E-01  0.28140E-01  0.18446E-01  0.11538E-01  0.67710E-02
 0.24000E+01  0.16354E-01 -0.28215E-01 -0.28795E-01  0.11622E-01  0.67073E-01  0.11008E+00  0.12759E+00  0.12198E+00  0.10298E+00  0.79985E-01  0.58706E-01  0.41391E-01  0.28223E-01  0.18558E-01  0.11636E-01  0.68405E-02
 0.26000E+01  0.16322E-01 -0.27800E-01 -0.29979E-01  0.79473E-02  0.61586E-01  0.10426E+00  0.12268E+00  0.11850E+00  0.10085E+00  0.78841E-01  0.58171E-01  0.41189E-01  0.28179E-01  0.18578E-01  0.11672E-01  0.68720E-02
 0.28000E+01  0.16174E-01 -0.27318E-01 -0.30784E-01  0.49103E-02  0.56801E-01  0.99008E-01  0.11811E+00  0.11515E+00  0.98700E-01  0.77600E-01  0.57521E-01  0.40879E-01  0.28050E-01  0.18535E-01  0.11665E-01  0.68772E-02
 0.30000E+01  0.15878E-01 -0.26596E-01 -0.31322E-01  0.18399E-02  0.51575E-01  0.93015E-01  0.11269E+00  0.11101E+00  0.95907E-01  0.75881E-01  0.56533E-01  0.40340E-01  0.27769E-01  0.18395E-01  0.11600E-01  0.68483E-02
