 0.00000E+00  0.81430E+00  0.39824E+00  0.46659E-01 -0.14338E+00 -0.17943E+00 -0.12936E+00 -0.60340E-01 -0.85674E-02  0.18341E-01  0.26689E-01  0.25162E-01  0.19986E-01  0.14411E-01  0.96943E-02  0.61150E-02  0.35888E-02
 0.20000E+00  0.21640E+00  0.30817E+00  0.31947E+00  0.25565E+00  0.15553E+00  0.61280E-01 -0.33291E-02 -0.35459E-01 -0.43997E-01 -0.39916E-01 -0.31307E-01 -0.22546E-01 -0.15324E-01 -0.99259E-02 -0.61071E-02 -0.35249E-02
 0.40000E+00  0.32779E-01  0.18076E+00  0.26201E+00  0.25954E+00  0.19881E+00  0.12064E+00  0.55148E-01  0.13371E-01 -0.72411E-02 -0.14124E-01 -0.14061E-01 -0.11393E-01 -0.82956E-02 -0.56124E-02 -0.35536E-02 -0.20911E-02
 0.60000E+00 -0.11646E-01  0.12974E+00  0.22014E+00  0.23811E+00  0.19987E+00  0.13844E+00  0.80968E-01  0.39809E-01  0.15499E-01  0.34196E-02 -0.14770E-02 -0.28124E-02 -0.26655E-02 -0.20504E-02 -0.13968E-02 -0.85980E-03
 0.80000E+00 -0.37741E-01  0.80294E-01  0.16833E+00  0.20335E+00  0.19058E+00  0.15131E+00  0.10665E+00  0.68935E-01  0.41934E-01  0.24520E-01  0.14023E-01  0.79434E-02  0.44854E-02  0.25192E-02  0.13910E-02  0.74054E-03
 0.10000E+01 -0.45133E-01  0.31819E-01  0.10482E+00  0.15266E+00  0.16801E+00  0.15661E+00  0.13012E+00  0.99377E-01  0.71283E-01  0.48815E-01  0.32325E-01  0.20886E-01  0.13216E-01  0.81611E-02  0.48625E-02  0.27462E-02
 0.12000E+01 -0.36657E-01 -0.25199E-02  0.49557E-01  0.10247E+00  0.13926E+00  0.15190E+00  0.14278E+00  0.12025E+00  0.93193E-01  0.67827E-01  0.47108E-01  0.31587E-01  0.20566E-01  0.12978E-01  0.78580E-02  0.44905E-02
 0.14000E+01 -0.24435E-01 -0.21522E-01  0.12620E-01  0.65061E-01  0.11363E+00  0.14156E+00  0.14469E+00  0.12904E+00  0.10419E+00  0.78175E-01  0.55563E-01  0.37923E-01  0.25030E-01  0.15960E-01  0.97394E-02  0.55978E-02
 0.16000E+01 -0.14692E-01 -0.30843E-01 -0.91825E-02  0.40581E-01  0.94184E-01  0.13026E+00  0.14080E+00  0.13006E+00  0.10759E+00  0.82166E-01  0.59193E-01  0.40828E-01  0.27171E-01  0.17436E-01  0.10692E-01  0.61673E-02
 0.18000E+01 -0.80614E-02 -0.35181E-01 -0.21706E-01  0.24947E-01  0.80029E-01  0.12005E+00  0.13486E+00  0.12746E+00  0.10710E+00  0.82731E-01  0.60130E-01  0.41766E-01  0.27951E-01  0.18015E-01  0.11084E-01  0.64098E-02
 0.20000E+01 -0.36887E-02 -0.37073E-01 -0.29010E-01  0.14713E-01  0.69592E-01  0.11130E+00  0.12855E+00  0.12347E+00  0.10487E+00  0.81666E-01  0.59729E-01  0.41697E-01  0.28018E-01  0.18116E-01  0.11174E-01  0.64739E-02
 0.22000E+01 -0.77740E-03 -0.37738E-01 -0.33358E-01  0.77502E-02  0.61655E-01  0.10387E+00  0.12250E+00  0.11907E+00  0.10195E+00  0.79862E-01  0.58686E-01  0.41126E-01  0.27720E-01  0.17968E-01  0.11104E-01  0.64425E-02
 0.24000E+01  0.12065E-02 -0.37765E-01 -0.35986E-01  0.28143E-02  0.55402E-01  0.97477E-01  0.11688E+00  0.11466E+00  0.98786E-01  0.77747E-01  0.57344E-01  0.40308E-01  0.27236E-01  0.17689E-01  0.10948E-01  0.63596E-02
 0.26000E+01  0.25914E-02 -0.37442E-01 -0.37564E-01 -0.81975E-03  0.50303E-01  0.91884E-01  0.11168E+00  0.11038E+00  0.95580E-01  0.75510E-01  0.55864E-01  0.39366E-01  0.26653E-01  0.17339E-01  0.10745E-01  0.62479E-02
 0.28000E+01  0.35677E-02 -0.36919E-01 -0.38466E-01 -0.35737E-02  0.46026E-01  0.86902E-01  0.10685E+00  0.10627E+00  0.92408E-01  0.73238E-01  0.54323E-01  0.38361E-01  0.26018E-01  0.16950E-01  0.10515E-01  0.61193E-02
 0.30000E+01  0.44319E-02 -0.36007E-01 -0.38868E-01 -0.61103E-02  0.41498E-01  0.81255E-01  0.10112E+00  0.10124E+00  0.88426E-01  0.70318E-01  0.52300E-01  0.37015E-01  0.25152E-01  0.16410E-01  0.10193E-01  0.59367E-02
 0.00000E+00  0.81430E+00  0.39824E+00  0.46659E-01 -0.14338E+00 -0.17943E+00 -0.12936E+00 -0.60340E-01 -0.85674E-02  0.18341E-01  0.26689E-01  0.25162E-01  0.19986E-01  0.14411E-01  0.96943E-02  0.61150E-02  0.35888E-02
 0.20000E+00  0.21640E+00  0.30817E+00  0.31947E+00  0.25565E+00  0.15553E+00  0.61280E-01 -0.33291E-02 -0.35459E-01 -0.43997E-01 -0.39916E-01 -0.31307E-01 -0.22546E-01 -0.15324E-01 -0.99259E-02 -0.61071E-02 -0.35249E-02
 0.40000E+00  0.32779E-01  0.18076E+00  0.26201E+00  0.25954E+00  0.19881E+00  0.12064E+00  0.55148E-01  0.13371E-01 -0.72411E-02 -0.14124E-01 -0.14061E-01 -0.11393E-01 -0.82956E-02 -0.56124E-02 -0.35536E-02 -0.20911E-02
 0.60000E+00 -0.11646E-01  0.12974E+00  0.22014E+00  0.23811E+00  0.19987E+00  0.13844E+00  0.80968E-01  0.39809E-01  0.15499E-01  0.34196E-02 -0.14770E-02 -0.28124E-02 -0.26655E-02 -0.20504E-02 -0.13968E-02 -0.85980E-03
 0.80000E+00 -0.37741E-01  0.80294E-01  0.16833E+00  0.20335E+00  0.19058E+00  0.15131E+00  0.10665E+00  0.68935E-01  0.41934E-01  0.24520E-01  0.14023E-01  0.79434E-02  0.44854E-02  0.25192E-02  0.13910E-02  0.74054E-03
 0.10000E+01 -0.45133E-01  0.31819E-01  0.10482E+00  0.15266E+00  0.16801E+00  0.15661E+00  0.13012E+00  0.99377E-01  0.71283E-01  0.48815E-01  0.32325E-01  0.20886E-01  0.13216E-01  0.81611E-02  0.48625E-02  0.27462E-02
 0.12000E+01 -0.36657E-01 -0.25199E-02  0.49557E-01  0.10247E+00  0.13926E+00  0.15190E+00  0.14278E+00  0.12025E+00  0.93193E-01  0.67827E-01  0.47108E-01  0.31587E-01  0.20566E-01  0.12978E-01  0.78580E-02  0.44905E-02
 0.14000E+01 -0.24435E-01 -0.21522E-01  0.12620E-01  0.65061E-01  0.11363E+00  0.14156E+00  0.14469E+00  0.12904E+00  0.10419E+00  0.78175E-01  0.55563E-01  0.37923E-01  0.25030E-01  0.15960E-01  0.97394E-02  0.55978E-02
 0.16000E+01 -0.14692E-01 -0.30843E-01 -0.91825E-02  0.40581E-01  0.94184E-01  0.13026E+00  0.14080E+00  0.13006E+00  0.10759E+00  0.82166E-01  0.59193E-01  0.40828E-01  0.27171E-01  0.17436E-01  0.10692E-01  0.61673E-02
 0.18000E+01 -0.80614E-02 -0.35181E-01 -0.21706E-01  0.24947E-01  0.80029E-01  0.12005E+00  0.13486E+00  0.12746E+00  0.10710E+00  0.82731E-01  0.60130E-01  0.41766E-01  0.27951E-01  0.18015E-01  0.11084E-01  0.64098E-02
 0.20000E+01 -0.36887E-02 -0.37073E-01 -0.29010E-01  0.14713E-01  0.69592E-01  0.11130E+00  0.12855E+00  0.12347E+00  0.10487E+00  0.81666E-01  0.59729E-01  0.41697E-01  0.28018E-01  0.18116E-01  0.11174E-01  0.64739E-02
 0.22000E+01 -0.77740E-03 -0.37738E-01 -0.33358E-01  0.77502E-02  0.61655E-01  0.10387E+00  0.12250E+00  0.11907E+00  0.10195E+00  0.79862E-01  0.58686E-01  0.41126E-01  0.27720E-01  0.17968E-01  0.11104E-01  0.64425E-02
 0.24000E+01  0.12065E-02 -0.37765E-01 -0.35986E-01  0.28143E-02  0.55402E-01  0.97477E-01  0.11688E+00  0.11466E+00  0.98786E-01  0.77747E-01  0.57344E-01  0.40308E-01  0.27236E-01  0.17689E-01  0.10948E-01  0.63596E-02
 0.26000E+01  0.25914E-02 -0.37442E-01 -0.37564E-01 -0.81975E-03  0.50303E-01  0.91884E-01  0.11168E+00  0.11038E+00  0.95580E-01  0.75510E-01  0.55864E-01  0.39366E-01  0.26653E-01  0.17339E-01  0.10745E-01  0.62479E-02
 0.28000E+01  0.35677E-02 -0.36919E-01 -0.38466E-01 -0.35737E-02  0.46026E-01  0.86902E-01  0.10685E+00  0.10627E+00  0.92408E-01  0.73238E-01  0.54323E-01  0.38361E-01  0.26018E-01  0.16950E-01  0.10515E-01  0.61193E-02
 0.30000E+01  0.44319E-02 -0.36007E-01 -0.38868E-01 -0.61103E-02  0.41498E-01  0.81255E-01  0.10112E+00  0.10124E+00  0.88426E-01  0.70318E-01  0.52300E-01  0.37015E-01  0.25152E-01  0.16410E-01  0.10193E-01  0.59367E-02
