 0.00000E+00  0.55551E+00  0.35016E+00  0.14232E+00 -0.42065E-02 -0.72575E-01 -0.83079E-01 -0.66335E-01 -0.44425E-01 -0.27012E-01 -0.15694E-01 -0.90197E-02 -0.52221E-02 -0.30536E-02 -0.17855E-02 -0.10247E-02 -0.56385E-03
 0.20000E+00  0.41021E+00  0.36490E+00  0.27993E+00  0.18566E+00  0.10662E+00  0.52901E-01  0.22388E-01  0.76938E-02  0.17042E-02 -0.28336E-03 -0.71806E-03 -0.65834E-03 -0.49108E-03 -0.33355E-03 -0.21143E-03 -0.12463E-03
 0.40000E+00  0.11339E+00  0.18895E+00  0.22495E+00  0.21450E+00  0.17226E+00  0.12050E+00  0.75673E-01  0.44010E-01  0.24490E-01  0.13445E-01  0.74514E-02  0.42126E-02  0.24229E-02  0.13994E-02  0.79546E-03  0.43443E-03
 0.60000E+00  0.11349E-01  0.10113E+00  0.16234E+00  0.17896E+00  0.15822E+00  0.11952E+00  0.80429E-01  0.49967E-01  0.29617E-01  0.17230E-01  0.10037E-01  0.59061E-02  0.35034E-02  0.20713E-02  0.11983E-02  0.66316E-03
 0.80000E+00 -0.15890E-01  0.58338E-01  0.11393E+00  0.13544E+00  0.12582E+00  0.99066E-01  0.69304E-01  0.44699E-01  0.27446E-01  0.16475E-01  0.98486E-02  0.59130E-02  0.35605E-02  0.21284E-02  0.12414E-02  0.69114E-03
 0.10000E+01 -0.20403E-01  0.37645E-01  0.83217E-01  0.10329E+00  0.98806E-01  0.79799E-01  0.57191E-01  0.37751E-01  0.23681E-01  0.14481E-01  0.87875E-02  0.53366E-02  0.32407E-02  0.19492E-02  0.11420E-02  0.63795E-03
 0.12000E+01 -0.19778E-01  0.26920E-01  0.64634E-01  0.82410E-01  0.80294E-01  0.65901E-01  0.47955E-01  0.32113E-01  0.20409E-01  0.12621E-01  0.77270E-02  0.47244E-02  0.28833E-02  0.17406E-02  0.10225E-02  0.57232E-03
 0.14000E+01 -0.18392E-01  0.20775E-01  0.53001E-01  0.68829E-01  0.67897E-01  0.56327E-01  0.41399E-01  0.27983E-01  0.17933E-01  0.11168E-01  0.68763E-02  0.42222E-02  0.25848E-02  0.15640E-02  0.92035E-03  0.51577E-03
 0.16000E+01 -0.17123E-01  0.16881E-01  0.45235E-01  0.59557E-01  0.59283E-01  0.49557E-01  0.36680E-01  0.24953E-01  0.16084E-01  0.10065E-01  0.62205E-02  0.38306E-02  0.23501E-02  0.14242E-02  0.83903E-03  0.47060E-03
 0.18000E+01 -0.16077E-01  0.14184E-01  0.39677E-01  0.52826E-01  0.52956E-01  0.44528E-01  0.33132E-01  0.22649E-01  0.14660E-01  0.92065E-02  0.57060E-02  0.35211E-02  0.21636E-02  0.13127E-02  0.77400E-03  0.43439E-03
 0.20000E+01 -0.15211E-01  0.12175E-01  0.35441E-01  0.47645E-01  0.48044E-01  0.40592E-01  0.30332E-01  0.20814E-01  0.13518E-01  0.85127E-02  0.52875E-02  0.32683E-02  0.20107E-02  0.12210E-02  0.72044E-03  0.40454E-03
 0.22000E+01 -0.14478E-01  0.10593E-01  0.32049E-01  0.43462E-01  0.44054E-01  0.37373E-01  0.28027E-01  0.19294E-01  0.12566E-01  0.79313E-02  0.49353E-02  0.30548E-02  0.18813E-02  0.11433E-02  0.67493E-03  0.37913E-03
 0.24000E+01 -0.13842E-01  0.92955E-02  0.29225E-01  0.39958E-01  0.40693E-01  0.34649E-01  0.26066E-01  0.17994E-01  0.11747E-01  0.74293E-02  0.46301E-02  0.28692E-02  0.17685E-02  0.10754E-02  0.63519E-03  0.35694E-03
 0.26000E+01 -0.13278E-01  0.81950E-02  0.26800E-01  0.36934E-01  0.37779E-01  0.32275E-01  0.24350E-01  0.16851E-01  0.11025E-01  0.69847E-02  0.43590E-02  0.27040E-02  0.16680E-02  0.10149E-02  0.59968E-03  0.33709E-03
 0.28000E+01 -0.12767E-01  0.72349E-02  0.24663E-01  0.34255E-01  0.35188E-01  0.30156E-01  0.22812E-01  0.15823E-01  0.10372E-01  0.65818E-02  0.41127E-02  0.25536E-02  0.15763E-02  0.95960E-03  0.56723E-03  0.31894E-03
 0.30000E+01 -0.12157E-01  0.61936E-02  0.22288E-01  0.31252E-01  0.32265E-01  0.27754E-01  0.21059E-01  0.14645E-01  0.96216E-02  0.61165E-02  0.38274E-02  0.23790E-02  0.14697E-02  0.89523E-03  0.52942E-03  0.29777E-03
 0.00000E+00  0.55551E+00  0.35016E+00  0.14232E+00 -0.42065E-02 -0.72575E-01 -0.83079E-01 -0.66335E-01 -0.44425E-01 -0.27012E-01 -0.15694E-01 -0.90197E-02 -0.52221E-02 -0.30536E-02 -0.17855E-02 -0.10247E-02 -0.56385E-03
 0.20000E+00  0.41021E+00  0.36490E+00  0.27993E+00  0.18566E+00  0.10662E+00  0.52901E-01  0.22388E-01  0.76938E-02  0.17042E-02 -0.28336E-03 -0.71806E-03 -0.65834E-03 -0.49108E-03 -0.33355E-03 -0.21143E-03 -0.12463E-03
 0.40000E+00  0.11339E+00  0.18895E+00  0.22495E+00  0.21450E+00  0.17226E+00  0.12050E+00  0.75673E-01  0.44010E-01  0.24490E-01  0.13445E-01  0.74514E-02  0.42126E-02  0.24229E-02  0.13994E-02  0.79546E-03  0.43443E-03
 0.60000E+00  0.11349E-01  0.10113E+00  0.16234E+00  0.17896E+00  0.15822E+00  0.11952E+00  0.80429E-01  0.49967E-01  0.29617E-01  0.17230E-01  0.10037E-01  0.59061E-02  0.35034E-02  0.20713E-02  0.11983E-02  0.66316E-03
 0.80000E+00 -0.15890E-01  0.58338E-01  0.11393E+00  0.13544E+00  0.12582E+00  0.99066E-01  0.69304E-01  0.44699E-01  0.27446E-01  0.16475E-01  0.98486E-02  0.59130E-02  0.35605E-02  0.21284E-02  0.12414E-02  0.69114E-03
 0.10000E+01 -0.20403E-01  0.37645E-01  0.83217E-01  0.10329E+00  0.98806E-01  0.79799E-01  0.57191E-01  0.37751E-01  0.23681E-01  0.14481E-01  0.87875E-02  0.53366E-02  0.32407E-02  0.19492E-02  0.11420E-02  0.63795E-03
 0.12000E+01 -0.19778E-01  0.26920E-01  0.64634E-01  0.82410E-01  0.80294E-01  0.65901E-01  0.47955E-01  0.32113E-01  0.20409E-01  0.12621E-01  0.77270E-02  0.47244E-02  0.28833E-02  0.17406E-02  0.10225E-02  0.57232E-03
 0.14000E+01 -0.18392E-01  0.20775E-01  0.53001E-01  0.68829E-01  0.67897E-01  0.56327E-01  0.41399E-01  0.27983E-01  0.17933E-01  0.11168E-01  0.68763E-02  0.42222E-02  0.25848E-02  0.15640E-02  0.92035E-03  0.51577E-03
 0.16000E+01 -0.17123E-01  0.16881E-01  0.45235E-01  0.59557E-01  0.59283E-01  0.49557E-01  0.36680E-01  0.24953E-01  0.16084E-01  0.10065E-01  0.62205E-02  0.38306E-02  0.23501E-02  0.14242E-02  0.83903E-03  0.47060E-03
 0.18000E+01 -0.16077E-01  0.14184E-01  0.39677E-01  0.52826E-01  0.52956E-01  0.44528E-01  0.33132E-01  0.22649E-01  0.14660E-01  0.92065E-02  0.57060E-02  0.35211E-02  0.21636E-02  0.13127E-02  0.77400E-03  0.43439E-03
 0.20000E+01 -0.15211E-01  0.12175E-01  0.35441E-01  0.47645E-01  0.48044E-01  0.40592E-01  0.30332E-01  0.20814E-01  0.13518E-01  0.85127E-02  0.52875E-02  0.32683E-02  0.20107E-02  0.12210E-02  0.72044E-03  0.40454E-03
 0.22000E+01 -0.14478E-01  0.10593E-01  0.32049E-01  0.43462E-01  0.44054E-01  0.37373E-01  0.28027E-01  0.19294E-01  0.12566E-01  0.79313E-02  0.49353E-02  0.30548E-02  0.18813E-02  0.11433E-02  0.67493E-03  0.37913E-03
 0.24000E+01 -0.13842E-01  0.92955E-02  0.29225E-01  0.39958E-01  0.40693E-01  0.34649E-01  0.26066E-01  0.17994E-01  0.11747E-01  0.74293E-02  0.46301E-02  0.28692E-02  0.17685E-02  0.10754E-02  0.63519E-03  0.35694E-03
 0.26000E+01 -0.13278E-01  0.81950E-02  0.26800E-01  0.36934E-01  0.37779E-01  0.32275E-01  0.24350E-01  0.16851E-01  0.11025E-01  0.69847E-02  0.43590E-02  0.27040E-02  0.16680E-02  0.10149E-02  0.59968E-03  0.33709E-03
 0.28000E+01 -0.12767E-01  0.72349E-02  0.24663E-01  0.34255E-01  0.35188E-01  0.30156E-01  0.22812E-01  0.15823E-01  0.10372E-01  0.65818E-02  0.41127E-02  0.25536E-02  0.15763E-02  0.95960E-03  0.56723E-03  0.31894E-03
 0.30000E+01 -0.12157E-01  0.61936E-02  0.22288E-01  0.31252E-01  0.32265E-01  0.27754E-01  0.21059E-01  0.14645E-01  0.96216E-02  0.61165E-02  0.38274E-02  0.23790E-02  0.14697E-02  0.89523E-03  0.52942E-03  0.29777E-03
