 0.00000E+00  0.74649E+00  0.31032E+00 -0.83334E-01 -0.14273E+00 -0.59473E-01  0.14228E-02  0.21420E-01  0.21718E-01  0.16159E-01  0.10252E-01  0.56720E-02  0.26162E-02  0.79439E-03 -0.15087E-03 -0.48334E-03 -0.40689E-03
 0.20000E+00  0.37556E+00  0.47931E+00  0.34738E+00  0.13059E+00 -0.49286E-02 -0.48537E-01 -0.48323E-01 -0.35990E-01 -0.23485E-01 -0.13928E-01 -0.74839E-02 -0.34989E-02 -0.12232E-02 -0.58355E-04  0.38301E-03  0.36384E-03
 0.40000E+00 -0.10071E+00  0.24986E+00  0.41331E+00  0.30558E+00  0.14366E+00  0.46086E-01  0.57085E-02 -0.67390E-02 -0.83456E-02 -0.65344E-02 -0.41978E-02 -0.22965E-02 -0.10110E-02 -0.25964E-03  0.81184E-04  0.13794E-03
 0.60000E+00 -0.10398E+00  0.10123E+00  0.27088E+00  0.28510E+00  0.21055E+00  0.13145E+00  0.75687E-01  0.41463E-01  0.21622E-01  0.10518E-01  0.45290E-02  0.14546E-02 -0.58575E-05 -0.59255E-03 -0.68356E-03 -0.48128E-03
 0.80000E+00 -0.58384E-01  0.22997E-01  0.15805E+00  0.23493E+00  0.22097E+00  0.16396E+00  0.10698E+00  0.64588E-01  0.36604E-01  0.19291E-01  0.91209E-02  0.34729E-02  0.55907E-03 -0.75044E-03 -0.10819E-02 -0.80796E-03
 0.10000E+01 -0.23342E-01 -0.19020E-01  0.82659E-01  0.18616E+00  0.20679E+00  0.16721E+00  0.11475E+00  0.71662E-01  0.41682E-01  0.22473E-01  0.10887E-01  0.43090E-02  0.84244E-03 -0.75672E-03 -0.11967E-02 -0.91167E-03
 0.12000E+01 -0.11635E-03 -0.42172E-01  0.31783E-01  0.14331E+00  0.18300E+00  0.15679E+00  0.11093E+00  0.70629E-01  0.41676E-01  0.22752E-01  0.11172E-01  0.45186E-02  0.97247E-03 -0.68665E-03 -0.11640E-02 -0.89878E-03
 0.14000E+01  0.13753E-01 -0.53702E-01 -0.20783E-02  0.10633E+00  0.15492E+00  0.13888E+00  0.10048E+00  0.64861E-01  0.38666E-01  0.21303E-01  0.10570E-01  0.43526E-02  0.10117E-02 -0.56849E-03 -0.10403E-02 -0.81414E-03
 0.16000E+01  0.19833E-01 -0.56988E-01 -0.22996E-01  0.74342E-01  0.12420E+00  0.11582E+00  0.85341E-01  0.55715E-01  0.33505E-01  0.18619E-01  0.93445E-02  0.39339E-02  0.10043E-02 -0.39804E-03 -0.83674E-03 -0.66886E-03
 0.18000E+01  0.19545E-01 -0.54292E-01 -0.33918E-01  0.46614E-01  0.91978E-01  0.89189E-01  0.66873E-01  0.44141E-01  0.26796E-01  0.15053E-01  0.76811E-02  0.33490E-02  0.98103E-03 -0.17285E-03 -0.56163E-03 -0.47115E-03
 0.20000E+01  0.14358E-01 -0.47408E-01 -0.37300E-01  0.22601E-01  0.59301E-01  0.60468E-01  0.46320E-01  0.31011E-01  0.19085E-01  0.10916E-01  0.57414E-02  0.26682E-02  0.96121E-03  0.10151E-03 -0.22872E-03 -0.23223E-03
 0.22000E+01  0.56846E-02 -0.37828E-01 -0.35234E-01  0.19176E-02  0.27217E-01  0.31048E-01  0.24840E-01  0.17131E-01  0.10874E-01  0.64944E-02  0.36683E-02  0.19491E-02  0.95585E-03  0.41379E-03  0.14447E-03  0.34569E-04
 0.24000E+01 -0.53606E-02 -0.26573E-01 -0.29330E-01 -0.15945E-01 -0.37683E-02  0.17419E-02  0.31455E-02  0.30044E-02  0.24811E-02  0.19676E-02  0.15519E-02  0.12275E-02  0.97068E-03  0.75541E-03  0.54559E-03  0.31999E-03
 0.26000E+01 -0.17935E-01 -0.14398E-01 -0.20836E-01 -0.31462E-01 -0.33377E-01 -0.26924E-01 -0.18289E-01 -0.11027E-01 -0.58771E-02 -0.25415E-02 -0.54754E-03  0.52582E-03  0.10073E-02  0.11182E-02  0.96429E-03  0.61649E-03
 0.28000E+01 -0.31535E-01 -0.17048E-02 -0.10548E-01 -0.45115E-01 -0.61691E-01 -0.54842E-01 -0.39324E-01 -0.24849E-01 -0.14124E-01 -0.69875E-02 -0.26065E-02 -0.14657E-03  0.10670E-02  0.14997E-02  0.13970E-02  0.92142E-03
 0.30000E+01 -0.40852E-01  0.67324E-02 -0.53287E-02 -0.57771E-01 -0.84573E-01 -0.76729E-01 -0.55600E-01 -0.35460E-01 -0.20416E-01 -0.10355E-01 -0.41485E-02 -0.63311E-03  0.11344E-02  0.18078E-02  0.17393E-02  0.11611E-02
