 0.00000E+00  0.82163E+00  0.30002E+00 -0.66878E-01 -0.19473E+00 -0.14686E+00 -0.41144E-01  0.39805E-01  0.73030E-01  0.71668E-01  0.55798E-01  0.38491E-01  0.24839E-01  0.15431E-01  0.93218E-02  0.54463E-02  0.30288E-02
 0.20000E+00  0.28708E+00  0.41571E+00  0.39209E+00  0.25131E+00  0.82532E-01 -0.40428E-01 -0.94680E-01 -0.97143E-01 -0.75839E-01 -0.50995E-01 -0.31384E-01 -0.18375E-01 -0.10481E-01 -0.58777E-02 -0.32251E-02 -0.17041E-02
 0.40000E+00 -0.39478E-01  0.24250E+00  0.37511E+00  0.34008E+00  0.20900E+00  0.72105E-01 -0.18378E-01 -0.56364E-01 -0.59775E-01 -0.48383E-01 -0.34424E-01 -0.22851E-01 -0.14568E-01 -0.90006E-02 -0.53569E-02 -0.30229E-02
 0.60000E+00 -0.80295E-01  0.10949E+00  0.24091E+00  0.27753E+00  0.23552E+00  0.15859E+00  0.85522E-01  0.34634E-01  0.67506E-02 -0.50804E-02 -0.82274E-02 -0.76550E-02 -0.59438E-02 -0.41777E-02 -0.27154E-02 -0.16290E-02
 0.80000E+00 -0.43780E-01  0.24564E-01  0.11123E+00  0.18143E+00  0.21028E+00  0.19608E+00  0.15533E+00  0.10827E+00  0.68355E-01  0.40154E-01  0.22505E-01  0.12294E-01  0.66400E-02  0.35599E-02  0.18805E-02  0.96234E-03
 0.10000E+01 -0.88476E-02 -0.13571E-01  0.33635E-01  0.10747E+00  0.16836E+00  0.19142E+00  0.17705E+00  0.14140E+00  0.10163E+00  0.67960E-01  0.43439E-01  0.27066E-01  0.16603E-01  0.10014E-01  0.58690E-02  0.32780E-02
 0.12000E+01  0.90967E-02 -0.26210E-01 -0.26060E-02  0.63475E-01  0.13211E+00  0.17108E+00  0.17248E+00  0.14755E+00  0.11265E+00  0.79597E-01  0.53493E-01  0.34842E-01  0.22194E-01  0.13803E-01  0.82854E-02  0.47127E-02
 0.14000E+01  0.16574E-01 -0.29073E-01 -0.18189E-01  0.38943E-01  0.10616E+00  0.15050E+00  0.16028E+00  0.14302E+00  0.11320E+00  0.82576E-01  0.57066E-01  0.38062E-01  0.24721E-01  0.15611E-01  0.94812E-02  0.54400E-02
 0.16000E+01  0.19364E-01 -0.28829E-01 -0.24876E-01  0.24900E-01  0.88365E-01  0.13380E+00  0.14796E+00  0.13580E+00  0.11007E+00  0.81958E-01  0.57645E-01  0.39017E-01  0.25641E-01  0.16342E-01  0.99939E-02  0.57636E-02
 0.18000E+01  0.20215E-01 -0.27749E-01 -0.27784E-01  0.16360E-01  0.75941E-01  0.12091E+00  0.13740E+00  0.12868E+00  0.10604E+00  0.80089E-01  0.57011E-01  0.38970E-01  0.25813E-01  0.16552E-01  0.10169E-01  0.58842E-02
 0.20000E+01  0.20265E-01 -0.26535E-01 -0.29021E-01  0.10800E-01  0.66912E-01  0.11088E+00  0.12865E+00  0.12232E+00  0.10206E+00  0.77888E-01  0.55930E-01  0.38505E-01  0.25650E-01  0.16519E-01  0.10181E-01  0.59056E-02
 0.22000E+01  0.19980E-01 -0.25382E-01 -0.29467E-01  0.69526E-02  0.60062E-01  0.10287E+00  0.12137E+00  0.11678E+00  0.98380E-01  0.75686E-01  0.54713E-01  0.37873E-01  0.25337E-01  0.16371E-01  0.10115E-01  0.58779E-02
 0.24000E+01  0.19554E-01 -0.24334E-01 -0.29516E-01  0.41447E-02  0.54652E-01  0.96298E-01  0.11519E+00  0.11193E+00  0.95032E-01  0.73586E-01  0.53482E-01  0.37181E-01  0.24960E-01  0.16170E-01  0.10010E-01  0.58253E-02
 0.26000E+01  0.19072E-01 -0.23384E-01 -0.29355E-01  0.20000E-02  0.50218E-01  0.90735E-01  0.10984E+00  0.10761E+00  0.91976E-01  0.71609E-01  0.52279E-01  0.36476E-01  0.24556E-01  0.15943E-01  0.98858E-02  0.57598E-02
 0.28000E+01  0.18567E-01 -0.22518E-01 -0.29075E-01  0.29758E-03  0.46467E-01  0.85901E-01  0.10509E+00  0.10372E+00  0.89160E-01  0.69746E-01  0.51116E-01  0.35776E-01  0.24143E-01  0.15704E-01  0.97516E-02  0.56874E-02
 0.30000E+01  0.17934E-01 -0.21490E-01 -0.28577E-01 -0.13670E-02  0.42470E-01  0.80587E-01  0.99762E-01  0.99259E-01  0.85871E-01  0.67524E-01  0.49698E-01  0.34903E-01  0.23617E-01  0.15394E-01  0.95733E-02  0.55897E-02
 0.00000E+00  0.82163E+00  0.30002E+00 -0.66878E-01 -0.19473E+00 -0.14686E+00 -0.41144E-01  0.39805E-01  0.73030E-01  0.71668E-01  0.55798E-01  0.38491E-01  0.24839E-01  0.15431E-01  0.93218E-02  0.54463E-02  0.30288E-02
 0.20000E+00  0.28708E+00  0.41571E+00  0.39209E+00  0.25131E+00  0.82532E-01 -0.40428E-01 -0.94680E-01 -0.97143E-01 -0.75839E-01 -0.50995E-01 -0.31384E-01 -0.18375E-01 -0.10481E-01 -0.58777E-02 -0.32251E-02 -0.17041E-02
 0.40000E+00 -0.39478E-01  0.24250E+00  0.37511E+00  0.34008E+00  0.20900E+00  0.72105E-01 -0.18378E-01 -0.56364E-01 -0.59775E-01 -0.48383E-01 -0.34424E-01 -0.22851E-01 -0.14568E-01 -0.90006E-02 -0.53569E-02 -0.30229E-02
 0.60000E+00 -0.80295E-01  0.10949E+00  0.24091E+00  0.27753E+00  0.23552E+00  0.15859E+00  0.85522E-01  0.34634E-01  0.67506E-02 -0.50804E-02 -0.82274E-02 -0.76550E-02 -0.59438E-02 -0.41777E-02 -0.27154E-02 -0.16290E-02
 0.80000E+00 -0.43780E-01  0.24564E-01  0.11123E+00  0.18143E+00  0.21028E+00  0.19608E+00  0.15533E+00  0.10827E+00  0.68355E-01  0.40154E-01  0.22505E-01  0.12294E-01  0.66400E-02  0.35599E-02  0.18805E-02  0.96234E-03
 0.10000E+01 -0.88476E-02 -0.13571E-01  0.33635E-01  0.10747E+00  0.16836E+00  0.19142E+00  0.17705E+00  0.14140E+00  0.10163E+00  0.67960E-01  0.43439E-01  0.27066E-01  0.16603E-01  0.10014E-01  0.58690E-02  0.32780E-02
 0.12000E+01  0.90967E-02 -0.26210E-01 -0.26060E-02  0.63475E-01  0.13211E+00  0.17108E+00  0.17248E+00  0.14755E+00  0.11265E+00  0.79597E-01  0.53493E-01  0.34842E-01  0.22194E-01  0.13803E-01  0.82854E-02  0.47127E-02
 0.14000E+01  0.16574E-01 -0.29073E-01 -0.18189E-01  0.38943E-01  0.10616E+00  0.15050E+00  0.16028E+00  0.14302E+00  0.11320E+00  0.82576E-01  0.57066E-01  0.38062E-01  0.24721E-01  0.15611E-01  0.94812E-02  0.54400E-02
 0.16000E+01  0.19364E-01 -0.28829E-01 -0.24876E-01  0.24900E-01  0.88365E-01  0.13380E+00  0.14796E+00  0.13580E+00  0.11007E+00  0.81958E-01  0.57645E-01  0.39017E-01  0.25641E-01  0.16342E-01  0.99939E-02  0.57636E-02
 0.18000E+01  0.20215E-01 -0.27749E-01 -0.27784E-01  0.16360E-01  0.75941E-01  0.12091E+00  0.13740E+00  0.12868E+00  0.10604E+00  0.80089E-01  0.57011E-01  0.38970E-01  0.25813E-01  0.16552E-01  0.10169E-01  0.58842E-02
 0.20000E+01  0.20265E-01 -0.26535E-01 -0.29021E-01  0.10800E-01  0.66912E-01  0.11088E+00  0.12865E+00  0.12232E+00  0.10206E+00  0.77888E-01  0.55930E-01  0.38505E-01  0.25650E-01  0.16519E-01  0.10181E-01  0.59056E-02
 0.22000E+01  0.19980E-01 -0.25382E-01 -0.29467E-01  0.69526E-02  0.60062E-01  0.10287E+00  0.12137E+00  0.11678E+00  0.98380E-01  0.75686E-01  0.54713E-01  0.37873E-01  0.25337E-01  0.16371E-01  0.10115E-01  0.58779E-02
 0.24000E+01  0.19554E-01 -0.24334E-01 -0.29516E-01  0.41447E-02  0.54652E-01  0.96298E-01  0.11519E+00  0.11193E+00  0.95032E-01  0.73586E-01  0.53482E-01  0.37181E-01  0.24960E-01  0.16170E-01  0.10010E-01  0.58253E-02
 0.26000E+01  0.19072E-01 -0.23384E-01 -0.29355E-01  0.20000E-02  0.50218E-01  0.90735E-01  0.10984E+00  0.10761E+00  0.91976E-01  0.71609E-01  0.52279E-01  0.36476E-01  0.24556E-01  0.15943E-01  0.98858E-02  0.57598E-02
 0.28000E+01  0.18567E-01 -0.22518E-01 -0.29075E-01  0.29758E-03  0.46467E-01  0.85901E-01  0.10509E+00  0.10372E+00  0.89160E-01  0.69746E-01  0.51116E-01  0.35776E-01  0.24143E-01  0.15704E-01  0.97516E-02  0.56874E-02
 0.30000E+01  0.17934E-01 -0.21490E-01 -0.28577E-01 -0.13670E-02  0.42470E-01  0.80587E-01  0.99762E-01  0.99259E-01  0.85871E-01  0.67524E-01  0.49698E-01  0.34903E-01  0.23617E-01  0.15394E-01  0.95733E-02  0.55897E-02
