 0.00000E+00  0.74827E+00  0.30513E+00 -0.92747E-01 -0.14764E+00 -0.56204E-01  0.90293E-02  0.28801E-01  0.27423E-01  0.20629E-01  0.14103E-01  0.91681E-02  0.57680E-02  0.35366E-02  0.21117E-02  0.11962E-02  0.58558E-03
 0.20000E+00  0.37175E+00  0.48098E+00  0.35780E+00  0.14255E+00  0.16463E-02 -0.47145E-01 -0.49515E-01 -0.38408E-01 -0.26727E-01 -0.17704E-01 -0.11421E-01 -0.72456E-02 -0.45391E-02 -0.28012E-02 -0.16505E-02 -0.83687E-03
 0.40000E+00 -0.10236E+00  0.26069E+00  0.42347E+00  0.30196E+00  0.12856E+00  0.29091E-01 -0.71860E-02 -0.14877E-01 -0.13302E-01 -0.98157E-02 -0.66600E-02 -0.43029E-02 -0.26837E-02 -0.16205E-02 -0.92548E-03 -0.45613E-03
 0.60000E+00 -0.10758E+00  0.10273E+00  0.26485E+00  0.26863E+00  0.19283E+00  0.11969E+00  0.71043E-01  0.42010E-01  0.25033E-01  0.15044E-01  0.91042E-02  0.55388E-02  0.33817E-02  0.20582E-02  0.12045E-02  0.60824E-03
 0.80000E+00 -0.48039E-01  0.15503E-01  0.13393E+00  0.21311E+00  0.21374E+00  0.16948E+00  0.11888E+00  0.78354E-01  0.50033E-01  0.31393E-01  0.19474E-01  0.11971E-01  0.72954E-02  0.43876E-02  0.25239E-02  0.12549E-02
 0.10000E+01 -0.51309E-02 -0.27650E-01  0.56280E-01  0.17054E+00  0.21337E+00  0.18815E+00  0.13957E+00  0.94878E-01  0.61653E-01  0.39058E-01  0.24335E-01  0.14963E-01  0.90884E-02  0.54307E-02  0.30984E-02  0.15294E-02
 0.12000E+01  0.18095E-01 -0.48421E-01  0.13337E-01  0.14062E+00  0.20377E+00  0.18984E+00  0.14456E+00  0.99654E-01  0.65267E-01  0.41531E-01  0.25932E-01  0.15953E-01  0.96797E-02  0.57706E-02  0.32824E-02  0.16158E-02
 0.14000E+01  0.29048E-01 -0.58289E-01 -0.10425E-01  0.11917E+00  0.19084E+00  0.18352E+00  0.14176E+00  0.98480E-01  0.64803E-01  0.41368E-01  0.25891E-01  0.15958E-01  0.96990E-02  0.57908E-02  0.32984E-02  0.16255E-02
 0.16000E+01  0.33165E-01 -0.62650E-01 -0.23718E-01  0.10303E+00  0.17704E+00  0.17362E+00  0.13527E+00  0.94418E-01  0.62338E-01  0.39907E-01  0.25046E-01  0.15483E-01  0.94422E-02  0.56597E-02  0.32372E-02  0.16010E-02
 0.18000E+01  0.32956E-01 -0.63938E-01 -0.30699E-01  0.90315E-01  0.16296E+00  0.16172E+00  0.12662E+00  0.88653E-01  0.58696E-01  0.37693E-01  0.23746E-01  0.14748E-01  0.90459E-02  0.54603E-02  0.31469E-02  0.15665E-02
 0.20000E+01  0.30388E-01 -0.63565E-01 -0.34030E-01  0.79943E-01  0.14926E+00  0.14917E+00  0.11712E+00  0.82172E-01  0.54544E-01  0.35148E-01  0.22243E-01  0.13896E-01  0.85871E-02  0.52304E-02  0.30436E-02  0.15274E-02
 0.22000E+01  0.26049E-01 -0.61896E-01 -0.34557E-01  0.71339E-01  0.13579E+00  0.13605E+00  0.10688E+00  0.75079E-01  0.49966E-01  0.32332E-01  0.20583E-01  0.12959E-01  0.80880E-02  0.49855E-02  0.29375E-02  0.14895E-02
 0.24000E+01  0.20663E-01 -0.59555E-01 -0.33386E-01  0.64035E-01  0.12280E+00  0.12288E+00  0.96420E-01  0.67775E-01  0.45234E-01  0.29422E-01  0.18871E-01  0.12000E-01  0.75833E-02  0.47436E-02  0.28373E-02  0.14562E-02
 0.26000E+01  0.14692E-01 -0.56761E-01 -0.31078E-01  0.57708E-01  0.11031E+00  0.10987E+00  0.85967E-01  0.60431E-01  0.40463E-01  0.26486E-01  0.17145E-01  0.11036E-01  0.70791E-02  0.45048E-02  0.27407E-02  0.14255E-02
 0.28000E+01  0.81009E-02 -0.53738E-01 -0.27926E-01  0.52148E-01  0.98216E-01  0.96978E-01  0.75514E-01  0.53054E-01  0.35662E-01  0.23530E-01  0.15411E-01  0.10070E-01  0.65776E-02  0.42705E-02  0.26486E-02  0.13978E-02
 0.30000E+01  0.24466E-02 -0.51460E-01 -0.26188E-01  0.46012E-01  0.86588E-01  0.85017E-01  0.65962E-01  0.46354E-01  0.31300E-01  0.20829E-01  0.13807E-01  0.91574E-02  0.60857E-02  0.40245E-02  0.25387E-02  0.13567E-02
