 0.00000E+00  0.75366E+00  0.29581E+00 -0.10748E+00 -0.15045E+00 -0.45910E-01  0.22963E-01  0.39994E-01  0.34545E-01  0.24507E-01  0.15889E-01  0.97651E-02  0.57646E-02  0.32772E-02  0.17843E-02  0.90932E-03  0.40338E-03
 0.20000E+00  0.37958E+00  0.49121E+00  0.36077E+00  0.13434E+00 -0.11678E-01 -0.58625E-01 -0.56739E-01 -0.41989E-01 -0.27976E-01 -0.17696E-01 -0.10851E-01 -0.65040E-02 -0.38218E-02 -0.21946E-02 -0.12002E-02 -0.57155E-03
 0.40000E+00 -0.12731E+00  0.26948E+00  0.44964E+00  0.31397E+00  0.12149E+00  0.14854E-01 -0.19814E-01 -0.23448E-01 -0.18301E-01 -0.12372E-01 -0.77463E-02 -0.45918E-02 -0.25882E-02 -0.13778E-02 -0.67751E-03 -0.28877E-03
 0.60000E+00 -0.11596E+00  0.97712E-01  0.27034E+00  0.28031E+00  0.20271E+00  0.12499E+00  0.72791E-01  0.41856E-01  0.24107E-01  0.13946E-01  0.80982E-02  0.47143E-02  0.27466E-02  0.15912E-02  0.88722E-03  0.43039E-03
 0.80000E+00 -0.38478E-01  0.38098E-02  0.12190E+00  0.21837E+00  0.22988E+00  0.18466E+00  0.12838E+00  0.82700E-01  0.51090E-01  0.30744E-01  0.18131E-01  0.10494E-01  0.59507E-02  0.32835E-02  0.17172E-02  0.78346E-03
 0.10000E+01  0.13030E-01 -0.40376E-01  0.36256E-01  0.16946E+00  0.22746E+00  0.20337E+00  0.14926E+00  0.98992E-01  0.62117E-01  0.37650E-01  0.22225E-01  0.12802E-01  0.71784E-02  0.38869E-02  0.19807E-02  0.87962E-03
 0.12000E+01  0.39013E-01 -0.59460E-01 -0.88095E-02  0.13457E+00  0.21257E+00  0.20073E+00  0.15104E+00  0.10146E+00  0.64108E-01  0.38988E-01  0.23034E-01  0.13248E-01  0.73990E-02  0.39779E-02  0.20065E-02  0.88130E-03
 0.14000E+01  0.49581E-01 -0.66204E-01 -0.31330E-01  0.10934E+00  0.19309E+00  0.18809E+00  0.14344E+00  0.97039E-01  0.61577E-01  0.37562E-01  0.22245E-01  0.12823E-01  0.71782E-02  0.38698E-02  0.19586E-02  0.86338E-03
 0.16000E+01  0.51413E-01 -0.66708E-01 -0.41338E-01  0.90395E-01  0.17233E+00  0.17095E+00  0.13135E+00  0.89244E-01  0.56831E-01  0.34798E-01  0.20704E-01  0.12008E-01  0.67790E-02  0.36985E-02  0.19015E-02  0.85233E-03
 0.18000E+01  0.48227E-01 -0.63896E-01 -0.44099E-01  0.75666E-01  0.15162E+00  0.15189E+00  0.11714E+00  0.79815E-01  0.51007E-01  0.31392E-01  0.18815E-01  0.11027E-01  0.63177E-02  0.35189E-02  0.18577E-02  0.85545E-03
 0.20000E+01  0.42107E-01 -0.59272E-01 -0.42492E-01  0.63897E-01  0.13154E+00  0.13221E+00  0.10205E+00  0.69662E-01  0.44700E-01  0.27704E-01  0.16784E-01  0.99889E-02  0.58468E-02  0.33523E-02  0.18331E-02  0.87298E-03
 0.22000E+01  0.34318E-01 -0.53688E-01 -0.38227E-01  0.54309E-01  0.11243E+00  0.11269E+00  0.86816E-01  0.59324E-01  0.38260E-01  0.23946E-01  0.14727E-01  0.89525E-02  0.53916E-02  0.32063E-02  0.18272E-02  0.90277E-03
 0.24000E+01  0.25641E-01 -0.47646E-01 -0.32363E-01  0.46370E-01  0.94405E-01  0.93726E-01  0.71841E-01  0.49111E-01  0.31891E-01  0.20236E-01  0.12709E-01  0.79491E-02  0.49643E-02  0.30830E-02  0.18381E-02  0.94250E-03
 0.26000E+01  0.16500E-01 -0.41425E-01 -0.25536E-01  0.39672E-01  0.77412E-01  0.75454E-01  0.57283E-01  0.39147E-01  0.25673E-01  0.16622E-01  0.10755E-01  0.69887E-02  0.45670E-02  0.29808E-02  0.18630E-02  0.98998E-03
 0.28000E+01  0.70984E-02 -0.35165E-01 -0.18110E-01  0.33910E-01  0.61304E-01  0.57830E-01  0.43147E-01  0.29444E-01  0.19616E-01  0.13108E-01  0.88638E-02  0.60701E-02  0.41972E-02  0.28967E-02  0.18995E-02  0.10437E-02
 0.30000E+01 -0.15915E-03 -0.30333E-01 -0.13309E-01  0.27530E-01  0.46733E-01  0.42495E-01  0.31038E-01  0.21186E-01  0.14464E-01  0.10104E-01  0.72264E-02  0.52526E-02  0.38458E-02  0.27919E-02  0.19043E-02  0.10734E-02
