 0.00000E+00  0.71304E+00  0.32519E+00  0.89717E-02 -0.14648E+00 -0.15637E+00 -0.92967E-01 -0.22607E-01  0.23265E-01  0.42202E-01  0.43630E-01  0.37100E-01  0.28499E-01  0.20494E-01  0.13942E-01  0.89344E-02  0.53259E-02
 0.20000E+00  0.41519E+00  0.41238E+00  0.33248E+00  0.20919E+00  0.88418E-01  0.17182E-02 -0.43589E-01 -0.57094E-01 -0.53000E-01 -0.42341E-01 -0.31158E-01 -0.21800E-01 -0.14692E-01 -0.95382E-02 -0.59082E-02 -0.34359E-02
 0.40000E+00 -0.23677E-01  0.20744E+00  0.33395E+00  0.32818E+00  0.23351E+00  0.11750E+00  0.27214E-01 -0.23560E-01 -0.42586E-01 -0.43378E-01 -0.36511E-01 -0.27874E-01 -0.19976E-01 -0.13565E-01 -0.86860E-02 -0.51761E-02
 0.60000E+00 -0.85247E-01  0.92293E-01  0.21688E+00  0.25516E+00  0.22180E+00  0.15590E+00  0.91633E-01  0.45142E-01  0.17638E-01  0.38610E-02 -0.19053E-02 -0.36439E-02 -0.36020E-02 -0.29000E-02 -0.20594E-02 -0.13122E-02
 0.80000E+00 -0.62787E-01  0.37084E-01  0.12614E+00  0.17736E+00  0.18523E+00  0.16206E+00  0.12569E+00  0.89713E-01  0.60630E-01  0.39626E-01  0.25402E-01  0.16085E-01  0.10061E-01  0.61733E-02  0.36639E-02  0.20637E-02
 0.10000E+01 -0.37162E-01  0.99345E-02  0.71089E-01  0.12538E+00  0.15615E+00  0.15912E+00  0.14118E+00  0.11336E+00  0.84787E-01  0.60395E-01  0.41622E-01  0.28005E-01  0.18428E-01  0.11788E-01  0.72346E-02  0.41830E-02
 0.12000E+01 -0.17452E-01 -0.53673E-02  0.35961E-01  0.90319E-01  0.13457E+00  0.15405E+00  0.14835E+00  0.12648E+00  0.98941E-01  0.72917E-01  0.51591E-01  0.35435E-01  0.23700E-01  0.15356E-01  0.95181E-02  0.55450E-02
 0.14000E+01 -0.22606E-02 -0.15181E-01  0.11260E-01  0.64583E-01  0.11757E+00  0.14844E+00  0.15157E+00  0.13432E+00  0.10795E+00  0.81144E-01  0.58270E-01  0.40485E-01  0.27321E-01  0.17827E-01  0.11109E-01  0.64985E-02
 0.16000E+01  0.96866E-02 -0.21917E-01 -0.71178E-02  0.44666E-01  0.10355E+00  0.14267E+00  0.15250E+00  0.13900E+00  0.11385E+00  0.86740E-01  0.62924E-01  0.44061E-01  0.29917E-01  0.19614E-01  0.12268E-01  0.71963E-02
 0.18000E+01  0.19090E-01 -0.26638E-01 -0.21061E-01  0.28937E-01  0.91773E-01  0.13692E+00  0.15189E+00  0.14149E+00  0.11755E+00  0.90474E-01  0.66131E-01  0.46577E-01  0.31771E-01  0.20904E-01  0.13111E-01  0.77071E-02
 0.20000E+01  0.26412E-01 -0.29935E-01 -0.31654E-01  0.16457E-01  0.81815E-01  0.13131E+00  0.15023E+00  0.14238E+00  0.11962E+00  0.92797E-01  0.68230E-01  0.48277E-01  0.33049E-01  0.21807E-01  0.13708E-01  0.80710E-02
 0.22000E+01  0.32020E-01 -0.32191E-01 -0.39644E-01  0.65764E-02  0.73389E-01  0.12593E+00  0.14784E+00  0.14209E+00  0.12045E+00  0.94035E-01  0.69470E-01  0.49336E-01  0.33873E-01  0.22401E-01  0.14107E-01  0.83170E-02
 0.24000E+01  0.36263E-01 -0.33693E-01 -0.45639E-01 -0.12626E-02  0.66225E-01  0.12082E+00  0.14498E+00  0.14095E+00  0.12037E+00  0.94454E-01  0.70051E-01  0.49899E-01  0.34342E-01  0.22755E-01  0.14350E-01  0.84701E-02
 0.26000E+01  0.39427E-01 -0.34640E-01 -0.50100E-01 -0.74962E-02  0.60090E-01  0.11599E+00  0.14180E+00  0.13920E+00  0.11959E+00  0.94250E-01  0.70126E-01  0.50080E-01  0.34536E-01  0.22920E-01  0.14472E-01  0.85498E-02
 0.28000E+01  0.41724E-01 -0.35161E-01 -0.53343E-01 -0.12433E-01  0.54809E-01  0.11141E+00  0.13841E+00  0.13697E+00  0.11828E+00  0.93555E-01  0.69798E-01  0.49952E-01  0.34506E-01  0.22931E-01  0.14494E-01  0.85696E-02
 0.30000E+01  0.43673E-01 -0.35322E-01 -0.56031E-01 -0.17137E-01  0.49207E-01  0.10605E+00  0.13399E+00  0.13373E+00  0.11610E+00  0.92172E-01  0.68963E-01  0.49466E-01  0.34231E-01  0.22780E-01  0.14415E-01  0.85299E-02
 0.00000E+00  0.71304E+00  0.32519E+00  0.89717E-02 -0.14648E+00 -0.15637E+00 -0.92967E-01 -0.22607E-01  0.23265E-01  0.42202E-01  0.43630E-01  0.37100E-01  0.28499E-01  0.20494E-01  0.13942E-01  0.89344E-02  0.53259E-02
 0.20000E+00  0.41519E+00  0.41238E+00  0.33248E+00  0.20919E+00  0.88418E-01  0.17182E-02 -0.43589E-01 -0.57094E-01 -0.53000E-01 -0.42341E-01 -0.31158E-01 -0.21800E-01 -0.14692E-01 -0.95382E-02 -0.59082E-02 -0.34359E-02
 0.40000E+00 -0.23677E-01  0.20744E+00  0.33395E+00  0.32818E+00  0.23351E+00  0.11750E+00  0.27214E-01 -0.23560E-01 -0.42586E-01 -0.43378E-01 -0.36511E-01 -0.27874E-01 -0.19976E-01 -0.13565E-01 -0.86860E-02 -0.51761E-02
 0.60000E+00 -0.85247E-01  0.92293E-01  0.21688E+00  0.25516E+00  0.22180E+00  0.15590E+00  0.91633E-01  0.45142E-01  0.17638E-01  0.38610E-02 -0.19053E-02 -0.36439E-02 -0.36020E-02 -0.29000E-02 -0.20594E-02 -0.13122E-02
 0.80000E+00 -0.62787E-01  0.37084E-01  0.12614E+00  0.17736E+00  0.18523E+00  0.16206E+00  0.12569E+00  0.89713E-01  0.60630E-01  0.39626E-01  0.25402E-01  0.16085E-01  0.10061E-01  0.61733E-02  0.36639E-02  0.20637E-02
 0.10000E+01 -0.37162E-01  0.99345E-02  0.71089E-01  0.12538E+00  0.15615E+00  0.15912E+00  0.14118E+00  0.11336E+00  0.84787E-01  0.60395E-01  0.41622E-01  0.28005E-01  0.18428E-01  0.11788E-01  0.72346E-02  0.41830E-02
 0.12000E+01 -0.17452E-01 -0.53673E-02  0.35961E-01  0.90319E-01  0.13457E+00  0.15405E+00  0.14835E+00  0.12648E+00  0.98941E-01  0.72917E-01  0.51591E-01  0.35435E-01  0.23700E-01  0.15356E-01  0.95181E-02  0.55450E-02
 0.14000E+01 -0.22606E-02 -0.15181E-01  0.11260E-01  0.64583E-01  0.11757E+00  0.14844E+00  0.15157E+00  0.13432E+00  0.10795E+00  0.81144E-01  0.58270E-01  0.40485E-01  0.27321E-01  0.17827E-01  0.11109E-01  0.64985E-02
 0.16000E+01  0.96866E-02 -0.21917E-01 -0.71178E-02  0.44666E-01  0.10355E+00  0.14267E+00  0.15250E+00  0.13900E+00  0.11385E+00  0.86740E-01  0.62924E-01  0.44061E-01  0.29917E-01  0.19614E-01  0.12268E-01  0.71963E-02
 0.18000E+01  0.19090E-01 -0.26638E-01 -0.21061E-01  0.28937E-01  0.91773E-01  0.13692E+00  0.15189E+00  0.14149E+00  0.11755E+00  0.90474E-01  0.66131E-01  0.46577E-01  0.31771E-01  0.20904E-01  0.13111E-01  0.77071E-02
 0.20000E+01  0.26412E-01 -0.29935E-01 -0.31654E-01  0.16457E-01  0.81815E-01  0.13131E+00  0.15023E+00  0.14238E+00  0.11962E+00  0.92797E-01  0.68230E-01  0.48277E-01  0.33049E-01  0.21807E-01  0.13708E-01  0.80710E-02
 0.22000E+01  0.32020E-01 -0.32191E-01 -0.39644E-01  0.65764E-02  0.73389E-01  0.12593E+00  0.14784E+00  0.14209E+00  0.12045E+00  0.94035E-01  0.69470E-01  0.49336E-01  0.33873E-01  0.22401E-01  0.14107E-01  0.83170E-02
 0.24000E+01  0.36263E-01 -0.33693E-01 -0.45639E-01 -0.12626E-02  0.66225E-01  0.12082E+00  0.14498E+00  0.14095E+00  0.12037E+00  0.94454E-01  0.70051E-01  0.49899E-01  0.34342E-01  0.22755E-01  0.14350E-01  0.84701E-02
 0.26000E+01  0.39427E-01 -0.34640E-01 -0.50100E-01 -0.74962E-02  0.60090E-01  0.11599E+00  0.14180E+00  0.13920E+00  0.11959E+00  0.94250E-01  0.70126E-01  0.50080E-01  0.34536E-01  0.22920E-01  0.14472E-01  0.85498E-02
 0.28000E+01  0.41724E-01 -0.35161E-01 -0.53343E-01 -0.12433E-01  0.54809E-01  0.11141E+00  0.13841E+00  0.13697E+00  0.11828E+00  0.93555E-01  0.69798E-01  0.49952E-01  0.34506E-01  0.22931E-01  0.14494E-01  0.85696E-02
 0.30000E+01  0.43673E-01 -0.35322E-01 -0.56031E-01 -0.17137E-01  0.49207E-01  0.10605E+00  0.13399E+00  0.13373E+00  0.11610E+00  0.92172E-01  0.68963E-01  0.49466E-01  0.34231E-01  0.22780E-01  0.14415E-01  0.85299E-02
