 0.00000E+00  0.66655E+00  0.36199E+00  0.86985E-01 -0.78524E-01 -0.12977E+00 -0.11037E+00 -0.68323E-01 -0.31812E-01 -0.90161E-02  0.21915E-02  0.63119E-02  0.68693E-02  0.59233E-02  0.45113E-02  0.31176E-02  0.19573E-02
 0.20000E+00  0.41230E+00  0.38743E+00  0.30348E+00  0.19314E+00  0.92133E-01  0.21386E-01 -0.16651E-01 -0.30608E-01 -0.31193E-01 -0.26289E-01 -0.20187E-01 -0.14671E-01 -0.10230E-01 -0.68399E-02 -0.43408E-02 -0.25732E-02
 0.40000E+00  0.33058E-01  0.17629E+00  0.25687E+00  0.25755E+00  0.20227E+00  0.12979E+00  0.68392E-01  0.28053E-01  0.63112E-02 -0.33042E-02 -0.64057E-02 -0.65057E-02 -0.54415E-02 -0.40753E-02 -0.27877E-02 -0.17389E-02
 0.60000E+00 -0.46888E-01  0.83425E-01  0.17919E+00  0.21494E+00  0.19794E+00  0.15351E+00  0.10550E+00  0.66749E-01  0.40086E-01  0.23383E-01  0.13438E-01  0.76554E-02  0.43223E-02  0.24052E-02  0.13048E-02  0.67902E-03
 0.80000E+00 -0.54940E-01  0.44075E-01  0.12857E+00  0.17401E+00  0.17775E+00  0.15339E+00  0.11825E+00  0.84562E-01  0.57687E-01  0.38292E-01  0.25028E-01  0.16186E-01  0.10337E-01  0.64638E-02  0.38993E-02  0.22258E-02
 0.10000E+01 -0.51060E-01  0.25672E-01  0.99337E-01  0.14730E+00  0.16166E+00  0.14894E+00  0.12199E+00  0.92170E-01  0.66003E-01  0.45676E-01  0.30929E-01  0.20607E-01  0.13494E-01  0.86133E-02  0.52826E-02  0.30543E-02
 0.12000E+01 -0.45818E-01  0.14985E-01  0.80079E-01  0.12855E+00  0.14930E+00  0.14414E+00  0.12281E+00  0.95901E-01  0.70549E-01  0.49893E-01  0.34379E-01  0.23231E-01  0.15386E-01  0.99112E-02  0.61220E-02  0.35590E-02
 0.14000E+01 -0.40391E-01  0.74048E-02  0.65072E-01  0.11330E+00  0.13865E+00  0.13929E+00  0.12246E+00  0.98019E-01  0.73510E-01  0.52773E-01  0.36793E-01  0.25094E-01  0.16743E-01  0.10848E-01  0.67311E-02  0.39264E-02
 0.16000E+01 -0.34940E-01  0.14928E-02  0.52368E-01  0.99911E-01  0.12885E+00  0.13432E+00  0.12137E+00  0.99167E-01  0.75535E-01  0.54870E-01  0.38603E-01  0.26516E-01  0.17791E-01  0.11578E-01  0.72082E-02  0.42155E-02
 0.18000E+01 -0.29671E-01 -0.32113E-02  0.41452E-01  0.88005E-01  0.11975E+00  0.12925E+00  0.11968E+00  0.99529E-01  0.76800E-01  0.56329E-01  0.39922E-01  0.27578E-01  0.18586E-01  0.12138E-01  0.75772E-02  0.44403E-02
 0.20000E+01 -0.24791E-01 -0.69189E-02  0.32171E-01  0.77527E-01  0.11137E+00  0.12419E+00  0.11751E+00  0.99214E-01  0.77391E-01  0.57217E-01  0.40795E-01  0.28312E-01  0.19150E-01  0.12541E-01  0.78462E-02  0.46056E-02
 0.22000E+01 -0.20439E-01 -0.97913E-02  0.24407E-01  0.68442E-01  0.10378E+00  0.11923E+00  0.11499E+00  0.98338E-01  0.77405E-01  0.57605E-01  0.41273E-01  0.28753E-01  0.19506E-01  0.12804E-01  0.80246E-02  0.47166E-02
 0.24000E+01 -0.16644E-01 -0.11995E-01  0.17961E-01  0.60620E-01  0.96947E-01  0.11446E+00  0.11223E+00  0.97035E-01  0.76961E-01  0.57587E-01  0.41428E-01  0.28951E-01  0.19688E-01  0.12948E-01  0.81268E-02  0.47819E-02
 0.26000E+01 -0.13378E-01 -0.13672E-01  0.12621E-01  0.53888E-01  0.90801E-01  0.10989E+00  0.10933E+00  0.95413E-01  0.76160E-01  0.57248E-01  0.41324E-01  0.28953E-01  0.19729E-01  0.12996E-01  0.81666E-02  0.48097E-02
 0.28000E+01 -0.10594E-01 -0.14926E-01  0.82135E-02  0.48093E-01  0.85265E-01  0.10553E+00  0.10633E+00  0.93545E-01  0.75075E-01  0.56649E-01  0.41009E-01  0.28794E-01  0.19655E-01  0.12964E-01  0.81548E-02  0.48064E-02
 0.30000E+01 -0.76571E-02 -0.15997E-01  0.37974E-02  0.41966E-01  0.79094E-01  0.10037E+00  0.10252E+00  0.90968E-01  0.73423E-01  0.55626E-01  0.40387E-01  0.28422E-01  0.19435E-01  0.12837E-01  0.80835E-02  0.47683E-02
 0.00000E+00  0.66655E+00  0.36199E+00  0.86985E-01 -0.78524E-01 -0.12977E+00 -0.11037E+00 -0.68323E-01 -0.31812E-01 -0.90161E-02  0.21915E-02  0.63119E-02  0.68693E-02  0.59233E-02  0.45113E-02  0.31176E-02  0.19573E-02
 0.20000E+00  0.41230E+00  0.38743E+00  0.30348E+00  0.19314E+00  0.92133E-01  0.21386E-01 -0.16651E-01 -0.30608E-01 -0.31193E-01 -0.26289E-01 -0.20187E-01 -0.14671E-01 -0.10230E-01 -0.68399E-02 -0.43408E-02 -0.25732E-02
 0.40000E+00  0.33058E-01  0.17629E+00  0.25687E+00  0.25755E+00  0.20227E+00  0.12979E+00  0.68392E-01  0.28053E-01  0.63112E-02 -0.33042E-02 -0.64057E-02 -0.65057E-02 -0.54415E-02 -0.40753E-02 -0.27877E-02 -0.17389E-02
 0.60000E+00 -0.46888E-01  0.83425E-01  0.17919E+00  0.21494E+00  0.19794E+00  0.15351E+00  0.10550E+00  0.66749E-01  0.40086E-01  0.23383E-01  0.13438E-01  0.76554E-02  0.43223E-02  0.24052E-02  0.13048E-02  0.67902E-03
 0.80000E+00 -0.54940E-01  0.44075E-01  0.12857E+00  0.17401E+00  0.17775E+00  0.15339E+00  0.11825E+00  0.84562E-01  0.57687E-01  0.38292E-01  0.25028E-01  0.16186E-01  0.10337E-01  0.64638E-02  0.38993E-02  0.22258E-02
 0.10000E+01 -0.51060E-01  0.25672E-01  0.99337E-01  0.14730E+00  0.16166E+00  0.14894E+00  0.12199E+00  0.92170E-01  0.66003E-01  0.45676E-01  0.30929E-01  0.20607E-01  0.13494E-01  0.86133E-02  0.52826E-02  0.30543E-02
 0.12000E+01 -0.45818E-01  0.14985E-01  0.80079E-01  0.12855E+00  0.14930E+00  0.14414E+00  0.12281E+00  0.95901E-01  0.70549E-01  0.49893E-01  0.34379E-01  0.23231E-01  0.15386E-01  0.99112E-02  0.61220E-02  0.35590E-02
 0.14000E+01 -0.40391E-01  0.74048E-02  0.65072E-01  0.11330E+00  0.13865E+00  0.13929E+00  0.12246E+00  0.98019E-01  0.73510E-01  0.52773E-01  0.36793E-01  0.25094E-01  0.16743E-01  0.10848E-01  0.67311E-02  0.39264E-02
 0.16000E+01 -0.34940E-01  0.14928E-02  0.52368E-01  0.99911E-01  0.12885E+00  0.13432E+00  0.12137E+00  0.99167E-01  0.75535E-01  0.54870E-01  0.38603E-01  0.26516E-01  0.17791E-01  0.11578E-01  0.72082E-02  0.42155E-02
 0.18000E+01 -0.29671E-01 -0.32113E-02  0.41452E-01  0.88005E-01  0.11975E+00  0.12925E+00  0.11968E+00  0.99529E-01  0.76800E-01  0.56329E-01  0.39922E-01  0.27578E-01  0.18586E-01  0.12138E-01  0.75772E-02  0.44403E-02
 0.20000E+01 -0.24791E-01 -0.69189E-02  0.32171E-01  0.77527E-01  0.11137E+00  0.12419E+00  0.11751E+00  0.99214E-01  0.77391E-01  0.57217E-01  0.40795E-01  0.28312E-01  0.19150E-01  0.12541E-01  0.78462E-02  0.46056E-02
 0.22000E+01 -0.20439E-01 -0.97913E-02  0.24407E-01  0.68442E-01  0.10378E+00  0.11923E+00  0.11499E+00  0.98338E-01  0.77405E-01  0.57605E-01  0.41273E-01  0.28753E-01  0.19506E-01  0.12804E-01  0.80246E-02  0.47166E-02
 0.24000E+01 -0.16644E-01 -0.11995E-01  0.17961E-01  0.60620E-01  0.96947E-01  0.11446E+00  0.11223E+00  0.97035E-01  0.76961E-01  0.57587E-01  0.41428E-01  0.28951E-01  0.19688E-01  0.12948E-01  0.81268E-02  0.47819E-02
 0.26000E+01 -0.13378E-01 -0.13672E-01  0.12621E-01  0.53888E-01  0.90801E-01  0.10989E+00  0.10933E+00  0.95413E-01  0.76160E-01  0.57248E-01  0.41324E-01  0.28953E-01  0.19729E-01  0.12996E-01  0.81666E-02  0.48097E-02
 0.28000E+01 -0.10594E-01 -0.14926E-01  0.82135E-02  0.48093E-01  0.85265E-01  0.10553E+00  0.10633E+00  0.93545E-01  0.75075E-01  0.56649E-01  0.41009E-01  0.28794E-01  0.19655E-01  0.12964E-01  0.81548E-02  0.48064E-02
 0.30000E+01 -0.76571E-02 -0.15997E-01  0.37974E-02  0.41966E-01  0.79094E-01  0.10037E+00  0.10252E+00  0.90968E-01  0.73423E-01  0.55626E-01  0.40387E-01  0.28422E-01  0.19435E-01  0.12837E-01  0.80835E-02  0.47683E-02
