 0.00000E+00  0.62667E+00  0.34044E+00 -0.36592E-02 -0.12298E+00 -0.86107E-01 -0.27473E-01  0.53398E-02  0.15830E-01  0.15732E-01  0.12362E-01  0.87793E-02  0.58974E-02  0.38175E-02  0.23933E-02  0.14173E-02  0.71919E-03
 0.20000E+00  0.45068E+00  0.45323E+00  0.29236E+00  0.11937E+00  0.17741E-01 -0.21445E-01 -0.28731E-01 -0.24478E-01 -0.17956E-01 -0.12307E-01 -0.81423E-02 -0.52733E-02 -0.33635E-02 -0.21095E-02 -0.12604E-02 -0.64579E-03
 0.40000E+00 -0.55261E-02  0.24403E+00  0.36761E+00  0.28897E+00  0.14792E+00  0.47683E-01  0.37481E-03 -0.14774E-01 -0.16036E-01 -0.12968E-01 -0.93600E-02 -0.63684E-02 -0.41734E-02 -0.26503E-02 -0.15899E-02 -0.81536E-03
 0.60000E+00 -0.12809E+00  0.10823E+00  0.29122E+00  0.29256E+00  0.20017E+00  0.11187E+00  0.56334E-01  0.27161E-01  0.13021E-01  0.63292E-02  0.31444E-02  0.16061E-02  0.84969E-03  0.46558E-03  0.25394E-03  0.12226E-03
 0.80000E+00 -0.11719E+00  0.23593E-01  0.17913E+00  0.23790E+00  0.21249E+00  0.15806E+00  0.10727E+00  0.69503E-01  0.44030E-01  0.27594E-01  0.17195E-01  0.10671E-01  0.65941E-02  0.40361E-02  0.23659E-02  0.11952E-02
 0.10000E+01 -0.63417E-01 -0.21966E-01  0.81935E-01  0.17393E+00  0.20398E+00  0.18273E+00  0.14081E+00  0.99365E-01  0.66619E-01  0.43359E-01  0.27716E-01  0.17494E-01  0.10925E-01  0.67256E-02  0.39531E-02  0.19998E-02
 0.12000E+01 -0.14991E-01 -0.43961E-01  0.16247E-01  0.12346E+00  0.18853E+00  0.19065E+00  0.15687E+00  0.11500E+00  0.78907E-01  0.52110E-01  0.33623E-01  0.21350E-01  0.13381E-01  0.82518E-02  0.48531E-02  0.24557E-02
 0.14000E+01  0.17066E-01 -0.54091E-01 -0.23450E-01  0.88708E-01  0.17270E+00  0.18903E+00  0.16144E+00  0.12076E+00  0.83855E-01  0.55791E-01  0.36174E-01  0.23045E-01  0.14474E-01  0.89370E-02  0.52602E-02  0.26630E-02
 0.16000E+01  0.35666E-01 -0.58355E-01 -0.46262E-01  0.65355E-01  0.15801E+00  0.18230E+00  0.15925E+00  0.12056E+00  0.84303E-01  0.56349E-01  0.36657E-01  0.23413E-01  0.14737E-01  0.91176E-02  0.53760E-02  0.27254E-02
 0.18000E+01  0.45631E-01 -0.59743E-01 -0.59136E-01  0.49256E-01  0.14474E+00  0.17326E+00  0.15362E+00  0.11719E+00  0.82336E-01  0.55216E-01  0.36016E-01  0.23059E-01  0.14550E-01  0.90248E-02  0.53346E-02  0.27099E-02
 0.20000E+01  0.50011E-01 -0.59592E-01 -0.65876E-01  0.37894E-01  0.13273E+00  0.16313E+00  0.14611E+00  0.11206E+00  0.78995E-01  0.53116E-01  0.34730E-01  0.22293E-01  0.14106E-01  0.87778E-02  0.52056E-02  0.26515E-02
 0.22000E+01  0.50375E-01 -0.58396E-01 -0.68279E-01  0.29902E-01  0.12161E+00  0.15221E+00  0.13725E+00  0.10564E+00  0.74660E-01  0.50321E-01  0.32988E-01  0.21239E-01  0.13490E-01  0.84319E-02  0.50235E-02  0.25682E-02
 0.24000E+01  0.47848E-01 -0.56573E-01 -0.67678E-01  0.24350E-01  0.11127E+00  0.14090E+00  0.12756E+00  0.98401E-01  0.69685E-01  0.47076E-01  0.30951E-01  0.20003E-01  0.12766E-01  0.80250E-02  0.48096E-02  0.24706E-02
 0.26000E+01  0.43477E-01 -0.54361E-01 -0.65121E-01  0.20468E-01  0.10156E+00  0.12946E+00  0.11745E+00  0.90720E-01  0.64353E-01  0.43579E-01  0.28748E-01  0.18663E-01  0.11981E-01  0.75847E-02  0.45787E-02  0.23656E-02
 0.28000E+01  0.37563E-01 -0.51888E-01 -0.61016E-01  0.17923E-01  0.92362E-01  0.11793E+00  0.10699E+00  0.82677E-01  0.58730E-01  0.39876E-01  0.26411E-01  0.17241E-01  0.11148E-01  0.71188E-02  0.43352E-02  0.22553E-02
 0.30000E+01  0.33314E-01 -0.49765E-01 -0.58481E-01  0.14335E-01  0.83214E-01  0.10714E+00  0.97461E-01  0.75441E-01  0.53703E-01  0.36571E-01  0.24317E-01  0.15956E-01  0.10384E-01  0.66807E-02  0.40988E-02  0.21446E-02
