 0.00000E+00  0.71888E+00  0.30620E+00 -0.87385E-01 -0.14963E+00 -0.56195E-01  0.13235E-01  0.33640E-01  0.31036E-01  0.23058E-01  0.15795E-01  0.10429E-01  0.67461E-02  0.43018E-02  0.27001E-02  0.16161E-02  0.82955E-03
 0.20000E+00  0.41507E+00  0.48369E+00  0.33716E+00  0.12655E+00 -0.37799E-02 -0.45856E-01 -0.45332E-01 -0.33797E-01 -0.22882E-01 -0.14923E-01 -0.95807E-02 -0.61022E-02 -0.38653E-02 -0.24249E-02 -0.14551E-02 -0.74884E-03
 0.40000E+00 -0.11679E+00  0.26556E+00  0.44937E+00  0.32132E+00  0.12638E+00  0.14418E-01 -0.22648E-01 -0.26618E-01 -0.21294E-01 -0.15121E-01 -0.10197E-01 -0.66828E-02 -0.42938E-02 -0.27061E-02 -0.16235E-02 -0.83497E-03
 0.60000E+00 -0.13513E+00  0.97476E-01  0.28285E+00  0.28743E+00  0.19860E+00  0.11506E+00  0.62948E-01  0.34548E-01  0.19402E-01  0.11149E-01  0.65245E-02  0.38755E-02  0.23297E-02  0.14050E-02  0.81734E-03  0.41058E-03
 0.80000E+00 -0.51199E-01  0.49789E-02  0.12444E+00  0.21372E+00  0.22221E+00  0.17851E+00  0.12493E+00  0.81706E-01  0.51886E-01  0.32545E-01  0.20290E-01  0.12594E-01  0.77781E-02  0.47559E-02  0.27846E-02  0.14053E-02
 0.10000E+01  0.92553E-02 -0.35848E-01  0.32852E-01  0.15747E+00  0.21842E+00  0.20123E+00  0.15166E+00  0.10352E+00  0.67467E-01  0.43016E-01  0.27097E-01  0.16914E-01  0.10466E-01  0.63924E-02  0.37332E-02  0.18799E-02
 0.12000E+01  0.39495E-01 -0.51486E-01 -0.12374E-01  0.12115E+00  0.20414E+00  0.20139E+00  0.15693E+00  0.10914E+00  0.71932E-01  0.46191E-01  0.29227E-01  0.18288E-01  0.11323E-01  0.69109E-02  0.40307E-02  0.20275E-02
 0.14000E+01  0.53275E-01 -0.57327E-01 -0.34879E-01  0.97904E-01  0.18904E+00  0.19396E+00  0.15391E+00  0.10812E+00  0.71690E-01  0.46210E-01  0.29307E-01  0.18362E-01  0.11374E-01  0.69400E-02  0.40451E-02  0.20336E-02
 0.16000E+01  0.59201E-01 -0.58916E-01 -0.46612E-01  0.81542E-01  0.17449E+00  0.18370E+00  0.14747E+00  0.10427E+00  0.69415E-01  0.44864E-01  0.28507E-01  0.17883E-01  0.11086E-01  0.67675E-02  0.39458E-02  0.19843E-02
 0.18000E+01  0.60800E-01 -0.58508E-01 -0.52473E-01  0.69392E-01  0.16075E+00  0.17219E+00  0.13927E+00  0.98869E-01  0.65994E-01  0.42737E-01  0.27199E-01  0.17087E-01  0.10608E-01  0.64847E-02  0.37865E-02  0.19065E-02
 0.20000E+01  0.60466E-01 -0.57317E-01 -0.55539E-01  0.59720E-01  0.14815E+00  0.16081E+00  0.13077E+00  0.93107E-01  0.62270E-01  0.40389E-01  0.25744E-01  0.16198E-01  0.10072E-01  0.61693E-02  0.36095E-02  0.18205E-02
 0.22000E+01  0.58217E-01 -0.55461E-01 -0.56105E-01  0.52023E-01  0.13600E+00  0.14885E+00  0.12138E+00  0.86539E-01  0.57940E-01  0.37627E-01  0.24021E-01  0.15145E-01  0.94438E-02  0.58040E-02  0.34080E-02  0.17240E-02
 0.24000E+01  0.55077E-01 -0.53041E-01 -0.55047E-01  0.45685E-01  0.12434E+00  0.13674E+00  0.11159E+00  0.79577E-01  0.53305E-01  0.34653E-01  0.22161E-01  0.14010E-01  0.87686E-02  0.54144E-02  0.31952E-02  0.16229E-02
 0.26000E+01  0.51275E-01 -0.50544E-01 -0.53152E-01  0.40300E-01  0.11329E+00  0.12486E+00  0.10184E+00  0.72581E-01  0.48622E-01  0.31640E-01  0.20276E-01  0.12860E-01  0.80866E-02  0.50229E-02  0.29827E-02  0.15226E-02
 0.28000E+01  0.47064E-01 -0.47949E-01 -0.50644E-01  0.35590E-01  0.10265E+00  0.11312E+00  0.92079E-01  0.65524E-01  0.43880E-01  0.28583E-01  0.18361E-01  0.11694E-01  0.73965E-02  0.46285E-02  0.27698E-02  0.14227E-02
 0.30000E+01  0.43639E-01 -0.45685E-01 -0.49290E-01  0.30079E-01  0.92115E-01  0.10212E+00  0.83195E-01  0.59216E-01  0.39688E-01  0.25898E-01  0.16684E-01  0.10669E-01  0.67844E-02  0.42730E-02  0.25742E-02  0.13294E-02
