 0.00000E+00  0.70745E+00  0.34003E+00  0.32469E-01 -0.12734E+00 -0.14877E+00 -0.96960E-01 -0.34315E-01  0.81218E-02  0.26653E-01  0.29375E-01  0.24949E-01  0.18731E-01  0.13070E-01  0.86273E-02  0.53847E-02  0.31420E-02
 0.20000E+00  0.38851E+00  0.38820E+00  0.31650E+00  0.20347E+00  0.91268E-01  0.96498E-02 -0.33719E-01 -0.47222E-01 -0.44047E-01 -0.34677E-01 -0.24903E-01 -0.16929E-01 -0.11085E-01 -0.70137E-02 -0.42528E-02 -0.24324E-02
 0.40000E+00  0.15609E-01  0.20843E+00  0.31063E+00  0.30028E+00  0.21504E+00  0.11271E+00  0.33447E-01 -0.11148E-01 -0.28090E-01 -0.29374E-01 -0.24316E-01 -0.17998E-01 -0.12457E-01 -0.81850E-02 -0.50953E-02 -0.29686E-02
 0.60000E+00 -0.73771E-01  0.10134E+00  0.22289E+00  0.25847E+00  0.22320E+00  0.15621E+00  0.91584E-01  0.45316E-01  0.18355E-01  0.51389E-02 -0.26962E-03 -0.19285E-02 -0.20427E-02 -0.16388E-02 -0.11430E-02 -0.71460E-03
 0.80000E+00 -0.67655E-01  0.40523E-01  0.13521E+00  0.18792E+00  0.19382E+00  0.16705E+00  0.12715E+00  0.88680E-01  0.58324E-01  0.37008E-01  0.23035E-01  0.14201E-01  0.86874E-02  0.52392E-02  0.30706E-02  0.17144E-02
 0.10000E+01 -0.43230E-01  0.92399E-02  0.74586E-01  0.13076E+00  0.16114E+00  0.16222E+00  0.14182E+00  0.11178E+00  0.81696E-01  0.56629E-01  0.37881E-01  0.24732E-01  0.15823E-01  0.98771E-02  0.59417E-02  0.33823E-02
 0.12000E+01 -0.23305E-01 -0.62435E-02  0.37935E-01  0.92492E-01  0.13511E+00  0.15226E+00  0.14436E+00  0.12085E+00  0.92439E-01  0.66326E-01  0.45546E-01  0.30334E-01  0.19702E-01  0.12439E-01  0.75465E-02  0.43226E-02
 0.14000E+01 -0.10033E-01 -0.13960E-01  0.16292E-01  0.67800E-01  0.11590E+00  0.14177E+00  0.14147E+00  0.12264E+00  0.96181E-01  0.70299E-01  0.48952E-01  0.32951E-01  0.21576E-01  0.13706E-01  0.83534E-02  0.48010E-02
 0.16000E+01 -0.15545E-02 -0.17921E-01  0.31603E-02  0.51463E-01  0.10162E+00  0.13213E+00  0.13649E+00  0.12101E+00  0.96414E-01  0.71294E-01  0.50084E-01  0.33942E-01  0.22341E-01  0.14249E-01  0.87104E-02  0.50174E-02
 0.18000E+01  0.38734E-02 -0.19984E-01 -0.51104E-02  0.40212E-01  0.90703E-01  0.12361E+00  0.13089E+00  0.11788E+00  0.94943E-01  0.70772E-01  0.50023E-01  0.34063E-01  0.22504E-01  0.14394E-01  0.88180E-02  0.50875E-02
 0.20000E+01  0.73975E-02 -0.21031E-01 -0.10495E-01  0.32156E-01  0.82116E-01  0.11614E+00  0.12530E+00  0.11414E+00  0.92670E-01  0.69487E-01  0.49339E-01  0.33717E-01  0.22338E-01  0.14318E-01  0.87862E-02  0.50754E-02
 0.22000E+01  0.97099E-02 -0.21500E-01 -0.14087E-01  0.26190E-01  0.75171E-01  0.10957E+00  0.11993E+00  0.11023E+00  0.90039E-01  0.67822E-01  0.48327E-01  0.33117E-01  0.21988E-01  0.14118E-01  0.86747E-02  0.50159E-02
 0.24000E+01  0.11238E-01 -0.21631E-01 -0.16532E-01  0.21626E-01  0.69408E-01  0.10374E+00  0.11488E+00  0.10633E+00  0.87277E-01  0.65981E-01  0.47148E-01  0.32381E-01  0.21538E-01  0.13848E-01  0.85177E-02  0.49290E-02
 0.26000E+01  0.12245E-01 -0.21555E-01 -0.18215E-01  0.18034E-01  0.64510E-01  0.98497E-01  0.11014E+00  0.10252E+00  0.84493E-01  0.64067E-01  0.45887E-01  0.31574E-01  0.21032E-01  0.13538E-01  0.83345E-02  0.48261E-02
 0.28000E+01  0.12888E-01 -0.21346E-01 -0.19367E-01  0.15147E-01  0.60268E-01  0.93736E-01  0.10567E+00  0.98845E-01  0.81733E-01  0.62129E-01  0.44587E-01  0.30728E-01  0.20494E-01  0.13205E-01  0.81354E-02  0.47135E-02
 0.30000E+01  0.13325E-01 -0.20864E-01 -0.20146E-01  0.12354E-01  0.55676E-01  0.88255E-01  0.10031E+00  0.94291E-01  0.78230E-01  0.59618E-01  0.42871E-01  0.29592E-01  0.19761E-01  0.12746E-01  0.78584E-02  0.45556E-02
 0.00000E+00  0.70745E+00  0.34003E+00  0.32469E-01 -0.12734E+00 -0.14877E+00 -0.96960E-01 -0.34315E-01  0.81218E-02  0.26653E-01  0.29375E-01  0.24949E-01  0.18731E-01  0.13070E-01  0.86273E-02  0.53847E-02  0.31420E-02
 0.20000E+00  0.38851E+00  0.38820E+00  0.31650E+00  0.20347E+00  0.91268E-01  0.96498E-02 -0.33719E-01 -0.47222E-01 -0.44047E-01 -0.34677E-01 -0.24903E-01 -0.16929E-01 -0.11085E-01 -0.70137E-02 -0.42528E-02 -0.24324E-02
 0.40000E+00  0.15609E-01  0.20843E+00  0.31063E+00  0.30028E+00  0.21504E+00  0.11271E+00  0.33447E-01 -0.11148E-01 -0.28090E-01 -0.29374E-01 -0.24316E-01 -0.17998E-01 -0.12457E-01 -0.81850E-02 -0.50953E-02 -0.29686E-02
 0.60000E+00 -0.73771E-01  0.10134E+00  0.22289E+00  0.25847E+00  0.22320E+00  0.15621E+00  0.91584E-01  0.45316E-01  0.18355E-01  0.51389E-02 -0.26962E-03 -0.19285E-02 -0.20427E-02 -0.16388E-02 -0.11430E-02 -0.71460E-03
 0.80000E+00 -0.67655E-01  0.40523E-01  0.13521E+00  0.18792E+00  0.19382E+00  0.16705E+00  0.12715E+00  0.88680E-01  0.58324E-01  0.37008E-01  0.23035E-01  0.14201E-01  0.86874E-02  0.52392E-02  0.30706E-02  0.17144E-02
 0.10000E+01 -0.43230E-01  0.92399E-02  0.74586E-01  0.13076E+00  0.16114E+00  0.16222E+00  0.14182E+00  0.11178E+00  0.81696E-01  0.56629E-01  0.37881E-01  0.24732E-01  0.15823E-01  0.98771E-02  0.59417E-02  0.33823E-02
 0.12000E+01 -0.23305E-01 -0.62435E-02  0.37935E-01  0.92492E-01  0.13511E+00  0.15226E+00  0.14436E+00  0.12085E+00  0.92439E-01  0.66326E-01  0.45546E-01  0.30334E-01  0.19702E-01  0.12439E-01  0.75465E-02  0.43226E-02
 0.14000E+01 -0.10033E-01 -0.13960E-01  0.16292E-01  0.67800E-01  0.11590E+00  0.14177E+00  0.14147E+00  0.12264E+00  0.96181E-01  0.70299E-01  0.48952E-01  0.32951E-01  0.21576E-01  0.13706E-01  0.83534E-02  0.48010E-02
 0.16000E+01 -0.15545E-02 -0.17921E-01  0.31603E-02  0.51463E-01  0.10162E+00  0.13213E+00  0.13649E+00  0.12101E+00  0.96414E-01  0.71294E-01  0.50084E-01  0.33942E-01  0.22341E-01  0.14249E-01  0.87104E-02  0.50174E-02
 0.18000E+01  0.38734E-02 -0.19984E-01 -0.51104E-02  0.40212E-01  0.90703E-01  0.12361E+00  0.13089E+00  0.11788E+00  0.94943E-01  0.70772E-01  0.50023E-01  0.34063E-01  0.22504E-01  0.14394E-01  0.88180E-02  0.50875E-02
 0.20000E+01  0.73975E-02 -0.21031E-01 -0.10495E-01  0.32156E-01  0.82116E-01  0.11614E+00  0.12530E+00  0.11414E+00  0.92670E-01  0.69487E-01  0.49339E-01  0.33717E-01  0.22338E-01  0.14318E-01  0.87862E-02  0.50754E-02
 0.22000E+01  0.97099E-02 -0.21500E-01 -0.14087E-01  0.26190E-01  0.75171E-01  0.10957E+00  0.11993E+00  0.11023E+00  0.90039E-01  0.67822E-01  0.48327E-01  0.33117E-01  0.21988E-01  0.14118E-01  0.86747E-02  0.50159E-02
 0.24000E+01  0.11238E-01 -0.21631E-01 -0.16532E-01  0.21626E-01  0.69408E-01  0.10374E+00  0.11488E+00  0.10633E+00  0.87277E-01  0.65981E-01  0.47148E-01  0.32381E-01  0.21538E-01  0.13848E-01  0.85177E-02  0.49290E-02
 0.26000E+01  0.12245E-01 -0.21555E-01 -0.18215E-01  0.18034E-01  0.64510E-01  0.98497E-01  0.11014E+00  0.10252E+00  0.84493E-01  0.64067E-01  0.45887E-01  0.31574E-01  0.21032E-01  0.13538E-01  0.83345E-02  0.48261E-02
 0.28000E+01  0.12888E-01 -0.21346E-01 -0.19367E-01  0.15147E-01  0.60268E-01  0.93736E-01  0.10567E+00  0.98845E-01  0.81733E-01  0.62129E-01  0.44587E-01  0.30728E-01  0.20494E-01  0.13205E-01  0.81354E-02  0.47135E-02
 0.30000E+01  0.13325E-01 -0.20864E-01 -0.20146E-01  0.12354E-01  0.55676E-01  0.88255E-01  0.10031E+00  0.94291E-01  0.78230E-01  0.59618E-01  0.42871E-01  0.29592E-01  0.19761E-01  0.12746E-01  0.78584E-02  0.45556E-02
