 0.00000E+00  0.67194E+00  0.34667E+00  0.60910E-01 -0.10199E+00 -0.14166E+00 -0.10950E+00 -0.59212E-01 -0.20349E-01  0.67959E-03  0.85463E-02  0.95496E-02  0.79501E-02  0.58283E-02  0.39526E-02  0.25078E-02  0.14792E-02
 0.20000E+00  0.40474E+00  0.38333E+00  0.30134E+00  0.19081E+00  0.88597E-01  0.17268E-01 -0.19897E-01 -0.31885E-01 -0.30332E-01 -0.23868E-01 -0.17043E-01 -0.11515E-01 -0.75032E-02 -0.47321E-02 -0.28645E-02 -0.16373E-02
 0.40000E+00  0.42702E-01  0.20313E+00  0.28902E+00  0.28185E+00  0.21152E+00  0.12494E+00  0.55437E-01  0.13467E-01 -0.57725E-02 -0.11490E-01 -0.11075E-01 -0.87082E-02 -0.62035E-02 -0.41402E-02 -0.26021E-02 -0.15259E-02
 0.60000E+00 -0.61191E-01  0.98910E-01  0.21294E+00  0.25010E+00  0.22190E+00  0.16241E+00  0.10249E+00  0.57556E-01  0.29560E-01  0.14237E-01  0.65688E-02  0.29448E-02  0.12869E-02  0.54319E-03  0.21673E-03  0.79057E-04
 0.80000E+00 -0.68541E-01  0.41829E-01  0.13691E+00  0.18825E+00  0.19204E+00  0.16357E+00  0.12297E+00  0.84710E-01  0.55086E-01  0.34634E-01  0.21422E-01  0.13164E-01  0.80475E-02  0.48584E-02  0.28529E-02  0.15962E-02
 0.10000E+01 -0.52731E-01  0.13958E-01  0.84838E-01  0.13688E+00  0.15797E+00  0.15035E+00  0.12519E+00  0.94606E-01  0.66710E-01  0.44889E-01  0.29325E-01  0.18804E-01  0.11873E-01  0.73442E-02  0.43912E-02  0.24898E-02
 0.12000E+01 -0.38129E-01  0.86238E-03  0.53892E-01  0.10254E+00  0.13118E+00  0.13500E+00  0.11959E+00  0.94946E-01  0.69608E-01  0.48275E-01  0.32272E-01  0.21054E-01  0.13467E-01  0.84106E-02  0.50646E-02  0.28866E-02
 0.14000E+01 -0.28107E-01 -0.54615E-02  0.35766E-01  0.80460E-01  0.11186E+00  0.12160E+00  0.11205E+00  0.91606E-01  0.68660E-01  0.48419E-01  0.32778E-01  0.21588E-01  0.13908E-01  0.87321E-02  0.52791E-02  0.30177E-02
 0.16000E+01 -0.21507E-01 -0.87009E-02  0.24670E-01  0.65821E-01  0.97868E-01  0.11069E+00  0.10476E+00  0.87289E-01  0.66350E-01  0.47286E-01  0.32267E-01  0.21380E-01  0.13837E-01  0.87178E-02  0.52842E-02  0.30264E-02
 0.18000E+01 -0.17052E-01 -0.10462E-01  0.17455E-01  0.55608E-01  0.87401E-01  0.10186E+00  0.98269E-01  0.82985E-01  0.63696E-01  0.45727E-01  0.31377E-01  0.20879E-01  0.13556E-01  0.85621E-02  0.51995E-02  0.29820E-02
 0.20000E+01 -0.13917E-01 -0.11461E-01  0.12487E-01  0.48116E-01  0.79274E-01  0.94600E-01  0.92606E-01  0.78988E-01  0.61069E-01  0.44079E-01  0.30371E-01  0.20274E-01  0.13196E-01  0.83504E-02  0.50781E-02  0.29155E-02
 0.22000E+01 -0.11624E-01 -0.12039E-01  0.88975E-02  0.42376E-01  0.72745E-01  0.88504E-01  0.87651E-01  0.75350E-01  0.58586E-01  0.42467E-01  0.29356E-01  0.19646E-01  0.12812E-01  0.81195E-02  0.49434E-02  0.28406E-02
 0.24000E+01 -0.98836E-02 -0.12372E-01  0.61946E-02  0.37813E-01  0.67340E-01  0.83280E-01  0.83273E-01  0.72047E-01  0.56277E-01  0.40934E-01  0.28372E-01  0.19027E-01  0.12428E-01  0.78862E-02  0.48059E-02  0.27636E-02
 0.26000E+01 -0.85193E-02 -0.12552E-01  0.40862E-02  0.34066E-01  0.62743E-01  0.78710E-01  0.79350E-01  0.69026E-01  0.54128E-01  0.39486E-01  0.27430E-01  0.18428E-01  0.12054E-01  0.76566E-02  0.46698E-02  0.26870E-02
 0.28000E+01 -0.74230E-02 -0.12634E-01  0.23940E-02  0.30906E-01  0.58742E-01  0.74636E-01  0.75786E-01  0.66237E-01  0.52116E-01  0.38116E-01  0.26530E-01  0.17850E-01  0.11690E-01  0.74329E-02  0.45366E-02  0.26118E-02
 0.30000E+01 -0.63077E-02 -0.12611E-01  0.72990E-03  0.27574E-01  0.54357E-01  0.70047E-01  0.71686E-01  0.62975E-01  0.49732E-01  0.36473E-01  0.25441E-01  0.17147E-01  0.11245E-01  0.71571E-02  0.43718E-02  0.25184E-02
 0.00000E+00  0.67194E+00  0.34667E+00  0.60910E-01 -0.10199E+00 -0.14166E+00 -0.10950E+00 -0.59212E-01 -0.20349E-01  0.67959E-03  0.85463E-02  0.95496E-02  0.79501E-02  0.58283E-02  0.39526E-02  0.25078E-02  0.14792E-02
 0.20000E+00  0.40474E+00  0.38333E+00  0.30134E+00  0.19081E+00  0.88597E-01  0.17268E-01 -0.19897E-01 -0.31885E-01 -0.30332E-01 -0.23868E-01 -0.17043E-01 -0.11515E-01 -0.75032E-02 -0.47321E-02 -0.28645E-02 -0.16373E-02
 0.40000E+00  0.42702E-01  0.20313E+00  0.28902E+00  0.28185E+00  0.21152E+00  0.12494E+00  0.55437E-01  0.13467E-01 -0.57725E-02 -0.11490E-01 -0.11075E-01 -0.87082E-02 -0.62035E-02 -0.41402E-02 -0.26021E-02 -0.15259E-02
 0.60000E+00 -0.61191E-01  0.98910E-01  0.21294E+00  0.25010E+00  0.22190E+00  0.16241E+00  0.10249E+00  0.57556E-01  0.29560E-01  0.14237E-01  0.65688E-02  0.29448E-02  0.12869E-02  0.54319E-03  0.21673E-03  0.79057E-04
 0.80000E+00 -0.68541E-01  0.41829E-01  0.13691E+00  0.18825E+00  0.19204E+00  0.16357E+00  0.12297E+00  0.84710E-01  0.55086E-01  0.34634E-01  0.21422E-01  0.13164E-01  0.80475E-02  0.48584E-02  0.28529E-02  0.15962E-02
 0.10000E+01 -0.52731E-01  0.13958E-01  0.84838E-01  0.13688E+00  0.15797E+00  0.15035E+00  0.12519E+00  0.94606E-01  0.66710E-01  0.44889E-01  0.29325E-01  0.18804E-01  0.11873E-01  0.73442E-02  0.43912E-02  0.24898E-02
 0.12000E+01 -0.38129E-01  0.86238E-03  0.53892E-01  0.10254E+00  0.13118E+00  0.13500E+00  0.11959E+00  0.94946E-01  0.69608E-01  0.48275E-01  0.32272E-01  0.21054E-01  0.13467E-01  0.84106E-02  0.50646E-02  0.28866E-02
 0.14000E+01 -0.28107E-01 -0.54615E-02  0.35766E-01  0.80460E-01  0.11186E+00  0.12160E+00  0.11205E+00  0.91606E-01  0.68660E-01  0.48419E-01  0.32778E-01  0.21588E-01  0.13908E-01  0.87321E-02  0.52791E-02  0.30177E-02
 0.16000E+01 -0.21507E-01 -0.87009E-02  0.24670E-01  0.65821E-01  0.97868E-01  0.11069E+00  0.10476E+00  0.87289E-01  0.66350E-01  0.47286E-01  0.32267E-01  0.21380E-01  0.13837E-01  0.87178E-02  0.52842E-02  0.30264E-02
 0.18000E+01 -0.17052E-01 -0.10462E-01  0.17455E-01  0.55608E-01  0.87401E-01  0.10186E+00  0.98269E-01  0.82985E-01  0.63696E-01  0.45727E-01  0.31377E-01  0.20879E-01  0.13556E-01  0.85621E-02  0.51995E-02  0.29820E-02
 0.20000E+01 -0.13917E-01 -0.11461E-01  0.12487E-01  0.48116E-01  0.79274E-01  0.94600E-01  0.92606E-01  0.78988E-01  0.61069E-01  0.44079E-01  0.30371E-01  0.20274E-01  0.13196E-01  0.83504E-02  0.50781E-02  0.29155E-02
 0.22000E+01 -0.11624E-01 -0.12039E-01  0.88975E-02  0.42376E-01  0.72745E-01  0.88504E-01  0.87651E-01  0.75350E-01  0.58586E-01  0.42467E-01  0.29356E-01  0.19646E-01  0.12812E-01  0.81195E-02  0.49434E-02  0.28406E-02
 0.24000E+01 -0.98836E-02 -0.12372E-01  0.61946E-02  0.37813E-01  0.67340E-01  0.83280E-01  0.83273E-01  0.72047E-01  0.56277E-01  0.40934E-01  0.28372E-01  0.19027E-01  0.12428E-01  0.78862E-02  0.48059E-02  0.27636E-02
 0.26000E+01 -0.85193E-02 -0.12552E-01  0.40862E-02  0.34066E-01  0.62743E-01  0.78710E-01  0.79350E-01  0.69026E-01  0.54128E-01  0.39486E-01  0.27430E-01  0.18428E-01  0.12054E-01  0.76566E-02  0.46698E-02  0.26870E-02
 0.28000E+01 -0.74230E-02 -0.12634E-01  0.23940E-02  0.30906E-01  0.58742E-01  0.74636E-01  0.75786E-01  0.66237E-01  0.52116E-01  0.38116E-01  0.26530E-01  0.17850E-01  0.11690E-01  0.74329E-02  0.45366E-02  0.26118E-02
 0.30000E+01 -0.63077E-02 -0.12611E-01  0.72990E-03  0.27574E-01  0.54357E-01  0.70047E-01  0.71686E-01  0.62975E-01  0.49732E-01  0.36473E-01  0.25441E-01  0.17147E-01  0.11245E-01  0.71571E-02  0.43718E-02  0.25184E-02
