 0.00000E+00  0.74676E+00  0.34078E+00  0.10600E-01 -0.15088E+00 -0.16005E+00 -0.93234E-01 -0.20486E-01  0.25271E-01  0.42247E-01  0.41332E-01  0.33173E-01  0.24000E-01  0.16294E-01  0.10534E-01  0.64736E-02  0.37353E-02
 0.20000E+00  0.34215E+00  0.37396E+00  0.32466E+00  0.21849E+00  0.10144E+00  0.11232E-01 -0.38487E-01 -0.54323E-01 -0.50536E-01 -0.39369E-01 -0.27814E-01 -0.18545E-01 -0.11907E-01 -0.74012E-02 -0.44225E-02 -0.25009E-02
 0.40000E+00  0.19030E-01  0.21970E+00  0.32244E+00  0.30580E+00  0.21150E+00  0.10177E+00  0.19112E-01 -0.25067E-01 -0.39357E-01 -0.37397E-01 -0.29521E-01 -0.21159E-01 -0.14292E-01 -0.92168E-02 -0.56580E-02 -0.32633E-02
 0.60000E+00 -0.75559E-01  0.11673E+00  0.24540E+00  0.27662E+00  0.23019E+00  0.15171E+00  0.79539E-01  0.30599E-01  0.45484E-02 -0.60362E-02 -0.85033E-02 -0.76279E-02 -0.58162E-02 -0.40420E-02 -0.26066E-02 -0.15547E-02
 0.80000E+00 -0.74788E-01  0.42242E-01  0.14414E+00  0.20002E+00  0.20483E+00  0.17424E+00  0.12988E+00  0.87852E-01  0.55443E-01  0.33436E-01  0.19654E-01  0.11421E-01  0.66030E-02  0.37864E-02  0.21268E-02  0.11474E-02
 0.10000E+01 -0.41695E-01  0.94501E-03  0.64231E-01  0.12587E+00  0.16470E+00  0.17233E+00  0.15433E+00  0.12314E+00  0.90181E-01  0.62134E-01  0.41086E-01  0.26447E-01  0.16681E-01  0.10282E-01  0.61224E-02  0.34583E-02
 0.12000E+01 -0.14044E-01 -0.17695E-01  0.17188E-01  0.75863E-01  0.13037E+00  0.15937E+00  0.15842E+00  0.13635E+00  0.10582E+00  0.76314E-01  0.52339E-01  0.34692E-01  0.22397E-01  0.14061E-01  0.84918E-02  0.48480E-02
 0.14000E+01  0.25919E-02 -0.25316E-01 -0.76788E-02  0.45920E-01  0.10577E+00  0.14485E+00  0.15343E+00  0.13774E+00  0.11023E+00  0.81407E-01  0.56899E-01  0.38294E-01  0.25027E-01  0.15863E-01  0.96512E-02  0.55407E-02
 0.16000E+01  0.11881E-01 -0.28216E-01 -0.20768E-01  0.27994E-01  0.88643E-01  0.13206E+00  0.14586E+00  0.13444E+00  0.10966E+00  0.82186E-01  0.58131E-01  0.39502E-01  0.26018E-01  0.16593E-01  0.10143E-01  0.58441E-02
 0.18000E+01  0.17082E-01 -0.29135E-01 -0.27909E-01  0.16747E-01  0.76401E-01  0.12143E+00  0.13813E+00  0.12965E+00  0.10714E+00  0.81121E-01  0.57853E-01  0.39580E-01  0.26212E-01  0.16790E-01  0.10298E-01  0.59484E-02
 0.20000E+01  0.20052E-01 -0.29193E-01 -0.31954E-01  0.92879E-02  0.67286E-01  0.11263E+00  0.13098E+00  0.12460E+00  0.10396E+00  0.79312E-01  0.56913E-01  0.39135E-01  0.26024E-01  0.16724E-01  0.10284E-01  0.59515E-02
 0.22000E+01  0.21761E-01 -0.28861E-01 -0.34289E-01  0.40906E-02  0.60228E-01  0.10525E+00  0.12455E+00  0.11972E+00  0.10064E+00  0.77232E-01  0.55690E-01  0.38447E-01  0.25650E-01  0.16526E-01  0.10183E-01  0.59018E-02
 0.24000E+01  0.22728E-01 -0.28350E-01 -0.35636E-01  0.30702E-03  0.54562E-01  0.98934E-01  0.11876E+00  0.11513E+00  0.97370E-01  0.75086E-01  0.54357E-01  0.37650E-01  0.25185E-01  0.16262E-01  0.10036E-01  0.58241E-02
 0.26000E+01  0.23238E-01 -0.27759E-01 -0.36377E-01 -0.25513E-02  0.49868E-01  0.93423E-01  0.11352E+00  0.11083E+00  0.94223E-01  0.72955E-01  0.52992E-01  0.36807E-01  0.24677E-01  0.15962E-01  0.98651E-02  0.57310E-02
 0.28000E+01  0.23450E-01 -0.27132E-01 -0.36727E-01 -0.47739E-02  0.45877E-01  0.88525E-01  0.10871E+00  0.10681E+00  0.91207E-01  0.70871E-01  0.51629E-01  0.35947E-01  0.24149E-01  0.15645E-01  0.96810E-02  0.56293E-02
 0.30000E+01  0.23428E-01 -0.26285E-01 -0.36738E-01 -0.68819E-02  0.41614E-01  0.83022E-01  0.10315E+00  0.10203E+00  0.87551E-01  0.68295E-01  0.49913E-01  0.34845E-01  0.23460E-01  0.15225E-01  0.94339E-02  0.54912E-02
 0.00000E+00  0.74676E+00  0.34078E+00  0.10600E-01 -0.15088E+00 -0.16005E+00 -0.93234E-01 -0.20486E-01  0.25271E-01  0.42247E-01  0.41332E-01  0.33173E-01  0.24000E-01  0.16294E-01  0.10534E-01  0.64736E-02  0.37353E-02
 0.20000E+00  0.34215E+00  0.37396E+00  0.32466E+00  0.21849E+00  0.10144E+00  0.11232E-01 -0.38487E-01 -0.54323E-01 -0.50536E-01 -0.39369E-01 -0.27814E-01 -0.18545E-01 -0.11907E-01 -0.74012E-02 -0.44225E-02 -0.25009E-02
 0.40000E+00  0.19030E-01  0.21970E+00  0.32244E+00  0.30580E+00  0.21150E+00  0.10177E+00  0.19112E-01 -0.25067E-01 -0.39357E-01 -0.37397E-01 -0.29521E-01 -0.21159E-01 -0.14292E-01 -0.92168E-02 -0.56580E-02 -0.32633E-02
 0.60000E+00 -0.75559E-01  0.11673E+00  0.24540E+00  0.27662E+00  0.23019E+00  0.15171E+00  0.79539E-01  0.30599E-01  0.45484E-02 -0.60362E-02 -0.85033E-02 -0.76279E-02 -0.58162E-02 -0.40420E-02 -0.26066E-02 -0.15547E-02
 0.80000E+00 -0.74788E-01  0.42242E-01  0.14414E+00  0.20002E+00  0.20483E+00  0.17424E+00  0.12988E+00  0.87852E-01  0.55443E-01  0.33436E-01  0.19654E-01  0.11421E-01  0.66030E-02  0.37864E-02  0.21268E-02  0.11474E-02
 0.10000E+01 -0.41695E-01  0.94501E-03  0.64231E-01  0.12587E+00  0.16470E+00  0.17233E+00  0.15433E+00  0.12314E+00  0.90181E-01  0.62134E-01  0.41086E-01  0.26447E-01  0.16681E-01  0.10282E-01  0.61224E-02  0.34583E-02
 0.12000E+01 -0.14044E-01 -0.17695E-01  0.17188E-01  0.75863E-01  0.13037E+00  0.15937E+00  0.15842E+00  0.13635E+00  0.10582E+00  0.76314E-01  0.52339E-01  0.34692E-01  0.22397E-01  0.14061E-01  0.84918E-02  0.48480E-02
 0.14000E+01  0.25919E-02 -0.25316E-01 -0.76788E-02  0.45920E-01  0.10577E+00  0.14485E+00  0.15343E+00  0.13774E+00  0.11023E+00  0.81407E-01  0.56899E-01  0.38294E-01  0.25027E-01  0.15863E-01  0.96512E-02  0.55407E-02
 0.16000E+01  0.11881E-01 -0.28216E-01 -0.20768E-01  0.27994E-01  0.88643E-01  0.13206E+00  0.14586E+00  0.13444E+00  0.10966E+00  0.82186E-01  0.58131E-01  0.39502E-01  0.26018E-01  0.16593E-01  0.10143E-01  0.58441E-02
 0.18000E+01  0.17082E-01 -0.29135E-01 -0.27909E-01  0.16747E-01  0.76401E-01  0.12143E+00  0.13813E+00  0.12965E+00  0.10714E+00  0.81121E-01  0.57853E-01  0.39580E-01  0.26212E-01  0.16790E-01  0.10298E-01  0.59484E-02
 0.20000E+01  0.20052E-01 -0.29193E-01 -0.31954E-01  0.92879E-02  0.67286E-01  0.11263E+00  0.13098E+00  0.12460E+00  0.10396E+00  0.79312E-01  0.56913E-01  0.39135E-01  0.26024E-01  0.16724E-01  0.10284E-01  0.59515E-02
 0.22000E+01  0.21761E-01 -0.28861E-01 -0.34289E-01  0.40906E-02  0.60228E-01  0.10525E+00  0.12455E+00  0.11972E+00  0.10064E+00  0.77232E-01  0.55690E-01  0.38447E-01  0.25650E-01  0.16526E-01  0.10183E-01  0.59018E-02
 0.24000E+01  0.22728E-01 -0.28350E-01 -0.35636E-01  0.30702E-03  0.54562E-01  0.98934E-01  0.11876E+00  0.11513E+00  0.97370E-01  0.75086E-01  0.54357E-01  0.37650E-01  0.25185E-01  0.16262E-01  0.10036E-01  0.58241E-02
 0.26000E+01  0.23238E-01 -0.27759E-01 -0.36377E-01 -0.25513E-02  0.49868E-01  0.93423E-01  0.11352E+00  0.11083E+00  0.94223E-01  0.72955E-01  0.52992E-01  0.36807E-01  0.24677E-01  0.15962E-01  0.98651E-02  0.57310E-02
 0.28000E+01  0.23450E-01 -0.27132E-01 -0.36727E-01 -0.47739E-02  0.45877E-01  0.88525E-01  0.10871E+00  0.10681E+00  0.91207E-01  0.70871E-01  0.51629E-01  0.35947E-01  0.24149E-01  0.15645E-01  0.96810E-02  0.56293E-02
 0.30000E+01  0.23428E-01 -0.26285E-01 -0.36738E-01 -0.68819E-02  0.41614E-01  0.83022E-01  0.10315E+00  0.10203E+00  0.87551E-01  0.68295E-01  0.49913E-01  0.34845E-01  0.23460E-01  0.15225E-01  0.94339E-02  0.54912E-02
