 0.00000E+00  0.79631E+00  0.28679E+00 -0.11871E+00 -0.14442E+00 -0.41418E-01  0.19881E-01  0.34120E-01  0.28854E-01  0.19392E-01  0.11205E-01  0.55182E-02  0.20535E-02  0.17175E-03 -0.68973E-03 -0.88463E-03 -0.64552E-03
 0.20000E+00  0.31806E+00  0.49953E+00  0.39024E+00  0.14310E+00 -0.17335E-01 -0.66948E-01 -0.63669E-01 -0.46326E-01 -0.29540E-01 -0.17070E-01 -0.89111E-02 -0.40246E-02 -0.13228E-02  0.17213E-04  0.50449E-03  0.45838E-03
 0.40000E+00 -0.10879E+00  0.26005E+00  0.41666E+00  0.29573E+00  0.13279E+00  0.40044E-01  0.37221E-02 -0.64211E-02 -0.69644E-02 -0.48722E-02 -0.26853E-02 -0.11046E-02 -0.15500E-03  0.31489E-03  0.43908E-03  0.32745E-03
 0.60000E+00 -0.83411E-01  0.99757E-01  0.25453E+00  0.27186E+00  0.20664E+00  0.13382E+00  0.80330E-01  0.46084E-01  0.25390E-01  0.13334E-01  0.65462E-02  0.28664E-02  0.96607E-03  0.62443E-04 -0.26867E-03 -0.26067E-03
 0.80000E+00 -0.36937E-01  0.15821E-01  0.14149E+00  0.22847E+00  0.22443E+00  0.17159E+00  0.11497E+00  0.71199E-01  0.41459E-01  0.22674E-01  0.11458E-01  0.51081E-02  0.17205E-02  0.72846E-04 -0.53339E-03 -0.50594E-03
 0.10000E+01 -0.57315E-02 -0.30223E-01  0.68622E-01  0.18748E+00  0.21818E+00  0.18082E+00  0.12685E+00  0.81000E-01  0.48300E-01  0.26994E-01  0.13981E-01  0.64706E-02  0.23866E-02  0.34939E-03 -0.45083E-03 -0.49679E-03
 0.12000E+01  0.12195E-01 -0.54956E-01  0.21957E-01  0.15146E+00  0.20050E+00  0.17492E+00  0.12626E+00  0.82286E-01  0.49981E-01  0.28518E-01  0.15197E-01  0.73849E-02  0.30517E-02  0.82091E-03 -0.13673E-03 -0.32219E-03
 0.14000E+01  0.19334E-01 -0.65348E-01 -0.56196E-02  0.12021E+00  0.17593E+00  0.15913E+00  0.11735E+00  0.77878E-01  0.48240E-01  0.28234E-01  0.15625E-01  0.80920E-02  0.38053E-02  0.15009E-02  0.39244E-03 -0.46445E-06
 0.16000E+01  0.18122E-01 -0.65767E-01 -0.19121E-01  0.93156E-01  0.14713E+00  0.13676E+00  0.10283E+00  0.69612E-01  0.44212E-01  0.26789E-01  0.15601E-01  0.87471E-02  0.47027E-02  0.23949E-02  0.11232E-02  0.45473E-03
 0.18000E+01  0.10942E-01 -0.59568E-01 -0.22723E-01  0.69652E-01  0.11614E+00  0.11043E+00  0.84824E-01  0.58963E-01  0.38805E-01  0.24692E-01  0.15380E-01  0.94557E-02  0.57694E-02  0.34905E-02  0.20315E-02  0.10243E-02
 0.20000E+01  0.10459E-03 -0.49639E-01 -0.20019E-01  0.49351E-01  0.85076E-01  0.82716E-01  0.65420E-01  0.47315E-01  0.32824E-01  0.22346E-01  0.15118E-01  0.10236E-01  0.69568E-02  0.47152E-02  0.30491E-02  0.16630E-02
 0.22000E+01 -0.12927E-01 -0.37402E-01 -0.13170E-01  0.31547E-01  0.54516E-01  0.54594E-01  0.45461E-01  0.35261E-01  0.26638E-01  0.19955E-01  0.14912E-01  0.11123E-01  0.82663E-02  0.60557E-02  0.41596E-02  0.23592E-02
 0.24000E+01 -0.26966E-01 -0.24306E-01 -0.40523E-02  0.15962E-01  0.25436E-01  0.27303E-01  0.25946E-01  0.23457E-01  0.20610E-01  0.17678E-01  0.14797E-01  0.12086E-01  0.96390E-02  0.74471E-02  0.53076E-02  0.30775E-02
 0.26000E+01 -0.41466E-01 -0.10839E-01  0.64237E-02  0.20600E-02 -0.22518E-02  0.95841E-03  0.70254E-02  0.12019E-01  0.14812E-01  0.15552E-01  0.14785E-01  0.13123E-01  0.11066E-01  0.88781E-02  0.64831E-02  0.38115E-02
 0.28000E+01 -0.56161E-01  0.26875E-02  0.17680E-01 -0.10555E-01 -0.28684E-01 -0.24434E-01 -0.11253E-01  0.99491E-03  0.92772E-02  0.13595E-01  0.14884E-01  0.14234E-01  0.12543E-01  0.10345E-01  0.76820E-02  0.45586E-02
 0.30000E+01 -0.67893E-01  0.13113E-01  0.25254E-01 -0.22742E-01 -0.51754E-01 -0.46098E-01 -0.26674E-01 -0.82297E-02  0.46874E-02  0.12003E-01  0.15005E-01  0.15190E-01  0.13798E-01  0.11583E-01  0.86915E-02  0.51867E-02
