 0.00000E+00  0.72686E+00  0.32789E+00  0.70302E-02 -0.14922E+00 -0.16033E+00 -0.10017E+00 -0.33707E-01  0.96348E-02  0.28265E-01  0.31184E-01  0.27022E-01  0.20899E-01  0.15072E-01  0.10267E-01  0.65828E-02  0.39239E-02
 0.20000E+00  0.38736E+00  0.41429E+00  0.35092E+00  0.22887E+00  0.10047E+00  0.50601E-02 -0.45862E-01 -0.61533E-01 -0.57498E-01 -0.46074E-01 -0.33999E-01 -0.23864E-01 -0.16140E-01 -0.10513E-01 -0.65293E-02 -0.38044E-02
 0.40000E+00 -0.19198E-01  0.20167E+00  0.32154E+00  0.31705E+00  0.23089E+00  0.12601E+00  0.44545E-01 -0.21016E-02 -0.21349E-01 -0.25020E-01 -0.22000E-01 -0.17104E-01 -0.12368E-01 -0.84394E-02 -0.54182E-02 -0.32329E-02
 0.60000E+00 -0.68356E-01  0.87668E-01  0.19922E+00  0.23725E+00  0.21320E+00  0.15932E+00  0.10424E+00  0.62062E-01  0.34731E-01  0.18742E-01  0.99088E-02  0.51631E-02  0.26455E-02  0.13232E-02  0.63930E-03  0.29452E-03
 0.80000E+00 -0.53158E-01  0.36737E-01  0.11930E+00  0.16911E+00  0.17934E+00  0.15980E+00  0.12645E+00  0.92188E-01  0.63663E-01  0.42505E-01  0.27804E-01  0.17932E-01  0.11396E-01  0.70830E-02  0.42461E-02  0.24094E-02
 0.10000E+01 -0.37608E-01  0.13565E-01  0.76293E-01  0.12864E+00  0.15504E+00  0.15345E+00  0.13248E+00  0.10372E+00  0.75827E-01  0.52945E-01  0.35870E-01  0.23785E-01  0.15455E-01  0.97788E-02  0.59455E-02  0.34107E-02
 0.12000E+01 -0.26511E-01  0.10763E-02  0.50735E-01  0.10313E+00  0.13807E+00  0.14672E+00  0.13328E+00  0.10829E+00  0.81339E-01  0.57935E-01  0.39837E-01  0.26716E-01  0.17514E-01  0.11158E-01  0.68207E-02  0.39290E-02
 0.14000E+01 -0.18010E-01 -0.70287E-02  0.32880E-01  0.84477E-01  0.12471E+00  0.14023E+00  0.13212E+00  0.11004E+00  0.84096E-01  0.60643E-01  0.42076E-01  0.28410E-01  0.18722E-01  0.11977E-01  0.73444E-02  0.42408E-02
 0.16000E+01 -0.11038E-01 -0.12875E-01  0.19088E-01  0.69433E-01  0.11321E+00  0.13377E+00  0.12982E+00  0.11021E+00  0.85322E-01  0.62085E-01  0.43360E-01  0.29421E-01  0.19462E-01  0.12487E-01  0.76746E-02  0.44392E-02
 0.18000E+01 -0.52242E-02 -0.17235E-01  0.80440E-02  0.56828E-01  0.10294E+00  0.12729E+00  0.12668E+00  0.10924E+00  0.85449E-01  0.62624E-01  0.43963E-01  0.29945E-01  0.19867E-01  0.12777E-01  0.78670E-02  0.45568E-02
 0.20000E+01 -0.43435E-03 -0.20470E-01 -0.81885E-03  0.46195E-01  0.93686E-01  0.12082E+00  0.12290E+00  0.10738E+00  0.84716E-01  0.62451E-01  0.44025E-01  0.30082E-01  0.20007E-01  0.12891E-01  0.79491E-02  0.46095E-02
 0.22000E+01  0.34168E-02 -0.22809E-01 -0.78458E-02  0.37279E-01  0.85393E-01  0.11447E+00  0.11868E+00  0.10485E+00  0.83313E-01  0.61715E-01  0.43658E-01  0.29909E-01  0.19932E-01  0.12863E-01  0.79417E-02  0.46096E-02
 0.24000E+01  0.64536E-02 -0.24453E-01 -0.13368E-01  0.29825E-01  0.77985E-01  0.10835E+00  0.11422E+00  0.10187E+00  0.81434E-01  0.60569E-01  0.42973E-01  0.29505E-01  0.19696E-01  0.12728E-01  0.78663E-02  0.45694E-02
 0.26000E+01  0.88067E-02 -0.25564E-01 -0.17675E-01  0.23592E-01  0.71367E-01  0.10250E+00  0.10965E+00  0.98603E-01  0.79226E-01  0.59131E-01  0.42057E-01  0.28930E-01  0.19341E-01  0.12513E-01  0.77402E-02  0.44993E-02
 0.28000E+01  0.10581E-01 -0.26257E-01 -0.20988E-01  0.18386E-01  0.65446E-01  0.96925E-01  0.10505E+00  0.95143E-01  0.76785E-01  0.57481E-01  0.40971E-01  0.28229E-01  0.18895E-01  0.12237E-01  0.75754E-02  0.44061E-02
 0.30000E+01  0.12154E-01 -0.26644E-01 -0.23991E-01  0.13067E-01  0.58869E-01  0.90318E-01  0.99305E-01  0.90632E-01  0.73492E-01  0.55191E-01  0.39429E-01  0.27213E-01  0.18241E-01  0.11825E-01  0.73269E-02  0.42643E-02
 0.00000E+00  0.72686E+00  0.32789E+00  0.70302E-02 -0.14922E+00 -0.16033E+00 -0.10017E+00 -0.33707E-01  0.96348E-02  0.28265E-01  0.31184E-01  0.27022E-01  0.20899E-01  0.15072E-01  0.10267E-01  0.65828E-02  0.39239E-02
 0.20000E+00  0.38736E+00  0.41429E+00  0.35092E+00  0.22887E+00  0.10047E+00  0.50601E-02 -0.45862E-01 -0.61533E-01 -0.57498E-01 -0.46074E-01 -0.33999E-01 -0.23864E-01 -0.16140E-01 -0.10513E-01 -0.65293E-02 -0.38044E-02
 0.40000E+00 -0.19198E-01  0.20167E+00  0.32154E+00  0.31705E+00  0.23089E+00  0.12601E+00  0.44545E-01 -0.21016E-02 -0.21349E-01 -0.25020E-01 -0.22000E-01 -0.17104E-01 -0.12368E-01 -0.84394E-02 -0.54182E-02 -0.32329E-02
 0.60000E+00 -0.68356E-01  0.87668E-01  0.19922E+00  0.23725E+00  0.21320E+00  0.15932E+00  0.10424E+00  0.62062E-01  0.34731E-01  0.18742E-01  0.99088E-02  0.51631E-02  0.26455E-02  0.13232E-02  0.63930E-03  0.29452E-03
 0.80000E+00 -0.53158E-01  0.36737E-01  0.11930E+00  0.16911E+00  0.17934E+00  0.15980E+00  0.12645E+00  0.92188E-01  0.63663E-01  0.42505E-01  0.27804E-01  0.17932E-01  0.11396E-01  0.70830E-02  0.42461E-02  0.24094E-02
 0.10000E+01 -0.37608E-01  0.13565E-01  0.76293E-01  0.12864E+00  0.15504E+00  0.15345E+00  0.13248E+00  0.10372E+00  0.75827E-01  0.52945E-01  0.35870E-01  0.23785E-01  0.15455E-01  0.97788E-02  0.59455E-02  0.34107E-02
 0.12000E+01 -0.26511E-01  0.10763E-02  0.50735E-01  0.10313E+00  0.13807E+00  0.14672E+00  0.13328E+00  0.10829E+00  0.81339E-01  0.57935E-01  0.39837E-01  0.26716E-01  0.17514E-01  0.11158E-01  0.68207E-02  0.39290E-02
 0.14000E+01 -0.18010E-01 -0.70287E-02  0.32880E-01  0.84477E-01  0.12471E+00  0.14023E+00  0.13212E+00  0.11004E+00  0.84096E-01  0.60643E-01  0.42076E-01  0.28410E-01  0.18722E-01  0.11977E-01  0.73444E-02  0.42408E-02
 0.16000E+01 -0.11038E-01 -0.12875E-01  0.19088E-01  0.69433E-01  0.11321E+00  0.13377E+00  0.12982E+00  0.11021E+00  0.85322E-01  0.62085E-01  0.43360E-01  0.29421E-01  0.19462E-01  0.12487E-01  0.76746E-02  0.44392E-02
 0.18000E+01 -0.52242E-02 -0.17235E-01  0.80440E-02  0.56828E-01  0.10294E+00  0.12729E+00  0.12668E+00  0.10924E+00  0.85449E-01  0.62624E-01  0.43963E-01  0.29945E-01  0.19867E-01  0.12777E-01  0.78670E-02  0.45568E-02
 0.20000E+01 -0.43435E-03 -0.20470E-01 -0.81885E-03  0.46195E-01  0.93686E-01  0.12082E+00  0.12290E+00  0.10738E+00  0.84716E-01  0.62451E-01  0.44025E-01  0.30082E-01  0.20007E-01  0.12891E-01  0.79491E-02  0.46095E-02
 0.22000E+01  0.34168E-02 -0.22809E-01 -0.78458E-02  0.37279E-01  0.85393E-01  0.11447E+00  0.11868E+00  0.10485E+00  0.83313E-01  0.61715E-01  0.43658E-01  0.29909E-01  0.19932E-01  0.12863E-01  0.79417E-02  0.46096E-02
 0.24000E+01  0.64536E-02 -0.24453E-01 -0.13368E-01  0.29825E-01  0.77985E-01  0.10835E+00  0.11422E+00  0.10187E+00  0.81434E-01  0.60569E-01  0.42973E-01  0.29505E-01  0.19696E-01  0.12728E-01  0.78663E-02  0.45694E-02
 0.26000E+01  0.88067E-02 -0.25564E-01 -0.17675E-01  0.23592E-01  0.71367E-01  0.10250E+00  0.10965E+00  0.98603E-01  0.79226E-01  0.59131E-01  0.42057E-01  0.28930E-01  0.19341E-01  0.12513E-01  0.77402E-02  0.44993E-02
 0.28000E+01  0.10581E-01 -0.26257E-01 -0.20988E-01  0.18386E-01  0.65446E-01  0.96925E-01  0.10505E+00  0.95143E-01  0.76785E-01  0.57481E-01  0.40971E-01  0.28229E-01  0.18895E-01  0.12237E-01  0.75754E-02  0.44061E-02
 0.30000E+01  0.12154E-01 -0.26644E-01 -0.23991E-01  0.13067E-01  0.58869E-01  0.90318E-01  0.99305E-01  0.90632E-01  0.73492E-01  0.55191E-01  0.39429E-01  0.27213E-01  0.18241E-01  0.11825E-01  0.73269E-02  0.42643E-02
