 0.00000E+00  0.81355E+00  0.30737E+00 -0.56172E-01 -0.18989E+00 -0.14972E+00 -0.48226E-01  0.32702E-01  0.68105E-01  0.69098E-01  0.54840E-01  0.38360E-01  0.25025E-01  0.15682E-01  0.95390E-02  0.56032E-02  0.31289E-02
 0.20000E+00  0.29268E+00  0.40469E+00  0.37849E+00  0.24569E+00  0.86747E-01 -0.30766E-01 -0.84848E-01 -0.90051E-01 -0.71881E-01 -0.49318E-01 -0.30978E-01 -0.18524E-01 -0.10795E-01 -0.61816E-02 -0.34574E-02 -0.18575E-02
 0.40000E+00 -0.29296E-01  0.24279E+00  0.37085E+00  0.33622E+00  0.20749E+00  0.72406E-01 -0.17489E-01 -0.55643E-01 -0.59383E-01 -0.48210E-01 -0.34345E-01 -0.22801E-01 -0.14527E-01 -0.89665E-02 -0.53313E-02 -0.30058E-02
 0.60000E+00 -0.84368E-01  0.11355E+00  0.24784E+00  0.28227E+00  0.23597E+00  0.15561E+00  0.81204E-01  0.30687E-01  0.39247E-02 -0.67758E-02 -0.90997E-02 -0.80343E-02 -0.60697E-02 -0.41926E-02 -0.26930E-02 -0.16023E-02
 0.80000E+00 -0.49541E-01  0.25824E-01  0.11529E+00  0.18455E+00  0.21112E+00  0.19531E+00  0.15411E+00  0.10737E+00  0.67958E-01  0.40134E-01  0.22676E-01  0.12521E-01  0.68505E-02  0.37259E-02  0.19972E-02  0.10364E-02
 0.10000E+01 -0.11248E-01 -0.13763E-01  0.33932E-01  0.10734E+00  0.16798E+00  0.19134E+00  0.17753E+00  0.14228E+00  0.10260E+00  0.68790E-01  0.44054E-01  0.27482E-01  0.16869E-01  0.10178E-01  0.59651E-02  0.33318E-02
 0.12000E+01  0.86557E-02 -0.26526E-01 -0.33972E-02  0.62322E-01  0.13117E+00  0.17078E+00  0.17278E+00  0.14811E+00  0.11317E+00  0.79918E-01  0.53623E-01  0.34845E-01  0.22138E-01  0.13734E-01  0.82259E-02  0.46705E-02
 0.14000E+01  0.16910E-01 -0.29251E-01 -0.18987E-01  0.37868E-01  0.10528E+00  0.15001E+00  0.16005E+00  0.14281E+00  0.11286E+00  0.82094E-01  0.56522E-01  0.37544E-01  0.24284E-01  0.15280E-01  0.92511E-02  0.52949E-02
 0.16000E+01  0.19997E-01 -0.28887E-01 -0.25466E-01  0.24137E-01  0.87692E-01  0.13322E+00  0.14730E+00  0.13494E+00  0.10900E+00  0.80805E-01  0.56547E-01  0.38074E-01  0.24899E-01  0.15801E-01  0.96290E-02  0.55377E-02
 0.18000E+01  0.20961E-01 -0.27721E-01 -0.28166E-01  0.15883E-01  0.75452E-01  0.12026E+00  0.13641E+00  0.12730E+00  0.10442E+00  0.78427E-01  0.55497E-01  0.37713E-01  0.24846E-01  0.15858E-01  0.97053E-02  0.55994E-02
 0.20000E+01  0.21045E-01 -0.26439E-01 -0.29223E-01  0.10552E-01  0.66552E-01  0.11015E+00  0.12738E+00  0.12054E+00  0.10001E+00  0.75838E-01  0.54103E-01  0.37012E-01  0.24515E-01  0.15711E-01  0.96454E-02  0.55776E-02
 0.22000E+01  0.20755E-01 -0.25231E-01 -0.29517E-01  0.68842E-02  0.59791E-01  0.10207E+00  0.11985E+00  0.11467E+00  0.95978E-01  0.73329E-01  0.52641E-01  0.36198E-01  0.24074E-01  0.15477E-01  0.95242E-02  0.55171E-02
 0.24000E+01  0.20307E-01 -0.24137E-01 -0.29437E-01  0.42244E-02  0.54446E-01  0.95416E-01  0.11347E+00  0.10954E+00  0.92349E-01  0.70984E-01  0.51216E-01  0.35363E-01  0.23595E-01  0.15208E-01  0.93761E-02  0.54389E-02
 0.26000E+01  0.19794E-01 -0.23152E-01 -0.29164E-01  0.22071E-02  0.50071E-01  0.89794E-01  0.10795E+00  0.10500E+00  0.89066E-01  0.68808E-01  0.49855E-01  0.34542E-01  0.23110E-01  0.14926E-01  0.92172E-02  0.53529E-02
 0.28000E+01  0.19256E-01 -0.22258E-01 -0.28787E-01  0.61925E-03  0.46380E-01  0.84923E-01  0.10308E+00  0.10093E+00  0.86067E-01  0.66784E-01  0.48565E-01  0.33748E-01  0.22632E-01  0.14644E-01  0.90551E-02  0.52640E-02
 0.30000E+01  0.18582E-01 -0.21208E-01 -0.28188E-01 -0.91280E-03  0.42470E-01  0.79601E-01  0.97649E-01  0.96315E-01  0.82608E-01  0.64409E-01  0.47025E-01  0.32784E-01  0.22042E-01  0.14290E-01  0.88496E-02  0.51502E-02
 0.00000E+00  0.81355E+00  0.30737E+00 -0.56172E-01 -0.18989E+00 -0.14972E+00 -0.48226E-01  0.32702E-01  0.68105E-01  0.69098E-01  0.54840E-01  0.38360E-01  0.25025E-01  0.15682E-01  0.95390E-02  0.56032E-02  0.31289E-02
 0.20000E+00  0.29268E+00  0.40469E+00  0.37849E+00  0.24569E+00  0.86747E-01 -0.30766E-01 -0.84848E-01 -0.90051E-01 -0.71881E-01 -0.49318E-01 -0.30978E-01 -0.18524E-01 -0.10795E-01 -0.61816E-02 -0.34574E-02 -0.18575E-02
 0.40000E+00 -0.29296E-01  0.24279E+00  0.37085E+00  0.33622E+00  0.20749E+00  0.72406E-01 -0.17489E-01 -0.55643E-01 -0.59383E-01 -0.48210E-01 -0.34345E-01 -0.22801E-01 -0.14527E-01 -0.89665E-02 -0.53313E-02 -0.30058E-02
 0.60000E+00 -0.84368E-01  0.11355E+00  0.24784E+00  0.28227E+00  0.23597E+00  0.15561E+00  0.81204E-01  0.30687E-01  0.39247E-02 -0.67758E-02 -0.90997E-02 -0.80343E-02 -0.60697E-02 -0.41926E-02 -0.26930E-02 -0.16023E-02
 0.80000E+00 -0.49541E-01  0.25824E-01  0.11529E+00  0.18455E+00  0.21112E+00  0.19531E+00  0.15411E+00  0.10737E+00  0.67958E-01  0.40134E-01  0.22676E-01  0.12521E-01  0.68505E-02  0.37259E-02  0.19972E-02  0.10364E-02
 0.10000E+01 -0.11248E-01 -0.13763E-01  0.33932E-01  0.10734E+00  0.16798E+00  0.19134E+00  0.17753E+00  0.14228E+00  0.10260E+00  0.68790E-01  0.44054E-01  0.27482E-01  0.16869E-01  0.10178E-01  0.59651E-02  0.33318E-02
 0.12000E+01  0.86557E-02 -0.26526E-01 -0.33972E-02  0.62322E-01  0.13117E+00  0.17078E+00  0.17278E+00  0.14811E+00  0.11317E+00  0.79918E-01  0.53623E-01  0.34845E-01  0.22138E-01  0.13734E-01  0.82259E-02  0.46705E-02
 0.14000E+01  0.16910E-01 -0.29251E-01 -0.18987E-01  0.37868E-01  0.10528E+00  0.15001E+00  0.16005E+00  0.14281E+00  0.11286E+00  0.82094E-01  0.56522E-01  0.37544E-01  0.24284E-01  0.15280E-01  0.92511E-02  0.52949E-02
 0.16000E+01  0.19997E-01 -0.28887E-01 -0.25466E-01  0.24137E-01  0.87692E-01  0.13322E+00  0.14730E+00  0.13494E+00  0.10900E+00  0.80805E-01  0.56547E-01  0.38074E-01  0.24899E-01  0.15801E-01  0.96290E-02  0.55377E-02
 0.18000E+01  0.20961E-01 -0.27721E-01 -0.28166E-01  0.15883E-01  0.75452E-01  0.12026E+00  0.13641E+00  0.12730E+00  0.10442E+00  0.78427E-01  0.55497E-01  0.37713E-01  0.24846E-01  0.15858E-01  0.97053E-02  0.55994E-02
 0.20000E+01  0.21045E-01 -0.26439E-01 -0.29223E-01  0.10552E-01  0.66552E-01  0.11015E+00  0.12738E+00  0.12054E+00  0.10001E+00  0.75838E-01  0.54103E-01  0.37012E-01  0.24515E-01  0.15711E-01  0.96454E-02  0.55776E-02
 0.22000E+01  0.20755E-01 -0.25231E-01 -0.29517E-01  0.68842E-02  0.59791E-01  0.10207E+00  0.11985E+00  0.11467E+00  0.95978E-01  0.73329E-01  0.52641E-01  0.36198E-01  0.24074E-01  0.15477E-01  0.95242E-02  0.55171E-02
 0.24000E+01  0.20307E-01 -0.24137E-01 -0.29437E-01  0.42244E-02  0.54446E-01  0.95416E-01  0.11347E+00  0.10954E+00  0.92349E-01  0.70984E-01  0.51216E-01  0.35363E-01  0.23595E-01  0.15208E-01  0.93761E-02  0.54389E-02
 0.26000E+01  0.19794E-01 -0.23152E-01 -0.29164E-01  0.22071E-02  0.50071E-01  0.89794E-01  0.10795E+00  0.10500E+00  0.89066E-01  0.68808E-01  0.49855E-01  0.34542E-01  0.23110E-01  0.14926E-01  0.92172E-02  0.53529E-02
 0.28000E+01  0.19256E-01 -0.22258E-01 -0.28787E-01  0.61925E-03  0.46380E-01  0.84923E-01  0.10308E+00  0.10093E+00  0.86067E-01  0.66784E-01  0.48565E-01  0.33748E-01  0.22632E-01  0.14644E-01  0.90551E-02  0.52640E-02
 0.30000E+01  0.18582E-01 -0.21208E-01 -0.28188E-01 -0.91280E-03  0.42470E-01  0.79601E-01  0.97649E-01  0.96315E-01  0.82608E-01  0.64409E-01  0.47025E-01  0.32784E-01  0.22042E-01  0.14290E-01  0.88496E-02  0.51502E-02
