 0.00000E+00  0.84730E+00  0.28370E+00 -0.98671E-01 -0.22055E+00 -0.15944E+00 -0.43160E-01  0.43604E-01  0.79610E-01  0.79521E-01  0.63884E-01  0.45915E-01  0.30998E-01  0.20109E-01  0.12605E-01  0.75791E-02  0.43046E-02
 0.20000E+00  0.25514E+00  0.44956E+00  0.45147E+00  0.29905E+00  0.10229E+00 -0.45956E-01 -0.11496E+00 -0.12246E+00 -0.10015E+00 -0.71457E-01 -0.47176E-01 -0.29780E-01 -0.18272E-01 -0.10930E-01 -0.63226E-02 -0.34804E-02
 0.40000E+00 -0.56353E-01  0.22943E+00  0.36898E+00  0.34381E+00  0.22260E+00  0.91646E-01  0.12871E-02 -0.41140E-01 -0.50636E-01 -0.44506E-01 -0.33941E-01 -0.24006E-01 -0.16188E-01 -0.10478E-01 -0.64668E-02 -0.37489E-02
 0.60000E+00 -0.56308E-01  0.92050E-01  0.20155E+00  0.24080E+00  0.21727E+00  0.16130E+00  0.10249E+00  0.56927E-01  0.27786E-01  0.11621E-01  0.36655E-02  0.21923E-03 -0.99048E-03 -0.11876E-02 -0.98557E-03 -0.68045E-03
 0.80000E+00 -0.27756E-01  0.26885E-01  0.99151E-01  0.15971E+00  0.18678E+00  0.17790E+00  0.14588E+00  0.10702E+00  0.72485E-01  0.46530E-01  0.28904E-01  0.17613E-01  0.10587E-01  0.62571E-02  0.35937E-02  0.19697E-02
 0.10000E+01 -0.89636E-02 -0.25135E-02  0.45229E-01  0.10983E+00  0.15873E+00  0.17413E+00  0.15899E+00  0.12750E+00  0.93373E-01  0.64349E-01  0.42675E-01  0.27620E-01  0.17536E-01  0.10876E-01  0.65086E-02  0.36897E-02
 0.12000E+01  0.18128E-02 -0.16618E-01  0.15652E-01  0.78730E-01  0.13673E+00  0.16482E+00  0.16018E+00  0.13473E+00  0.10265E+00  0.73214E-01  0.50037E-01  0.33247E-01  0.21589E-01  0.13645E-01  0.82918E-02  0.47575E-02
 0.14000E+01  0.81341E-02 -0.23931E-01 -0.19432E-02  0.57950E-01  0.11950E+00  0.15456E+00  0.15680E+00  0.13612E+00  0.10641E+00  0.77570E-01  0.54020E-01  0.36475E-01  0.24007E-01  0.15342E-01  0.94058E-02  0.54338E-02
 0.16000E+01  0.11953E-01 -0.27892E-01 -0.13107E-01  0.43203E-01  0.10565E+00  0.14466E+00  0.15162E+00  0.13475E+00  0.10734E+00  0.79490E-01  0.56107E-01  0.38316E-01  0.25458E-01  0.16394E-01  0.10112E-01  0.58687E-02
 0.18000E+01  0.14272E-01 -0.30030E-01 -0.20478E-01  0.32298E-01  0.94286E-01  0.13550E+00  0.14579E+00  0.13199E+00  0.10669E+00  0.79990E-01  0.57047E-01  0.39297E-01  0.26296E-01  0.17032E-01  0.10552E-01  0.61455E-02
 0.20000E+01  0.15648E-01 -0.31109E-01 -0.25453E-01  0.24009E-01  0.84833E-01  0.12716E+00  0.13984E+00  0.12854E+00  0.10516E+00  0.79625E-01  0.57260E-01  0.39717E-01  0.26728E-01  0.17390E-01  0.10812E-01  0.63139E-02
 0.22000E+01  0.16411E-01 -0.31549E-01 -0.28840E-01  0.17588E-01  0.76885E-01  0.11963E+00  0.13405E+00  0.12480E+00  0.10312E+00  0.78727E-01  0.57003E-01  0.39763E-01  0.26882E-01  0.17555E-01  0.10946E-01  0.64060E-02
 0.24000E+01  0.16775E-01 -0.31600E-01 -0.31155E-01  0.12526E-01  0.70136E-01  0.11288E+00  0.12854E+00  0.12099E+00  0.10083E+00  0.77511E-01  0.56446E-01  0.39561E-01  0.26849E-01  0.17587E-01  0.10992E-01  0.64447E-02
 0.26000E+01  0.16877E-01 -0.31412E-01 -0.32735E-01  0.84625E-02  0.64333E-01  0.10678E+00  0.12335E+00  0.11722E+00  0.98410E-01  0.76107E-01  0.55698E-01  0.39196E-01  0.26689E-01  0.17527E-01  0.10977E-01  0.64457E-02
 0.28000E+01  0.16800E-01 -0.31076E-01 -0.33798E-01  0.51492E-02  0.59284E-01  0.10126E+00  0.11849E+00  0.11355E+00  0.95952E-01  0.74598E-01  0.54830E-01  0.38722E-01  0.26441E-01  0.17404E-01  0.10919E-01  0.64202E-02
 0.30000E+01  0.16539E-01 -0.30448E-01 -0.34509E-01  0.18664E-02  0.53809E-01  0.94961E-01  0.11271E+00  0.10903E+00  0.92788E-01  0.72552E-01  0.53578E-01  0.37983E-01  0.26017E-01  0.17167E-01  0.10791E-01  0.63541E-02
 0.00000E+00  0.84730E+00  0.28370E+00 -0.98671E-01 -0.22055E+00 -0.15944E+00 -0.43160E-01  0.43604E-01  0.79610E-01  0.79521E-01  0.63884E-01  0.45915E-01  0.30998E-01  0.20109E-01  0.12605E-01  0.75791E-02  0.43046E-02
 0.20000E+00  0.25514E+00  0.44956E+00  0.45147E+00  0.29905E+00  0.10229E+00 -0.45956E-01 -0.11496E+00 -0.12246E+00 -0.10015E+00 -0.71457E-01 -0.47176E-01 -0.29780E-01 -0.18272E-01 -0.10930E-01 -0.63226E-02 -0.34804E-02
 0.40000E+00 -0.56353E-01  0.22943E+00  0.36898E+00  0.34381E+00  0.22260E+00  0.91646E-01  0.12871E-02 -0.41140E-01 -0.50636E-01 -0.44506E-01 -0.33941E-01 -0.24006E-01 -0.16188E-01 -0.10478E-01 -0.64668E-02 -0.37489E-02
 0.60000E+00 -0.56308E-01  0.92050E-01  0.20155E+00  0.24080E+00  0.21727E+00  0.16130E+00  0.10249E+00  0.56927E-01  0.27786E-01  0.11621E-01  0.36655E-02  0.21923E-03 -0.99048E-03 -0.11876E-02 -0.98557E-03 -0.68045E-03
 0.80000E+00 -0.27756E-01  0.26885E-01  0.99151E-01  0.15971E+00  0.18678E+00  0.17790E+00  0.14588E+00  0.10702E+00  0.72485E-01  0.46530E-01  0.28904E-01  0.17613E-01  0.10587E-01  0.62571E-02  0.35937E-02  0.19697E-02
 0.10000E+01 -0.89636E-02 -0.25135E-02  0.45229E-01  0.10983E+00  0.15873E+00  0.17413E+00  0.15899E+00  0.12750E+00  0.93373E-01  0.64349E-01  0.42675E-01  0.27620E-01  0.17536E-01  0.10876E-01  0.65086E-02  0.36897E-02
 0.12000E+01  0.18128E-02 -0.16618E-01  0.15652E-01  0.78730E-01  0.13673E+00  0.16482E+00  0.16018E+00  0.13473E+00  0.10265E+00  0.73214E-01  0.50037E-01  0.33247E-01  0.21589E-01  0.13645E-01  0.82918E-02  0.47575E-02
 0.14000E+01  0.81341E-02 -0.23931E-01 -0.19432E-02  0.57950E-01  0.11950E+00  0.15456E+00  0.15680E+00  0.13612E+00  0.10641E+00  0.77570E-01  0.54020E-01  0.36475E-01  0.24007E-01  0.15342E-01  0.94058E-02  0.54338E-02
 0.16000E+01  0.11953E-01 -0.27892E-01 -0.13107E-01  0.43203E-01  0.10565E+00  0.14466E+00  0.15162E+00  0.13475E+00  0.10734E+00  0.79490E-01  0.56107E-01  0.38316E-01  0.25458E-01  0.16394E-01  0.10112E-01  0.58687E-02
 0.18000E+01  0.14272E-01 -0.30030E-01 -0.20478E-01  0.32298E-01  0.94286E-01  0.13550E+00  0.14579E+00  0.13199E+00  0.10669E+00  0.79990E-01  0.57047E-01  0.39297E-01  0.26296E-01  0.17032E-01  0.10552E-01  0.61455E-02
 0.20000E+01  0.15648E-01 -0.31109E-01 -0.25453E-01  0.24009E-01  0.84833E-01  0.12716E+00  0.13984E+00  0.12854E+00  0.10516E+00  0.79625E-01  0.57260E-01  0.39717E-01  0.26728E-01  0.17390E-01  0.10812E-01  0.63139E-02
 0.22000E+01  0.16411E-01 -0.31549E-01 -0.28840E-01  0.17588E-01  0.76885E-01  0.11963E+00  0.13405E+00  0.12480E+00  0.10312E+00  0.78727E-01  0.57003E-01  0.39763E-01  0.26882E-01  0.17555E-01  0.10946E-01  0.64060E-02
 0.24000E+01  0.16775E-01 -0.31600E-01 -0.31155E-01  0.12526E-01  0.70136E-01  0.11288E+00  0.12854E+00  0.12099E+00  0.10083E+00  0.77511E-01  0.56446E-01  0.39561E-01  0.26849E-01  0.17587E-01  0.10992E-01  0.64447E-02
 0.26000E+01  0.16877E-01 -0.31412E-01 -0.32735E-01  0.84625E-02  0.64333E-01  0.10678E+00  0.12335E+00  0.11722E+00  0.98410E-01  0.76107E-01  0.55698E-01  0.39196E-01  0.26689E-01  0.17527E-01  0.10977E-01  0.64457E-02
 0.28000E+01  0.16800E-01 -0.31076E-01 -0.33798E-01  0.51492E-02  0.59284E-01  0.10126E+00  0.11849E+00  0.11355E+00  0.95952E-01  0.74598E-01  0.54830E-01  0.38722E-01  0.26441E-01  0.17404E-01  0.10919E-01  0.64202E-02
 0.30000E+01  0.16539E-01 -0.30448E-01 -0.34509E-01  0.18664E-02  0.53809E-01  0.94961E-01  0.11271E+00  0.10903E+00  0.92788E-01  0.72552E-01  0.53578E-01  0.37983E-01  0.26017E-01  0.17167E-01  0.10791E-01  0.63541E-02
