 0.00000E+00  0.54777E+00  0.34249E+00  0.46549E-01 -0.91198E-01 -0.87194E-01 -0.43042E-01 -0.97553E-02  0.55488E-02  0.95758E-02  0.88165E-02  0.67455E-02  0.47295E-02  0.31500E-02  0.20155E-02  0.12104E-02  0.61917E-03
 0.20000E+00  0.47689E+00  0.45180E+00  0.27339E+00  0.10511E+00  0.14691E-01 -0.17639E-01 -0.22873E-01 -0.19017E-01 -0.13671E-01 -0.92160E-02 -0.60150E-02 -0.38531E-02 -0.24359E-02 -0.15157E-02 -0.89878E-03 -0.45747E-03
 0.40000E+00  0.64853E-01  0.24532E+00  0.32765E+00  0.26351E+00  0.14832E+00  0.58826E-01  0.10726E-01 -0.81367E-02 -0.12330E-01 -0.10984E-01 -0.83063E-02 -0.58155E-02 -0.38938E-02 -0.25174E-02 -0.15316E-02 -0.79263E-03
 0.60000E+00 -0.10373E+00  0.10822E+00  0.28062E+00  0.29071E+00  0.20635E+00  0.11752E+00  0.57873E-01  0.25686E-01  0.10491E-01  0.38998E-02  0.12115E-02  0.19354E-03 -0.13831E-03 -0.20325E-03 -0.17074E-03 -0.10445E-03
 0.80000E+00 -0.14468E+00  0.18611E-01  0.19415E+00  0.25485E+00  0.22119E+00  0.15845E+00  0.10298E+00  0.63879E-01  0.38929E-01  0.23639E-01  0.14369E-01  0.87467E-02  0.53236E-02  0.32184E-02  0.18672E-02  0.93561E-03
 0.10000E+01 -0.10934E+00 -0.27711E-01  0.10346E+00  0.19132E+00  0.20845E+00  0.18024E+00  0.13686E+00  0.96003E-01  0.64181E-01  0.41696E-01  0.26617E-01  0.16789E-01  0.10487E-01  0.64599E-02  0.37976E-02  0.19201E-02
 0.12000E+01 -0.55763E-01 -0.46501E-01  0.33656E-01  0.13173E+00  0.18573E+00  0.18628E+00  0.15534E+00  0.11578E+00  0.80519E-01  0.53686E-01  0.34875E-01  0.22266E-01  0.14026E-01  0.86903E-02  0.51295E-02  0.26004E-02
 0.14000E+01 -0.13241E-01 -0.52761E-01 -0.11415E-01  0.88081E-01  0.16380E+00  0.18327E+00  0.16181E+00  0.12467E+00  0.88479E-01  0.59764E-01  0.39163E-01  0.25156E-01  0.15917E-01  0.98955E-02  0.58558E-02  0.29740E-02
 0.16000E+01  0.14491E-01 -0.54017E-01 -0.38378E-01  0.58563E-01  0.14526E+00  0.17586E+00  0.16098E+00  0.12650E+00  0.90855E-01  0.61851E-01  0.40757E-01  0.26296E-01  0.16702E-01  0.10420E-01  0.61858E-02  0.31496E-02
 0.18000E+01  0.31147E-01 -0.53361E-01 -0.54061E-01  0.38635E-01  0.12979E+00  0.16649E+00  0.15613E+00  0.12427E+00  0.89959E-01  0.61577E-01  0.40755E-01  0.26398E-01  0.16833E-01  0.10546E-01  0.62862E-02  0.32114E-02
 0.20000E+01  0.40256E-01 -0.51856E-01 -0.62612E-01  0.25020E-01  0.11657E+00  0.15615E+00  0.14892E+00  0.11959E+00  0.87066E-01  0.59861E-01  0.39780E-01  0.25875E-01  0.16577E-01  0.10440E-01  0.62567E-02  0.32106E-02
 0.22000E+01  0.44318E-01 -0.50008E-01 -0.66636E-01  0.15597E-01  0.10506E+00  0.14544E+00  0.14041E+00  0.11349E+00  0.82995E-01  0.57288E-01  0.38227E-01  0.24982E-01  0.16093E-01  0.10200E-01  0.61536E-02  0.31748E-02
 0.24000E+01  0.44858E-01 -0.47994E-01 -0.67588E-01  0.90791E-02  0.94775E-01  0.13456E+00  0.13108E+00  0.10647E+00  0.78159E-01  0.54162E-01  0.36306E-01  0.23858E-01  0.15472E-01  0.98837E-02  0.60111E-02  0.31216E-02
 0.26000E+01  0.42810E-01 -0.45889E-01 -0.66323E-01  0.46761E-02  0.85412E-01  0.12358E+00  0.12117E+00  0.98792E-01  0.72778E-01  0.50643E-01  0.34126E-01  0.22575E-01  0.14760E-01  0.95186E-02  0.58454E-02  0.30593E-02
 0.28000E+01  0.38816E-01 -0.43743E-01 -0.63431E-01  0.18335E-02  0.76725E-01  0.11252E+00  0.11082E+00  0.90623E-01  0.66987E-01  0.46830E-01  0.31755E-01  0.21175E-01  0.13981E-01  0.91199E-02  0.56647E-02  0.29914E-02
 0.30000E+01  0.35542E-01 -0.41614E-01 -0.61106E-01 -0.15150E-02  0.67874E-01  0.10158E+00  0.10071E+00  0.82699E-01  0.61384E-01  0.43138E-01  0.29447E-01  0.19799E-01  0.13203E-01  0.87090E-02  0.54687E-02  0.29123E-02
