 0.00000E+00  0.75927E+00  0.28717E+00 -0.11918E+00 -0.15076E+00 -0.35840E-01  0.34374E-01  0.47639E-01  0.38440E-01  0.26255E-01  0.16704E-01  0.10242E-01  0.61297E-02  0.35958E-02  0.20614E-02  0.11252E-02  0.53467E-03
 0.20000E+00  0.37923E+00  0.49890E+00  0.36513E+00  0.12841E+00 -0.21948E-01 -0.65918E-01 -0.59492E-01 -0.42006E-01 -0.27096E-01 -0.16838E-01 -0.10283E-01 -0.62194E-02 -0.37350E-02 -0.22188E-02 -0.12642E-02 -0.62453E-03
 0.40000E+00 -0.14010E+00  0.27976E+00  0.46886E+00  0.31961E+00  0.11170E+00  0.59594E-03 -0.30994E-01 -0.30299E-01 -0.22122E-01 -0.14497E-01 -0.89933E-02 -0.53801E-02 -0.31212E-02 -0.17510E-02 -0.92830E-03 -0.42894E-03
 0.60000E+00 -0.12350E+00  0.93113E-01  0.27536E+00  0.29021E+00  0.20899E+00  0.12564E+00  0.70451E-01  0.39038E-01  0.21877E-01  0.12463E-01  0.72089E-02  0.42240E-02  0.25010E-02  0.14847E-02  0.85145E-03  0.42318E-03
 0.80000E+00 -0.27587E-01 -0.88963E-02  0.10616E+00  0.21931E+00  0.24250E+00  0.19717E+00  0.13614E+00  0.86524E-01  0.52803E-01  0.31540E-01  0.18571E-01  0.10797E-01  0.61913E-02  0.34798E-02  0.18641E-02  0.87079E-03
 0.10000E+01  0.30958E-01 -0.51043E-01  0.14807E-01  0.16320E+00  0.23713E+00  0.21680E+00  0.15920E+00  0.10470E+00  0.65077E-01  0.39169E-01  0.23047E-01  0.13288E-01  0.74923E-02  0.41005E-02  0.21214E-02  0.95704E-03
 0.12000E+01  0.55717E-01 -0.65165E-01 -0.27139E-01  0.12566E+00  0.21755E+00  0.21070E+00  0.15911E+00  0.10624E+00  0.66549E-01  0.40170E-01  0.23610E-01  0.13544E-01  0.75635E-02  0.40762E-02  0.20650E-02  0.91103E-03
 0.14000E+01  0.63241E-01 -0.67904E-01 -0.45093E-01  0.10014E+00  0.19463E+00  0.19456E+00  0.14906E+00  0.10031E+00  0.63105E-01  0.38169E-01  0.22443E-01  0.12860E-01  0.71616E-02  0.38409E-02  0.19322E-02  0.84600E-03
 0.16000E+01  0.62666E-01 -0.65997E-01 -0.51538E-01  0.81868E-01  0.17202E+00  0.17504E+00  0.13512E+00  0.91289E-01  0.57584E-01  0.34908E-01  0.20572E-01  0.11820E-01  0.66054E-02  0.35596E-02  0.18021E-02  0.79441E-03
 0.18000E+01  0.58145E-01 -0.62093E-01 -0.52109E-01  0.68071E-01  0.15060E+00  0.15462E+00  0.11968E+00  0.80987E-01  0.51181E-01  0.31118E-01  0.18422E-01  0.10656E-01  0.60133E-02  0.32866E-02  0.16953E-02  0.76224E-03
 0.20000E+01  0.51658E-01 -0.57343E-01 -0.49514E-01  0.57240E-01  0.13061E+00  0.13438E+00  0.10391E+00  0.70280E-01  0.44479E-01  0.27153E-01  0.16190E-01  0.94695E-02  0.54318E-02  0.30382E-02  0.16139E-02  0.74747E-03
 0.22000E+01  0.44230E-01 -0.52295E-01 -0.45161E-01  0.48508E-01  0.11207E+00  0.11483E+00  0.88367E-01  0.59616E-01  0.37776E-01  0.23192E-01  0.13976E-01  0.83100E-02  0.48803E-02  0.28185E-02  0.15557E-02  0.74704E-03
 0.24000E+01  0.36399E-01 -0.47242E-01 -0.39854E-01  0.41314E-01  0.94918E-01  0.96196E-01  0.73332E-01  0.49226E-01  0.31229E-01  0.19327E-01  0.11829E-01  0.71993E-02  0.43658E-02  0.26265E-02  0.15170E-02  0.75782E-03
 0.26000E+01  0.28470E-01 -0.42277E-01 -0.34028E-01  0.35238E-01  0.78943E-01  0.78440E-01  0.58853E-01  0.39167E-01  0.24878E-01  0.15584E-01  0.97587E-02  0.61398E-02  0.38859E-02  0.24583E-02  0.14938E-02  0.77714E-03
 0.28000E+01  0.20526E-01 -0.37462E-01 -0.27920E-01  0.30007E-01  0.63965E-01  0.61488E-01  0.44914E-01  0.29442E-01  0.18729E-01  0.11963E-01  0.77631E-02  0.51263E-02  0.34349E-02  0.23082E-02  0.14816E-02  0.80210E-03
 0.30000E+01  0.13935E-01 -0.33399E-01 -0.23582E-01  0.24118E-01  0.49933E-01  0.46258E-01  0.32638E-01  0.20961E-01  0.13381E-01  0.88012E-02  0.59999E-02  0.42087E-02  0.30043E-02  0.21423E-02  0.14431E-02  0.80673E-03
