 0.00000E+00  0.82792E+00  0.34141E+00 -0.27822E-01 -0.18554E+00 -0.17042E+00 -0.81871E-01  0.11213E-03  0.44592E-01  0.55792E-01  0.49092E-01  0.36888E-01  0.25427E-01  0.16630E-01  0.10447E-01  0.62819E-02  0.35667E-02
 0.20000E+00  0.23995E+00  0.36239E+00  0.36511E+00  0.26429E+00  0.12478E+00  0.88641E-02 -0.56026E-01 -0.75332E-01 -0.68218E-01 -0.51797E-01 -0.35666E-01 -0.23205E-01 -0.14578E-01 -0.88979E-02 -0.52411E-02 -0.29319E-02
 0.40000E+00  0.60740E-02  0.22544E+00  0.33216E+00  0.30842E+00  0.20516E+00  0.91137E-01  0.96111E-02 -0.30705E-01 -0.41181E-01 -0.36755E-01 -0.27799E-01 -0.19267E-01 -0.12669E-01 -0.79982E-02 -0.48307E-02 -0.27526E-02
 0.60000E+00 -0.55144E-01  0.12858E+00  0.24643E+00  0.26964E+00  0.22066E+00  0.14421E+00  0.75969E-01  0.30515E-01  0.65265E-02 -0.33275E-02 -0.58923E-02 -0.54779E-02 -0.42059E-02 -0.29196E-02 -0.18763E-02 -0.11151E-02
 0.80000E+00 -0.52103E-01  0.44277E-01  0.13464E+00  0.19015E+00  0.20122E+00  0.17742E+00  0.13689E+00  0.95453E-01  0.61771E-01  0.37983E-01  0.22653E-01  0.13310E-01  0.77638E-02  0.44866E-02  0.25378E-02  0.13777E-02
 0.10000E+01 -0.25693E-01 -0.29710E-02  0.52234E-01  0.11739E+00  0.16465E+00  0.17899E+00  0.16332E+00  0.13100E+00  0.95552E-01  0.65172E-01  0.42523E-01  0.26985E-01  0.16794E-01  0.10233E-01  0.60377E-02  0.33864E-02
 0.12000E+01 -0.63860E-02 -0.22325E-01  0.91421E-02  0.71739E-01  0.13211E+00  0.16456E+00  0.16365E+00  0.13960E+00  0.10680E+00  0.75714E-01  0.51002E-01  0.33226E-01  0.21123E-01  0.13090E-01  0.78240E-02  0.44314E-02
 0.14000E+01  0.37970E-02 -0.29099E-01 -0.11131E-01  0.45862E-01  0.10851E+00  0.14782E+00  0.15450E+00  0.13634E+00  0.10703E+00  0.77483E-01  0.53107E-01  0.35097E-01  0.22573E-01  0.14117E-01  0.84974E-02  0.48382E-02
 0.16000E+01  0.88133E-02 -0.31054E-01 -0.20768E-01  0.30789E-01  0.91896E-01  0.13319E+00  0.14373E+00  0.12957E+00  0.10338E+00  0.75840E-01  0.52557E-01  0.35053E-01  0.22712E-01  0.14288E-01  0.86386E-02  0.49352E-02
 0.18000E+01  0.11263E-01 -0.31200E-01 -0.25523E-01  0.21415E-01  0.79868E-01  0.12117E+00  0.13371E+00  0.12232E+00  0.98712E-01  0.73084E-01  0.51040E-01  0.34260E-01  0.22314E-01  0.14095E-01  0.85487E-02  0.48952E-02
 0.20000E+01  0.12416E-01 -0.30657E-01 -0.27913E-01  0.15188E-01  0.70793E-01  0.11129E+00  0.12488E+00  0.11550E+00  0.93994E-01  0.70072E-01  0.49220E-01  0.33197E-01  0.21705E-01  0.13753E-01  0.83608E-02  0.47961E-02
 0.22000E+01  0.12886E-01 -0.29857E-01 -0.29072E-01  0.10825E-01  0.63698E-01  0.10307E+00  0.11718E+00  0.10932E+00  0.89551E-01  0.67123E-01  0.47362E-01  0.32064E-01  0.21029E-01  0.13356E-01  0.81348E-02  0.46729E-02
 0.24000E+01  0.12984E-01 -0.28980E-01 -0.29556E-01  0.76300E-02  0.57975E-01  0.96117E-01  0.11046E+00  0.10377E+00  0.85465E-01  0.64343E-01  0.45570E-01  0.30946E-01  0.20346E-01  0.12948E-01  0.78979E-02  0.45419E-02
 0.26000E+01  0.12869E-01 -0.28100E-01 -0.29654E-01  0.52037E-02  0.53233E-01  0.90133E-01  0.10453E+00  0.98784E-01  0.81725E-01  0.61757E-01  0.43874E-01  0.29871E-01  0.19681E-01  0.12545E-01  0.76621E-02  0.44104E-02
 0.28000E+01  0.12627E-01 -0.27247E-01 -0.29519E-01  0.33069E-02  0.49214E-01  0.84898E-01  0.99246E-01  0.94265E-01  0.78291E-01  0.59352E-01  0.42280E-01  0.28850E-01  0.19043E-01  0.12156E-01  0.74323E-02  0.42817E-02
 0.30000E+01  0.12242E-01 -0.26189E-01 -0.29103E-01  0.14921E-02  0.44959E-01  0.79162E-01  0.93334E-01  0.89137E-01  0.74344E-01  0.56557E-01  0.40406E-01  0.27639E-01  0.18279E-01  0.11686E-01  0.71538E-02  0.41249E-02
 0.00000E+00  0.82792E+00  0.34141E+00 -0.27822E-01 -0.18554E+00 -0.17042E+00 -0.81871E-01  0.11213E-03  0.44592E-01  0.55792E-01  0.49092E-01  0.36888E-01  0.25427E-01  0.16630E-01  0.10447E-01  0.62819E-02  0.35667E-02
 0.20000E+00  0.23995E+00  0.36239E+00  0.36511E+00  0.26429E+00  0.12478E+00  0.88641E-02 -0.56026E-01 -0.75332E-01 -0.68218E-01 -0.51797E-01 -0.35666E-01 -0.23205E-01 -0.14578E-01 -0.88979E-02 -0.52411E-02 -0.29319E-02
 0.40000E+00  0.60740E-02  0.22544E+00  0.33216E+00  0.30842E+00  0.20516E+00  0.91137E-01  0.96111E-02 -0.30705E-01 -0.41181E-01 -0.36755E-01 -0.27799E-01 -0.19267E-01 -0.12669E-01 -0.79982E-02 -0.48307E-02 -0.27526E-02
 0.60000E+00 -0.55144E-01  0.12858E+00  0.24643E+00  0.26964E+00  0.22066E+00  0.14421E+00  0.75969E-01  0.30515E-01  0.65265E-02 -0.33275E-02 -0.58923E-02 -0.54779E-02 -0.42059E-02 -0.29196E-02 -0.18763E-02 -0.11151E-02
 0.80000E+00 -0.52103E-01  0.44277E-01  0.13464E+00  0.19015E+00  0.20122E+00  0.17742E+00  0.13689E+00  0.95453E-01  0.61771E-01  0.37983E-01  0.22653E-01  0.13310E-01  0.77638E-02  0.44866E-02  0.25378E-02  0.13777E-02
 0.10000E+01 -0.25693E-01 -0.29710E-02  0.52234E-01  0.11739E+00  0.16465E+00  0.17899E+00  0.16332E+00  0.13100E+00  0.95552E-01  0.65172E-01  0.42523E-01  0.26985E-01  0.16794E-01  0.10233E-01  0.60377E-02  0.33864E-02
 0.12000E+01 -0.63860E-02 -0.22325E-01  0.91421E-02  0.71739E-01  0.13211E+00  0.16456E+00  0.16365E+00  0.13960E+00  0.10680E+00  0.75714E-01  0.51002E-01  0.33226E-01  0.21123E-01  0.13090E-01  0.78240E-02  0.44314E-02
 0.14000E+01  0.37970E-02 -0.29099E-01 -0.11131E-01  0.45862E-01  0.10851E+00  0.14782E+00  0.15450E+00  0.13634E+00  0.10703E+00  0.77483E-01  0.53107E-01  0.35097E-01  0.22573E-01  0.14117E-01  0.84974E-02  0.48382E-02
 0.16000E+01  0.88133E-02 -0.31054E-01 -0.20768E-01  0.30789E-01  0.91896E-01  0.13319E+00  0.14373E+00  0.12957E+00  0.10338E+00  0.75840E-01  0.52557E-01  0.35053E-01  0.22712E-01  0.14288E-01  0.86386E-02  0.49352E-02
 0.18000E+01  0.11263E-01 -0.31200E-01 -0.25523E-01  0.21415E-01  0.79868E-01  0.12117E+00  0.13371E+00  0.12232E+00  0.98712E-01  0.73084E-01  0.51040E-01  0.34260E-01  0.22314E-01  0.14095E-01  0.85487E-02  0.48952E-02
 0.20000E+01  0.12416E-01 -0.30657E-01 -0.27913E-01  0.15188E-01  0.70793E-01  0.11129E+00  0.12488E+00  0.11550E+00  0.93994E-01  0.70072E-01  0.49220E-01  0.33197E-01  0.21705E-01  0.13753E-01  0.83608E-02  0.47961E-02
 0.22000E+01  0.12886E-01 -0.29857E-01 -0.29072E-01  0.10825E-01  0.63698E-01  0.10307E+00  0.11718E+00  0.10932E+00  0.89551E-01  0.67123E-01  0.47362E-01  0.32064E-01  0.21029E-01  0.13356E-01  0.81348E-02  0.46729E-02
 0.24000E+01  0.12984E-01 -0.28980E-01 -0.29556E-01  0.76300E-02  0.57975E-01  0.96117E-01  0.11046E+00  0.10377E+00  0.85465E-01  0.64343E-01  0.45570E-01  0.30946E-01  0.20346E-01  0.12948E-01  0.78979E-02  0.45419E-02
 0.26000E+01  0.12869E-01 -0.28100E-01 -0.29654E-01  0.52037E-02  0.53233E-01  0.90133E-01  0.10453E+00  0.98784E-01  0.81725E-01  0.61757E-01  0.43874E-01  0.29871E-01  0.19681E-01  0.12545E-01  0.76621E-02  0.44104E-02
 0.28000E+01  0.12627E-01 -0.27247E-01 -0.29519E-01  0.33069E-02  0.49214E-01  0.84898E-01  0.99246E-01  0.94265E-01  0.78291E-01  0.59352E-01  0.42280E-01  0.28850E-01  0.19043E-01  0.12156E-01  0.74323E-02  0.42817E-02
 0.30000E+01  0.12242E-01 -0.26189E-01 -0.29103E-01  0.14921E-02  0.44959E-01  0.79162E-01  0.93334E-01  0.89137E-01  0.74344E-01  0.56557E-01  0.40406E-01  0.27639E-01  0.18279E-01  0.11686E-01  0.71538E-02  0.41249E-02
