 0.00000E+00  0.84869E+00  0.31773E+00 -0.63587E-01 -0.20586E+00 -0.16676E+00 -0.61601E-01  0.25168E-01  0.66376E-01  0.71587E-01  0.59436E-01  0.43319E-01  0.29334E-01  0.18973E-01  0.11828E-01  0.70726E-02  0.39978E-02
 0.20000E+00  0.23116E+00  0.39527E+00  0.40545E+00  0.28448E+00  0.11758E+00 -0.16623E-01 -0.86490E-01 -0.10178E+00 -0.87549E-01 -0.64556E-01 -0.43608E-01 -0.27992E-01 -0.17404E-01 -0.10533E-01 -0.61589E-02 -0.34240E-02
 0.40000E+00 -0.20180E-01  0.22933E+00  0.34959E+00  0.32309E+00  0.20975E+00  0.87061E-01  0.16355E-02 -0.38764E-01 -0.47652E-01 -0.41432E-01 -0.31022E-01 -0.21436E-01 -0.14096E-01 -0.89080E-02 -0.53851E-02 -0.30700E-02
 0.60000E+00 -0.56829E-01  0.11686E+00  0.23240E+00  0.26069E+00  0.21994E+00  0.15041E+00  0.85591E-01  0.40287E-01  0.14577E-01  0.24799E-02 -0.20631E-02 -0.31007E-02 -0.27882E-02 -0.20993E-02 -0.14166E-02 -0.86855E-03
 0.80000E+00 -0.39314E-01  0.37601E-01  0.11966E+00  0.17798E+00  0.19710E+00  0.18060E+00  0.14392E+00  0.10316E+00  0.68396E-01  0.42978E-01  0.26129E-01  0.15602E-01  0.92165E-02  0.53739E-02  0.30574E-02  0.16656E-02
 0.10000E+01 -0.15539E-01 -0.42898E-02  0.46469E-01  0.11315E+00  0.16398E+00  0.18086E+00  0.16599E+00  0.13342E+00  0.97426E-01  0.66556E-01  0.43527E-01  0.27693E-01  0.17270E-01  0.10536E-01  0.62182E-02  0.34864E-02
 0.12000E+01 -0.51172E-03 -0.22513E-01  0.79385E-02  0.72689E-01  0.13517E+00  0.16802E+00  0.16618E+00  0.14095E+00  0.10736E+00  0.75937E-01  0.51129E-01  0.33331E-01  0.21207E-01  0.13149E-01  0.78582E-02  0.44484E-02
 0.14000E+01  0.73602E-02 -0.29817E-01 -0.11451E-01  0.48466E-01  0.11339E+00  0.15289E+00  0.15825E+00  0.13850E+00  0.10809E+00  0.77984E-01  0.53385E-01  0.35284E-01  0.22704E-01  0.14203E-01  0.85473E-02  0.48639E-02
 0.16000E+01  0.11290E-01 -0.32493E-01 -0.21462E-01  0.33399E-01  0.97195E-01  0.13901E+00  0.14838E+00  0.13260E+00  0.10515E+00  0.76865E-01  0.53196E-01  0.35479E-01  0.22998E-01  0.14471E-01  0.87476E-02  0.49947E-02
 0.18000E+01  0.13167E-01 -0.33170E-01 -0.26803E-01  0.23477E-01  0.84847E-01  0.12700E+00  0.13865E+00  0.12578E+00  0.10091E+00  0.74464E-01  0.51942E-01  0.34868E-01  0.22721E-01  0.14356E-01  0.87059E-02  0.49828E-02
 0.20000E+01  0.13947E-01 -0.32946E-01 -0.29675E-01  0.16609E-01  0.75160E-01  0.11672E+00  0.12967E+00  0.11900E+00  0.96319E-01  0.71594E-01  0.50241E-01  0.33894E-01  0.22174E-01  0.14055E-01  0.85438E-02  0.48988E-02
 0.22000E+01  0.14120E-01 -0.32308E-01 -0.31159E-01  0.11669E-01  0.67374E-01  0.10789E+00  0.12157E+00  0.11261E+00  0.91789E-01  0.68621E-01  0.48386E-01  0.32771E-01  0.21508E-01  0.13666E-01  0.83232E-02  0.47791E-02
 0.24000E+01  0.13955E-01 -0.31491E-01 -0.31836E-01  0.80003E-02  0.60984E-01  0.10027E+00  0.11432E+00  0.10670E+00  0.87484E-01  0.65714E-01  0.46517E-01  0.31607E-01  0.20797E-01  0.13241E-01  0.80771E-02  0.46431E-02
 0.26000E+01  0.13597E-01 -0.30610E-01 -0.32028E-01  0.51987E-02  0.55637E-01  0.93627E-01  0.10782E+00  0.10129E+00  0.83456E-01  0.62938E-01  0.44700E-01  0.30453E-01  0.20082E-01  0.12807E-01  0.78225E-02  0.45011E-02
 0.28000E+01  0.13125E-01 -0.29720E-01 -0.31918E-01  0.30119E-02  0.51085E-01  0.87768E-01  0.10197E+00  0.96322E-01  0.79700E-01  0.60312E-01  0.42956E-01  0.29333E-01  0.19378E-01  0.12377E-01  0.75678E-02  0.43581E-02
 0.30000E+01  0.12475E-01 -0.28581E-01 -0.31466E-01  0.93354E-03  0.46263E-01  0.81325E-01  0.95377E-01  0.90641E-01  0.75340E-01  0.57223E-01  0.40879E-01  0.27983E-01  0.18524E-01  0.11849E-01  0.72536E-02  0.41808E-02
 0.00000E+00  0.84869E+00  0.31773E+00 -0.63587E-01 -0.20586E+00 -0.16676E+00 -0.61601E-01  0.25168E-01  0.66376E-01  0.71587E-01  0.59436E-01  0.43319E-01  0.29334E-01  0.18973E-01  0.11828E-01  0.70726E-02  0.39978E-02
 0.20000E+00  0.23116E+00  0.39527E+00  0.40545E+00  0.28448E+00  0.11758E+00 -0.16623E-01 -0.86490E-01 -0.10178E+00 -0.87549E-01 -0.64556E-01 -0.43608E-01 -0.27992E-01 -0.17404E-01 -0.10533E-01 -0.61589E-02 -0.34240E-02
 0.40000E+00 -0.20180E-01  0.22933E+00  0.34959E+00  0.32309E+00  0.20975E+00  0.87061E-01  0.16355E-02 -0.38764E-01 -0.47652E-01 -0.41432E-01 -0.31022E-01 -0.21436E-01 -0.14096E-01 -0.89080E-02 -0.53851E-02 -0.30700E-02
 0.60000E+00 -0.56829E-01  0.11686E+00  0.23240E+00  0.26069E+00  0.21994E+00  0.15041E+00  0.85591E-01  0.40287E-01  0.14577E-01  0.24799E-02 -0.20631E-02 -0.31007E-02 -0.27882E-02 -0.20993E-02 -0.14166E-02 -0.86855E-03
 0.80000E+00 -0.39314E-01  0.37601E-01  0.11966E+00  0.17798E+00  0.19710E+00  0.18060E+00  0.14392E+00  0.10316E+00  0.68396E-01  0.42978E-01  0.26129E-01  0.15602E-01  0.92165E-02  0.53739E-02  0.30574E-02  0.16656E-02
 0.10000E+01 -0.15539E-01 -0.42898E-02  0.46469E-01  0.11315E+00  0.16398E+00  0.18086E+00  0.16599E+00  0.13342E+00  0.97426E-01  0.66556E-01  0.43527E-01  0.27693E-01  0.17270E-01  0.10536E-01  0.62182E-02  0.34864E-02
 0.12000E+01 -0.51172E-03 -0.22513E-01  0.79385E-02  0.72689E-01  0.13517E+00  0.16802E+00  0.16618E+00  0.14095E+00  0.10736E+00  0.75937E-01  0.51129E-01  0.33331E-01  0.21207E-01  0.13149E-01  0.78582E-02  0.44484E-02
 0.14000E+01  0.73602E-02 -0.29817E-01 -0.11451E-01  0.48466E-01  0.11339E+00  0.15289E+00  0.15825E+00  0.13850E+00  0.10809E+00  0.77984E-01  0.53385E-01  0.35284E-01  0.22704E-01  0.14203E-01  0.85473E-02  0.48639E-02
 0.16000E+01  0.11290E-01 -0.32493E-01 -0.21462E-01  0.33399E-01  0.97195E-01  0.13901E+00  0.14838E+00  0.13260E+00  0.10515E+00  0.76865E-01  0.53196E-01  0.35479E-01  0.22998E-01  0.14471E-01  0.87476E-02  0.49947E-02
 0.18000E+01  0.13167E-01 -0.33170E-01 -0.26803E-01  0.23477E-01  0.84847E-01  0.12700E+00  0.13865E+00  0.12578E+00  0.10091E+00  0.74464E-01  0.51942E-01  0.34868E-01  0.22721E-01  0.14356E-01  0.87059E-02  0.49828E-02
 0.20000E+01  0.13947E-01 -0.32946E-01 -0.29675E-01  0.16609E-01  0.75160E-01  0.11672E+00  0.12967E+00  0.11900E+00  0.96319E-01  0.71594E-01  0.50241E-01  0.33894E-01  0.22174E-01  0.14055E-01  0.85438E-02  0.48988E-02
 0.22000E+01  0.14120E-01 -0.32308E-01 -0.31159E-01  0.11669E-01  0.67374E-01  0.10789E+00  0.12157E+00  0.11261E+00  0.91789E-01  0.68621E-01  0.48386E-01  0.32771E-01  0.21508E-01  0.13666E-01  0.83232E-02  0.47791E-02
 0.24000E+01  0.13955E-01 -0.31491E-01 -0.31836E-01  0.80003E-02  0.60984E-01  0.10027E+00  0.11432E+00  0.10670E+00  0.87484E-01  0.65714E-01  0.46517E-01  0.31607E-01  0.20797E-01  0.13241E-01  0.80771E-02  0.46431E-02
 0.26000E+01  0.13597E-01 -0.30610E-01 -0.32028E-01  0.51987E-02  0.55637E-01  0.93627E-01  0.10782E+00  0.10129E+00  0.83456E-01  0.62938E-01  0.44700E-01  0.30453E-01  0.20082E-01  0.12807E-01  0.78225E-02  0.45011E-02
 0.28000E+01  0.13125E-01 -0.29720E-01 -0.31918E-01  0.30119E-02  0.51085E-01  0.87768E-01  0.10197E+00  0.96322E-01  0.79700E-01  0.60312E-01  0.42956E-01  0.29333E-01  0.19378E-01  0.12377E-01  0.75678E-02  0.43581E-02
 0.30000E+01  0.12475E-01 -0.28581E-01 -0.31466E-01  0.93354E-03  0.46263E-01  0.81325E-01  0.95377E-01  0.90641E-01  0.75340E-01  0.57223E-01  0.40879E-01  0.27983E-01  0.18524E-01  0.11849E-01  0.72536E-02  0.41808E-02
