 0.00000E+00  0.84338E+00  0.27700E+00 -0.95518E-01 -0.20121E+00 -0.12855E+00 -0.12145E-01  0.64742E-01  0.87340E-01  0.76269E-01  0.54583E-01  0.34976E-01  0.21093E-01  0.12325E-01  0.70567E-02  0.39422E-02  0.21147E-02
 0.20000E+00  0.27061E+00  0.44438E+00  0.42199E+00  0.25366E+00  0.57354E-01 -0.75492E-01 -0.12285E+00 -0.11182E+00 -0.78975E-01 -0.47616E-01 -0.25746E-01 -0.12879E-01 -0.60700E-02 -0.27097E-02 -0.11371E-02 -0.44015E-03
 0.40000E+00 -0.61441E-01  0.25172E+00  0.39379E+00  0.35006E+00  0.20518E+00  0.59865E-01 -0.31377E-01 -0.65666E-01 -0.64710E-01 -0.50202E-01 -0.34606E-01 -0.22404E-01 -0.14004E-01 -0.85215E-02 -0.50143E-02 -0.28058E-02
 0.60000E+00 -0.75334E-01  0.99220E-01  0.23016E+00  0.27607E+00  0.24351E+00  0.17024E+00  0.95166E-01  0.39904E-01  0.81346E-02 -0.59955E-02 -0.10025E-01 -0.94944E-02 -0.74643E-02 -0.52932E-02 -0.34622E-02 -0.20863E-02
 0.80000E+00 -0.30264E-01  0.14111E-01  0.96452E-01  0.17669E+00  0.21757E+00  0.20896E+00  0.16673E+00  0.11491E+00  0.70521E-01  0.39591E-01  0.20836E-01  0.10495E-01  0.51314E-02  0.24491E-02  0.11367E-02  0.50719E-03
 0.10000E+01  0.16330E-03 -0.18598E-01  0.25644E-01  0.10476E+00  0.17220E+00  0.19833E+00  0.18317E+00  0.14497E+00  0.10282E+00  0.67732E-01  0.42653E-01  0.26222E-01  0.15905E-01  0.95080E-02  0.55340E-02  0.30751E-02
 0.12000E+01  0.13108E-01 -0.27367E-01 -0.52234E-02  0.62383E-01  0.13325E+00  0.17348E+00  0.17488E+00  0.14929E+00  0.11371E+00  0.80186E-01  0.53830E-01  0.35055E-01  0.22340E-01  0.13905E-01  0.83545E-02  0.47561E-02
 0.14000E+01  0.17538E-01 -0.28192E-01 -0.17989E-01  0.38493E-01  0.10559E+00  0.15037E+00  0.16083E+00  0.14414E+00  0.11462E+00  0.84019E-01  0.58349E-01  0.39101E-01  0.25503E-01  0.16164E-01  0.98456E-02  0.56620E-02
 0.16000E+01  0.18644E-01 -0.26923E-01 -0.23307E-01  0.24610E-01  0.86739E-01  0.13230E+00  0.14763E+00  0.13679E+00  0.11192E+00  0.84072E-01  0.59608E-01  0.40627E-01  0.26856E-01  0.17197E-01  0.10556E-01  0.61046E-02
 0.18000E+01  0.18549E-01 -0.25314E-01 -0.25539E-01  0.16056E-01  0.73655E-01  0.11864E+00  0.13665E+00  0.12970E+00  0.10825E+00  0.82687E-01  0.59443E-01  0.40968E-01  0.27318E-01  0.17609E-01  0.10861E-01  0.63040E-02
 0.20000E+01  0.18043E-01 -0.23815E-01 -0.26430E-01  0.10430E-01  0.64202E-01  0.10816E+00  0.12769E+00  0.12343E+00  0.10455E+00  0.80837E-01  0.58691E-01  0.40771E-01  0.27353E-01  0.17714E-01  0.10964E-01  0.63793E-02
 0.22000E+01  0.17414E-01 -0.22506E-01 -0.26698E-01  0.65035E-02  0.57066E-01  0.99879E-01  0.12031E+00  0.11798E+00  0.10108E+00  0.78891E-01  0.57710E-01  0.40329E-01  0.27181E-01  0.17663E-01  0.10961E-01  0.63894E-02
 0.24000E+01  0.16768E-01 -0.21372E-01 -0.26659E-01  0.36202E-02  0.51460E-01  0.93132E-01  0.11409E+00  0.11322E+00  0.97910E-01  0.76987E-01  0.56655E-01  0.39778E-01  0.26907E-01  0.17533E-01  0.10902E-01  0.63645E-02
 0.26000E+01  0.16141E-01 -0.20378E-01 -0.26460E-01  0.14062E-02  0.46888E-01  0.87462E-01  0.10872E+00  0.10900E+00  0.94996E-01  0.75163E-01  0.55587E-01  0.39180E-01  0.26582E-01  0.17360E-01  0.10812E-01  0.63199E-02
 0.28000E+01  0.15540E-01 -0.19494E-01 -0.26173E-01 -0.36120E-03  0.43035E-01  0.82560E-01  0.10399E+00  0.10518E+00  0.92301E-01  0.73425E-01  0.54534E-01  0.38566E-01  0.26232E-01  0.17165E-01  0.10706E-01  0.62642E-02
 0.30000E+01  0.14832E-01 -0.18468E-01 -0.25696E-01 -0.20991E-02  0.38951E-01  0.77208E-01  0.98696E-01  0.10083E+00  0.89149E-01  0.71339E-01  0.53233E-01  0.37783E-01  0.25772E-01  0.16899E-01  0.10556E-01  0.61837E-02
 0.00000E+00  0.84338E+00  0.27700E+00 -0.95518E-01 -0.20121E+00 -0.12855E+00 -0.12145E-01  0.64742E-01  0.87340E-01  0.76269E-01  0.54583E-01  0.34976E-01  0.21093E-01  0.12325E-01  0.70567E-02  0.39422E-02  0.21147E-02
 0.20000E+00  0.27061E+00  0.44438E+00  0.42199E+00  0.25366E+00  0.57354E-01 -0.75492E-01 -0.12285E+00 -0.11182E+00 -0.78975E-01 -0.47616E-01 -0.25746E-01 -0.12879E-01 -0.60700E-02 -0.27097E-02 -0.11371E-02 -0.44015E-03
 0.40000E+00 -0.61441E-01  0.25172E+00  0.39379E+00  0.35006E+00  0.20518E+00  0.59865E-01 -0.31377E-01 -0.65666E-01 -0.64710E-01 -0.50202E-01 -0.34606E-01 -0.22404E-01 -0.14004E-01 -0.85215E-02 -0.50143E-02 -0.28058E-02
 0.60000E+00 -0.75334E-01  0.99220E-01  0.23016E+00  0.27607E+00  0.24351E+00  0.17024E+00  0.95166E-01  0.39904E-01  0.81346E-02 -0.59955E-02 -0.10025E-01 -0.94944E-02 -0.74643E-02 -0.52932E-02 -0.34622E-02 -0.20863E-02
 0.80000E+00 -0.30264E-01  0.14111E-01  0.96452E-01  0.17669E+00  0.21757E+00  0.20896E+00  0.16673E+00  0.11491E+00  0.70521E-01  0.39591E-01  0.20836E-01  0.10495E-01  0.51314E-02  0.24491E-02  0.11367E-02  0.50719E-03
 0.10000E+01  0.16330E-03 -0.18598E-01  0.25644E-01  0.10476E+00  0.17220E+00  0.19833E+00  0.18317E+00  0.14497E+00  0.10282E+00  0.67732E-01  0.42653E-01  0.26222E-01  0.15905E-01  0.95080E-02  0.55340E-02  0.30751E-02
 0.12000E+01  0.13108E-01 -0.27367E-01 -0.52234E-02  0.62383E-01  0.13325E+00  0.17348E+00  0.17488E+00  0.14929E+00  0.11371E+00  0.80186E-01  0.53830E-01  0.35055E-01  0.22340E-01  0.13905E-01  0.83545E-02  0.47561E-02
 0.14000E+01  0.17538E-01 -0.28192E-01 -0.17989E-01  0.38493E-01  0.10559E+00  0.15037E+00  0.16083E+00  0.14414E+00  0.11462E+00  0.84019E-01  0.58349E-01  0.39101E-01  0.25503E-01  0.16164E-01  0.98456E-02  0.56620E-02
 0.16000E+01  0.18644E-01 -0.26923E-01 -0.23307E-01  0.24610E-01  0.86739E-01  0.13230E+00  0.14763E+00  0.13679E+00  0.11192E+00  0.84072E-01  0.59608E-01  0.40627E-01  0.26856E-01  0.17197E-01  0.10556E-01  0.61046E-02
 0.18000E+01  0.18549E-01 -0.25314E-01 -0.25539E-01  0.16056E-01  0.73655E-01  0.11864E+00  0.13665E+00  0.12970E+00  0.10825E+00  0.82687E-01  0.59443E-01  0.40968E-01  0.27318E-01  0.17609E-01  0.10861E-01  0.63040E-02
 0.20000E+01  0.18043E-01 -0.23815E-01 -0.26430E-01  0.10430E-01  0.64202E-01  0.10816E+00  0.12769E+00  0.12343E+00  0.10455E+00  0.80837E-01  0.58691E-01  0.40771E-01  0.27353E-01  0.17714E-01  0.10964E-01  0.63793E-02
 0.22000E+01  0.17414E-01 -0.22506E-01 -0.26698E-01  0.65035E-02  0.57066E-01  0.99879E-01  0.12031E+00  0.11798E+00  0.10108E+00  0.78891E-01  0.57710E-01  0.40329E-01  0.27181E-01  0.17663E-01  0.10961E-01  0.63894E-02
 0.24000E+01  0.16768E-01 -0.21372E-01 -0.26659E-01  0.36202E-02  0.51460E-01  0.93132E-01  0.11409E+00  0.11322E+00  0.97910E-01  0.76987E-01  0.56655E-01  0.39778E-01  0.26907E-01  0.17533E-01  0.10902E-01  0.63645E-02
 0.26000E+01  0.16141E-01 -0.20378E-01 -0.26460E-01  0.14062E-02  0.46888E-01  0.87462E-01  0.10872E+00  0.10900E+00  0.94996E-01  0.75163E-01  0.55587E-01  0.39180E-01  0.26582E-01  0.17360E-01  0.10812E-01  0.63199E-02
 0.28000E+01  0.15540E-01 -0.19494E-01 -0.26173E-01 -0.36120E-03  0.43035E-01  0.82560E-01  0.10399E+00  0.10518E+00  0.92301E-01  0.73425E-01  0.54534E-01  0.38566E-01  0.26232E-01  0.17165E-01  0.10706E-01  0.62642E-02
 0.30000E+01  0.14832E-01 -0.18468E-01 -0.25696E-01 -0.20991E-02  0.38951E-01  0.77208E-01  0.98696E-01  0.10083E+00  0.89149E-01  0.71339E-01  0.53233E-01  0.37783E-01  0.25772E-01  0.16899E-01  0.10556E-01  0.61837E-02
