 0.00000E+00  0.75197E+00  0.32699E+00 -0.64603E-01 -0.13889E+00 -0.70803E-01 -0.14026E-01  0.87789E-02  0.13229E-01  0.11116E-01  0.76240E-02  0.45725E-02  0.24021E-02  0.10330E-02  0.25786E-03 -0.94395E-04 -0.15441E-03
 0.20000E+00  0.35341E+00  0.45775E+00  0.34475E+00  0.14904E+00  0.20320E-01 -0.28504E-01 -0.36195E-01 -0.29910E-01 -0.21192E-01 -0.13764E-01 -0.83614E-02 -0.47715E-02 -0.25314E-02 -0.12075E-02 -0.48445E-03 -0.14778E-03
 0.40000E+00 -0.70700E-01  0.23383E+00  0.37094E+00  0.27912E+00  0.14268E+00  0.57670E-01  0.19147E-01  0.44910E-02 -0.10331E-03 -0.93969E-03 -0.62230E-03 -0.13850E-03  0.21531E-03  0.39432E-03  0.40670E-03  0.28226E-03
 0.60000E+00 -0.87885E-01  0.10939E+00  0.25478E+00  0.25526E+00  0.18630E+00  0.11957E+00  0.73444E-01  0.44490E-01  0.26818E-01  0.16112E-01  0.96315E-02  0.57173E-02  0.33607E-02  0.19417E-02  0.10697E-02  0.51174E-03
 0.80000E+00 -0.60138E-01  0.41420E-01  0.16533E+00  0.21816E+00  0.19748E+00  0.14875E+00  0.10214E+00  0.66655E-01  0.42116E-01  0.25945E-01  0.15597E-01  0.91416E-02  0.52042E-02  0.28483E-02  0.14568E-02  0.64474E-03
 0.10000E+01 -0.34040E-01  0.17378E-02  0.10407E+00  0.18578E+00  0.19587E+00  0.16063E+00  0.11585E+00  0.77869E-01  0.50100E-01  0.31189E-01  0.18839E-01  0.11041E-01  0.62551E-02  0.33880E-02  0.17049E-02  0.74034E-03
 0.12000E+01 -0.15570E-01 -0.21085E-01  0.63786E-01  0.15951E+00  0.18776E+00  0.16207E+00  0.12015E+00  0.82114E-01  0.53427E-01  0.33540E-01  0.20403E-01  0.12041E-01  0.68771E-02  0.37647E-02  0.19212E-02  0.84742E-03
 0.14000E+01 -0.42950E-02 -0.31918E-01  0.39337E-01  0.13804E+00  0.17484E+00  0.15564E+00  0.11736E+00  0.81159E-01  0.53335E-01  0.33826E-01  0.20829E-01  0.12490E-01  0.72913E-02  0.41174E-02  0.21893E-02  0.10090E-02
 0.16000E+01  0.12491E-02 -0.37011E-01  0.24624E-01  0.12149E+00  0.16165E+00  0.14676E+00  0.11192E+00  0.78077E-01  0.51746E-01  0.33137E-01  0.20657E-01  0.12590E-01  0.75153E-02  0.43742E-02  0.24148E-02  0.11548E-02
 0.18000E+01  0.18696E-02 -0.36859E-01  0.18020E-01  0.10804E+00  0.14678E+00  0.13452E+00  0.10338E+00  0.72738E-01  0.48718E-01  0.31635E-01  0.20098E-01  0.12565E-01  0.77579E-02  0.47162E-02  0.27370E-02  0.13696E-02
 0.20000E+01 -0.11327E-02 -0.32712E-01  0.17442E-01  0.96730E-01  0.13042E+00  0.11958E+00  0.92397E-01  0.65646E-01  0.44603E-01  0.29548E-01  0.19289E-01  0.12494E-01  0.80616E-02  0.51644E-02  0.31651E-02  0.16566E-02
 0.22000E+01 -0.63658E-02 -0.27191E-01  0.19826E-01  0.87208E-01  0.11435E+00  0.10423E+00  0.80877E-01  0.58134E-01  0.40219E-01  0.27320E-01  0.18430E-01  0.12425E-01  0.83965E-02  0.56543E-02  0.36319E-02  0.19693E-02
 0.24000E+01 -0.13223E-01 -0.20019E-01  0.24882E-01  0.78844E-01  0.97928E-01  0.87979E-01  0.68525E-01  0.50045E-01  0.35508E-01  0.24952E-01  0.17553E-01  0.12409E-01  0.88151E-02  0.62344E-02  0.41764E-02  0.23319E-02
 0.26000E+01 -0.21101E-01 -0.11884E-01  0.31593E-01  0.71296E-01  0.81441E-01  0.71324E-01  0.55789E-01  0.41707E-01  0.30681E-01  0.22566E-01  0.16720E-01  0.12468E-01  0.93198E-02  0.68969E-02  0.47879E-02  0.27363E-02
 0.28000E+01 -0.29812E-01 -0.30526E-02  0.39543E-01  0.64350E-01  0.64882E-01  0.54344E-01  0.42748E-01  0.33173E-01  0.25764E-01  0.20169E-01  0.15924E-01  0.12588E-01  0.98936E-02  0.76254E-02  0.54530E-02  0.31742E-02
 0.30000E+01 -0.37505E-01  0.48825E-02  0.46298E-01  0.57427E-01  0.49299E-01  0.38510E-01  0.30605E-01  0.25201E-01  0.21129E-01  0.17858E-01  0.15094E-01  0.12611E-01  0.10345E-01  0.82326E-02  0.60176E-02  0.35487E-02
