 0.00000E+00  0.66897E+00  0.34275E+00 -0.18861E-01 -0.12742E+00 -0.85312E-01 -0.32997E-01 -0.62660E-02  0.30355E-02  0.47547E-02  0.39255E-02  0.25976E-02  0.14669E-02  0.68406E-03  0.21514E-03 -0.91733E-05 -0.61866E-04
 0.20000E+00  0.43708E+00  0.45493E+00  0.29690E+00  0.11846E+00  0.16349E-01 -0.19508E-01 -0.24445E-01 -0.19663E-01 -0.13518E-01 -0.84962E-02 -0.49763E-02 -0.27111E-02 -0.13432E-02 -0.56967E-03 -0.17872E-03 -0.26338E-04
 0.40000E+00 -0.49007E-01  0.22693E+00  0.36920E+00  0.29455E+00  0.15974E+00  0.67813E-01  0.23365E-01  0.54397E-02 -0.65398E-03 -0.20570E-02 -0.18492E-02 -0.12584E-02 -0.71623E-03 -0.33572E-03 -0.11815E-03 -0.25371E-04
 0.60000E+00 -0.11499E+00  0.10316E+00  0.27681E+00  0.28477E+00  0.20488E+00  0.12514E+00  0.71214E-01  0.39135E-01  0.20940E-01  0.10863E-01  0.53938E-02  0.24950E-02  0.10081E-02  0.28625E-03 -0.15624E-04 -0.81357E-04
 0.80000E+00 -0.94350E-01  0.37673E-01  0.18577E+00  0.23894E+00  0.20692E+00  0.14763E+00  0.95120E-01  0.57713E-01  0.33500E-01  0.18634E-01  0.98468E-02  0.48348E-02  0.20890E-02  0.67187E-03  0.40561E-04 -0.12328E-03
 0.10000E+01 -0.65576E-01  0.20448E-02  0.11904E+00  0.19283E+00  0.19156E+00  0.14930E+00  0.10190E+00  0.64310E-01  0.38414E-01  0.21846E-01  0.11756E-01  0.58645E-02  0.25749E-02  0.84945E-03  0.69116E-04 -0.14035E-03
 0.12000E+01 -0.42257E-01 -0.17690E-01  0.72206E-01  0.15272E+00  0.16958E+00  0.14025E+00  0.99086E-01  0.63918E-01  0.38768E-01  0.22303E-01  0.12114E-01  0.60939E-02  0.26997E-02  0.90467E-03  0.86087E-04 -0.13845E-03
 0.14000E+01 -0.25519E-01 -0.28175E-01  0.39654E-01  0.11884E+00  0.14537E+00  0.12566E+00  0.90915E-01  0.59508E-01  0.36457E-01  0.21134E-01  0.11554E-01  0.58489E-02  0.26120E-02  0.89017E-03  0.99216E-04 -0.12317E-03
 0.16000E+01 -0.14473E-01 -0.32834E-01  0.17420E-01  0.90325E-01  0.12070E+00  0.10807E+00  0.79606E-01  0.52670E-01  0.32510E-01  0.18960E-01  0.10423E-01  0.53104E-02  0.23947E-02  0.83545E-03  0.11287E-03 -0.97623E-04
 0.18000E+01 -0.80280E-02 -0.33650E-01  0.27771E-02  0.66263E-01  0.96384E-01  0.88902E-01  0.66436E-01  0.44338E-01  0.27541E-01  0.16151E-01  0.89323E-02  0.45872E-02  0.20974E-02  0.75787E-03  0.12935E-03 -0.63897E-04
 0.20000E+01 -0.51610E-02 -0.31895E-01 -0.62514E-02  0.45873E-01  0.72873E-01  0.69042E-01  0.52245E-01  0.35136E-01  0.21959E-01  0.12958E-01  0.72219E-02  0.37523E-02  0.17530E-02  0.66857E-03  0.14965E-03 -0.23771E-04
 0.22000E+01 -0.50079E-02 -0.28455E-01 -0.11122E-01  0.28585E-01  0.50519E-01  0.49191E-01  0.37683E-01  0.25546E-01  0.16082E-01  0.95724E-02  0.54004E-02  0.28612E-02  0.13862E-02  0.57529E-03  0.17382E-03  0.20937E-04
 0.24000E+01 -0.68249E-02 -0.23961E-01 -0.12966E-01  0.13900E-01  0.29524E-01  0.29827E-01  0.23211E-01  0.15914E-01  0.10141E-01  0.61347E-02  0.35462E-02  0.19539E-02  0.10142E-02  0.48316E-03  0.20152E-03  0.68642E-04
 0.26000E+01 -0.10072E-01 -0.18818E-01 -0.12617E-01  0.13287E-02  0.98554E-02  0.11132E-01  0.90415E-02  0.64086E-02  0.42491E-02  0.27163E-02  0.16999E-02  0.10512E-02  0.64613E-03  0.39472E-03  0.23237E-03  0.11839E-03
 0.28000E+01 -0.14407E-01 -0.13266E-01 -0.10635E-01 -0.95441E-02 -0.86459E-02 -0.68995E-02 -0.47812E-02 -0.29214E-02 -0.15550E-02 -0.65850E-03 -0.12392E-03  0.16056E-03  0.28523E-03  0.31092E-03  0.26627E-03  0.16985E-03
 0.30000E+01 -0.16918E-01 -0.94401E-02 -0.10816E-01 -0.19955E-01 -0.24578E-01 -0.21953E-01 -0.16166E-01 -0.10551E-01 -0.62801E-02 -0.33972E-02 -0.16000E-02 -0.55798E-03 -0.43010E-05  0.24536E-03  0.29545E-03  0.21260E-03
