 0.00000E+00  0.80382E+00  0.29063E+00 -0.11255E+00 -0.14249E+00 -0.48643E-01  0.83340E-02  0.23353E-01  0.20508E-01  0.13300E-01  0.68190E-02  0.23702E-02 -0.19731E-03 -0.14267E-02 -0.18081E-02 -0.16230E-02 -0.10533E-02
 0.20000E+00  0.29910E+00  0.49448E+00  0.39159E+00  0.14692E+00 -0.10502E-01 -0.59375E-01 -0.57345E-01 -0.41460E-01 -0.25707E-01 -0.13945E-01 -0.63477E-02 -0.19569E-02  0.30257E-03  0.12521E-02  0.13711E-02  0.95554E-03
 0.40000E+00 -0.90018E-01  0.25204E+00  0.39730E+00  0.29037E+00  0.14337E+00  0.55643E-01  0.17107E-01  0.29718E-02 -0.10024E-02 -0.13239E-02 -0.68577E-03 -0.44924E-04  0.35943E-03  0.52919E-03  0.50427E-03  0.33556E-03
 0.60000E+00 -0.75247E-01  0.10449E+00  0.25495E+00  0.27011E+00  0.20443E+00  0.13177E+00  0.78460E-01  0.44276E-01  0.23602E-01  0.11623E-01  0.49990E-02  0.15442E-02 -0.11134E-03 -0.77571E-03 -0.86600E-03 -0.60648E-03
 0.80000E+00 -0.43947E-01  0.26709E-01  0.15597E+00  0.22966E+00  0.21354E+00  0.15748E+00  0.10279E+00  0.62035E-01  0.34849E-01  0.17953E-01  0.80991E-02  0.27322E-02  0.54187E-04 -0.10777E-02 -0.12839E-02 -0.91675E-03
 0.10000E+01 -0.21774E-01 -0.18815E-01  0.88162E-01  0.18966E+00  0.20341E+00  0.16138E+00  0.11014E+00  0.68633E-01  0.39633E-01  0.21033E-01  0.99133E-02  0.37149E-02  0.53471E-03 -0.87802E-03 -0.12236E-02 -0.90923E-03
 0.12000E+01 -0.85068E-02 -0.45004E-01  0.41925E-01  0.15307E+00  0.18386E+00  0.15334E+00  0.10783E+00  0.68769E-01  0.40627E-01  0.22190E-01  0.10962E-01  0.45743E-02  0.12036E-02 -0.37693E-03 -0.87538E-03 -0.71030E-03
 0.14000E+01 -0.36676E-02 -0.56877E-01  0.12790E-01  0.11989E+00  0.15761E+00  0.13644E+00  0.98315E-01  0.64107E-01  0.38878E-01  0.22043E-01  0.11592E-01  0.54973E-02  0.21562E-02  0.47069E-03 -0.22017E-03 -0.31316E-03
 0.16000E+01 -0.59770E-02 -0.58141E-01 -0.30121E-02  0.89841E-01  0.12671E+00  0.11309E+00  0.83515E-01  0.55961E-01  0.35197E-01  0.21057E-01  0.12051E-01  0.66016E-02  0.34400E-02  0.16769E-02  0.73922E-03  0.27676E-03
 0.18000E+01 -0.13485E-01 -0.52199E-01 -0.92065E-02  0.62713E-01  0.93343E-01  0.85841E-01  0.65427E-01  0.45647E-01  0.30344E-01  0.19610E-01  0.12484E-01  0.79045E-02  0.50112E-02  0.31769E-02  0.19422E-02  0.10194E-02
 0.20000E+01 -0.24261E-01 -0.41978E-01 -0.90600E-02  0.38420E-01  0.59583E-01  0.57081E-01  0.45930E-01  0.34389E-01  0.25012E-01  0.18026E-01  0.12989E-01  0.93848E-02  0.67940E-02  0.48798E-02  0.33087E-02  0.18634E-02
 0.22000E+01 -0.36965E-01 -0.29392E-01 -0.48459E-02  0.16691E-01  0.26599E-01  0.28245E-01  0.26163E-01  0.22932E-01  0.19615E-01  0.16492E-01  0.13614E-01  0.11014E-01  0.87280E-02  0.67181E-02  0.47809E-02  0.27718E-02
 0.24000E+01 -0.50452E-01 -0.15815E-01  0.17176E-02 -0.26986E-02 -0.47451E-02  0.39013E-03  0.69565E-02  0.11804E-01  0.14426E-01  0.15104E-01  0.14351E-01  0.12734E-01  0.10735E-01  0.86143E-02  0.62952E-02  0.37049E-02
 0.26000E+01 -0.64277E-01 -0.18682E-02  0.96609E-02 -0.20268E-01 -0.34495E-01 -0.26322E-01 -0.11500E-01  0.11545E-02  0.95438E-02  0.13918E-01  0.15225E-01  0.14550E-01  0.12811E-01  0.10561E-01  0.78438E-02  0.46575E-02
 0.28000E+01 -0.78259E-01  0.12058E-01  0.18392E-01 -0.36377E-01 -0.62749E-01 -0.51864E-01 -0.29150E-01 -0.89702E-02  0.49946E-02  0.12941E-01  0.16232E-01  0.16452E-01  0.14944E-01  0.12545E-01  0.94167E-02  0.56233E-02
 0.30000E+01 -0.89705E-01  0.22833E-01  0.23916E-01 -0.51614E-01 -0.87580E-01 -0.73859E-01 -0.44165E-01 -0.17482E-01  0.12482E-02  0.12223E-01  0.17180E-01  0.18138E-01  0.16809E-01  0.14268E-01  0.10778E-01  0.64581E-02
