 0.00000E+00  0.69167E+00  0.33254E+00 -0.42842E-01 -0.13769E+00 -0.78756E-01 -0.19132E-01  0.74842E-02  0.13847E-01  0.12381E-01  0.90008E-02  0.58632E-02  0.35242E-02  0.19612E-02  0.99561E-03  0.44637E-03  0.16736E-03
 0.20000E+00  0.42353E+00  0.46099E+00  0.31019E+00  0.12248E+00  0.10371E-01 -0.28887E-01 -0.32740E-01 -0.25573E-01 -0.17277E-01 -0.10719E-01 -0.62188E-02 -0.33674E-02 -0.16657E-02 -0.71124E-03 -0.22951E-03 -0.38990E-04
 0.40000E+00 -0.70198E-01  0.23822E+00  0.39435E+00  0.30605E+00  0.15385E+00  0.53861E-01  0.89993E-02 -0.62181E-02 -0.91476E-02 -0.79093E-02 -0.57585E-02 -0.38225E-02 -0.23783E-02 -0.13985E-02 -0.76579E-03 -0.36243E-03
 0.60000E+00 -0.12189E+00  0.10507E+00  0.28536E+00  0.29232E+00  0.20755E+00  0.12356E+00  0.67433E-01  0.34788E-01  0.16912E-01  0.75032E-02  0.27559E-02  0.50331E-03 -0.45474E-03 -0.75853E-03 -0.71300E-03 -0.46805E-03
 0.80000E+00 -0.85747E-01  0.30865E-01  0.17568E+00  0.23821E+00  0.21377E+00  0.15542E+00  0.10044E+00  0.60260E-01  0.34105E-01  0.18173E-01  0.89361E-02  0.38296E-02  0.11654E-02 -0.94061E-04 -0.52436E-03 -0.45593E-03
 0.10000E+01 -0.45503E-01 -0.99315E-02  0.95137E-01  0.18351E+00  0.19795E+00  0.16096E+00  0.11191E+00  0.70807E-01  0.41902E-01  0.23339E-01  0.12111E-01  0.56549E-02  0.21397E-02  0.37597E-03 -0.32965E-03 -0.39154E-03
 0.12000E+01 -0.15100E-01 -0.32060E-01  0.39428E-01  0.13585E+00  0.17274E+00  0.15179E+00  0.11031E+00  0.71912E-01  0.43586E-01  0.24838E-01  0.13236E-01  0.64276E-02  0.26395E-02  0.68371E-03 -0.15258E-03 -0.30414E-03
 0.14000E+01  0.54378E-02 -0.43255E-01  0.15353E-02  0.95612E-01  0.14388E+00  0.13471E+00  0.10120E+00  0.67410E-01  0.41564E-01  0.24080E-01  0.13081E-01  0.65303E-02  0.28291E-02  0.87842E-03  0.51812E-05 -0.20707E-03
 0.16000E+01  0.18114E-01 -0.47721E-01 -0.23764E-01  0.61796E-01  0.11405E+00  0.11345E+00  0.87766E-01  0.59574E-01  0.37292E-01  0.21928E-01  0.12122E-01  0.62057E-02  0.28157E-02  0.99500E-03  0.14557E-03 -0.10697E-03
 0.18000E+01  0.24860E-01 -0.47896E-01 -0.40078E-01  0.33277E-01  0.84538E-01  0.90091E-01  0.71891E-01  0.49764E-01  0.31653E-01  0.18912E-01  0.10656E-01  0.56056E-02  0.26675E-02  0.10566E-02  0.27089E-03 -0.73109E-05
 0.20000E+01  0.27229E-01 -0.45296E-01 -0.49913E-01  0.91066E-02  0.56022E-01  0.65913E-01  0.54754E-01  0.38850E-01  0.25216E-01  0.15376E-01  0.88776E-02  0.48311E-02  0.24309E-02  0.10795E-02  0.38350E-03  0.90118E-04
 0.22000E+01  0.26407E-01 -0.40941E-01 -0.55040E-01 -0.11393E-01  0.28982E-01  0.41829E-01  0.37204E-01  0.27463E-01  0.18395E-01  0.11573E-01  0.69286E-02  0.39560E-02  0.21394E-02  0.10758E-02  0.48499E-03  0.18390E-03
 0.24000E+01  0.23334E-01 -0.35522E-01 -0.56772E-01 -0.28805E-01  0.36700E-02  0.18426E-01  0.19809E-01  0.16028E-01  0.11475E-01  0.76761E-02  0.49086E-02  0.30324E-02  0.18175E-02  0.10541E-02  0.57689E-03  0.27328E-03
 0.26000E+01  0.18668E-01 -0.29476E-01 -0.56065E-01 -0.43704E-01 -0.19962E-01 -0.40855E-02  0.28225E-02  0.47524E-02  0.45996E-02  0.37765E-02  0.28703E-02  0.20890E-02  0.14790E-02  0.10201E-02  0.66061E-03  0.35819E-03
 0.28000E+01  0.12831E-01 -0.23063E-01 -0.53566E-01 -0.56579E-01 -0.42101E-01 -0.25708E-01 -0.13698E-01 -0.63015E-02 -0.21832E-02 -0.93187E-04  0.83415E-03  0.11371E-02  0.11295E-02  0.97622E-03  0.73683E-03  0.43870E-03
 0.30000E+01  0.88291E-02 -0.18440E-01 -0.53031E-01 -0.68445E-01 -0.61015E-01 -0.43818E-01 -0.27437E-01 -0.15477E-01 -0.78186E-02 -0.33193E-02 -0.87527E-03  0.32647E-03  0.82039E-03  0.92379E-03  0.78823E-03  0.49854E-03
