 0.00000E+00  0.63411E+00  0.34859E+00  0.46324E-02 -0.11337E+00 -0.81268E-01 -0.32416E-01 -0.64043E-02  0.26654E-02  0.42159E-02  0.32790E-02  0.19236E-02  0.83598E-03  0.13673E-03 -0.23527E-03 -0.34986E-03 -0.26994E-03
 0.20000E+00  0.46855E+00  0.45779E+00  0.28153E+00  0.10661E+00  0.13252E-01 -0.18077E-01 -0.22081E-01 -0.17751E-01 -0.12288E-01 -0.77993E-02 -0.46206E-02 -0.25534E-02 -0.12904E-02 -0.56218E-03 -0.18196E-03 -0.27555E-04
 0.40000E+00 -0.34824E-01  0.21920E+00  0.35317E+00  0.28297E+00  0.15234E+00  0.62717E-01  0.20362E-01  0.43263E-02 -0.42367E-03 -0.10642E-02 -0.54438E-03  0.66174E-04  0.47292E-03  0.65215E-03  0.62293E-03  0.42037E-03
 0.60000E+00 -0.11872E+00  0.93793E-01  0.26608E+00  0.27565E+00  0.19831E+00  0.12186E+00  0.71159E-01  0.41350E-01  0.24260E-01  0.14399E-01  0.86312E-02  0.52132E-02  0.31637E-02  0.19138E-02  0.11131E-02  0.55926E-03
 0.80000E+00 -0.96544E-01  0.31716E-01  0.17666E+00  0.23156E+00  0.20527E+00  0.15157E+00  0.10234E+00  0.65972E-01  0.41324E-01  0.25289E-01  0.15129E-01  0.88354E-02  0.50172E-02  0.27399E-02  0.13962E-02  0.61439E-03
 0.10000E+01 -0.63346E-01  0.75024E-03  0.11395E+00  0.19104E+00  0.19791E+00  0.16192E+00  0.11666E+00  0.78295E-01  0.50261E-01  0.31183E-01  0.18759E-01  0.10941E-01  0.61615E-02  0.33089E-02  0.16427E-02  0.70063E-03
 0.12000E+01 -0.38079E-01 -0.14348E-01  0.74169E-01  0.15972E+00  0.18521E+00  0.16114E+00  0.12036E+00  0.82642E-01  0.53910E-01  0.33886E-01  0.20642E-01  0.12212E-01  0.70035E-02  0.38583E-02  0.19839E-02  0.88104E-03
 0.14000E+01 -0.21076E-01 -0.21326E-01  0.49542E-01  0.13657E+00  0.17170E+00  0.15537E+00  0.11866E+00  0.82694E-01  0.54577E-01  0.34691E-01  0.21401E-01  0.12863E-01  0.75356E-02  0.42762E-02  0.22858E-02  0.10580E-02
 0.16000E+01 -0.11719E-01 -0.22790E-01  0.36292E-01  0.11940E+00  0.15715E+00  0.14537E+00  0.11261E+00  0.79400E-01  0.53029E-01  0.34185E-01  0.21475E-01  0.13222E-01  0.79999E-02  0.47390E-02  0.26695E-02  0.13003E-02
 0.18000E+01 -0.79576E-02 -0.20975E-01  0.30594E-01  0.10650E+00  0.14232E+00  0.13295E+00  0.10399E+00  0.74130E-01  0.50193E-01  0.32944E-01  0.21197E-01  0.13464E-01  0.84769E-02  0.52751E-02  0.31380E-02  0.16037E-02
 0.20000E+01 -0.88305E-02 -0.16624E-01  0.30747E-01  0.96624E-01  0.12680E+00  0.11824E+00  0.93097E-01  0.67211E-01  0.46349E-01  0.31193E-01  0.20739E-01  0.13720E-01  0.90666E-02  0.59586E-02  0.37429E-02  0.19976E-02
 0.22000E+01 -0.12474E-01 -0.11081E-01  0.34263E-01  0.88962E-01  0.11162E+00  0.10290E+00  0.81431E-01  0.59698E-01  0.42145E-01  0.29271E-01  0.20239E-01  0.14011E-01  0.97265E-02  0.67226E-02  0.44190E-02  0.24379E-02
 0.24000E+01 -0.18098E-01 -0.47132E-02  0.40139E-01  0.82841E-01  0.96645E-01  0.87113E-01  0.69246E-01  0.51810E-01  0.37737E-01  0.27282E-01  0.19760E-01  0.14370E-01  0.10474E-01  0.75746E-02  0.51684E-02  0.29247E-02
 0.26000E+01 -0.25123E-01  0.20805E-02  0.47483E-01  0.77704E-01  0.81832E-01  0.71081E-01  0.56773E-01  0.43731E-01  0.33249E-01  0.25295E-01  0.19336E-01  0.14809E-01  0.11308E-01  0.85074E-02  0.59830E-02  0.34521E-02
 0.28000E+01 -0.33575E-01  0.95934E-02  0.56510E-01  0.73374E-01  0.66729E-01  0.54337E-01  0.43662E-01  0.35242E-01  0.28565E-01  0.23268E-01  0.18968E-01  0.15352E-01  0.12263E-01  0.95560E-02  0.68921E-02  0.40387E-02
 0.30000E+01 -0.41053E-01  0.16460E-01  0.64306E-01  0.68658E-01  0.52165E-01  0.38447E-01  0.31295E-01  0.27260E-01  0.24168E-01  0.21366E-01  0.18620E-01  0.15858E-01  0.13154E-01  0.10535E-01  0.77412E-02  0.45867E-02
