 0.00000E+00  0.81747E+00  0.29238E+00 -0.72757E-01 -0.19635E+00 -0.14542E+00 -0.39351E-01  0.40247E-01  0.72083E-01  0.70155E-01  0.54449E-01  0.37595E-01  0.24356E-01  0.15213E-01  0.92394E-02  0.54214E-02  0.30239E-02
 0.20000E+00  0.29767E+00  0.42621E+00  0.39759E+00  0.25089E+00  0.78917E-01 -0.43802E-01 -0.96091E-01 -0.96787E-01 -0.74696E-01 -0.49845E-01 -0.30536E-01 -0.17827E-01 -0.10139E-01 -0.56614E-02 -0.30867E-02 -0.16183E-02
 0.40000E+00 -0.48757E-01  0.24690E+00  0.38556E+00  0.34913E+00  0.21339E+00  0.72574E-01 -0.19737E-01 -0.58049E-01 -0.61249E-01 -0.49616E-01 -0.35472E-01 -0.23729E-01 -0.15261E-01 -0.95084E-02 -0.56989E-02 -0.32330E-02
 0.60000E+00 -0.81677E-01  0.10163E+00  0.23261E+00  0.27347E+00  0.23678E+00  0.16349E+00  0.91578E-01  0.40066E-01  0.10801E-01 -0.24428E-02 -0.67005E-02 -0.68737E-02 -0.56033E-02 -0.40661E-02 -0.27039E-02 -0.16493E-02
 0.80000E+00 -0.38292E-01  0.19627E-01  0.10108E+00  0.17168E+00  0.20405E+00  0.19378E+00  0.15585E+00  0.11028E+00  0.70869E-01  0.42554E-01  0.24492E-01  0.13783E-01  0.76719E-02  0.42279E-02  0.22856E-02  0.11910E-02
 0.10000E+01 -0.67037E-02 -0.12504E-01  0.32489E-01  0.10367E+00  0.16251E+00  0.18491E+00  0.17136E+00  0.13742E+00  0.99487E-01  0.67243E-01  0.43565E-01  0.27548E-01  0.17140E-01  0.10464E-01  0.61904E-02  0.34815E-02
 0.12000E+01  0.79713E-02 -0.22968E-01  0.17924E-02  0.65715E-01  0.13068E+00  0.16666E+00  0.16692E+00  0.14256E+00  0.10913E+00  0.77606E-01  0.52646E-01  0.34668E-01  0.22327E-01  0.14022E-01  0.84837E-02  0.48547E-02
 0.14000E+01  0.14321E-01 -0.25982E-01 -0.12315E-01  0.44256E-01  0.10870E+00  0.14997E+00  0.15784E+00  0.14014E+00  0.11091E+00  0.81223E-01  0.56530E-01  0.38045E-01  0.24944E-01  0.15890E-01  0.97211E-02  0.56095E-02
 0.16000E+01  0.17118E-01 -0.26514E-01 -0.19354E-01  0.31197E-01  0.93314E-01  0.13651E+00  0.14877E+00  0.13565E+00  0.10979E+00  0.81973E-01  0.58004E-01  0.39578E-01  0.26240E-01  0.16863E-01  0.10386E-01  0.60234E-02
 0.18000E+01  0.18340E-01 -0.26190E-01 -0.23155E-01  0.22598E-01  0.82048E-01  0.12573E+00  0.14068E+00  0.13083E+00  0.10763E+00  0.81482E-01  0.58334E-01  0.40189E-01  0.26852E-01  0.17361E-01  0.10742E-01  0.62514E-02
 0.20000E+01  0.18810E-01 -0.25562E-01 -0.25316E-01  0.16559E-01  0.73419E-01  0.11692E+00  0.13360E+00  0.12617E+00  0.10512E+00  0.80429E-01  0.58092E-01  0.40312E-01  0.27089E-01  0.17593E-01  0.10923E-01  0.63728E-02
 0.22000E+01  0.18894E-01 -0.24836E-01 -0.26567E-01  0.12107E-01  0.66566E-01  0.10956E+00  0.12739E+00  0.12183E+00  0.10253E+00  0.79118E-01  0.57546E-01  0.40161E-01  0.27110E-01  0.17668E-01  0.10998E-01  0.64297E-02
 0.24000E+01  0.18770E-01 -0.24094E-01 -0.27284E-01  0.86905E-02  0.60946E-01  0.10327E+00  0.12187E+00  0.11780E+00  0.99985E-01  0.77691E-01  0.56833E-01  0.39848E-01  0.26998E-01  0.17645E-01  0.11008E-01  0.64456E-02
 0.26000E+01  0.18529E-01 -0.23368E-01 -0.27670E-01  0.59820E-02  0.56217E-01  0.97796E-01  0.11693E+00  0.11406E+00  0.97515E-01  0.76224E-01  0.56032E-01  0.39440E-01  0.26805E-01  0.17561E-01  0.10975E-01  0.64351E-02
 0.28000E+01  0.18221E-01 -0.22672E-01 -0.27844E-01  0.37722E-02  0.52145E-01  0.92947E-01  0.11244E+00  0.11058E+00  0.95146E-01  0.74761E-01  0.55191E-01  0.38981E-01  0.26564E-01  0.17440E-01  0.10916E-01  0.64082E-02
 0.30000E+01  0.17780E-01 -0.21797E-01 -0.27798E-01  0.15627E-02  0.47753E-01  0.87527E-01  0.10729E+00  0.10647E+00  0.92260E-01  0.72911E-01  0.54078E-01  0.38339E-01  0.26203E-01  0.17242E-01  0.10811E-01  0.63547E-02
 0.00000E+00  0.81747E+00  0.29238E+00 -0.72757E-01 -0.19635E+00 -0.14542E+00 -0.39351E-01  0.40247E-01  0.72083E-01  0.70155E-01  0.54449E-01  0.37595E-01  0.24356E-01  0.15213E-01  0.92394E-02  0.54214E-02  0.30239E-02
 0.20000E+00  0.29767E+00  0.42621E+00  0.39759E+00  0.25089E+00  0.78917E-01 -0.43802E-01 -0.96091E-01 -0.96787E-01 -0.74696E-01 -0.49845E-01 -0.30536E-01 -0.17827E-01 -0.10139E-01 -0.56614E-02 -0.30867E-02 -0.16183E-02
 0.40000E+00 -0.48757E-01  0.24690E+00  0.38556E+00  0.34913E+00  0.21339E+00  0.72574E-01 -0.19737E-01 -0.58049E-01 -0.61249E-01 -0.49616E-01 -0.35472E-01 -0.23729E-01 -0.15261E-01 -0.95084E-02 -0.56989E-02 -0.32330E-02
 0.60000E+00 -0.81677E-01  0.10163E+00  0.23261E+00  0.27347E+00  0.23678E+00  0.16349E+00  0.91578E-01  0.40066E-01  0.10801E-01 -0.24428E-02 -0.67005E-02 -0.68737E-02 -0.56033E-02 -0.40661E-02 -0.27039E-02 -0.16493E-02
 0.80000E+00 -0.38292E-01  0.19627E-01  0.10108E+00  0.17168E+00  0.20405E+00  0.19378E+00  0.15585E+00  0.11028E+00  0.70869E-01  0.42554E-01  0.24492E-01  0.13783E-01  0.76719E-02  0.42279E-02  0.22856E-02  0.11910E-02
 0.10000E+01 -0.67037E-02 -0.12504E-01  0.32489E-01  0.10367E+00  0.16251E+00  0.18491E+00  0.17136E+00  0.13742E+00  0.99487E-01  0.67243E-01  0.43565E-01  0.27548E-01  0.17140E-01  0.10464E-01  0.61904E-02  0.34815E-02
 0.12000E+01  0.79713E-02 -0.22968E-01  0.17924E-02  0.65715E-01  0.13068E+00  0.16666E+00  0.16692E+00  0.14256E+00  0.10913E+00  0.77606E-01  0.52646E-01  0.34668E-01  0.22327E-01  0.14022E-01  0.84837E-02  0.48547E-02
 0.14000E+01  0.14321E-01 -0.25982E-01 -0.12315E-01  0.44256E-01  0.10870E+00  0.14997E+00  0.15784E+00  0.14014E+00  0.11091E+00  0.81223E-01  0.56530E-01  0.38045E-01  0.24944E-01  0.15890E-01  0.97211E-02  0.56095E-02
 0.16000E+01  0.17118E-01 -0.26514E-01 -0.19354E-01  0.31197E-01  0.93314E-01  0.13651E+00  0.14877E+00  0.13565E+00  0.10979E+00  0.81973E-01  0.58004E-01  0.39578E-01  0.26240E-01  0.16863E-01  0.10386E-01  0.60234E-02
 0.18000E+01  0.18340E-01 -0.26190E-01 -0.23155E-01  0.22598E-01  0.82048E-01  0.12573E+00  0.14068E+00  0.13083E+00  0.10763E+00  0.81482E-01  0.58334E-01  0.40189E-01  0.26852E-01  0.17361E-01  0.10742E-01  0.62514E-02
 0.20000E+01  0.18810E-01 -0.25562E-01 -0.25316E-01  0.16559E-01  0.73419E-01  0.11692E+00  0.13360E+00  0.12617E+00  0.10512E+00  0.80429E-01  0.58092E-01  0.40312E-01  0.27089E-01  0.17593E-01  0.10923E-01  0.63728E-02
 0.22000E+01  0.18894E-01 -0.24836E-01 -0.26567E-01  0.12107E-01  0.66566E-01  0.10956E+00  0.12739E+00  0.12183E+00  0.10253E+00  0.79118E-01  0.57546E-01  0.40161E-01  0.27110E-01  0.17668E-01  0.10998E-01  0.64297E-02
 0.24000E+01  0.18770E-01 -0.24094E-01 -0.27284E-01  0.86905E-02  0.60946E-01  0.10327E+00  0.12187E+00  0.11780E+00  0.99985E-01  0.77691E-01  0.56833E-01  0.39848E-01  0.26998E-01  0.17645E-01  0.11008E-01  0.64456E-02
 0.26000E+01  0.18529E-01 -0.23368E-01 -0.27670E-01  0.59820E-02  0.56217E-01  0.97796E-01  0.11693E+00  0.11406E+00  0.97515E-01  0.76224E-01  0.56032E-01  0.39440E-01  0.26805E-01  0.17561E-01  0.10975E-01  0.64351E-02
 0.28000E+01  0.18221E-01 -0.22672E-01 -0.27844E-01  0.37722E-02  0.52145E-01  0.92947E-01  0.11244E+00  0.11058E+00  0.95146E-01  0.74761E-01  0.55191E-01  0.38981E-01  0.26564E-01  0.17440E-01  0.10916E-01  0.64082E-02
 0.30000E+01  0.17780E-01 -0.21797E-01 -0.27798E-01  0.15627E-02  0.47753E-01  0.87527E-01  0.10729E+00  0.10647E+00  0.92260E-01  0.72911E-01  0.54078E-01  0.38339E-01  0.26203E-01  0.17242E-01  0.10811E-01  0.63547E-02
