 0.00000E+00  0.69510E+00  0.32614E+00 -0.51334E-01 -0.13786E+00 -0.70382E-01 -0.83816E-02  0.15878E-01  0.18688E-01  0.14430E-01  0.93914E-02  0.54583E-02  0.28390E-02  0.12577E-02  0.38985E-03 -0.59099E-05 -0.99999E-04
 0.20000E+00  0.42168E+00  0.46689E+00  0.31757E+00  0.12356E+00  0.52814E-02 -0.35759E-01 -0.38356E-01 -0.29223E-01 -0.19372E-01 -0.11848E-01 -0.68145E-02 -0.36866E-02 -0.18456E-02 -0.81897E-03 -0.29437E-03 -0.72799E-04
 0.40000E+00 -0.76307E-01  0.24631E+00  0.40462E+00  0.30463E+00  0.14205E+00  0.40245E-01 -0.87987E-03 -0.11408E-01 -0.10880E-01 -0.76877E-02 -0.46724E-02 -0.25039E-02 -0.11378E-02 -0.36687E-03 -0.75302E-05  0.82506E-04
 0.60000E+00 -0.12420E+00  0.10249E+00  0.28179E+00  0.28813E+00  0.20436E+00  0.12254E+00  0.68622E-01  0.37477E-01  0.20246E-01  0.10840E-01  0.57335E-02  0.29774E-02  0.15028E-02  0.72345E-03  0.31933E-03  0.11991E-03
 0.80000E+00 -0.76592E-01  0.21142E-01  0.15898E+00  0.23220E+00  0.22074E+00  0.16836E+00  0.11345E+00  0.70962E-01  0.42200E-01  0.24080E-01  0.13176E-01  0.68469E-02  0.32984E-02  0.13934E-02  0.45414E-03  0.81941E-04
 0.10000E+01 -0.29703E-01 -0.21191E-01  0.75031E-01  0.18014E+00  0.21312E+00  0.18307E+00  0.13207E+00  0.86029E-01  0.52432E-01  0.30345E-01  0.16702E-01  0.86533E-02  0.41001E-02  0.16528E-02  0.46558E-03  0.29623E-04
 0.12000E+01  0.38382E-03 -0.41203E-01  0.24396E-01  0.13907E+00  0.19405E+00  0.17843E+00  0.13318E+00  0.88402E-01  0.54469E-01  0.31716E-01  0.17499E-01  0.90525E-02  0.42562E-02  0.16772E-02  0.43539E-03 -0.42282E-05
 0.14000E+01  0.16120E-01 -0.48845E-01 -0.39710E-02  0.10761E+00  0.17026E+00  0.16334E+00  0.12433E+00  0.83395E-01  0.51700E-01  0.30215E-01  0.16705E-01  0.86463E-02  0.40590E-02  0.15897E-02  0.40241E-03 -0.13549E-04
 0.16000E+01  0.21924E-01 -0.49529E-01 -0.18170E-01  0.83351E-01  0.14495E+00  0.14289E+00  0.11006E+00  0.74289E-01  0.46240E-01  0.27106E-01  0.15028E-01  0.78041E-02  0.36819E-02  0.14572E-02  0.38256E-03  0.10703E-06
 0.18000E+01  0.21202E-01 -0.46241E-01 -0.23377E-01  0.64344E-01  0.11966E+00  0.11992E+00  0.92993E-01  0.63007E-01  0.39334E-01  0.23133E-01  0.12882E-01  0.67371E-02  0.32199E-02  0.13124E-02  0.37965E-03  0.32363E-04
 0.20000E+01  0.16299E-01 -0.40689E-01 -0.22848E-01  0.49213E-01  0.95161E-01  0.96080E-01  0.74691E-01  0.50694E-01  0.31726E-01  0.18738E-01  0.10512E-01  0.55678E-02  0.27255E-02  0.11705E-02  0.39244E-03  0.78388E-04
 0.22000E+01  0.87344E-02 -0.33839E-01 -0.18578E-01  0.37034E-01  0.71835E-01  0.72282E-01  0.56041E-01  0.38015E-01  0.23851E-01  0.14181E-01  0.80579E-02  0.43662E-02  0.22276E-02  0.10389E-02  0.41900E-03  0.13461E-03
 0.24000E+01 -0.35252E-03 -0.26425E-01 -0.12058E-01  0.27149E-01  0.50015E-01  0.49272E-01  0.37758E-01  0.25501E-01  0.16053E-01  0.96658E-02  0.56308E-02  0.31849E-02  0.17463E-02  0.92090E-03  0.45577E-03  0.19696E-03
 0.26000E+01 -0.10332E-01 -0.18792E-01 -0.41348E-02  0.19017E-01  0.29634E-01  0.27227E-01  0.20063E-01  0.13329E-01  0.84506E-02  0.52627E-02  0.32688E-02  0.20419E-02  0.12879E-02  0.81683E-03  0.50081E-03  0.26356E-03
 0.28000E+01 -0.20898E-01 -0.11070E-01  0.47535E-02  0.12241E-01  0.10469E-01  0.60559E-02  0.29275E-02  0.14959E-02  0.10478E-02  0.97555E-03  0.97419E-03  0.93801E-03  0.85242E-03  0.72627E-03  0.55357E-03  0.33401E-03
 0.30000E+01 -0.28688E-01 -0.51290E-02  0.10580E-01  0.51059E-02 -0.64120E-02 -0.12033E-01 -0.11549E-01 -0.84471E-02 -0.51530E-02 -0.26076E-02 -0.93982E-03  0.19567E-04  0.49191E-03  0.65315E-03  0.59946E-03  0.39394E-03
