 0.00000E+00  0.38283E+00  0.29003E+00  0.17670E+00  0.79760E-01  0.17551E-01 -0.11586E-01 -0.19288E-01 -0.17168E-01 -0.12444E-01 -0.81985E-02 -0.51710E-02 -0.32057E-02 -0.19710E-02 -0.11963E-02 -0.70623E-03 -0.39712E-03
 0.20000E+00  0.37370E+00  0.32906E+00  0.25205E+00  0.16950E+00  0.10139E+00  0.54962E-01  0.27716E-01  0.13467E-01  0.65673E-02  0.33315E-02  0.17896E-02  0.10135E-02  0.59357E-03  0.35080E-03  0.20384E-03  0.11343E-03
 0.40000E+00  0.19733E+00  0.20778E+00  0.19260E+00  0.15890E+00  0.11832E+00  0.80911E-01  0.51858E-01  0.31854E-01  0.19159E-01  0.11481E-01  0.69259E-02  0.42164E-02  0.25771E-02  0.15623E-02  0.92255E-03  0.51897E-03
 0.60000E+00  0.10570E+00  0.13751E+00  0.14952E+00  0.13989E+00  0.11534E+00  0.85741E-01  0.58839E-01  0.38175E-01  0.23952E-01  0.14804E-01  0.91256E-02  0.56367E-02  0.34785E-02  0.21223E-02  0.12587E-02  0.71016E-03
 0.80000E+00  0.59933E-01  0.96298E-01  0.11761E+00  0.11872E+00  0.10344E+00  0.80298E-01  0.57088E-01  0.38141E-01  0.24511E-01  0.15439E-01  0.96531E-02  0.60243E-02  0.37447E-02  0.22964E-02  0.13667E-02  0.77305E-03
 0.10000E+01  0.40598E-01  0.74611E-01  0.96765E-01  0.10135E+00  0.90740E-01  0.72035E-01  0.52228E-01  0.35507E-01  0.23165E-01  0.14775E-01  0.93291E-02  0.58652E-02  0.36654E-02  0.22563E-02  0.13465E-02  0.76305E-03
 0.12000E+01  0.32406E-01  0.62917E-01  0.83549E-01  0.88881E-01  0.80601E-01  0.64737E-01  0.47459E-01  0.32603E-01  0.21471E-01  0.13804E-01  0.87729E-02  0.55427E-02  0.34765E-02  0.21457E-02  0.12829E-02  0.72798E-03
 0.14000E+01  0.28259E-01  0.55747E-01  0.74638E-01  0.79928E-01  0.72945E-01  0.58969E-01  0.43516E-01  0.30087E-01  0.19932E-01  0.12882E-01  0.82214E-02  0.52114E-02  0.32767E-02  0.20260E-02  0.12129E-02  0.68887E-03
 0.16000E+01  0.25697E-01  0.50795E-01  0.68183E-01  0.73239E-01  0.67076E-01  0.54437E-01  0.40340E-01  0.28009E-01  0.18630E-01  0.12082E-01  0.77331E-02  0.49129E-02  0.30942E-02  0.19156E-02  0.11478E-02  0.65234E-03
 0.18000E+01  0.23861E-01  0.47073E-01  0.63227E-01  0.68024E-01  0.62436E-01  0.50804E-01  0.37755E-01  0.26291E-01  0.17536E-01  0.11401E-01  0.73119E-02  0.46528E-02  0.29340E-02  0.18180E-02  0.10901E-02  0.61982E-03
 0.20000E+01  0.22397E-01  0.44080E-01  0.59217E-01  0.63776E-01  0.58628E-01  0.47795E-01  0.35593E-01  0.24839E-01  0.16601E-01  0.10813E-01  0.69455E-02  0.44250E-02  0.27929E-02  0.17318E-02  0.10389E-02  0.59093E-03
 0.22000E+01  0.21146E-01  0.41558E-01  0.55844E-01  0.60196E-01  0.55404E-01  0.45233E-01  0.33740E-01  0.23585E-01  0.15788E-01  0.10298E-01  0.66225E-02  0.42231E-02  0.26675E-02  0.16549E-02  0.99314E-03  0.56508E-03
 0.24000E+01  0.20030E-01  0.39359E-01  0.52919E-01  0.57091E-01  0.52603E-01  0.42998E-01  0.32116E-01  0.22480E-01  0.15068E-01  0.98391E-02  0.63335E-02  0.40419E-02  0.25545E-02  0.15855E-02  0.95180E-03  0.54168E-03
 0.26000E+01  0.19012E-01  0.37394E-01  0.50319E-01  0.54335E-01  0.50112E-01  0.41006E-01  0.30663E-01  0.21487E-01  0.14418E-01  0.94234E-02  0.60707E-02  0.38766E-02  0.24512E-02  0.15219E-02  0.91390E-03  0.52021E-03
 0.28000E+01  0.18074E-01  0.35614E-01  0.47974E-01  0.51849E-01  0.47864E-01  0.39204E-01  0.29344E-01  0.20583E-01  0.13823E-01  0.90422E-02  0.58290E-02  0.37243E-02  0.23558E-02  0.14632E-02  0.87881E-03  0.50032E-03
 0.30000E+01  0.17069E-01  0.33657E-01  0.45365E-01  0.49064E-01  0.45328E-01  0.37159E-01  0.27838E-01  0.19545E-01  0.13138E-01  0.86003E-02  0.55477E-02  0.35464E-02  0.22442E-02  0.13943E-02  0.83762E-03  0.47695E-03
 0.00000E+00  0.38283E+00  0.29003E+00  0.17670E+00  0.79760E-01  0.17551E-01 -0.11586E-01 -0.19288E-01 -0.17168E-01 -0.12444E-01 -0.81985E-02 -0.51710E-02 -0.32057E-02 -0.19710E-02 -0.11963E-02 -0.70623E-03 -0.39712E-03
 0.20000E+00  0.37370E+00  0.32906E+00  0.25205E+00  0.16950E+00  0.10139E+00  0.54962E-01  0.27716E-01  0.13467E-01  0.65673E-02  0.33315E-02  0.17896E-02  0.10135E-02  0.59357E-03  0.35080E-03  0.20384E-03  0.11343E-03
 0.40000E+00  0.19733E+00  0.20778E+00  0.19260E+00  0.15890E+00  0.11832E+00  0.80911E-01  0.51858E-01  0.31854E-01  0.19159E-01  0.11481E-01  0.69259E-02  0.42164E-02  0.25771E-02  0.15623E-02  0.92255E-03  0.51897E-03
 0.60000E+00  0.10570E+00  0.13751E+00  0.14952E+00  0.13989E+00  0.11534E+00  0.85741E-01  0.58839E-01  0.38175E-01  0.23952E-01  0.14804E-01  0.91256E-02  0.56367E-02  0.34785E-02  0.21223E-02  0.12587E-02  0.71016E-03
 0.80000E+00  0.59933E-01  0.96298E-01  0.11761E+00  0.11872E+00  0.10344E+00  0.80298E-01  0.57088E-01  0.38141E-01  0.24511E-01  0.15439E-01  0.96531E-02  0.60243E-02  0.37447E-02  0.22964E-02  0.13667E-02  0.77305E-03
 0.10000E+01  0.40598E-01  0.74611E-01  0.96765E-01  0.10135E+00  0.90740E-01  0.72035E-01  0.52228E-01  0.35507E-01  0.23165E-01  0.14775E-01  0.93291E-02  0.58652E-02  0.36654E-02  0.22563E-02  0.13465E-02  0.76305E-03
 0.12000E+01  0.32406E-01  0.62917E-01  0.83549E-01  0.88881E-01  0.80601E-01  0.64737E-01  0.47459E-01  0.32603E-01  0.21471E-01  0.13804E-01  0.87729E-02  0.55427E-02  0.34765E-02  0.21457E-02  0.12829E-02  0.72798E-03
 0.14000E+01  0.28259E-01  0.55747E-01  0.74638E-01  0.79928E-01  0.72945E-01  0.58969E-01  0.43516E-01  0.30087E-01  0.19932E-01  0.12882E-01  0.82214E-02  0.52114E-02  0.32767E-02  0.20260E-02  0.12129E-02  0.68887E-03
 0.16000E+01  0.25697E-01  0.50795E-01  0.68183E-01  0.73239E-01  0.67076E-01  0.54437E-01  0.40340E-01  0.28009E-01  0.18630E-01  0.12082E-01  0.77331E-02  0.49129E-02  0.30942E-02  0.19156E-02  0.11478E-02  0.65234E-03
 0.18000E+01  0.23861E-01  0.47073E-01  0.63227E-01  0.68024E-01  0.62436E-01  0.50804E-01  0.37755E-01  0.26291E-01  0.17536E-01  0.11401E-01  0.73119E-02  0.46528E-02  0.29340E-02  0.18180E-02  0.10901E-02  0.61982E-03
 0.20000E+01  0.22397E-01  0.44080E-01  0.59217E-01  0.63776E-01  0.58628E-01  0.47795E-01  0.35593E-01  0.24839E-01  0.16601E-01  0.10813E-01  0.69455E-02  0.44250E-02  0.27929E-02  0.17318E-02  0.10389E-02  0.59093E-03
 0.22000E+01  0.21146E-01  0.41558E-01  0.55844E-01  0.60196E-01  0.55404E-01  0.45233E-01  0.33740E-01  0.23585E-01  0.15788E-01  0.10298E-01  0.66225E-02  0.42231E-02  0.26675E-02  0.16549E-02  0.99314E-03  0.56508E-03
 0.24000E+01  0.20030E-01  0.39359E-01  0.52919E-01  0.57091E-01  0.52603E-01  0.42998E-01  0.32116E-01  0.22480E-01  0.15068E-01  0.98391E-02  0.63335E-02  0.40419E-02  0.25545E-02  0.15855E-02  0.95180E-03  0.54168E-03
 0.26000E+01  0.19012E-01  0.37394E-01  0.50319E-01  0.54335E-01  0.50112E-01  0.41006E-01  0.30663E-01  0.21487E-01  0.14418E-01  0.94234E-02  0.60707E-02  0.38766E-02  0.24512E-02  0.15219E-02  0.91390E-03  0.52021E-03
 0.28000E+01  0.18074E-01  0.35614E-01  0.47974E-01  0.51849E-01  0.47864E-01  0.39204E-01  0.29344E-01  0.20583E-01  0.13823E-01  0.90422E-02  0.58290E-02  0.37243E-02  0.23558E-02  0.14632E-02  0.87881E-03  0.50032E-03
 0.30000E+01  0.17069E-01  0.33657E-01  0.45365E-01  0.49064E-01  0.45328E-01  0.37159E-01  0.27838E-01  0.19545E-01  0.13138E-01  0.86003E-02  0.55477E-02  0.35464E-02  0.22442E-02  0.13943E-02  0.83762E-03  0.47695E-03
