 0.00000E+00  0.69568E+00  0.34372E+00  0.43076E-01 -0.12210E+00 -0.15740E+00 -0.12022E+00 -0.66681E-01 -0.25947E-01 -0.35136E-02  0.56630E-02  0.78063E-02  0.70444E-02  0.54394E-02  0.38318E-02  0.25000E-02  0.15042E-02
 0.20000E+00  0.40573E+00  0.40158E+00  0.32517E+00  0.20960E+00  0.97916E-01  0.18368E-01 -0.23517E-01 -0.37209E-01 -0.35647E-01 -0.28461E-01 -0.20716E-01 -0.14292E-01 -0.94967E-02 -0.60873E-02 -0.37297E-02 -0.21498E-02
 0.40000E+00  0.54914E-02  0.18948E+00  0.29388E+00  0.29699E+00  0.23035E+00  0.14376E+00  0.72394E-01  0.27546E-01  0.49800E-02 -0.39303E-02 -0.61394E-02 -0.56733E-02 -0.44205E-02 -0.31294E-02 -0.20484E-02 -0.12354E-02
 0.60000E+00 -0.61766E-01  0.86471E-01  0.19503E+00  0.23496E+00  0.21507E+00  0.16475E+00  0.11130E+00  0.68996E-01  0.40604E-01  0.23309E-01  0.13290E-01  0.75882E-02  0.43366E-02  0.24612E-02  0.13676E-02  0.72977E-03
 0.80000E+00 -0.58245E-01  0.41614E-01  0.12832E+00  0.17581E+00  0.18021E+00  0.15499E+00  0.11825E+00  0.83099E-01  0.55368E-01  0.35741E-01  0.22673E-01  0.14231E-01  0.88350E-02  0.53857E-02  0.31785E-02  0.17818E-02
 0.10000E+01 -0.47946E-01  0.20919E-01  0.90355E-01  0.13773E+00  0.15324E+00  0.14165E+00  0.11522E+00  0.85612E-01  0.59776E-01  0.40081E-01  0.26203E-01  0.16842E-01  0.10655E-01  0.65923E-02  0.39362E-02  0.22264E-02
 0.12000E+01 -0.39471E-01  0.98049E-02  0.67149E-01  0.11266E+00  0.13365E+00  0.12988E+00  0.10998E+00  0.84373E-01  0.60403E-01  0.41285E-01  0.27388E-01  0.17801E-01  0.11359E-01  0.70759E-02  0.42471E-02  0.24119E-02
 0.14000E+01 -0.32859E-01  0.29166E-02  0.51279E-01  0.94529E-01  0.11846E+00  0.11967E+00  0.10432E+00  0.81800E-01  0.59529E-01  0.41189E-01  0.27575E-01  0.18047E-01  0.11578E-01  0.72418E-02  0.43606E-02  0.24823E-02
 0.16000E+01 -0.27590E-01 -0.17483E-02  0.39550E-01  0.80448E-01  0.10595E+00  0.11057E+00  0.98618E-01  0.78625E-01  0.57915E-01  0.40429E-01  0.27244E-01  0.17919E-01  0.11540E-01  0.72392E-02  0.43690E-02  0.24914E-02
 0.18000E+01 -0.23333E-01 -0.50496E-02  0.30513E-01  0.69078E-01  0.95326E-01  0.10233E+00  0.93015E-01  0.75152E-01  0.55887E-01  0.39283E-01  0.26607E-01  0.17567E-01  0.11346E-01  0.71342E-02  0.43133E-02  0.24630E-02
 0.20000E+01 -0.19879E-01 -0.74302E-02  0.23403E-01  0.59711E-01  0.86148E-01  0.94828E-01  0.87599E-01  0.71562E-01  0.53632E-01  0.37910E-01  0.25783E-01  0.17076E-01  0.11055E-01  0.69642E-02  0.42166E-02  0.24105E-02
 0.22000E+01 -0.17082E-01 -0.91550E-02  0.17752E-01  0.51919E-01  0.78173E-01  0.88007E-01  0.82441E-01  0.67980E-01  0.51280E-01  0.36416E-01  0.24851E-01  0.16501E-01  0.10705E-01  0.67540E-02  0.40944E-02  0.23429E-02
 0.24000E+01 -0.14811E-01 -0.10411E-01  0.13213E-01  0.45375E-01  0.71206E-01  0.81820E-01  0.77591E-01  0.64498E-01  0.48924E-01  0.34880E-01  0.23872E-01  0.15886E-01  0.10323E-01  0.65223E-02  0.39581E-02  0.22667E-02
 0.26000E+01 -0.12956E-01 -0.11328E-01  0.95222E-02  0.39820E-01  0.65076E-01  0.76197E-01  0.73055E-01  0.61159E-01  0.46615E-01  0.33349E-01  0.22882E-01  0.15257E-01  0.99291E-02  0.62807E-02  0.38151E-02  0.21864E-02
 0.28000E+01 -0.11437E-01 -0.11995E-01  0.64946E-02  0.35057E-01  0.59638E-01  0.71065E-01  0.68813E-01  0.57971E-01  0.44375E-01  0.31842E-01  0.21897E-01  0.14625E-01  0.95309E-02  0.60353E-02  0.36691E-02  0.21042E-02
 0.30000E+01 -0.98885E-02 -0.12538E-01  0.34484E-02  0.29983E-01  0.53607E-01  0.65191E-01  0.63835E-01  0.54155E-01  0.41650E-01  0.29987E-01  0.20672E-01  0.13833E-01  0.90287E-02  0.57242E-02  0.34834E-02  0.19992E-02
 0.00000E+00  0.69568E+00  0.34372E+00  0.43076E-01 -0.12210E+00 -0.15740E+00 -0.12022E+00 -0.66681E-01 -0.25947E-01 -0.35136E-02  0.56630E-02  0.78063E-02  0.70444E-02  0.54394E-02  0.38318E-02  0.25000E-02  0.15042E-02
 0.20000E+00  0.40573E+00  0.40158E+00  0.32517E+00  0.20960E+00  0.97916E-01  0.18368E-01 -0.23517E-01 -0.37209E-01 -0.35647E-01 -0.28461E-01 -0.20716E-01 -0.14292E-01 -0.94967E-02 -0.60873E-02 -0.37297E-02 -0.21498E-02
 0.40000E+00  0.54914E-02  0.18948E+00  0.29388E+00  0.29699E+00  0.23035E+00  0.14376E+00  0.72394E-01  0.27546E-01  0.49800E-02 -0.39303E-02 -0.61394E-02 -0.56733E-02 -0.44205E-02 -0.31294E-02 -0.20484E-02 -0.12354E-02
 0.60000E+00 -0.61766E-01  0.86471E-01  0.19503E+00  0.23496E+00  0.21507E+00  0.16475E+00  0.11130E+00  0.68996E-01  0.40604E-01  0.23309E-01  0.13290E-01  0.75882E-02  0.43366E-02  0.24612E-02  0.13676E-02  0.72977E-03
 0.80000E+00 -0.58245E-01  0.41614E-01  0.12832E+00  0.17581E+00  0.18021E+00  0.15499E+00  0.11825E+00  0.83099E-01  0.55368E-01  0.35741E-01  0.22673E-01  0.14231E-01  0.88350E-02  0.53857E-02  0.31785E-02  0.17818E-02
 0.10000E+01 -0.47946E-01  0.20919E-01  0.90355E-01  0.13773E+00  0.15324E+00  0.14165E+00  0.11522E+00  0.85612E-01  0.59776E-01  0.40081E-01  0.26203E-01  0.16842E-01  0.10655E-01  0.65923E-02  0.39362E-02  0.22264E-02
 0.12000E+01 -0.39471E-01  0.98049E-02  0.67149E-01  0.11266E+00  0.13365E+00  0.12988E+00  0.10998E+00  0.84373E-01  0.60403E-01  0.41285E-01  0.27388E-01  0.17801E-01  0.11359E-01  0.70759E-02  0.42471E-02  0.24119E-02
 0.14000E+01 -0.32859E-01  0.29166E-02  0.51279E-01  0.94529E-01  0.11846E+00  0.11967E+00  0.10432E+00  0.81800E-01  0.59529E-01  0.41189E-01  0.27575E-01  0.18047E-01  0.11578E-01  0.72418E-02  0.43606E-02  0.24823E-02
 0.16000E+01 -0.27590E-01 -0.17483E-02  0.39550E-01  0.80448E-01  0.10595E+00  0.11057E+00  0.98618E-01  0.78625E-01  0.57915E-01  0.40429E-01  0.27244E-01  0.17919E-01  0.11540E-01  0.72392E-02  0.43690E-02  0.24914E-02
 0.18000E+01 -0.23333E-01 -0.50496E-02  0.30513E-01  0.69078E-01  0.95326E-01  0.10233E+00  0.93015E-01  0.75152E-01  0.55887E-01  0.39283E-01  0.26607E-01  0.17567E-01  0.11346E-01  0.71342E-02  0.43133E-02  0.24630E-02
 0.20000E+01 -0.19879E-01 -0.74302E-02  0.23403E-01  0.59711E-01  0.86148E-01  0.94828E-01  0.87599E-01  0.71562E-01  0.53632E-01  0.37910E-01  0.25783E-01  0.17076E-01  0.11055E-01  0.69642E-02  0.42166E-02  0.24105E-02
 0.22000E+01 -0.17082E-01 -0.91550E-02  0.17752E-01  0.51919E-01  0.78173E-01  0.88007E-01  0.82441E-01  0.67980E-01  0.51280E-01  0.36416E-01  0.24851E-01  0.16501E-01  0.10705E-01  0.67540E-02  0.40944E-02  0.23429E-02
 0.24000E+01 -0.14811E-01 -0.10411E-01  0.13213E-01  0.45375E-01  0.71206E-01  0.81820E-01  0.77591E-01  0.64498E-01  0.48924E-01  0.34880E-01  0.23872E-01  0.15886E-01  0.10323E-01  0.65223E-02  0.39581E-02  0.22667E-02
 0.26000E+01 -0.12956E-01 -0.11328E-01  0.95222E-02  0.39820E-01  0.65076E-01  0.76197E-01  0.73055E-01  0.61159E-01  0.46615E-01  0.33349E-01  0.22882E-01  0.15257E-01  0.99291E-02  0.62807E-02  0.38151E-02  0.21864E-02
 0.28000E+01 -0.11437E-01 -0.11995E-01  0.64946E-02  0.35057E-01  0.59638E-01  0.71065E-01  0.68813E-01  0.57971E-01  0.44375E-01  0.31842E-01  0.21897E-01  0.14625E-01  0.95309E-02  0.60353E-02  0.36691E-02  0.21042E-02
 0.30000E+01 -0.98885E-02 -0.12538E-01  0.34484E-02  0.29983E-01  0.53607E-01  0.65191E-01  0.63835E-01  0.54155E-01  0.41650E-01  0.29987E-01  0.20672E-01  0.13833E-01  0.90287E-02  0.57242E-02  0.34834E-02  0.19992E-02
