 0.00000E+00  0.84504E+00  0.32759E+00 -0.55055E-01 -0.21321E+00 -0.19384E+00 -0.10004E+00 -0.11285E-01  0.41725E-01  0.61410E-01  0.60832E-01  0.51324E-01  0.39563E-01  0.28618E-01  0.19559E-01  0.12567E-01  0.74975E-02
 0.20000E+00  0.23459E+00  0.41558E+00  0.44083E+00  0.32934E+00  0.16298E+00  0.19489E-01 -0.66517E-01 -0.99226E-01 -0.98614E-01 -0.83140E-01 -0.64085E-01 -0.46624E-01 -0.32417E-01 -0.21544E-01 -0.13568E-01 -0.79800E-02
 0.40000E+00 -0.27797E-01  0.18737E+00  0.30218E+00  0.29819E+00  0.21833E+00  0.12143E+00  0.45447E-01  0.46903E-03 -0.19689E-01 -0.25006E-01 -0.23219E-01 -0.18844E-01 -0.14080E-01 -0.98371E-02 -0.64187E-02 -0.38716E-02
 0.60000E+00 -0.38920E-01  0.90035E-01  0.18080E+00  0.21114E+00  0.19102E+00  0.14625E+00  0.99519E-01  0.62342E-01  0.36907E-01  0.21021E-01  0.11635E-01  0.62841E-02  0.33113E-02  0.16966E-02  0.83947E-03  0.39690E-03
 0.80000E+00 -0.31295E-01  0.49946E-01  0.12251E+00  0.16452E+00  0.17101E+00  0.15144E+00  0.12011E+00  0.88302E-01  0.61712E-01  0.41738E-01  0.27623E-01  0.17978E-01  0.11497E-01  0.71739E-02  0.43103E-02  0.24489E-02
 0.10000E+01 -0.23470E-01  0.26291E-01  0.85691E-01  0.13372E+00  0.15632E+00  0.15262E+00  0.13139E+00  0.10346E+00  0.76591E-01  0.54368E-01  0.37483E-01  0.25254E-01  0.16626E-01  0.10625E-01  0.65071E-02  0.37520E-02
 0.12000E+01 -0.15002E-01  0.67748E-02  0.53727E-01  0.10602E+00  0.14207E+00  0.15210E+00  0.13991E+00  0.11574E+00  0.88979E-01  0.65065E-01  0.45939E-01  0.31557E-01  0.21106E-01  0.13660E-01  0.84481E-02  0.49080E-02
 0.14000E+01 -0.62337E-02 -0.10027E-01  0.24868E-01  0.80089E-01  0.12766E+00  0.14992E+00  0.14609E+00  0.12570E+00  0.99423E-01  0.74285E-01  0.53343E-01  0.37143E-01  0.25114E-01  0.16395E-01  0.10208E-01  0.59609E-02
 0.16000E+01  0.19631E-02 -0.23630E-01  0.33919E-03  0.57131E-01  0.11379E+00  0.14621E+00  0.14965E+00  0.13283E+00  0.10735E+00  0.81508E-01  0.59264E-01  0.41678E-01  0.28405E-01  0.18661E-01  0.11676E-01  0.68435E-02
 0.18000E+01  0.90444E-02 -0.34018E-01 -0.19406E-01  0.37782E-01  0.10105E+00  0.14135E+00  0.15074E+00  0.13713E+00  0.11269E+00  0.86613E-01  0.63574E-01  0.45047E-01  0.30887E-01  0.20389E-01  0.12805E-01  0.75266E-02
 0.20000E+01  0.14812E-01 -0.41560E-01 -0.34635E-01  0.22047E-01  0.89708E-01  0.13577E+00  0.14983E+00  0.13900E+00  0.11572E+00  0.89789E-01  0.66393E-01  0.47322E-01  0.32601E-01  0.21601E-01  0.13606E-01  0.80152E-02
 0.22000E+01  0.19284E-01 -0.46758E-01 -0.45946E-01  0.96072E-02  0.79854E-01  0.12987E+00  0.14744E+00  0.13894E+00  0.11687E+00  0.91364E-01  0.67953E-01  0.48661E-01  0.33650E-01  0.22363E-01  0.14119E-01  0.83322E-02
 0.24000E+01  0.22634E-01 -0.50159E-01 -0.54114E-01 -0.76345E-04  0.71395E-01  0.12394E+00  0.14407E+00  0.13749E+00  0.11662E+00  0.91720E-01  0.68540E-01  0.49267E-01  0.34173E-01  0.22767E-01  0.14401E-01  0.85107E-02
 0.26000E+01  0.25068E-01 -0.52230E-01 -0.59859E-01 -0.75518E-02  0.64156E-01  0.11816E+00  0.14010E+00  0.13510E+00  0.11536E+00  0.91184E-01  0.68403E-01  0.49321E-01  0.34297E-01  0.22895E-01  0.14505E-01  0.85822E-02
 0.28000E+01  0.26762E-01 -0.53307E-01 -0.63724E-01 -0.13254E-01  0.57974E-01  0.11262E+00  0.13577E+00  0.13207E+00  0.11340E+00  0.89997E-01  0.67727E-01  0.48959E-01  0.34116E-01  0.22811E-01  0.14471E-01  0.85704E-02
 0.30000E+01  0.28143E-01 -0.53579E-01 -0.66513E-01 -0.18393E-01  0.51527E-01  0.10614E+00  0.13017E+00  0.12772E+00  0.11029E+00  0.87891E-01  0.66357E-01  0.48095E-01  0.33585E-01  0.22494E-01  0.14288E-01  0.84709E-02
 0.00000E+00  0.84504E+00  0.32759E+00 -0.55055E-01 -0.21321E+00 -0.19384E+00 -0.10004E+00 -0.11285E-01  0.41725E-01  0.61410E-01  0.60832E-01  0.51324E-01  0.39563E-01  0.28618E-01  0.19559E-01  0.12567E-01  0.74975E-02
 0.20000E+00  0.23459E+00  0.41558E+00  0.44083E+00  0.32934E+00  0.16298E+00  0.19489E-01 -0.66517E-01 -0.99226E-01 -0.98614E-01 -0.83140E-01 -0.64085E-01 -0.46624E-01 -0.32417E-01 -0.21544E-01 -0.13568E-01 -0.79800E-02
 0.40000E+00 -0.27797E-01  0.18737E+00  0.30218E+00  0.29819E+00  0.21833E+00  0.12143E+00  0.45447E-01  0.46903E-03 -0.19689E-01 -0.25006E-01 -0.23219E-01 -0.18844E-01 -0.14080E-01 -0.98371E-02 -0.64187E-02 -0.38716E-02
 0.60000E+00 -0.38920E-01  0.90035E-01  0.18080E+00  0.21114E+00  0.19102E+00  0.14625E+00  0.99519E-01  0.62342E-01  0.36907E-01  0.21021E-01  0.11635E-01  0.62841E-02  0.33113E-02  0.16966E-02  0.83947E-03  0.39690E-03
 0.80000E+00 -0.31295E-01  0.49946E-01  0.12251E+00  0.16452E+00  0.17101E+00  0.15144E+00  0.12011E+00  0.88302E-01  0.61712E-01  0.41738E-01  0.27623E-01  0.17978E-01  0.11497E-01  0.71739E-02  0.43103E-02  0.24489E-02
 0.10000E+01 -0.23470E-01  0.26291E-01  0.85691E-01  0.13372E+00  0.15632E+00  0.15262E+00  0.13139E+00  0.10346E+00  0.76591E-01  0.54368E-01  0.37483E-01  0.25254E-01  0.16626E-01  0.10625E-01  0.65071E-02  0.37520E-02
 0.12000E+01 -0.15002E-01  0.67748E-02  0.53727E-01  0.10602E+00  0.14207E+00  0.15210E+00  0.13991E+00  0.11574E+00  0.88979E-01  0.65065E-01  0.45939E-01  0.31557E-01  0.21106E-01  0.13660E-01  0.84481E-02  0.49080E-02
 0.14000E+01 -0.62337E-02 -0.10027E-01  0.24868E-01  0.80089E-01  0.12766E+00  0.14992E+00  0.14609E+00  0.12570E+00  0.99423E-01  0.74285E-01  0.53343E-01  0.37143E-01  0.25114E-01  0.16395E-01  0.10208E-01  0.59609E-02
 0.16000E+01  0.19631E-02 -0.23630E-01  0.33919E-03  0.57131E-01  0.11379E+00  0.14621E+00  0.14965E+00  0.13283E+00  0.10735E+00  0.81508E-01  0.59264E-01  0.41678E-01  0.28405E-01  0.18661E-01  0.11676E-01  0.68435E-02
 0.18000E+01  0.90444E-02 -0.34018E-01 -0.19406E-01  0.37782E-01  0.10105E+00  0.14135E+00  0.15074E+00  0.13713E+00  0.11269E+00  0.86613E-01  0.63574E-01  0.45047E-01  0.30887E-01  0.20389E-01  0.12805E-01  0.75266E-02
 0.20000E+01  0.14812E-01 -0.41560E-01 -0.34635E-01  0.22047E-01  0.89708E-01  0.13577E+00  0.14983E+00  0.13900E+00  0.11572E+00  0.89789E-01  0.66393E-01  0.47322E-01  0.32601E-01  0.21601E-01  0.13606E-01  0.80152E-02
 0.22000E+01  0.19284E-01 -0.46758E-01 -0.45946E-01  0.96072E-02  0.79854E-01  0.12987E+00  0.14744E+00  0.13894E+00  0.11687E+00  0.91364E-01  0.67953E-01  0.48661E-01  0.33650E-01  0.22363E-01  0.14119E-01  0.83322E-02
 0.24000E+01  0.22634E-01 -0.50159E-01 -0.54114E-01 -0.76345E-04  0.71395E-01  0.12394E+00  0.14407E+00  0.13749E+00  0.11662E+00  0.91720E-01  0.68540E-01  0.49267E-01  0.34173E-01  0.22767E-01  0.14401E-01  0.85107E-02
 0.26000E+01  0.25068E-01 -0.52230E-01 -0.59859E-01 -0.75518E-02  0.64156E-01  0.11816E+00  0.14010E+00  0.13510E+00  0.11536E+00  0.91184E-01  0.68403E-01  0.49321E-01  0.34297E-01  0.22895E-01  0.14505E-01  0.85822E-02
 0.28000E+01  0.26762E-01 -0.53307E-01 -0.63724E-01 -0.13254E-01  0.57974E-01  0.11262E+00  0.13577E+00  0.13207E+00  0.11340E+00  0.89997E-01  0.67727E-01  0.48959E-01  0.34116E-01  0.22811E-01  0.14471E-01  0.85704E-02
 0.30000E+01  0.28143E-01 -0.53579E-01 -0.66513E-01 -0.18393E-01  0.51527E-01  0.10614E+00  0.13017E+00  0.12772E+00  0.11029E+00  0.87891E-01  0.66357E-01  0.48095E-01  0.33585E-01  0.22494E-01  0.14288E-01  0.84709E-02
