 0.00000E+00  0.76055E+00  0.28616E+00 -0.12066E+00 -0.15061E+00 -0.33326E-01  0.37622E-01  0.49672E-01  0.38991E-01  0.26015E-01  0.16271E-01  0.98804E-02  0.58984E-02  0.34747E-02  0.20131E-02  0.11150E-02  0.53715E-03
 0.20000E+00  0.37611E+00  0.49892E+00  0.36564E+00  0.12666E+00 -0.24934E-01 -0.67675E-01 -0.59227E-01 -0.40573E-01 -0.25495E-01 -0.15554E-01 -0.94047E-02 -0.56729E-02 -0.34185E-02 -0.20478E-02 -0.11793E-02 -0.58800E-03
 0.40000E+00 -0.13592E+00  0.28303E+00  0.47055E+00  0.31917E+00  0.10826E+00 -0.42973E-02 -0.34899E-01 -0.32462E-01 -0.23056E-01 -0.14843E-01 -0.91220E-02 -0.54496E-02 -0.31827E-02 -0.18126E-02 -0.98166E-03 -0.46325E-03
 0.60000E+00 -0.13020E+00  0.93249E-01  0.28268E+00  0.29819E+00  0.21202E+00  0.12349E+00  0.66044E-01  0.34801E-01  0.18719E-01  0.10381E-01  0.59228E-02  0.34599E-02  0.20592E-02  0.12361E-02  0.71830E-03  0.36092E-03
 0.80000E+00 -0.26943E-01 -0.14181E-01  0.10246E+00  0.22257E+00  0.24952E+00  0.20278E+00  0.13862E+00  0.86856E-01  0.52312E-01  0.30958E-01  0.18141E-01  0.10540E-01  0.60629E-02  0.34310E-02  0.18552E-02  0.87441E-03
 0.10000E+01  0.37911E-01 -0.55940E-01  0.43984E-02  0.15903E+00  0.24156E+00  0.22445E+00  0.16538E+00  0.10833E+00  0.66897E-01  0.40037E-01  0.23474E-01  0.13517E-01  0.76307E-02  0.41928E-02  0.21826E-02  0.99099E-03
 0.12000E+01  0.62529E-01 -0.66863E-01 -0.36857E-01  0.11776E+00  0.21763E+00  0.21609E+00  0.16489E+00  0.11023E+00  0.68835E-01  0.41378E-01  0.24233E-01  0.13866E-01  0.77335E-02  0.41682E-02  0.21141E-02  0.93401E-03
 0.14000E+01  0.67906E-01 -0.66844E-01 -0.51934E-01  0.91445E-01  0.19179E+00  0.19736E+00  0.15334E+00  0.10359E+00  0.65058E-01  0.39200E-01  0.22951E-01  0.13096E-01  0.72621E-02  0.38777E-02  0.19411E-02  0.84540E-03
 0.16000E+01  0.65445E-01 -0.63299E-01 -0.55838E-01  0.73648E-01  0.16780E+00  0.17608E+00  0.13805E+00  0.93732E-01  0.59039E-01  0.35635E-01  0.20884E-01  0.11922E-01  0.66112E-02  0.35288E-02  0.17651E-02  0.76807E-03
 0.18000E+01  0.59804E-01 -0.58691E-01 -0.54760E-01  0.60738E-01  0.14604E+00  0.15470E+00  0.12167E+00  0.82735E-01  0.52178E-01  0.31547E-01  0.18535E-01  0.10620E-01  0.59223E-02  0.31869E-02  0.16117E-02  0.70978E-03
 0.20000E+01  0.52870E-01 -0.53886E-01 -0.51339E-01  0.50835E-01  0.12633E+00  0.13410E+00  0.10532E+00  0.71517E-01  0.45104E-01  0.27323E-01  0.16122E-01  0.93048E-02  0.52463E-02  0.28692E-02  0.14826E-02  0.66788E-03
 0.22000E+01  0.45403E-01 -0.49167E-01 -0.46707E-01  0.42945E-01  0.10832E+00  0.11445E+00  0.89342E-01  0.60405E-01  0.38049E-01  0.23108E-01  0.13727E-01  0.80143E-02  0.45987E-02  0.25788E-02  0.13755E-02  0.63964E-03
 0.24000E+01  0.37954E-01 -0.44677E-01 -0.41582E-01  0.36468E-01  0.91908E-01  0.96008E-01  0.74117E-01  0.49722E-01  0.31239E-01  0.19038E-01  0.11422E-01  0.67829E-02  0.39909E-02  0.23156E-02  0.12862E-02  0.62114E-03
 0.26000E+01  0.30593E-01 -0.40451E-01 -0.36238E-01  0.31000E-01  0.76766E-01  0.78601E-01  0.59569E-01  0.39445E-01  0.24668E-01  0.15111E-01  0.92050E-02  0.56065E-02  0.34184E-02  0.20753E-02  0.12111E-02  0.61018E-03
 0.28000E+01  0.23392E-01 -0.36446E-01 -0.30807E-01  0.26277E-01  0.62653E-01  0.62086E-01  0.45641E-01  0.29556E-01  0.18330E-01  0.11323E-01  0.70704E-02  0.44794E-02  0.28754E-02  0.18525E-02  0.11461E-02  0.60420E-03
 0.30000E+01  0.17139E-01 -0.32887E-01 -0.26709E-01  0.20889E-01  0.49179E-01  0.47004E-01  0.33215E-01  0.20846E-01  0.12778E-01  0.80008E-02  0.51841E-02  0.34665E-02  0.23706E-02  0.16296E-02  0.10668E-02  0.58518E-03
