 0.00000E+00  0.72025E+00  0.32657E+00 -0.57876E-01 -0.14019E+00 -0.74483E-01 -0.15524E-01  0.99796E-02  0.16337E-01  0.15012E-01  0.11408E-01  0.77504E-02  0.48136E-02  0.27308E-02  0.13894E-02  0.61396E-03  0.22520E-03
 0.20000E+00  0.39773E+00  0.46478E+00  0.32525E+00  0.12872E+00  0.83448E-02 -0.33969E-01 -0.38815E-01 -0.31797E-01 -0.22887E-01 -0.15215E-01 -0.94738E-02 -0.55219E-02 -0.29750E-02 -0.14397E-02 -0.59733E-03 -0.20022E-03
 0.40000E+00 -0.82738E-01  0.23774E+00  0.39550E+00  0.30479E+00  0.15524E+00  0.58409E-01  0.13469E-01 -0.36881E-02 -0.84472E-02 -0.82401E-02 -0.64363E-02 -0.44668E-02 -0.28483E-02 -0.16879E-02 -0.92214E-03 -0.43535E-03
 0.60000E+00 -0.10763E+00  0.10594E+00  0.27667E+00  0.28545E+00  0.20698E+00  0.12749E+00  0.72960E-01  0.40051E-01  0.21124E-01  0.10532E-01  0.47695E-02  0.17573E-02  0.28001E-03 -0.35439E-03 -0.50735E-03 -0.37688E-03
 0.80000E+00 -0.74961E-01  0.35674E-01  0.17620E+00  0.23615E+00  0.20971E+00  0.15173E+00  0.99085E-01  0.61238E-01  0.36331E-01  0.20618E-01  0.11021E-01  0.53667E-02  0.21873E-02  0.53194E-03 -0.17026E-03 -0.28219E-03
 0.10000E+01 -0.44417E-01 -0.59407E-02  0.10276E+00  0.18735E+00  0.19407E+00  0.15381E+00  0.10668E+00  0.68999E-01  0.42547E-01  0.25042E-01  0.13921E-01  0.71345E-02  0.31858E-02  0.10458E-02  0.64272E-04 -0.19159E-03
 0.12000E+01 -0.19221E-01 -0.33283E-01  0.47026E-01  0.14404E+00  0.17341E+00  0.14754E+00  0.10665E+00  0.70999E-01  0.44804E-01  0.26924E-01  0.15288E-01  0.80417E-02  0.37442E-02  0.13657E-02  0.23267E-03 -0.11486E-03
 0.14000E+01  0.54875E-03 -0.51141E-01  0.46732E-02  0.10620E+00  0.15068E+00  0.13644E+00  0.10194E+00  0.69363E-01  0.44522E-01  0.27157E-01  0.15652E-01  0.83803E-02  0.40088E-02  0.15533E-02  0.35386E-03 -0.49532E-04
 0.16000E+01  0.14773E-01 -0.61691E-01 -0.26523E-01  0.73192E-01  0.12649E+00  0.12149E+00  0.93412E-01  0.64736E-01  0.42139E-01  0.26019E-01  0.15180E-01  0.82451E-02  0.40294E-02  0.16329E-02  0.43816E-03  0.80860E-05
 0.18000E+01  0.23584E-01 -0.66433E-01 -0.48256E-01  0.44410E-01  0.10114E+00  0.10330E+00  0.81651E-01  0.57561E-01  0.37956E-01  0.23703E-01  0.13987E-01  0.77014E-02  0.38411E-02  0.16216E-02  0.49318E-03  0.60871E-04
 0.20000E+01  0.27241E-01 -0.66419E-01 -0.61829E-01  0.19335E-01  0.74813E-01  0.82303E-01  0.67070E-01  0.48152E-01  0.32188E-01  0.20345E-01  0.12156E-01  0.67967E-02  0.34694E-02  0.15324E-02  0.52480E-03  0.11118E-03
 0.22000E+01  0.26350E-01 -0.62682E-01 -0.68564E-01 -0.23404E-02  0.48062E-01  0.59290E-01  0.50364E-01  0.37025E-01  0.25185E-01  0.16167E-01  0.98189E-02  0.56037E-02  0.29509E-02  0.13810E-02  0.53833E-03  0.16003E-03
 0.24000E+01  0.21789E-01 -0.56214E-01 -0.69862E-01 -0.20933E-01  0.21511E-01  0.35156E-01  0.32323E-01  0.24769E-01  0.17349E-01  0.11425E-01  0.71280E-02  0.42074E-02  0.23281E-02  0.11852E-02  0.53876E-03  0.20779E-03
 0.26000E+01  0.14394E-01 -0.47823E-01 -0.67008E-01 -0.36899E-01 -0.45019E-02  0.10513E-01  0.13520E-01  0.11821E-01  0.89819E-02  0.63145E-02  0.42026E-02  0.26743E-02  0.16343E-02  0.95899E-03  0.53034E-03  0.25489E-03
 0.28000E+01  0.48389E-02 -0.38118E-01 -0.61033E-01 -0.50667E-01 -0.29793E-01 -0.14229E-01 -0.56476E-02 -0.15079E-02  0.30280E-03  0.97875E-03  0.11291E-02  0.10532E-02  0.89436E-03  0.71294E-03  0.51619E-03  0.30167E-03
 0.30000E+01 -0.77835E-03 -0.32866E-01 -0.60086E-01 -0.63236E-01 -0.49350E-01 -0.32530E-01 -0.19540E-01 -0.11052E-01 -0.58589E-02 -0.27824E-02 -0.10214E-02 -0.69738E-04  0.39137E-03  0.55509E-03  0.51786E-03  0.34159E-03
