 0.00000E+00  0.74075E+00  0.33704E+00 -0.45369E-01 -0.13330E+00 -0.83687E-01 -0.35181E-01 -0.10754E-01 -0.94467E-03  0.19598E-02  0.20087E-02  0.11881E-02  0.34657E-03 -0.24409E-03 -0.54782E-03 -0.58303E-03 -0.40541E-03
 0.20000E+00  0.35944E+00  0.45040E+00  0.32839E+00  0.14057E+00  0.26162E-01 -0.15359E-01 -0.23745E-01 -0.21139E-01 -0.15679E-01 -0.10327E-01 -0.61141E-02 -0.31949E-02 -0.13599E-02 -0.32560E-03  0.13453E-03  0.20450E-03
 0.40000E+00 -0.56080E-01  0.22014E+00  0.35337E+00  0.28278E+00  0.16452E+00  0.83581E-01  0.40241E-01  0.18652E-01  0.83192E-02  0.36080E-02  0.15828E-02  0.76809E-03  0.45914E-03  0.33356E-03  0.24588E-03  0.14690E-03
 0.60000E+00 -0.82468E-01  0.11099E+00  0.26111E+00  0.26633E+00  0.19539E+00  0.12411E+00  0.74710E-01  0.43983E-01  0.25351E-01  0.14169E-01  0.75710E-02  0.37785E-02  0.16744E-02  0.56996E-03  0.64709E-04 -0.78277E-04
 0.80000E+00 -0.74244E-01  0.57507E-01  0.19365E+00  0.22994E+00  0.18792E+00  0.12913E+00  0.82497E-01  0.50930E-01  0.30505E-01  0.17577E-01  0.96146E-02  0.48800E-02  0.21827E-02  0.73956E-03  0.74341E-04 -0.11054E-03
 0.10000E+01 -0.63637E-01  0.24065E-01  0.14300E+00  0.19459E+00  0.17189E+00  0.12409E+00  0.82007E-01  0.51909E-01  0.31699E-01  0.18554E-01  0.10290E-01  0.52972E-02  0.24151E-02  0.85470E-03  0.12354E-03 -0.93068E-04
 0.12000E+01 -0.52616E-01 -0.68765E-03  0.10219E+00  0.16403E+00  0.15624E+00  0.11761E+00  0.79838E-01  0.51532E-01  0.31941E-01  0.18911E-01  0.10581E-01  0.54830E-02  0.25117E-02  0.89114E-03  0.12844E-03 -0.97664E-04
 0.14000E+01 -0.43109E-01 -0.18104E-01  0.70034E-01  0.13698E+00  0.13988E+00  0.10899E+00  0.75559E-01  0.49519E-01  0.31056E-01  0.18556E-01  0.10456E-01  0.54497E-02  0.25081E-02  0.89367E-03  0.13038E-03 -0.96865E-04
 0.16000E+01 -0.36343E-01 -0.28642E-01  0.45933E-01  0.11229E+00  0.12162E+00  0.97339E-01  0.68573E-01  0.45469E-01  0.28789E-01  0.17346E-01  0.98585E-02  0.51918E-02  0.24294E-02  0.90065E-03  0.16681E-03 -0.65270E-04
 0.18000E+01 -0.32521E-01 -0.33421E-01  0.28810E-01  0.89606E-01  0.10166E+00  0.83028E-01  0.59221E-01  0.39639E-01  0.25312E-01  0.15394E-01  0.88560E-02  0.47517E-02  0.23014E-02  0.92768E-03  0.24697E-03  0.19048E-05
 0.20000E+01 -0.31419E-01 -0.33697E-01  0.17466E-01  0.68841E-01  0.80627E-01  0.66814E-01  0.48128E-01  0.32480E-01  0.20927E-01  0.12885E-01  0.75537E-02  0.41822E-02  0.21459E-02  0.97971E-03  0.36849E-03  0.10127E-03
 0.22000E+01 -0.32606E-01 -0.30565E-01  0.10777E-01  0.49930E-01  0.59154E-01  0.49434E-01  0.35905E-01  0.24436E-01  0.15928E-01  0.99968E-02  0.60510E-02  0.35314E-02  0.19803E-02  0.10578E-02  0.52595E-03  0.22759E-03
 0.24000E+01 -0.35644E-01 -0.24988E-01  0.77197E-02  0.32779E-01  0.37763E-01  0.31523E-01  0.23078E-01  0.15886E-01  0.10568E-01  0.68852E-02  0.44327E-02  0.28387E-02  0.18172E-02  0.11605E-02  0.71280E-03  0.37511E-03
 0.26000E+01 -0.40110E-01 -0.17681E-01  0.74071E-02  0.17146E-01  0.16696E-01  0.13443E-01  0.99680E-02  0.70726E-02  0.50090E-02  0.36501E-02  0.27537E-02  0.21296E-02  0.16644E-02  0.12862E-02  0.92396E-03  0.53957E-03
 0.28000E+01 -0.45742E-01 -0.91089E-02  0.92224E-02  0.27808E-02 -0.39907E-02 -0.46475E-02 -0.32711E-02 -0.18853E-02 -0.66532E-03  0.34247E-03  0.10418E-02  0.14167E-02  0.15254E-02  0.14336E-02  0.11566E-02  0.71864E-03
 0.30000E+01 -0.49072E-01 -0.39479E-02  0.77711E-02 -0.10678E-01 -0.21290E-01 -0.19215E-01 -0.13736E-01 -0.88960E-02 -0.50814E-02 -0.22216E-02 -0.27919E-03  0.87170E-03  0.14254E-02  0.15550E-02  0.13428E-02  0.86120E-03
