 0.00000E+00  0.68960E+00  0.32379E+00 -0.54253E-01 -0.14036E+00 -0.68981E-01 -0.36949E-02  0.21285E-01  0.23341E-01  0.18049E-01  0.12142E-01  0.75506E-02  0.44302E-02  0.24585E-02  0.12764E-02  0.60352E-03  0.24464E-03
 0.20000E+00  0.42983E+00  0.46936E+00  0.31701E+00  0.12326E+00  0.50896E-02 -0.36397E-01 -0.39408E-01 -0.30541E-01 -0.20831E-01 -0.13322E-01 -0.81934E-02 -0.48960E-02 -0.28512E-02 -0.16121E-02 -0.86350E-03 -0.40279E-03
 0.40000E+00 -0.80406E-01  0.25054E+00  0.41419E+00  0.30914E+00  0.13758E+00  0.31033E-01 -0.10023E-01 -0.18513E-01 -0.15904E-01 -0.11156E-01 -0.70789E-02 -0.41924E-02 -0.23300E-02 -0.12021E-02 -0.56026E-03 -0.22276E-03
 0.60000E+00 -0.13265E+00  0.10219E+00  0.28626E+00  0.28963E+00  0.20118E+00  0.11767E+00  0.64746E-01  0.35367E-01  0.19565E-01  0.11004E-01  0.62839E-02  0.36350E-02  0.21246E-02  0.12454E-02  0.70600E-03  0.34771E-03
 0.80000E+00 -0.74846E-01  0.16800E-01  0.15054E+00  0.22624E+00  0.22021E+00  0.17178E+00  0.11857E+00  0.76398E-01  0.47259E-01  0.28460E-01  0.16787E-01  0.97107E-02  0.54989E-02  0.30262E-02  0.15758E-02  0.71524E-03
 0.10000E+01 -0.19369E-01 -0.26542E-01  0.59588E-01  0.17065E+00  0.21538E+00  0.19255E+00  0.14336E+00  0.96420E-01  0.61118E-01  0.37291E-01  0.22110E-01  0.12773E-01  0.71756E-02  0.38882E-02  0.19797E-02  0.87739E-03
 0.12000E+01  0.14626E-01 -0.46564E-01  0.74366E-02  0.13065E+00  0.20034E+00  0.19286E+00  0.14875E+00  0.10193E+00  0.65273E-01  0.40046E-01  0.23800E-01  0.13748E-01  0.77039E-02  0.41518E-02  0.20968E-02  0.92093E-03
 0.14000E+01  0.31583E-01 -0.54465E-01 -0.20106E-01  0.10277E+00  0.18166E+00  0.18256E+00  0.14350E+00  0.99309E-01  0.63972E-01  0.39402E-01  0.23487E-01  0.13603E-01  0.76416E-02  0.41302E-02  0.20931E-02  0.92281E-03
 0.16000E+01  0.37447E-01 -0.55852E-01 -0.32834E-01  0.82958E-01  0.16177E+00  0.16669E+00  0.13242E+00  0.92184E-01  0.59644E-01  0.36892E-01  0.22098E-01  0.12877E-01  0.72944E-02  0.39886E-02  0.20526E-02  0.91987E-03
 0.18000E+01  0.36901E-01 -0.53967E-01 -0.37192E-01  0.68427E-01  0.14229E+00  0.14870E+00  0.11882E+00  0.83038E-01  0.53939E-01  0.33532E-01  0.20222E-01  0.11895E-01  0.68266E-02  0.38016E-02  0.20029E-02  0.91957E-03
 0.20000E+01  0.32302E-01 -0.50161E-01 -0.36280E-01  0.57474E-01  0.12343E+00  0.12971E+00  0.10389E+00  0.72791E-01  0.47484E-01  0.29716E-01  0.18096E-01  0.10790E-01  0.63109E-02  0.36059E-02  0.19607E-02  0.92832E-03
 0.22000E+01  0.25340E-01 -0.45361E-01 -0.32215E-01  0.49052E-01  0.10557E+00  0.11072E+00  0.88616E-01  0.62201E-01  0.40783E-01  0.25751E-01  0.15893E-01  0.96551E-02  0.57906E-02  0.34181E-02  0.19298E-02  0.94553E-03
 0.24000E+01  0.17016E-01 -0.40085E-01 -0.26259E-01  0.42461E-01  0.88797E-01  0.92212E-01  0.73514E-01  0.51661E-01  0.34096E-01  0.21797E-01  0.13702E-01  0.85348E-02  0.52857E-02  0.32445E-02  0.19101E-02  0.96963E-03
 0.26000E+01  0.77748E-02 -0.34502E-01 -0.18979E-01  0.37236E-01  0.72922E-01  0.74169E-01  0.58629E-01  0.41223E-01  0.27465E-01  0.17880E-01  0.11541E-01  0.74388E-02  0.48008E-02  0.30870E-02  0.19023E-02  0.10008E-02
 0.28000E+01 -0.19580E-02 -0.28844E-01 -0.10960E-01  0.32999E-01  0.57902E-01  0.56730E-01  0.44129E-01  0.31022E-01  0.20978E-01  0.14051E-01  0.94346E-02  0.63768E-02  0.43376E-02  0.29433E-02  0.19029E-02  0.10363E-02
 0.30000E+01 -0.93253E-02 -0.24358E-01 -0.55671E-02  0.27850E-01  0.44051E-01  0.41300E-01  0.31500E-01  0.22200E-01  0.15383E-01  0.10747E-01  0.76098E-02  0.54485E-02  0.39238E-02  0.28056E-02  0.18923E-02  0.10601E-02
