 0.00000E+00  0.72148E+00  0.31075E+00 -0.83052E-01 -0.14986E+00 -0.59943E-01  0.10260E-01  0.32943E-01  0.31550E-01  0.23590E-01  0.15879E-01  0.10090E-01  0.61663E-02  0.36498E-02  0.20895E-02  0.11311E-02  0.53262E-03
 0.20000E+00  0.40776E+00  0.47840E+00  0.33759E+00  0.13089E+00 -0.41718E-03 -0.45887E-01 -0.47685E-01 -0.36540E-01 -0.24946E-01 -0.16110E-01 -0.10080E-01 -0.61737E-02 -0.37174E-02 -0.21957E-02 -0.12378E-02 -0.60535E-03
 0.40000E+00 -0.10656E+00  0.26122E+00  0.43725E+00  0.31615E+00  0.12986E+00  0.19815E-01 -0.19133E-01 -0.24833E-01 -0.20169E-01 -0.14065E-01 -0.90895E-02 -0.55924E-02 -0.33079E-02 -0.18804E-02 -0.10063E-02 -0.46860E-03
 0.60000E+00 -0.13120E+00  0.10205E+00  0.28387E+00  0.28656E+00  0.19919E+00  0.11713E+00  0.65087E-01  0.36018E-01  0.20211E-01  0.11534E-01  0.66836E-02  0.39236E-02  0.23280E-02  0.13856E-02  0.79690E-03  0.39713E-03
 0.80000E+00 -0.58318E-01  0.10573E-01  0.13512E+00  0.21939E+00  0.22284E+00  0.17784E+00  0.12440E+00  0.81029E-01  0.50761E-01  0.31065E-01  0.18699E-01  0.11099E-01  0.64966E-02  0.37316E-02  0.20455E-02  0.97602E-03
 0.10000E+01  0.12171E-02 -0.34688E-01  0.41138E-01  0.16407E+00  0.22052E+00  0.20122E+00  0.15111E+00  0.10240E+00  0.65599E-01  0.40629E-01  0.24575E-01  0.14573E-01  0.84759E-02  0.48112E-02  0.25964E-02  0.12206E-02
 0.12000E+01  0.34894E-01 -0.54962E-01 -0.10269E-01  0.12567E+00  0.20706E+00  0.20263E+00  0.15717E+00  0.10831E+00  0.70028E-01  0.43583E-01  0.26412E-01  0.15655E-01  0.90799E-02  0.51278E-02  0.27483E-02  0.12835E-02
 0.14000E+01  0.51018E-01 -0.62810E-01 -0.36756E-01  0.99251E-01  0.18970E+00  0.19331E+00  0.15257E+00  0.10608E+00  0.68932E-01  0.43035E-01  0.26130E-01  0.15507E-01  0.90000E-02  0.50836E-02  0.27244E-02  0.12721E-02
 0.16000E+01  0.56726E-01 -0.64375E-01 -0.49178E-01  0.80541E-01  0.17141E+00  0.17899E+00  0.14267E+00  0.99715E-01  0.65020E-01  0.40708E-01  0.24789E-01  0.14759E-01  0.85998E-02  0.48822E-02  0.26322E-02  0.12362E-02
 0.18000E+01  0.56284E-01 -0.62597E-01 -0.53424E-01  0.66801E-01  0.15325E+00  0.16236E+00  0.13012E+00  0.91225E-01  0.59648E-01  0.37465E-01  0.22910E-01  0.13717E-01  0.80533E-02  0.46178E-02  0.25194E-02  0.11966E-02
 0.20000E+01  0.52080E-01 -0.58929E-01 -0.52649E-01  0.56438E-01  0.13564E+00  0.14472E+00  0.11624E+00  0.81630E-01  0.53510E-01  0.33746E-01  0.20759E-01  0.12534E-01  0.74437E-02  0.43331E-02  0.24061E-02  0.11613E-02
 0.22000E+01  0.45707E-01 -0.54271E-01 -0.48876E-01  0.48445E-01  0.11891E+00  0.12699E+00  0.10196E+00  0.71644E-01  0.47087E-01  0.29849E-01  0.18512E-01  0.11307E-01  0.68205E-02  0.40506E-02  0.23004E-02  0.11326E-02
 0.24000E+01  0.38039E-01 -0.49125E-01 -0.43264E-01  0.42183E-01  0.10314E+00  0.10962E+00  0.87733E-01  0.61624E-01  0.40623E-01  0.25928E-01  0.16257E-01  0.10084E-01  0.62079E-02  0.37805E-02  0.22059E-02  0.11110E-02
 0.26000E+01  0.29617E-01 -0.43727E-01 -0.36496E-01  0.37173E-01  0.88231E-01  0.92716E-01  0.73733E-01  0.51710E-01  0.34216E-01  0.22042E-01  0.14029E-01  0.88840E-02  0.56141E-02  0.35258E-02  0.21227E-02  0.10962E-02
 0.28000E+01  0.20706E-01 -0.38213E-01 -0.28957E-01  0.33117E-01  0.74082E-01  0.76294E-01  0.60014E-01  0.41958E-01  0.27903E-01  0.18216E-01  0.11841E-01  0.77111E-02  0.50398E-02  0.32851E-02  0.20490E-02  0.10867E-02
 0.30000E+01  0.14005E-01 -0.33901E-01 -0.24038E-01  0.28123E-01  0.61085E-01  0.61911E-01  0.48226E-01  0.33649E-01  0.22538E-01  0.14955E-01  0.99596E-02  0.66847E-02  0.45201E-02  0.30511E-02  0.19629E-02  0.10643E-02
