 0.00000E+00  0.90098E+00  0.28494E+00 -0.12726E+00 -0.25883E+00 -0.19579E+00 -0.71222E-01  0.27888E-01  0.77501E-01  0.88618E-01  0.79356E-01  0.62851E-01  0.46046E-01  0.31789E-01  0.20790E-01  0.12832E-01  0.73947E-02
 0.20000E+00  0.16102E+00  0.47903E+00  0.54781E+00  0.40094E+00  0.17259E+00 -0.16980E-01 -0.12054E+00 -0.15010E+00 -0.13763E+00 -0.10941E+00 -0.79980E-01 -0.55188E-01 -0.36354E-01 -0.22909E-01 -0.13734E-01 -0.77405E-02
 0.40000E+00 -0.32956E-01  0.17947E+00  0.29177E+00  0.28820E+00  0.21206E+00  0.12005E+00  0.47643E-01  0.39160E-02 -0.16743E-01 -0.23188E-01 -0.22351E-01 -0.18492E-01 -0.13905E-01 -0.96850E-02 -0.62639E-02 -0.37361E-02
 0.60000E+00 -0.25867E-01  0.76445E-01  0.15652E+00  0.19175E+00  0.18370E+00  0.14961E+00  0.10833E+00  0.71847E-01  0.44519E-01  0.26079E-01  0.14520E-01  0.76922E-02  0.38727E-02  0.18474E-02  0.83092E-03  0.34984E-03
 0.80000E+00 -0.19178E-01  0.44350E-01  0.11047E+00  0.15592E+00  0.16948E+00  0.15528E+00  0.12590E+00  0.93451E-01  0.65143E-01  0.43426E-01  0.28011E-01  0.17599E-01  0.10794E-01  0.64461E-02  0.37150E-02  0.20357E-02
 0.10000E+01 -0.14313E-01  0.26051E-01  0.83250E-01  0.13403E+00  0.16000E+00  0.15762E+00  0.13560E+00  0.10594E+00  0.77375E-01  0.53913E-01  0.36296E-01  0.23764E-01  0.15149E-01  0.93652E-02  0.55584E-02  0.31189E-02
 0.12000E+01 -0.89880E-02  0.84397E-02  0.56349E-01  0.11184E+00  0.14975E+00  0.15909E+00  0.14463E+00  0.11807E+00  0.89526E-01  0.64508E-01  0.44783E-01  0.30151E-01  0.19703E-01  0.12441E-01  0.75123E-02  0.42721E-02
 0.14000E+01 -0.16804E-02 -0.11438E-01  0.24406E-01  0.84088E-01  0.13522E+00  0.15831E+00  0.15328E+00  0.13111E+00  0.10325E+00  0.76867E-01  0.54920E-01  0.37921E-01  0.25325E-01  0.16281E-01  0.99731E-02  0.57340E-02
 0.16000E+01  0.70950E-02 -0.30673E-01 -0.88343E-02  0.53094E-01  0.11649E+00  0.15357E+00  0.15903E+00  0.14249E+00  0.11636E+00  0.89295E-01  0.65484E-01  0.46236E-01  0.31462E-01  0.20537E-01  0.12731E-01  0.73860E-02
 0.18000E+01  0.15255E-01 -0.44309E-01 -0.35236E-01  0.25979E-01  0.97302E-01  0.14508E+00  0.15960E+00  0.14877E+00  0.12523E+00  0.98522E-01  0.73786E-01  0.53030E-01  0.36618E-01  0.24185E-01  0.15130E-01  0.88384E-02
 0.20000E+01  0.21371E-01 -0.51461E-01 -0.52093E-01  0.61056E-02  0.80498E-01  0.13450E+00  0.15541E+00  0.14944E+00  0.12877E+00  0.10326E+00  0.78583E-01  0.57235E-01  0.39955E-01  0.26621E-01  0.16766E-01  0.98434E-02
 0.22000E+01  0.25341E-01 -0.53803E-01 -0.61022E-01 -0.69364E-02  0.67029E-01  0.12357E+00  0.14833E+00  0.14601E+00  0.12804E+00  0.10415E+00  0.80205E-01  0.58992E-01  0.41513E-01  0.27834E-01  0.17617E-01  0.10381E-01
 0.24000E+01  0.27715E-01 -0.53300E-01 -0.64722E-01 -0.14945E-01  0.56668E-01  0.11340E+00  0.14012E+00  0.14038E+00  0.12473E+00  0.10254E+00  0.79663E-01  0.59021E-01  0.41778E-01  0.28144E-01  0.17876E-01  0.10562E-01
 0.26000E+01  0.28967E-01 -0.51490E-01 -0.65508E-01 -0.19745E-01  0.48724E-01  0.10438E+00  0.13190E+00  0.13393E+00  0.12018E+00  0.99607E-01  0.77897E-01  0.58027E-01  0.41257E-01  0.27890E-01  0.17763E-01  0.10516E-01
 0.28000E+01  0.29394E-01 -0.49406E-01 -0.64979E-01 -0.22672E-01  0.42604E-01  0.96708E-01  0.12439E+00  0.12762E+00  0.11541E+00  0.96241E-01  0.75646E-01  0.56584E-01  0.40365E-01  0.27359E-01  0.17460E-01  0.10352E-01
 0.30000E+01  0.29306E-01 -0.46597E-01 -0.63075E-01 -0.24326E-01  0.37138E-01  0.88934E-01  0.11618E+00  0.12028E+00  0.10950E+00  0.91802E-01  0.72471E-01  0.54402E-01  0.38919E-01  0.26437E-01  0.16901E-01  0.10033E-01
 0.00000E+00  0.90098E+00  0.28494E+00 -0.12726E+00 -0.25883E+00 -0.19579E+00 -0.71222E-01  0.27888E-01  0.77501E-01  0.88618E-01  0.79356E-01  0.62851E-01  0.46046E-01  0.31789E-01  0.20790E-01  0.12832E-01  0.73947E-02
 0.20000E+00  0.16102E+00  0.47903E+00  0.54781E+00  0.40094E+00  0.17259E+00 -0.16980E-01 -0.12054E+00 -0.15010E+00 -0.13763E+00 -0.10941E+00 -0.79980E-01 -0.55188E-01 -0.36354E-01 -0.22909E-01 -0.13734E-01 -0.77405E-02
 0.40000E+00 -0.32956E-01  0.17947E+00  0.29177E+00  0.28820E+00  0.21206E+00  0.12005E+00  0.47643E-01  0.39160E-02 -0.16743E-01 -0.23188E-01 -0.22351E-01 -0.18492E-01 -0.13905E-01 -0.96850E-02 -0.62639E-02 -0.37361E-02
 0.60000E+00 -0.25867E-01  0.76445E-01  0.15652E+00  0.19175E+00  0.18370E+00  0.14961E+00  0.10833E+00  0.71847E-01  0.44519E-01  0.26079E-01  0.14520E-01  0.76922E-02  0.38727E-02  0.18474E-02  0.83092E-03  0.34984E-03
 0.80000E+00 -0.19178E-01  0.44350E-01  0.11047E+00  0.15592E+00  0.16948E+00  0.15528E+00  0.12590E+00  0.93451E-01  0.65143E-01  0.43426E-01  0.28011E-01  0.17599E-01  0.10794E-01  0.64461E-02  0.37150E-02  0.20357E-02
 0.10000E+01 -0.14313E-01  0.26051E-01  0.83250E-01  0.13403E+00  0.16000E+00  0.15762E+00  0.13560E+00  0.10594E+00  0.77375E-01  0.53913E-01  0.36296E-01  0.23764E-01  0.15149E-01  0.93652E-02  0.55584E-02  0.31189E-02
 0.12000E+01 -0.89880E-02  0.84397E-02  0.56349E-01  0.11184E+00  0.14975E+00  0.15909E+00  0.14463E+00  0.11807E+00  0.89526E-01  0.64508E-01  0.44783E-01  0.30151E-01  0.19703E-01  0.12441E-01  0.75123E-02  0.42721E-02
 0.14000E+01 -0.16804E-02 -0.11438E-01  0.24406E-01  0.84088E-01  0.13522E+00  0.15831E+00  0.15328E+00  0.13111E+00  0.10325E+00  0.76867E-01  0.54920E-01  0.37921E-01  0.25325E-01  0.16281E-01  0.99731E-02  0.57340E-02
 0.16000E+01  0.70950E-02 -0.30673E-01 -0.88343E-02  0.53094E-01  0.11649E+00  0.15357E+00  0.15903E+00  0.14249E+00  0.11636E+00  0.89295E-01  0.65484E-01  0.46236E-01  0.31462E-01  0.20537E-01  0.12731E-01  0.73860E-02
 0.18000E+01  0.15255E-01 -0.44309E-01 -0.35236E-01  0.25979E-01  0.97302E-01  0.14508E+00  0.15960E+00  0.14877E+00  0.12523E+00  0.98522E-01  0.73786E-01  0.53030E-01  0.36618E-01  0.24185E-01  0.15130E-01  0.88384E-02
 0.20000E+01  0.21371E-01 -0.51461E-01 -0.52093E-01  0.61056E-02  0.80498E-01  0.13450E+00  0.15541E+00  0.14944E+00  0.12877E+00  0.10326E+00  0.78583E-01  0.57235E-01  0.39955E-01  0.26621E-01  0.16766E-01  0.98434E-02
 0.22000E+01  0.25341E-01 -0.53803E-01 -0.61022E-01 -0.69364E-02  0.67029E-01  0.12357E+00  0.14833E+00  0.14601E+00  0.12804E+00  0.10415E+00  0.80205E-01  0.58992E-01  0.41513E-01  0.27834E-01  0.17617E-01  0.10381E-01
 0.24000E+01  0.27715E-01 -0.53300E-01 -0.64722E-01 -0.14945E-01  0.56668E-01  0.11340E+00  0.14012E+00  0.14038E+00  0.12473E+00  0.10254E+00  0.79663E-01  0.59021E-01  0.41778E-01  0.28144E-01  0.17876E-01  0.10562E-01
 0.26000E+01  0.28967E-01 -0.51490E-01 -0.65508E-01 -0.19745E-01  0.48724E-01  0.10438E+00  0.13190E+00  0.13393E+00  0.12018E+00  0.99607E-01  0.77897E-01  0.58027E-01  0.41257E-01  0.27890E-01  0.17763E-01  0.10516E-01
 0.28000E+01  0.29394E-01 -0.49406E-01 -0.64979E-01 -0.22672E-01  0.42604E-01  0.96708E-01  0.12439E+00  0.12762E+00  0.11541E+00  0.96241E-01  0.75646E-01  0.56584E-01  0.40365E-01  0.27359E-01  0.17460E-01  0.10352E-01
 0.30000E+01  0.29306E-01 -0.46597E-01 -0.63075E-01 -0.24326E-01  0.37138E-01  0.88934E-01  0.11618E+00  0.12028E+00  0.10950E+00  0.91802E-01  0.72471E-01  0.54402E-01  0.38919E-01  0.26437E-01  0.16901E-01  0.10033E-01
