 0.00000E+00  0.88455E+00  0.29623E+00 -0.10619E+00 -0.24107E+00 -0.18482E+00 -0.65129E-01  0.31007E-01  0.77911E-01  0.86115E-01  0.74424E-01  0.56672E-01  0.39899E-01  0.26560E-01  0.16851E-01  0.10161E-01  0.57583E-02
 0.20000E+00  0.18792E+00  0.45150E+00  0.49823E+00  0.35804E+00  0.14869E+00 -0.23080E-01 -0.11482E+00 -0.13780E+00 -0.12227E+00 -0.93522E-01 -0.65431E-01 -0.43139E-01 -0.27220E-01 -0.16524E-01 -0.96131E-02 -0.52962E-02
 0.40000E+00 -0.36576E-01  0.19477E+00  0.31460E+00  0.30553E+00  0.21655E+00  0.11215E+00  0.32680E-01 -0.12195E-01 -0.30130E-01 -0.32491E-01 -0.27926E-01 -0.21396E-01 -0.15203E-01 -0.10157E-01 -0.63783E-02 -0.37285E-02
 0.60000E+00 -0.34240E-01  0.87228E-01  0.17755E+00  0.21204E+00  0.19600E+00  0.15227E+00  0.10362E+00  0.63287E-01  0.35116E-01  0.17659E-01  0.78447E-02  0.28270E-02  0.54636E-03 -0.30501E-03 -0.48597E-03 -0.40475E-03
 0.80000E+00 -0.24306E-01  0.46013E-01  0.11769E+00  0.16580E+00  0.17892E+00  0.16209E+00  0.12923E+00  0.93654E-01  0.63214E-01  0.40488E-01  0.24949E-01  0.14938E-01  0.87395E-02  0.49988E-02  0.27768E-02  0.14771E-02
 0.10000E+01 -0.15871E-01  0.21163E-01  0.79204E-01  0.13420E+00  0.16496E+00  0.16543E+00  0.14352E+00  0.11202E+00  0.80969E-01  0.55392E-01  0.36423E-01  0.23249E-01  0.14471E-01  0.87677E-02  0.51241E-02  0.28437E-02
 0.12000E+01 -0.61855E-02 -0.21538E-02  0.40884E-01  0.10075E+00  0.14775E+00  0.16528E+00  0.15501E+00  0.12863E+00  0.97933E-01  0.70169E-01  0.48124E-01  0.31919E-01  0.20560E-01  0.12829E-01  0.76815E-02  0.43448E-02
 0.14000E+01  0.40385E-02 -0.22732E-01  0.43470E-02  0.66212E-01  0.12675E+00  0.16014E+00  0.16184E+00  0.14178E+00  0.11276E+00  0.83853E-01  0.59413E-01  0.40547E-01  0.26764E-01  0.17043E-01  0.10371E-01  0.59392E-02
 0.16000E+01  0.12559E-01 -0.37068E-01 -0.24046E-01  0.36390E-01  0.10512E+00  0.15020E+00  0.16209E+00  0.14849E+00  0.12229E+00  0.93633E-01  0.68022E-01  0.47425E-01  0.31872E-01  0.20595E-01  0.12677E-01  0.73226E-02
 0.18000E+01  0.18340E-01 -0.44749E-01 -0.42269E-01  0.14320E-01  0.85898E-01  0.13769E+00  0.15681E+00  0.14882E+00  0.12593E+00  0.98599E-01  0.72997E-01  0.51713E-01  0.35216E-01  0.22999E-01  0.14274E-01  0.82964E-02
 0.20000E+01  0.21629E-01 -0.47683E-01 -0.52299E-01 -0.48510E-03  0.70383E-01  0.12501E+00  0.14862E+00  0.14494E+00  0.12522E+00  0.99730E-01  0.74894E-01  0.53692E-01  0.36923E-01  0.24303E-01  0.15174E-01  0.88597E-02
 0.22000E+01  0.23115E-01 -0.48012E-01 -0.57121E-01 -0.99918E-02  0.58395E-01  0.11347E+00  0.13957E+00  0.13903E+00  0.12204E+00  0.98457E-01  0.74736E-01  0.54058E-01  0.37446E-01  0.24790E-01  0.15547E-01  0.91079E-02
 0.24000E+01  0.23511E-01 -0.47121E-01 -0.58992E-01 -0.16025E-01  0.49250E-01  0.10352E+00  0.13085E+00  0.13252E+00  0.11776E+00  0.95955E-01  0.73436E-01  0.53478E-01  0.37248E-01  0.24767E-01  0.15585E-01  0.91531E-02
 0.26000E+01  0.23308E-01 -0.45744E-01 -0.59289E-01 -0.19873E-01  0.42233E-01  0.95138E-01  0.12294E+00  0.12615E+00  0.11320E+00  0.92953E-01  0.71593E-01  0.52410E-01  0.36660E-01  0.24458E-01  0.15431E-01  0.90804E-02
 0.28000E+01  0.22803E-01 -0.44247E-01 -0.58785E-01 -0.22339E-01  0.36802E-01  0.88140E-01  0.11598E+00  0.12028E+00  0.10877E+00  0.89867E-01  0.69565E-01  0.51136E-01  0.35889E-01  0.24008E-01  0.15178E-01  0.89455E-02
 0.30000E+01  0.22083E-01 -0.42129E-01 -0.57222E-01 -0.23853E-01  0.31822E-01  0.80985E-01  0.10838E+00  0.11349E+00  0.10336E+00  0.85878E-01  0.66781E-01  0.49273E-01  0.34686E-01  0.23259E-01  0.14732E-01  0.86945E-02
 0.00000E+00  0.88455E+00  0.29623E+00 -0.10619E+00 -0.24107E+00 -0.18482E+00 -0.65129E-01  0.31007E-01  0.77911E-01  0.86115E-01  0.74424E-01  0.56672E-01  0.39899E-01  0.26560E-01  0.16851E-01  0.10161E-01  0.57583E-02
 0.20000E+00  0.18792E+00  0.45150E+00  0.49823E+00  0.35804E+00  0.14869E+00 -0.23080E-01 -0.11482E+00 -0.13780E+00 -0.12227E+00 -0.93522E-01 -0.65431E-01 -0.43139E-01 -0.27220E-01 -0.16524E-01 -0.96131E-02 -0.52962E-02
 0.40000E+00 -0.36576E-01  0.19477E+00  0.31460E+00  0.30553E+00  0.21655E+00  0.11215E+00  0.32680E-01 -0.12195E-01 -0.30130E-01 -0.32491E-01 -0.27926E-01 -0.21396E-01 -0.15203E-01 -0.10157E-01 -0.63783E-02 -0.37285E-02
 0.60000E+00 -0.34240E-01  0.87228E-01  0.17755E+00  0.21204E+00  0.19600E+00  0.15227E+00  0.10362E+00  0.63287E-01  0.35116E-01  0.17659E-01  0.78447E-02  0.28270E-02  0.54636E-03 -0.30501E-03 -0.48597E-03 -0.40475E-03
 0.80000E+00 -0.24306E-01  0.46013E-01  0.11769E+00  0.16580E+00  0.17892E+00  0.16209E+00  0.12923E+00  0.93654E-01  0.63214E-01  0.40488E-01  0.24949E-01  0.14938E-01  0.87395E-02  0.49988E-02  0.27768E-02  0.14771E-02
 0.10000E+01 -0.15871E-01  0.21163E-01  0.79204E-01  0.13420E+00  0.16496E+00  0.16543E+00  0.14352E+00  0.11202E+00  0.80969E-01  0.55392E-01  0.36423E-01  0.23249E-01  0.14471E-01  0.87677E-02  0.51241E-02  0.28437E-02
 0.12000E+01 -0.61855E-02 -0.21538E-02  0.40884E-01  0.10075E+00  0.14775E+00  0.16528E+00  0.15501E+00  0.12863E+00  0.97933E-01  0.70169E-01  0.48124E-01  0.31919E-01  0.20560E-01  0.12829E-01  0.76815E-02  0.43448E-02
 0.14000E+01  0.40385E-02 -0.22732E-01  0.43470E-02  0.66212E-01  0.12675E+00  0.16014E+00  0.16184E+00  0.14178E+00  0.11276E+00  0.83853E-01  0.59413E-01  0.40547E-01  0.26764E-01  0.17043E-01  0.10371E-01  0.59392E-02
 0.16000E+01  0.12559E-01 -0.37068E-01 -0.24046E-01  0.36390E-01  0.10512E+00  0.15020E+00  0.16209E+00  0.14849E+00  0.12229E+00  0.93633E-01  0.68022E-01  0.47425E-01  0.31872E-01  0.20595E-01  0.12677E-01  0.73226E-02
 0.18000E+01  0.18340E-01 -0.44749E-01 -0.42269E-01  0.14320E-01  0.85898E-01  0.13769E+00  0.15681E+00  0.14882E+00  0.12593E+00  0.98599E-01  0.72997E-01  0.51713E-01  0.35216E-01  0.22999E-01  0.14274E-01  0.82964E-02
 0.20000E+01  0.21629E-01 -0.47683E-01 -0.52299E-01 -0.48510E-03  0.70383E-01  0.12501E+00  0.14862E+00  0.14494E+00  0.12522E+00  0.99730E-01  0.74894E-01  0.53692E-01  0.36923E-01  0.24303E-01  0.15174E-01  0.88597E-02
 0.22000E+01  0.23115E-01 -0.48012E-01 -0.57121E-01 -0.99918E-02  0.58395E-01  0.11347E+00  0.13957E+00  0.13903E+00  0.12204E+00  0.98457E-01  0.74736E-01  0.54058E-01  0.37446E-01  0.24790E-01  0.15547E-01  0.91079E-02
 0.24000E+01  0.23511E-01 -0.47121E-01 -0.58992E-01 -0.16025E-01  0.49250E-01  0.10352E+00  0.13085E+00  0.13252E+00  0.11776E+00  0.95955E-01  0.73436E-01  0.53478E-01  0.37248E-01  0.24767E-01  0.15585E-01  0.91531E-02
 0.26000E+01  0.23308E-01 -0.45744E-01 -0.59289E-01 -0.19873E-01  0.42233E-01  0.95138E-01  0.12294E+00  0.12615E+00  0.11320E+00  0.92953E-01  0.71593E-01  0.52410E-01  0.36660E-01  0.24458E-01  0.15431E-01  0.90804E-02
 0.28000E+01  0.22803E-01 -0.44247E-01 -0.58785E-01 -0.22339E-01  0.36802E-01  0.88140E-01  0.11598E+00  0.12028E+00  0.10877E+00  0.89867E-01  0.69565E-01  0.51136E-01  0.35889E-01  0.24008E-01  0.15178E-01  0.89455E-02
 0.30000E+01  0.22083E-01 -0.42129E-01 -0.57222E-01 -0.23853E-01  0.31822E-01  0.80985E-01  0.10838E+00  0.11349E+00  0.10336E+00  0.85878E-01  0.66781E-01  0.49273E-01  0.34686E-01  0.23259E-01  0.14732E-01  0.86945E-02
