 0.00000E+00  0.77865E+00  0.36949E+00  0.32370E-01 -0.14565E+00 -0.17962E+00 -0.13704E+00 -0.78786E-01 -0.34661E-01 -0.96624E-02  0.15159E-02  0.51271E-02  0.53479E-02  0.43621E-02  0.31434E-02  0.20661E-02  0.12432E-02
 0.20000E+00  0.29438E+00  0.37573E+00  0.35907E+00  0.26599E+00  0.14910E+00  0.53205E-01 -0.43909E-02 -0.28792E-01 -0.33119E-01 -0.28594E-01 -0.21734E-01 -0.15373E-01 -0.10347E-01 -0.66619E-02 -0.40792E-02 -0.23436E-02
 0.40000E+00 -0.66518E-03  0.16657E+00  0.26319E+00  0.27112E+00  0.21789E+00  0.14563E+00  0.83807E-01  0.42392E-01  0.18905E-01  0.71573E-02  0.18947E-02 -0.16573E-03 -0.77698E-03 -0.79456E-03 -0.61247E-03 -0.40263E-03
 0.60000E+00 -0.34625E-01  0.86956E-01  0.17509E+00  0.20737E+00  0.19127E+00  0.15007E+00  0.10530E+00  0.68556E-01  0.42612E-01  0.25805E-01  0.15418E-01  0.91416E-02  0.53802E-02  0.31247E-02  0.17688E-02  0.95829E-03
 0.80000E+00 -0.36287E-01  0.55421E-01  0.13122E+00  0.16930E+00  0.16853E+00  0.14253E+00  0.10772E+00  0.75354E-01  0.50078E-01  0.32220E-01  0.20314E-01  0.12627E-01  0.77405E-02  0.46530E-02  0.27091E-02  0.15005E-02
 0.10000E+01 -0.34225E-01  0.38615E-01  0.10524E+00  0.14493E+00  0.15208E+00  0.13478E+00  0.10620E+00  0.77042E-01  0.52809E-01  0.34865E-01  0.22456E-01  0.14206E-01  0.88362E-02  0.53744E-02  0.31582E-02  0.17618E-02
 0.12000E+01 -0.31227E-01  0.26426E-01  0.84860E-01  0.12466E+00  0.13719E+00  0.12643E+00  0.10291E+00  0.76665E-01  0.53696E-01  0.36071E-01  0.23558E-01  0.15072E-01  0.94607E-02  0.57963E-02  0.34256E-02  0.19192E-02
 0.14000E+01 -0.27832E-01  0.16754E-01  0.67442E-01  0.10631E+00  0.12264E+00  0.11712E+00  0.98033E-01  0.74652E-01  0.53190E-01  0.36214E-01  0.23905E-01  0.15425E-01  0.97488E-02  0.60056E-02  0.35644E-02  0.20035E-02
 0.16000E+01 -0.24500E-01  0.92730E-02  0.52918E-01  0.90096E-01  0.10881E+00  0.10733E+00  0.92012E-01  0.71344E-01  0.51539E-01  0.35465E-01  0.23607E-01  0.15335E-01  0.97443E-02  0.60287E-02  0.35903E-02  0.20233E-02
 0.18000E+01 -0.21540E-01  0.37084E-02  0.41250E-01  0.76289E-01  0.96240E-01  0.97673E-01  0.85436E-01  0.67229E-01  0.49105E-01  0.34077E-01  0.22834E-01  0.14913E-01  0.95167E-02  0.59085E-02  0.35285E-02  0.19927E-02
 0.20000E+01 -0.19069E-01 -0.31548E-03  0.32112E-01  0.64841E-01  0.85182E-01  0.88622E-01  0.78832E-01  0.62781E-01  0.46264E-01  0.32324E-01  0.21775E-01  0.14282E-01  0.91470E-02  0.56954E-02  0.34091E-02  0.19289E-02
 0.22000E+01 -0.17084E-01 -0.31816E-02  0.25041E-01  0.55485E-01  0.75668E-01  0.80429E-01  0.72554E-01  0.58351E-01  0.43309E-01  0.30426E-01  0.20586E-01  0.13551E-01  0.87044E-02  0.54332E-02  0.32587E-02  0.18467E-02
 0.24000E+01 -0.15516E-01 -0.52213E-02  0.19567E-01  0.47861E-01  0.67564E-01  0.73169E-01  0.66789E-01  0.54153E-01  0.40433E-01  0.28534E-01  0.19377E-01  0.12794E-01  0.82388E-02  0.51536E-02  0.30965E-02  0.17572E-02
 0.26000E+01 -0.14284E-01 -0.66849E-02  0.15291E-01  0.41618E-01  0.60673E-01  0.66796E-01  0.61592E-01  0.50283E-01  0.37731E-01  0.26731E-01  0.18209E-01  0.12054E-01  0.77798E-02  0.48758E-02  0.29342E-02  0.16673E-02
 0.28000E+01 -0.13322E-01 -0.77466E-02  0.11915E-01  0.36469E-01  0.54800E-01  0.61220E-01  0.56949E-01  0.46767E-01  0.35243E-01  0.25051E-01  0.17111E-01  0.11353E-01  0.73424E-02  0.46097E-02  0.27781E-02  0.15805E-02
 0.30000E+01 -0.12366E-01 -0.86379E-02  0.86725E-02  0.31257E-01  0.48644E-01  0.55225E-01  0.51858E-01  0.42854E-01  0.32441E-01  0.23141E-01  0.15853E-01  0.10546E-01  0.68357E-02  0.43001E-02  0.25959E-02  0.14789E-02
 0.00000E+00  0.77865E+00  0.36949E+00  0.32370E-01 -0.14565E+00 -0.17962E+00 -0.13704E+00 -0.78786E-01 -0.34661E-01 -0.96624E-02  0.15159E-02  0.51271E-02  0.53479E-02  0.43621E-02  0.31434E-02  0.20661E-02  0.12432E-02
 0.20000E+00  0.29438E+00  0.37573E+00  0.35907E+00  0.26599E+00  0.14910E+00  0.53205E-01 -0.43909E-02 -0.28792E-01 -0.33119E-01 -0.28594E-01 -0.21734E-01 -0.15373E-01 -0.10347E-01 -0.66619E-02 -0.40792E-02 -0.23436E-02
 0.40000E+00 -0.66518E-03  0.16657E+00  0.26319E+00  0.27112E+00  0.21789E+00  0.14563E+00  0.83807E-01  0.42392E-01  0.18905E-01  0.71573E-02  0.18947E-02 -0.16573E-03 -0.77698E-03 -0.79456E-03 -0.61247E-03 -0.40263E-03
 0.60000E+00 -0.34625E-01  0.86956E-01  0.17509E+00  0.20737E+00  0.19127E+00  0.15007E+00  0.10530E+00  0.68556E-01  0.42612E-01  0.25805E-01  0.15418E-01  0.91416E-02  0.53802E-02  0.31247E-02  0.17688E-02  0.95829E-03
 0.80000E+00 -0.36287E-01  0.55421E-01  0.13122E+00  0.16930E+00  0.16853E+00  0.14253E+00  0.10772E+00  0.75354E-01  0.50078E-01  0.32220E-01  0.20314E-01  0.12627E-01  0.77405E-02  0.46530E-02  0.27091E-02  0.15005E-02
 0.10000E+01 -0.34225E-01  0.38615E-01  0.10524E+00  0.14493E+00  0.15208E+00  0.13478E+00  0.10620E+00  0.77042E-01  0.52809E-01  0.34865E-01  0.22456E-01  0.14206E-01  0.88362E-02  0.53744E-02  0.31582E-02  0.17618E-02
 0.12000E+01 -0.31227E-01  0.26426E-01  0.84860E-01  0.12466E+00  0.13719E+00  0.12643E+00  0.10291E+00  0.76665E-01  0.53696E-01  0.36071E-01  0.23558E-01  0.15072E-01  0.94607E-02  0.57963E-02  0.34256E-02  0.19192E-02
 0.14000E+01 -0.27832E-01  0.16754E-01  0.67442E-01  0.10631E+00  0.12264E+00  0.11712E+00  0.98033E-01  0.74652E-01  0.53190E-01  0.36214E-01  0.23905E-01  0.15425E-01  0.97488E-02  0.60056E-02  0.35644E-02  0.20035E-02
 0.16000E+01 -0.24500E-01  0.92730E-02  0.52918E-01  0.90096E-01  0.10881E+00  0.10733E+00  0.92012E-01  0.71344E-01  0.51539E-01  0.35465E-01  0.23607E-01  0.15335E-01  0.97443E-02  0.60287E-02  0.35903E-02  0.20233E-02
 0.18000E+01 -0.21540E-01  0.37084E-02  0.41250E-01  0.76289E-01  0.96240E-01  0.97673E-01  0.85436E-01  0.67229E-01  0.49105E-01  0.34077E-01  0.22834E-01  0.14913E-01  0.95167E-02  0.59085E-02  0.35285E-02  0.19927E-02
 0.20000E+01 -0.19069E-01 -0.31548E-03  0.32112E-01  0.64841E-01  0.85182E-01  0.88622E-01  0.78832E-01  0.62781E-01  0.46264E-01  0.32324E-01  0.21775E-01  0.14282E-01  0.91470E-02  0.56954E-02  0.34091E-02  0.19289E-02
 0.22000E+01 -0.17084E-01 -0.31816E-02  0.25041E-01  0.55485E-01  0.75668E-01  0.80429E-01  0.72554E-01  0.58351E-01  0.43309E-01  0.30426E-01  0.20586E-01  0.13551E-01  0.87044E-02  0.54332E-02  0.32587E-02  0.18467E-02
 0.24000E+01 -0.15516E-01 -0.52213E-02  0.19567E-01  0.47861E-01  0.67564E-01  0.73169E-01  0.66789E-01  0.54153E-01  0.40433E-01  0.28534E-01  0.19377E-01  0.12794E-01  0.82388E-02  0.51536E-02  0.30965E-02  0.17572E-02
 0.26000E+01 -0.14284E-01 -0.66849E-02  0.15291E-01  0.41618E-01  0.60673E-01  0.66796E-01  0.61592E-01  0.50283E-01  0.37731E-01  0.26731E-01  0.18209E-01  0.12054E-01  0.77798E-02  0.48758E-02  0.29342E-02  0.16673E-02
 0.28000E+01 -0.13322E-01 -0.77466E-02  0.11915E-01  0.36469E-01  0.54800E-01  0.61220E-01  0.56949E-01  0.46767E-01  0.35243E-01  0.25051E-01  0.17111E-01  0.11353E-01  0.73424E-02  0.46097E-02  0.27781E-02  0.15805E-02
 0.30000E+01 -0.12366E-01 -0.86379E-02  0.86725E-02  0.31257E-01  0.48644E-01  0.55225E-01  0.51858E-01  0.42854E-01  0.32441E-01  0.23141E-01  0.15853E-01  0.10546E-01  0.68357E-02  0.43001E-02  0.25959E-02  0.14789E-02
