 0.00000E+00  0.85084E+00  0.28898E+00 -0.95716E-01 -0.22297E+00 -0.16712E+00 -0.53285E-01  0.34403E-01  0.73374E-01  0.76534E-01  0.63333E-01  0.46725E-01  0.32316E-01  0.21425E-01  0.13683E-01  0.83548E-02  0.48027E-02
 0.20000E+00  0.24375E+00  0.44821E+00  0.45968E+00  0.31300E+00  0.11672E+00 -0.35355E-01 -0.11009E+00 -0.12283E+00 -0.10396E+00 -0.76724E-01 -0.52465E-01 -0.34320E-01 -0.21793E-01 -0.13452E-01 -0.79964E-02 -0.45022E-02
 0.40000E+00 -0.50178E-01  0.22005E+00  0.35422E+00  0.33416E+00  0.22282E+00  0.10012E+00  0.13355E-01 -0.29608E-01 -0.41717E-01 -0.38499E-01 -0.30267E-01 -0.21910E-01 -0.15052E-01 -0.98886E-02 -0.61738E-02 -0.36104E-02
 0.60000E+00 -0.49189E-01  0.90481E-01  0.19316E+00  0.23030E+00  0.20927E+00  0.15812E+00  0.10385E+00  0.61105E-01  0.32936E-01  0.16488E-01  0.76699E-02  0.32431E-02  0.11579E-02  0.25975E-03 -0.65244E-04 -0.13510E-03
 0.80000E+00 -0.26686E-01  0.31213E-01  0.10173E+00  0.15769E+00  0.18085E+00  0.17083E+00  0.14019E+00  0.10376E+00  0.71409E-01  0.46842E-01  0.29842E-01  0.18679E-01  0.11527E-01  0.69798E-02  0.40944E-02  0.22840E-02
 0.10000E+01 -0.11492E-01  0.30478E-02  0.52644E-01  0.11351E+00  0.15683E+00  0.16831E+00  0.15212E+00  0.12169E+00  0.89388E-01  0.62030E-01  0.41515E-01  0.27136E-01  0.17392E-01  0.10877E-01  0.65539E-02  0.37354E-02
 0.12000E+01 -0.20286E-02 -0.11917E-01  0.23867E-01  0.84845E-01  0.13783E+00  0.16135E+00  0.15441E+00  0.12887E+00  0.97913E-01  0.69879E-01  0.47894E-01  0.31946E-01  0.20827E-01  0.13210E-01  0.80511E-02  0.46298E-02
 0.14000E+01  0.40449E-02 -0.20599E-01  0.55146E-02  0.64796E-01  0.12247E+00  0.15317E+00  0.15255E+00  0.13098E+00  0.10175E+00  0.73951E-01  0.51466E-01  0.34772E-01  0.22914E-01  0.14662E-01  0.89984E-02  0.52027E-02
 0.16000E+01  0.80276E-02 -0.25868E-01 -0.68174E-02  0.50061E-01  0.10978E+00  0.14489E+00  0.14875E+00  0.13044E+00  0.10300E+00  0.75863E-01  0.53388E-01  0.36409E-01  0.24178E-01  0.15568E-01  0.96020E-02  0.55729E-02
 0.18000E+01  0.10649E-01 -0.29109E-01 -0.15352E-01  0.38890E-01  0.99151E-01  0.13693E+00  0.14405E+00  0.12844E+00  0.10272E+00  0.76451E-01  0.54270E-01  0.37279E-01  0.24903E-01  0.16113E-01  0.99755E-02  0.58066E-02
 0.20000E+01  0.12357E-01 -0.31077E-01 -0.21359E-01  0.30243E-01  0.90153E-01  0.12949E+00  0.13900E+00  0.12563E+00  0.10152E+00  0.76201E-01  0.54473E-01  0.37637E-01  0.25263E-01  0.16409E-01  0.10190E-01  0.59450E-02
 0.22000E+01  0.13438E-01 -0.32218E-01 -0.25621E-01  0.23448E-01  0.82482E-01  0.12264E+00  0.13391E+00  0.12240E+00  0.99774E-01  0.75417E-01  0.54227E-01  0.37647E-01  0.25370E-01  0.16531E-01  0.10291E-01  0.60157E-02
 0.24000E+01  0.14090E-01 -0.32819E-01 -0.28667E-01  0.18024E-01  0.75887E-01  0.11636E+00  0.12893E+00  0.11900E+00  0.97717E-01  0.74303E-01  0.53689E-01  0.37426E-01  0.25305E-01  0.16532E-01  0.10313E-01  0.60385E-02
 0.26000E+01  0.14448E-01 -0.33063E-01 -0.30855E-01  0.13622E-01  0.70152E-01  0.11061E+00  0.12415E+00  0.11556E+00  0.95494E-01  0.72987E-01  0.52962E-01  0.37049E-01  0.25122E-01  0.16450E-01  0.10281E-01  0.60275E-02
 0.28000E+01  0.14594E-01 -0.33065E-01 -0.32421E-01  0.99968E-02  0.65109E-01  0.10532E+00  0.11959E+00  0.11213E+00  0.93188E-01  0.71547E-01  0.52111E-01  0.36565E-01  0.24856E-01  0.16309E-01  0.10208E-01  0.59923E-02
 0.30000E+01  0.14575E-01 -0.32746E-01 -0.33640E-01  0.63550E-02  0.59567E-01  0.99184E-01  0.11406E+00  0.10782E+00  0.90157E-01  0.69563E-01  0.50873E-01  0.35816E-01  0.24414E-01  0.16054E-01  0.10066E-01  0.59165E-02
 0.00000E+00  0.85084E+00  0.28898E+00 -0.95716E-01 -0.22297E+00 -0.16712E+00 -0.53285E-01  0.34403E-01  0.73374E-01  0.76534E-01  0.63333E-01  0.46725E-01  0.32316E-01  0.21425E-01  0.13683E-01  0.83548E-02  0.48027E-02
 0.20000E+00  0.24375E+00  0.44821E+00  0.45968E+00  0.31300E+00  0.11672E+00 -0.35355E-01 -0.11009E+00 -0.12283E+00 -0.10396E+00 -0.76724E-01 -0.52465E-01 -0.34320E-01 -0.21793E-01 -0.13452E-01 -0.79964E-02 -0.45022E-02
 0.40000E+00 -0.50178E-01  0.22005E+00  0.35422E+00  0.33416E+00  0.22282E+00  0.10012E+00  0.13355E-01 -0.29608E-01 -0.41717E-01 -0.38499E-01 -0.30267E-01 -0.21910E-01 -0.15052E-01 -0.98886E-02 -0.61738E-02 -0.36104E-02
 0.60000E+00 -0.49189E-01  0.90481E-01  0.19316E+00  0.23030E+00  0.20927E+00  0.15812E+00  0.10385E+00  0.61105E-01  0.32936E-01  0.16488E-01  0.76699E-02  0.32431E-02  0.11579E-02  0.25975E-03 -0.65244E-04 -0.13510E-03
 0.80000E+00 -0.26686E-01  0.31213E-01  0.10173E+00  0.15769E+00  0.18085E+00  0.17083E+00  0.14019E+00  0.10376E+00  0.71409E-01  0.46842E-01  0.29842E-01  0.18679E-01  0.11527E-01  0.69798E-02  0.40944E-02  0.22840E-02
 0.10000E+01 -0.11492E-01  0.30478E-02  0.52644E-01  0.11351E+00  0.15683E+00  0.16831E+00  0.15212E+00  0.12169E+00  0.89388E-01  0.62030E-01  0.41515E-01  0.27136E-01  0.17392E-01  0.10877E-01  0.65539E-02  0.37354E-02
 0.12000E+01 -0.20286E-02 -0.11917E-01  0.23867E-01  0.84845E-01  0.13783E+00  0.16135E+00  0.15441E+00  0.12887E+00  0.97913E-01  0.69879E-01  0.47894E-01  0.31946E-01  0.20827E-01  0.13210E-01  0.80511E-02  0.46298E-02
 0.14000E+01  0.40449E-02 -0.20599E-01  0.55146E-02  0.64796E-01  0.12247E+00  0.15317E+00  0.15255E+00  0.13098E+00  0.10175E+00  0.73951E-01  0.51466E-01  0.34772E-01  0.22914E-01  0.14662E-01  0.89984E-02  0.52027E-02
 0.16000E+01  0.80276E-02 -0.25868E-01 -0.68174E-02  0.50061E-01  0.10978E+00  0.14489E+00  0.14875E+00  0.13044E+00  0.10300E+00  0.75863E-01  0.53388E-01  0.36409E-01  0.24178E-01  0.15568E-01  0.96020E-02  0.55729E-02
 0.18000E+01  0.10649E-01 -0.29109E-01 -0.15352E-01  0.38890E-01  0.99151E-01  0.13693E+00  0.14405E+00  0.12844E+00  0.10272E+00  0.76451E-01  0.54270E-01  0.37279E-01  0.24903E-01  0.16113E-01  0.99755E-02  0.58066E-02
 0.20000E+01  0.12357E-01 -0.31077E-01 -0.21359E-01  0.30243E-01  0.90153E-01  0.12949E+00  0.13900E+00  0.12563E+00  0.10152E+00  0.76201E-01  0.54473E-01  0.37637E-01  0.25263E-01  0.16409E-01  0.10190E-01  0.59450E-02
 0.22000E+01  0.13438E-01 -0.32218E-01 -0.25621E-01  0.23448E-01  0.82482E-01  0.12264E+00  0.13391E+00  0.12240E+00  0.99774E-01  0.75417E-01  0.54227E-01  0.37647E-01  0.25370E-01  0.16531E-01  0.10291E-01  0.60157E-02
 0.24000E+01  0.14090E-01 -0.32819E-01 -0.28667E-01  0.18024E-01  0.75887E-01  0.11636E+00  0.12893E+00  0.11900E+00  0.97717E-01  0.74303E-01  0.53689E-01  0.37426E-01  0.25305E-01  0.16532E-01  0.10313E-01  0.60385E-02
 0.26000E+01  0.14448E-01 -0.33063E-01 -0.30855E-01  0.13622E-01  0.70152E-01  0.11061E+00  0.12415E+00  0.11556E+00  0.95494E-01  0.72987E-01  0.52962E-01  0.37049E-01  0.25122E-01  0.16450E-01  0.10281E-01  0.60275E-02
 0.28000E+01  0.14594E-01 -0.33065E-01 -0.32421E-01  0.99968E-02  0.65109E-01  0.10532E+00  0.11959E+00  0.11213E+00  0.93188E-01  0.71547E-01  0.52111E-01  0.36565E-01  0.24856E-01  0.16309E-01  0.10208E-01  0.59923E-02
 0.30000E+01  0.14575E-01 -0.32746E-01 -0.33640E-01  0.63550E-02  0.59567E-01  0.99184E-01  0.11406E+00  0.10782E+00  0.90157E-01  0.69563E-01  0.50873E-01  0.35816E-01  0.24414E-01  0.16054E-01  0.10066E-01  0.59165E-02
