 0.00000E+00  0.76335E+00  0.29017E+00 -0.11513E+00 -0.14943E+00 -0.40082E-01  0.27879E-01  0.42492E-01  0.35296E-01  0.24372E-01  0.15410E-01  0.92152E-02  0.52612E-02  0.28601E-02  0.14606E-02  0.68073E-03  0.27223E-03
 0.20000E+00  0.37037E+00  0.49653E+00  0.36851E+00  0.13402E+00 -0.17119E-01 -0.63838E-01 -0.59939E-01 -0.43504E-01 -0.28494E-01 -0.17716E-01 -0.10658E-01 -0.62480E-02 -0.35723E-02 -0.19820E-02 -0.10413E-02 -0.47742E-03
 0.40000E+00 -0.13293E+00  0.27266E+00  0.45333E+00  0.31246E+00  0.11788E+00  0.12590E-01 -0.20263E-01 -0.22837E-01 -0.17311E-01 -0.11368E-01 -0.68775E-02 -0.38959E-02 -0.20554E-02 -0.98515E-03 -0.40933E-03 -0.13794E-03
 0.60000E+00 -0.11108E+00  0.95278E-01  0.26585E+00  0.27959E+00  0.20533E+00  0.12835E+00  0.75477E-01  0.43621E-01  0.25141E-01  0.14493E-01  0.83531E-02  0.48059E-02  0.27545E-02  0.15626E-02  0.85072E-03  0.40390E-03
 0.80000E+00 -0.32048E-01 -0.54298E-05  0.11694E+00  0.21959E+00  0.23459E+00  0.18869E+00  0.13046E+00  0.83258E-01  0.50801E-01  0.30093E-01  0.17396E-01  0.98102E-02  0.53714E-02  0.28244E-02  0.13875E-02  0.59225E-03
 0.10000E+01  0.17327E-01 -0.43449E-01  0.33721E-01  0.17205E+00  0.23163E+00  0.20570E+00  0.14938E+00  0.97807E-01  0.60452E-01  0.35978E-01  0.20759E-01  0.11605E-01  0.62450E-02  0.31876E-02  0.14969E-02  0.60519E-03
 0.12000E+01  0.40626E-01 -0.61173E-01 -0.86269E-02  0.13777E+00  0.21512E+00  0.20068E+00  0.14904E+00  0.98710E-01  0.61388E-01  0.36647E-01  0.21162E-01  0.11815E-01  0.63329E-02  0.32080E-02  0.14880E-02  0.59211E-03
 0.14000E+01  0.48808E-01 -0.66530E-01 -0.28850E-01  0.11256E+00  0.19367E+00  0.18566E+00  0.13952E+00  0.93025E-01  0.58126E-01  0.34846E-01  0.20213E-01  0.11348E-01  0.61299E-02  0.31413E-02  0.14825E-02  0.60312E-03
 0.16000E+01  0.48692E-01 -0.65737E-01 -0.37027E-01  0.93245E-01  0.17083E+00  0.16624E+00  0.12575E+00  0.84223E-01  0.52884E-01  0.31906E-01  0.18671E-01  0.10615E-01  0.58411E-02  0.30790E-02  0.15139E-02  0.64685E-03
 0.18000E+01  0.43911E-01 -0.61740E-01 -0.38326E-01  0.77912E-01  0.14803E+00  0.14504E+00  0.11005E+00  0.73981E-01  0.46731E-01  0.28458E-01  0.16884E-01  0.97920E-02  0.55461E-02  0.30483E-02  0.15852E-02  0.71955E-03
 0.20000E+01  0.36514E-01 -0.56035E-01 -0.35558E-01  0.65397E-01  0.12595E+00  0.12342E+00  0.93666E-01  0.63180E-01  0.40224E-01  0.24823E-01  0.15023E-01  0.89595E-02  0.52739E-02  0.30525E-02  0.16897E-02  0.81418E-03
 0.22000E+01  0.27656E-01 -0.49459E-01 -0.30332E-01  0.54996E-01  0.10491E+00  0.10208E+00  0.77271E-01  0.52308E-01  0.33670E-01  0.21178E-01  0.13177E-01  0.81571E-02  0.50364E-02  0.30897E-02  0.18206E-02  0.92515E-03
 0.24000E+01  0.18059E-01 -0.42520E-01 -0.23664E-01  0.46229E-01  0.85076E-01  0.81468E-01  0.61272E-01  0.41659E-01  0.27251E-01  0.17623E-01  0.11396E-01  0.74026E-02  0.48351E-02  0.31540E-02  0.19704E-02  0.10470E-02
 0.26000E+01  0.81336E-02 -0.35454E-01 -0.16142E-01  0.38693E-01  0.66355E-01  0.61646E-01  0.45779E-01  0.31321E-01  0.21024E-01  0.14189E-01  0.96932E-02  0.66992E-02  0.46680E-02  0.32413E-02  0.21351E-02  0.11768E-02
 0.28000E+01 -0.19322E-02 -0.28411E-01 -0.81111E-02  0.32134E-01  0.48660E-01  0.42628E-01  0.30831E-01  0.21327E-01  0.15008E-01  0.10883E-01  0.80670E-02  0.60421E-02  0.45286E-02  0.33452E-02  0.23093E-02  0.13114E-02
 0.30000E+01 -0.96930E-02 -0.22992E-01 -0.28968E-02  0.25079E-01  0.32833E-01  0.26215E-01  0.18109E-01  0.12864E-01  0.99085E-02  0.80580E-02  0.66503E-02  0.54403E-02  0.43662E-02  0.33940E-02  0.24265E-02  0.14070E-02
