 0.00000E+00  0.77584E+00  0.31142E+00 -0.35509E-01 -0.17638E+00 -0.15273E+00 -0.63545E-01  0.14129E-01  0.52938E-01  0.59557E-01  0.50138E-01  0.36735E-01  0.24941E-01  0.16174E-01  0.10117E-01  0.60736E-02  0.34472E-02
 0.20000E+00  0.33831E+00  0.40545E+00  0.35911E+00  0.23072E+00  0.86677E-01 -0.19326E-01 -0.70476E-01 -0.79029E-01 -0.66076E-01 -0.47694E-01 -0.31691E-01 -0.20104E-01 -0.12410E-01 -0.74843E-02 -0.43728E-02 -0.24326E-02
 0.40000E+00 -0.24354E-01  0.23822E+00  0.36614E+00  0.33797E+00  0.21624E+00  0.84428E-01 -0.64498E-02 -0.47932E-01 -0.55231E-01 -0.46687E-01 -0.34311E-01 -0.23392E-01 -0.15243E-01 -0.95808E-02 -0.57761E-02 -0.32897E-02
 0.60000E+00 -0.90379E-01  0.10648E+00  0.24137E+00  0.27831E+00  0.23586E+00  0.15954E+00  0.88097E-01  0.38864E-01  0.11832E-01 -0.10124E-03 -0.39820E-02 -0.43724E-02 -0.35822E-02 -0.25780E-02 -0.16962E-02 -0.10245E-02
 0.80000E+00 -0.54898E-01  0.26627E-01  0.11519E+00  0.17946E+00  0.20214E+00  0.18644E+00  0.14873E+00  0.10637E+00  0.70258E-01  0.43999E-01  0.26718E-01  0.15986E-01  0.94917E-02  0.55752E-02  0.31978E-02  0.17556E-02
 0.10000E+01 -0.18471E-01 -0.78440E-02  0.42246E-01  0.10912E+00  0.16099E+00  0.17907E+00  0.16497E+00  0.13267E+00  0.96754E-01  0.65971E-01  0.43097E-01  0.27436E-01  0.17154E-01  0.10508E-01  0.62307E-02  0.35096E-02
 0.12000E+01  0.10759E-02 -0.20267E-01  0.78576E-02  0.69401E-01  0.12969E+00  0.16187E+00  0.16040E+00  0.13599E+00  0.10338E+00  0.72927E-01  0.49005E-01  0.31933E-01  0.20346E-01  0.12651E-01  0.75881E-02  0.43116E-02
 0.14000E+01  0.10374E-01 -0.24321E-01 -0.81470E-02  0.47205E-01  0.10805E+00  0.14536E+00  0.15034E+00  0.13133E+00  0.10218E+00  0.73471E-01  0.50159E-01  0.33114E-01  0.21323E-01  0.13369E-01  0.80702E-02  0.46077E-02
 0.16000E+01  0.14808E-01 -0.25344E-01 -0.16017E-01  0.33967E-01  0.92874E-01  0.13166E+00  0.14005E+00  0.12474E+00  0.98524E-01  0.71722E-01  0.49474E-01  0.32941E-01  0.21358E-01  0.13463E-01  0.81613E-02  0.46743E-02
 0.18000E+01  0.16948E-01 -0.25237E-01 -0.20117E-01  0.25452E-01  0.81765E-01  0.12052E+00  0.13082E+00  0.11812E+00  0.94306E-01  0.69260E-01  0.48129E-01  0.32242E-01  0.21008E-01  0.13294E-01  0.80827E-02  0.46396E-02
 0.20000E+01  0.17942E-01 -0.24699E-01 -0.22330E-01  0.19608E-01  0.73279E-01  0.11138E+00  0.12276E+00  0.11202E+00  0.90159E-01  0.66661E-01  0.46584E-01  0.31352E-01  0.20505E-01  0.13014E-01  0.79305E-02  0.45600E-02
 0.22000E+01  0.18329E-01 -0.24004E-01 -0.23522E-01  0.15389E-01  0.66562E-01  0.10374E+00  0.11576E+00  0.10650E+00  0.86278E-01  0.64134E-01  0.45020E-01  0.30412E-01  0.19950E-01  0.12692E-01  0.77479E-02  0.44610E-02
 0.24000E+01  0.18381E-01 -0.23269E-01 -0.24132E-01  0.12216E-01  0.61090E-01  0.97257E-01  0.10963E+00  0.10156E+00  0.82711E-01  0.61755E-01  0.43510E-01  0.29482E-01  0.19387E-01  0.12358E-01  0.75555E-02  0.43551E-02
 0.26000E+01  0.18243E-01 -0.22542E-01 -0.24396E-01  0.97470E-02  0.56518E-01  0.91652E-01  0.10421E+00  0.97099E-01  0.79441E-01  0.59536E-01  0.42079E-01  0.28587E-01  0.18838E-01  0.12028E-01  0.73630E-02  0.42482E-02
 0.28000E+01  0.17990E-01 -0.21841E-01 -0.24445E-01  0.77702E-02  0.52613E-01  0.86731E-01  0.99367E-01  0.93055E-01  0.76434E-01  0.57470E-01  0.40730E-01  0.27733E-01  0.18309E-01  0.11707E-01  0.71746E-02  0.41429E-02
 0.30000E+01  0.17586E-01 -0.20971E-01 -0.24264E-01  0.58296E-02  0.48447E-01  0.81313E-01  0.93928E-01  0.88447E-01  0.72962E-01  0.55057E-01  0.39137E-01  0.26715E-01  0.17673E-01  0.11318E-01  0.69445E-02  0.40138E-02
 0.00000E+00  0.77584E+00  0.31142E+00 -0.35509E-01 -0.17638E+00 -0.15273E+00 -0.63545E-01  0.14129E-01  0.52938E-01  0.59557E-01  0.50138E-01  0.36735E-01  0.24941E-01  0.16174E-01  0.10117E-01  0.60736E-02  0.34472E-02
 0.20000E+00  0.33831E+00  0.40545E+00  0.35911E+00  0.23072E+00  0.86677E-01 -0.19326E-01 -0.70476E-01 -0.79029E-01 -0.66076E-01 -0.47694E-01 -0.31691E-01 -0.20104E-01 -0.12410E-01 -0.74843E-02 -0.43728E-02 -0.24326E-02
 0.40000E+00 -0.24354E-01  0.23822E+00  0.36614E+00  0.33797E+00  0.21624E+00  0.84428E-01 -0.64498E-02 -0.47932E-01 -0.55231E-01 -0.46687E-01 -0.34311E-01 -0.23392E-01 -0.15243E-01 -0.95808E-02 -0.57761E-02 -0.32897E-02
 0.60000E+00 -0.90379E-01  0.10648E+00  0.24137E+00  0.27831E+00  0.23586E+00  0.15954E+00  0.88097E-01  0.38864E-01  0.11832E-01 -0.10124E-03 -0.39820E-02 -0.43724E-02 -0.35822E-02 -0.25780E-02 -0.16962E-02 -0.10245E-02
 0.80000E+00 -0.54898E-01  0.26627E-01  0.11519E+00  0.17946E+00  0.20214E+00  0.18644E+00  0.14873E+00  0.10637E+00  0.70258E-01  0.43999E-01  0.26718E-01  0.15986E-01  0.94917E-02  0.55752E-02  0.31978E-02  0.17556E-02
 0.10000E+01 -0.18471E-01 -0.78440E-02  0.42246E-01  0.10912E+00  0.16099E+00  0.17907E+00  0.16497E+00  0.13267E+00  0.96754E-01  0.65971E-01  0.43097E-01  0.27436E-01  0.17154E-01  0.10508E-01  0.62307E-02  0.35096E-02
 0.12000E+01  0.10759E-02 -0.20267E-01  0.78576E-02  0.69401E-01  0.12969E+00  0.16187E+00  0.16040E+00  0.13599E+00  0.10338E+00  0.72927E-01  0.49005E-01  0.31933E-01  0.20346E-01  0.12651E-01  0.75881E-02  0.43116E-02
 0.14000E+01  0.10374E-01 -0.24321E-01 -0.81470E-02  0.47205E-01  0.10805E+00  0.14536E+00  0.15034E+00  0.13133E+00  0.10218E+00  0.73471E-01  0.50159E-01  0.33114E-01  0.21323E-01  0.13369E-01  0.80702E-02  0.46077E-02
 0.16000E+01  0.14808E-01 -0.25344E-01 -0.16017E-01  0.33967E-01  0.92874E-01  0.13166E+00  0.14005E+00  0.12474E+00  0.98524E-01  0.71722E-01  0.49474E-01  0.32941E-01  0.21358E-01  0.13463E-01  0.81613E-02  0.46743E-02
 0.18000E+01  0.16948E-01 -0.25237E-01 -0.20117E-01  0.25452E-01  0.81765E-01  0.12052E+00  0.13082E+00  0.11812E+00  0.94306E-01  0.69260E-01  0.48129E-01  0.32242E-01  0.21008E-01  0.13294E-01  0.80827E-02  0.46396E-02
 0.20000E+01  0.17942E-01 -0.24699E-01 -0.22330E-01  0.19608E-01  0.73279E-01  0.11138E+00  0.12276E+00  0.11202E+00  0.90159E-01  0.66661E-01  0.46584E-01  0.31352E-01  0.20505E-01  0.13014E-01  0.79305E-02  0.45600E-02
 0.22000E+01  0.18329E-01 -0.24004E-01 -0.23522E-01  0.15389E-01  0.66562E-01  0.10374E+00  0.11576E+00  0.10650E+00  0.86278E-01  0.64134E-01  0.45020E-01  0.30412E-01  0.19950E-01  0.12692E-01  0.77479E-02  0.44610E-02
 0.24000E+01  0.18381E-01 -0.23269E-01 -0.24132E-01  0.12216E-01  0.61090E-01  0.97257E-01  0.10963E+00  0.10156E+00  0.82711E-01  0.61755E-01  0.43510E-01  0.29482E-01  0.19387E-01  0.12358E-01  0.75555E-02  0.43551E-02
 0.26000E+01  0.18243E-01 -0.22542E-01 -0.24396E-01  0.97470E-02  0.56518E-01  0.91652E-01  0.10421E+00  0.97099E-01  0.79441E-01  0.59536E-01  0.42079E-01  0.28587E-01  0.18838E-01  0.12028E-01  0.73630E-02  0.42482E-02
 0.28000E+01  0.17990E-01 -0.21841E-01 -0.24445E-01  0.77702E-02  0.52613E-01  0.86731E-01  0.99367E-01  0.93055E-01  0.76434E-01  0.57470E-01  0.40730E-01  0.27733E-01  0.18309E-01  0.11707E-01  0.71746E-02  0.41429E-02
 0.30000E+01  0.17586E-01 -0.20971E-01 -0.24264E-01  0.58296E-02  0.48447E-01  0.81313E-01  0.93928E-01  0.88447E-01  0.72962E-01  0.55057E-01  0.39137E-01  0.26715E-01  0.17673E-01  0.11318E-01  0.69445E-02  0.40138E-02
