 0.00000E+00  0.58418E+00  0.34600E+00  0.26020E-01 -0.10314E+00 -0.83688E-01 -0.36674E-01 -0.78652E-02  0.37004E-02  0.65147E-02  0.59740E-02  0.45377E-02  0.31350E-02  0.20343E-02  0.12518E-02  0.71768E-03  0.35264E-03
 0.20000E+00  0.49486E+00  0.46241E+00  0.27064E+00  0.97208E-01  0.10216E-01 -0.17897E-01 -0.21501E-01 -0.17731E-01 -0.12884E-01 -0.88127E-02 -0.58212E-02 -0.37568E-02 -0.23810E-02 -0.14789E-02 -0.87335E-03 -0.44287E-03
 0.40000E+00 -0.18060E-03  0.22598E+00  0.34749E+00  0.28296E+00  0.15481E+00  0.61199E-01  0.14713E-01 -0.30204E-02 -0.76665E-02 -0.74059E-02 -0.57597E-02 -0.40488E-02 -0.26716E-02 -0.16750E-02 -0.97999E-03 -0.49030E-03
 0.60000E+00 -0.12436E+00  0.94779E-01  0.27685E+00  0.28800E+00  0.20371E+00  0.11973E+00  0.65227E-01  0.34813E-01  0.18639E-01  0.10098E-01  0.55535E-02  0.31060E-02  0.17688E-02  0.10206E-02  0.57493E-03  0.28275E-03
 0.80000E+00 -0.11476E+00  0.26969E-01  0.18326E+00  0.23897E+00  0.20917E+00  0.15309E+00  0.10311E+00  0.66723E-01  0.42269E-01  0.26429E-01  0.16368E-01  0.10053E-01  0.61220E-02  0.36769E-02  0.21104E-02  0.10468E-02
 0.10000E+01 -0.77800E-01 -0.84130E-02  0.10845E+00  0.18811E+00  0.19974E+00  0.16841E+00  0.12529E+00  0.86801E-01  0.57634E-01  0.37236E-01  0.23593E-01  0.14717E-01  0.90483E-02  0.54592E-02  0.31368E-02  0.15556E-02
 0.12000E+01 -0.44768E-01 -0.27432E-01  0.56248E-01  0.14733E+00  0.18578E+00  0.17221E+00  0.13541E+00  0.97041E-01  0.65859E-01  0.43190E-01  0.27659E-01  0.17389E-01  0.10754E-01  0.65169E-02  0.37571E-02  0.18679E-02
 0.14000E+01 -0.20765E-01 -0.37818E-01  0.21272E-01  0.11651E+00  0.17098E+00  0.16932E+00  0.13780E+00  0.10076E+00  0.69270E-01  0.45846E-01  0.29571E-01  0.18704E-01  0.11631E-01  0.70870E-02  0.41071E-02  0.20508E-02
 0.16000E+01 -0.47194E-02 -0.43405E-01 -0.18234E-02  0.93360E-01  0.15656E+00  0.16264E+00  0.13547E+00  0.10038E+00  0.69630E-01  0.46404E-01  0.30112E-01  0.19159E-01  0.11988E-01  0.73534E-02  0.42913E-02  0.21553E-02
 0.18000E+01  0.50799E-02 -0.46012E-01 -0.16515E-01  0.75907E-01  0.14277E+00  0.15357E+00  0.13000E+00  0.97258E-01  0.67941E-01  0.45558E-01  0.29744E-01  0.19049E-01  0.12009E-01  0.74300E-02  0.43753E-02  0.22143E-02
 0.20000E+01  0.10350E-01 -0.46784E-01 -0.25435E-01  0.62598E-01  0.12973E+00  0.14317E+00  0.12263E+00  0.92431E-01  0.64967E-01  0.43827E-01  0.28802E-01  0.18585E-01  0.11819E-01  0.73885E-02  0.43979E-02  0.22457E-02
 0.22000E+01  0.12168E-01 -0.46341E-01 -0.30142E-01  0.52442E-01  0.11742E+00  0.13197E+00  0.11401E+00  0.86458E-01  0.61122E-01  0.41497E-01  0.27473E-01  0.17883E-01  0.11492E-01  0.72715E-02  0.43827E-02  0.22609E-02
 0.24000E+01  0.11429E-01 -0.45001E-01 -0.31691E-01  0.44712E-01  0.10577E+00  0.12029E+00  0.10455E+00  0.79699E-01  0.56679E-01  0.38757E-01  0.25882E-01  0.17023E-01  0.11076E-01  0.71080E-02  0.43459E-02  0.22675E-02
 0.26000E+01  0.86225E-02 -0.43026E-01 -0.30812E-01  0.38859E-01  0.94626E-01  0.10823E+00  0.94425E-01  0.72332E-01  0.51779E-01  0.35710E-01  0.24102E-01  0.16055E-01  0.10602E-01  0.69188E-02  0.43001E-02  0.22724E-02
 0.28000E+01  0.41963E-02 -0.40583E-01 -0.28056E-01  0.34490E-01  0.83921E-01  0.95912E-01  0.83831E-01  0.64522E-01  0.46545E-01  0.32439E-01  0.22183E-01  0.15007E-01  0.10088E-01  0.67122E-02  0.42491E-02  0.22768E-02
 0.30000E+01  0.13603E-02 -0.38566E-01 -0.26895E-01  0.29188E-01  0.73448E-01  0.84468E-01  0.74186E-01  0.57477E-01  0.41838E-01  0.29493E-01  0.20442E-01  0.14045E-01  0.96024E-02  0.65030E-02  0.41839E-02  0.22685E-02
