 0.00000E+00  0.83862E+00  0.38156E+00  0.11342E-01 -0.17108E+00 -0.18442E+00 -0.11194E+00 -0.30419E-01  0.22831E-01  0.44257E-01  0.44943E-01  0.36627E-01  0.26610E-01  0.18017E-01  0.11576E-01  0.70637E-02  0.40492E-02
 0.20000E+00  0.20055E+00  0.31529E+00  0.33510E+00  0.26444E+00  0.15031E+00  0.44566E-01 -0.24137E-01 -0.53710E-01 -0.56545E-01 -0.46797E-01 -0.34119E-01 -0.23059E-01 -0.14839E-01 -0.91878E-02 -0.54565E-02 -0.30667E-02
 0.40000E+00  0.28063E-01  0.19973E+00  0.28935E+00  0.27853E+00  0.20068E+00  0.10672E+00  0.32750E-01 -0.98395E-02 -0.26507E-01 -0.27957E-01 -0.23037E-01 -0.16827E-01 -0.11438E-01 -0.73742E-02 -0.45129E-02 -0.25933E-02
 0.60000E+00 -0.23864E-01  0.14233E+00  0.24555E+00  0.26098E+00  0.21007E+00  0.13431E+00  0.66985E-01  0.22145E-01 -0.11473E-02 -0.99296E-02 -0.11140E-01 -0.93530E-02 -0.68953E-02 -0.46864E-02 -0.29733E-02 -0.17519E-02
 0.80000E+00 -0.53029E-01  0.77237E-01  0.17651E+00  0.21756E+00  0.20442E+00  0.16028E+00  0.10937E+00  0.66607E-01  0.36780E-01  0.18581E-01  0.85904E-02  0.35772E-02  0.12675E-02  0.30581E-03 -0.32730E-04 -0.10854E-03
 0.10000E+01 -0.47656E-01  0.12163E-01  0.83201E-01  0.14261E+00  0.17401E+00  0.17431E+00  0.15159E+00  0.11826E+00  0.84765E-01  0.56986E-01  0.36596E-01  0.22792E-01  0.13894E-01  0.82952E-02  0.48057E-02  0.26551E-02
 0.12000E+01 -0.21985E-01 -0.24320E-01  0.12790E-01  0.74684E-01  0.13341E+00  0.16687E+00  0.16920E+00  0.14824E+00  0.11666E+00  0.84841E-01  0.58316E-01  0.38531E-01  0.24711E-01  0.15391E-01  0.92253E-02  0.52336E-02
 0.14000E+01 -0.17512E-02 -0.37772E-01 -0.23504E-01  0.33089E-01  0.10113E+00  0.15034E+00  0.16730E+00  0.15597E+00  0.12865E+00  0.97236E-01  0.69059E-01  0.46924E-01  0.30811E-01  0.19562E-01  0.11904E-01  0.68311E-02
 0.16000E+01  0.98042E-02 -0.41382E-01 -0.40039E-01  0.10218E-01  0.79232E-01  0.13433E+00  0.15868E+00  0.15364E+00  0.13039E+00  0.10088E+00  0.73088E-01  0.50514E-01  0.33644E-01  0.21609E-01  0.13268E-01  0.76659E-02
 0.18000E+01  0.16019E-01 -0.41532E-01 -0.47459E-01 -0.26384E-02  0.64487E-01  0.12117E+00  0.14918E+00  0.14817E+00  0.12818E+00  0.10075E+00  0.73987E-01  0.51728E-01  0.34785E-01  0.22515E-01  0.13907E-01  0.80719E-02
 0.20000E+01  0.19390E-01 -0.40543E-01 -0.50729E-01 -0.10274E-01  0.54199E-01  0.11070E+00  0.14050E+00  0.14215E+00  0.12469E+00  0.99139E-01  0.73520E-01  0.51831E-01  0.35096E-01  0.22842E-01  0.14170E-01  0.82513E-02
 0.22000E+01  0.21250E-01 -0.39220E-01 -0.52021E-01 -0.15071E-01  0.46683E-01  0.10227E+00  0.13291E+00  0.13639E+00  0.12091E+00  0.96980E-01  0.72458E-01  0.51407E-01  0.34992E-01  0.22870E-01  0.14234E-01  0.83086E-02
 0.24000E+01  0.22268E-01 -0.37843E-01 -0.52318E-01 -0.18240E-01  0.40936E-01  0.95314E-01  0.12627E+00  0.13106E+00  0.11718E+00  0.94647E-01  0.71137E-01  0.50726E-01  0.34672E-01  0.22737E-01  0.14187E-01  0.82974E-02
 0.26000E+01  0.22798E-01 -0.36502E-01 -0.52085E-01 -0.20422E-01  0.36358E-01  0.89418E-01  0.12040E+00  0.12616E+00  0.11360E+00  0.92290E-01  0.69710E-01  0.49916E-01  0.34236E-01  0.22513E-01  0.14077E-01  0.82461E-02
 0.28000E+01  0.23024E-01 -0.35223E-01 -0.51549E-01 -0.21967E-01  0.32585E-01  0.84296E-01  0.11512E+00  0.12162E+00  0.11019E+00  0.89968E-01  0.68245E-01  0.49043E-01  0.33737E-01  0.22237E-01  0.13930E-01  0.81707E-02
 0.30000E+01  0.23046E-01 -0.33648E-01 -0.50551E-01 -0.23254E-01  0.28665E-01  0.78636E-01  0.10908E+00  0.11627E+00  0.10604E+00  0.87056E-01  0.66342E-01  0.47860E-01  0.33029E-01  0.21825E-01  0.13699E-01  0.80471E-02
 0.00000E+00  0.83862E+00  0.38156E+00  0.11342E-01 -0.17108E+00 -0.18442E+00 -0.11194E+00 -0.30419E-01  0.22831E-01  0.44257E-01  0.44943E-01  0.36627E-01  0.26610E-01  0.18017E-01  0.11576E-01  0.70637E-02  0.40492E-02
 0.20000E+00  0.20055E+00  0.31529E+00  0.33510E+00  0.26444E+00  0.15031E+00  0.44566E-01 -0.24137E-01 -0.53710E-01 -0.56545E-01 -0.46797E-01 -0.34119E-01 -0.23059E-01 -0.14839E-01 -0.91878E-02 -0.54565E-02 -0.30667E-02
 0.40000E+00  0.28063E-01  0.19973E+00  0.28935E+00  0.27853E+00  0.20068E+00  0.10672E+00  0.32750E-01 -0.98395E-02 -0.26507E-01 -0.27957E-01 -0.23037E-01 -0.16827E-01 -0.11438E-01 -0.73742E-02 -0.45129E-02 -0.25933E-02
 0.60000E+00 -0.23864E-01  0.14233E+00  0.24555E+00  0.26098E+00  0.21007E+00  0.13431E+00  0.66985E-01  0.22145E-01 -0.11473E-02 -0.99296E-02 -0.11140E-01 -0.93530E-02 -0.68953E-02 -0.46864E-02 -0.29733E-02 -0.17519E-02
 0.80000E+00 -0.53029E-01  0.77237E-01  0.17651E+00  0.21756E+00  0.20442E+00  0.16028E+00  0.10937E+00  0.66607E-01  0.36780E-01  0.18581E-01  0.85904E-02  0.35772E-02  0.12675E-02  0.30581E-03 -0.32730E-04 -0.10854E-03
 0.10000E+01 -0.47656E-01  0.12163E-01  0.83201E-01  0.14261E+00  0.17401E+00  0.17431E+00  0.15159E+00  0.11826E+00  0.84765E-01  0.56986E-01  0.36596E-01  0.22792E-01  0.13894E-01  0.82952E-02  0.48057E-02  0.26551E-02
 0.12000E+01 -0.21985E-01 -0.24320E-01  0.12790E-01  0.74684E-01  0.13341E+00  0.16687E+00  0.16920E+00  0.14824E+00  0.11666E+00  0.84841E-01  0.58316E-01  0.38531E-01  0.24711E-01  0.15391E-01  0.92253E-02  0.52336E-02
 0.14000E+01 -0.17512E-02 -0.37772E-01 -0.23504E-01  0.33089E-01  0.10113E+00  0.15034E+00  0.16730E+00  0.15597E+00  0.12865E+00  0.97236E-01  0.69059E-01  0.46924E-01  0.30811E-01  0.19562E-01  0.11904E-01  0.68311E-02
 0.16000E+01  0.98042E-02 -0.41382E-01 -0.40039E-01  0.10218E-01  0.79232E-01  0.13433E+00  0.15868E+00  0.15364E+00  0.13039E+00  0.10088E+00  0.73088E-01  0.50514E-01  0.33644E-01  0.21609E-01  0.13268E-01  0.76659E-02
 0.18000E+01  0.16019E-01 -0.41532E-01 -0.47459E-01 -0.26384E-02  0.64487E-01  0.12117E+00  0.14918E+00  0.14817E+00  0.12818E+00  0.10075E+00  0.73987E-01  0.51728E-01  0.34785E-01  0.22515E-01  0.13907E-01  0.80719E-02
 0.20000E+01  0.19390E-01 -0.40543E-01 -0.50729E-01 -0.10274E-01  0.54199E-01  0.11070E+00  0.14050E+00  0.14215E+00  0.12469E+00  0.99139E-01  0.73520E-01  0.51831E-01  0.35096E-01  0.22842E-01  0.14170E-01  0.82513E-02
 0.22000E+01  0.21250E-01 -0.39220E-01 -0.52021E-01 -0.15071E-01  0.46683E-01  0.10227E+00  0.13291E+00  0.13639E+00  0.12091E+00  0.96980E-01  0.72458E-01  0.51407E-01  0.34992E-01  0.22870E-01  0.14234E-01  0.83086E-02
 0.24000E+01  0.22268E-01 -0.37843E-01 -0.52318E-01 -0.18240E-01  0.40936E-01  0.95314E-01  0.12627E+00  0.13106E+00  0.11718E+00  0.94647E-01  0.71137E-01  0.50726E-01  0.34672E-01  0.22737E-01  0.14187E-01  0.82974E-02
 0.26000E+01  0.22798E-01 -0.36502E-01 -0.52085E-01 -0.20422E-01  0.36358E-01  0.89418E-01  0.12040E+00  0.12616E+00  0.11360E+00  0.92290E-01  0.69710E-01  0.49916E-01  0.34236E-01  0.22513E-01  0.14077E-01  0.82461E-02
 0.28000E+01  0.23024E-01 -0.35223E-01 -0.51549E-01 -0.21967E-01  0.32585E-01  0.84296E-01  0.11512E+00  0.12162E+00  0.11019E+00  0.89968E-01  0.68245E-01  0.49043E-01  0.33737E-01  0.22237E-01  0.13930E-01  0.81707E-02
 0.30000E+01  0.23046E-01 -0.33648E-01 -0.50551E-01 -0.23254E-01  0.28665E-01  0.78636E-01  0.10908E+00  0.11627E+00  0.10604E+00  0.87056E-01  0.66342E-01  0.47860E-01  0.33029E-01  0.21825E-01  0.13699E-01  0.80471E-02
