 0.00000E+00  0.56763E+00  0.34950E+00  0.40434E-01 -0.93248E-01 -0.82578E-01 -0.41301E-01 -0.14243E-01 -0.20441E-02  0.21647E-02  0.29439E-02  0.25097E-02  0.18031E-02  0.11683E-02  0.69518E-03  0.37541E-03  0.17251E-03
 0.20000E+00  0.50967E+00  0.46480E+00  0.26209E+00  0.88990E-01  0.77162E-02 -0.16368E-01 -0.18772E-01 -0.15246E-01 -0.11010E-01 -0.74974E-02 -0.49232E-02 -0.31501E-02 -0.19731E-02 -0.12070E-02 -0.70040E-03 -0.34952E-03
 0.40000E+00  0.56349E-02  0.21660E+00  0.33348E+00  0.27670E+00  0.15782E+00  0.69152E-01  0.23290E-01  0.39815E-02 -0.26683E-02 -0.40640E-02 -0.35873E-02 -0.26496E-02 -0.17727E-02 -0.11006E-02 -0.62716E-03 -0.30431E-03
 0.60000E+00 -0.11912E+00  0.89750E-01  0.26831E+00  0.28367E+00  0.20460E+00  0.12360E+00  0.69727E-01  0.38595E-01  0.21339E-01  0.11856E-01  0.66366E-02  0.37478E-02  0.21360E-02  0.12220E-02  0.67828E-03  0.32894E-03
 0.80000E+00 -0.11390E+00  0.29896E-01  0.18704E+00  0.24060E+00  0.20792E+00  0.15052E+00  0.10061E+00  0.64747E-01  0.40787E-01  0.25317E-01  0.15525E-01  0.94130E-02  0.56380E-02  0.33165E-02  0.18589E-02  0.90222E-03
 0.10000E+01 -0.85904E-01 -0.12456E-02  0.12343E+00  0.19663E+00  0.19812E+00  0.16123E+00  0.11733E+00  0.80249E-01  0.52849E-01  0.33914E-01  0.21332E-01  0.13189E-01  0.80186E-02  0.47709E-02  0.26974E-02  0.13176E-02
 0.12000E+01 -0.59766E-01 -0.19148E-01  0.77212E-01  0.16002E+00  0.18443E+00  0.16290E+00  0.12480E+00  0.88296E-01  0.59560E-01  0.38926E-01  0.24853E-01  0.15568E-01  0.95814E-02  0.57707E-02  0.33021E-02  0.16296E-02
 0.14000E+01 -0.39420E-01 -0.29771E-01  0.44178E-01  0.13059E+00  0.16959E+00  0.15915E+00  0.12626E+00  0.91361E-01  0.62655E-01  0.41509E-01  0.26831E-01  0.17013E-01  0.10607E-01  0.64799E-02  0.37635E-02  0.18813E-02
 0.16000E+01 -0.24839E-01 -0.35929E-01  0.20992E-01  0.10719E+00  0.15474E+00  0.15207E+00  0.12375E+00  0.91074E-01  0.63292E-01  0.42435E-01  0.27757E-01  0.17822E-01  0.11269E-01  0.69957E-02  0.41318E-02  0.20950E-02
 0.18000E+01 -0.15175E-01 -0.39147E-01  0.52000E-02  0.88635E-01  0.14026E+00  0.14285E+00  0.11854E+00  0.88460E-01  0.62215E-01  0.42205E-01  0.27950E-01  0.18194E-01  0.11685E-01  0.73836E-02  0.44411E-02  0.22860E-02
 0.20000E+01 -0.95085E-02 -0.40370E-01 -0.50128E-02  0.73938E-01  0.12637E+00  0.13227E+00  0.11150E+00  0.84236E-01  0.59944E-01  0.41168E-01  0.27634E-01  0.18263E-01  0.11933E-01  0.76856E-02  0.47120E-02  0.24630E-02
 0.22000E+01 -0.70023E-02 -0.40212E-01 -0.11001E-01  0.62318E-01  0.11314E+00  0.12089E+00  0.10325E+00  0.78924E-01  0.56859E-01  0.39580E-01  0.26972E-01  0.18128E-01  0.12069E-01  0.79330E-02  0.49603E-02  0.26326E-02
 0.24000E+01 -0.69175E-02 -0.39119E-01 -0.13868E-01  0.53077E-01  0.10056E+00  0.10907E+00  0.94230E-01  0.72904E-01  0.53240E-01  0.37634E-01  0.26086E-01  0.17865E-01  0.12138E-01  0.81501E-02  0.51982E-02  0.28003E-02
 0.26000E+01 -0.86903E-02 -0.37299E-01 -0.14330E-01  0.45661E-01  0.88479E-01  0.96908E-01  0.84628E-01  0.66352E-01  0.49229E-01  0.35429E-01  0.25047E-01  0.17519E-01  0.12169E-01  0.83554E-02  0.54367E-02  0.29716E-02
 0.28000E+01 -0.12091E-01 -0.34938E-01 -0.12849E-01  0.39689E-01  0.76718E-01  0.84392E-01  0.74489E-01  0.59332E-01  0.44885E-01  0.33017E-01  0.23893E-01  0.17119E-01  0.12183E-01  0.85635E-02  0.56854E-02  0.31518E-02
 0.30000E+01 -0.14415E-01 -0.32789E-01 -0.12305E-01  0.33240E-01  0.65214E-01  0.72479E-01  0.64937E-01  0.52735E-01  0.40791E-01  0.30722E-01  0.22768E-01  0.16699E-01  0.12153E-01  0.87202E-02  0.58886E-02  0.33023E-02
