 0.00000E+00  0.75912E+00  0.29851E+00 -0.10247E+00 -0.14864E+00 -0.48676E-01  0.19663E-01  0.37160E-01  0.31545E-01  0.21310E-01  0.12850E-01  0.71530E-02  0.36684E-02  0.16704E-02  0.59912E-03  0.97607E-04 -0.55629E-04
 0.20000E+00  0.35259E+00  0.48382E+00  0.36905E+00  0.14383E+00 -0.79475E-02 -0.59172E-01 -0.57844E-01 -0.41960E-01 -0.26946E-01 -0.16250E-01 -0.94062E-02 -0.52556E-02 -0.28236E-02 -0.14389E-02 -0.67439E-03 -0.27160E-03
 0.40000E+00 -0.91632E-01  0.27182E+00  0.42725E+00  0.29830E+00  0.12003E+00  0.19084E-01 -0.14947E-01 -0.18912E-01 -0.14290E-01 -0.90406E-02 -0.51395E-02 -0.26413E-02 -0.11743E-02 -0.38180E-03 -0.18857E-04  0.75454E-04
 0.60000E+00 -0.11361E+00  0.10501E+00  0.27518E+00  0.28161E+00  0.20243E+00  0.12329E+00  0.70067E-01  0.39014E-01  0.21730E-01  0.12174E-01  0.68557E-02  0.38712E-02  0.21855E-02  0.12247E-02  0.65991E-03  0.31057E-03
 0.80000E+00 -0.49216E-01  0.29575E-02  0.12866E+00  0.22600E+00  0.23588E+00  0.18817E+00  0.12889E+00  0.80897E-01  0.48222E-01  0.27761E-01  0.15509E-01  0.83807E-02  0.43331E-02  0.20947E-02  0.90612E-03  0.32623E-03
 0.10000E+01  0.46228E-02 -0.45588E-01  0.36926E-01  0.17363E+00  0.23341E+00  0.20896E+00  0.15203E+00  0.98548E-01  0.59653E-01  0.34455E-01  0.19103E-01  0.10113E-01  0.50204E-02  0.22426E-02  0.82901E-03  0.21942E-03
 0.12000E+01  0.30229E-01 -0.63543E-01 -0.84880E-02  0.13503E+00  0.21338E+00  0.20208E+00  0.15100E+00  0.99247E-01  0.60483E-01  0.35000E-01  0.19358E-01  0.10170E-01  0.49663E-02  0.21422E-02  0.72846E-03  0.15126E-03
 0.14000E+01  0.37363E-01 -0.67493E-01 -0.27971E-01  0.10761E+00  0.18795E+00  0.18325E+00  0.13874E+00  0.91829E-01  0.56186E-01  0.32589E-01  0.18047E-01  0.94846E-02  0.46290E-02  0.19920E-02  0.67298E-03  0.13658E-03
 0.16000E+01  0.34627E-01 -0.65149E-01 -0.34031E-01  0.87370E-01  0.16154E+00  0.15969E+00  0.12161E+00  0.80782E-01  0.49605E-01  0.28909E-01  0.16122E-01  0.85686E-02  0.42645E-02  0.19079E-02  0.70605E-03  0.18739E-03
 0.18000E+01  0.26807E-01 -0.59941E-01 -0.33031E-01  0.71799E-01  0.13587E+00  0.13471E+00  0.10265E+00  0.68297E-01  0.42113E-01  0.24743E-01  0.13992E-01  0.76097E-02  0.39391E-02  0.18950E-02  0.80964E-03  0.28579E-03
 0.20000E+01  0.16464E-01 -0.53493E-01 -0.28290E-01  0.59371E-01  0.11159E+00  0.10988E+00  0.83372E-01  0.55467E-01  0.34394E-01  0.20471E-01  0.11841E-01  0.66781E-02  0.36628E-02  0.19356E-02  0.95898E-03  0.41331E-03
 0.22000E+01  0.48085E-02 -0.46531E-01 -0.21410E-01  0.49219E-01  0.88806E-01  0.85778E-01  0.64385E-01  0.42745E-01  0.26733E-01  0.16253E-01  0.97476E-02  0.58040E-02  0.34399E-02  0.20223E-02  0.11435E-02  0.56204E-03
 0.24000E+01 -0.72815E-02 -0.39490E-01 -0.13447E-01  0.40772E-01  0.67634E-01  0.62841E-01  0.46129E-01  0.30461E-01  0.19336E-01  0.12200E-01  0.77616E-02  0.50029E-02  0.32678E-02  0.21445E-02  0.13517E-02  0.72389E-03
 0.26000E+01 -0.19534E-01 -0.32544E-01 -0.48879E-02  0.33603E-01  0.47860E-01  0.41018E-01  0.28624E-01  0.18646E-01  0.12223E-01  0.83193E-02  0.58816E-02  0.42678E-02  0.31375E-02  0.22933E-02  0.15762E-02  0.89439E-03
 0.28000E+01 -0.31770E-01 -0.25856E-01  0.38874E-02  0.27398E-01  0.29350E-01  0.20301E-01  0.11909E-01  0.73375E-02  0.54182E-02  0.46201E-02  0.41061E-02  0.35920E-02  0.30400E-02  0.24599E-02  0.18098E-02  0.10689E-02
 0.30000E+01 -0.42240E-01 -0.20229E-01  0.10660E-01  0.20761E-01  0.12130E-01  0.15065E-02 -0.30920E-02 -0.27602E-02 -0.64979E-03  0.13137E-02  0.25060E-02  0.29673E-02  0.29300E-02  0.25873E-02  0.20014E-02  0.12143E-02
