 0.00000E+00  0.82671E+00  0.33624E+00 -0.32479E-01 -0.18848E+00 -0.17332E+00 -0.86480E-01 -0.61269E-02  0.38162E-01  0.50558E-01  0.45589E-01  0.34903E-01  0.24457E-01  0.16216E-01  0.10293E-01  0.62332E-02  0.35544E-02
 0.20000E+00  0.24626E+00  0.38121E+00  0.38523E+00  0.27747E+00  0.12901E+00  0.64582E-02 -0.61849E-01 -0.82268E-01 -0.75002E-01 -0.57779E-01 -0.40541E-01 -0.26910E-01 -0.17218E-01 -0.10666E-01 -0.63521E-02 -0.35802E-02
 0.40000E+00 -0.73458E-02  0.21361E+00  0.32467E+00  0.30790E+00  0.21240E+00  0.10426E+00  0.25027E-01 -0.16412E-01 -0.29954E-01 -0.28956E-01 -0.22837E-01 -0.16283E-01 -0.10930E-01 -0.70019E-02 -0.42707E-02 -0.24486E-02
 0.60000E+00 -0.48502E-01  0.11360E+00  0.22183E+00  0.24967E+00  0.21388E+00  0.15105E+00  0.91455E-01  0.48641E-01  0.23049E-01  0.97218E-02  0.35169E-02  0.91508E-03 -0.38164E-04 -0.29806E-03 -0.29520E-03 -0.21425E-03
 0.80000E+00 -0.41186E-01  0.45668E-01  0.12781E+00  0.17903E+00  0.19023E+00  0.16966E+00  0.13338E+00  0.95542E-01  0.64031E-01  0.41038E-01  0.25590E-01  0.15704E-01  0.95236E-02  0.56838E-02  0.32968E-02  0.18237E-02
 0.10000E+01 -0.24588E-01  0.72540E-02  0.63888E-01  0.12274E+00  0.16052E+00  0.16742E+00  0.14891E+00  0.11776E+00  0.85454E-01  0.58377E-01  0.38305E-01  0.24476E-01  0.15324E-01  0.93755E-02  0.55425E-02  0.31101E-02
 0.12000E+01 -0.12129E-01 -0.11720E-01  0.27086E-01  0.85576E-01  0.13478E+00  0.15598E+00  0.14842E+00  0.12308E+00  0.92502E-01  0.64901E-01  0.43475E-01  0.28232E-01  0.17900E-01  0.11058E-01  0.65859E-02  0.37162E-02
 0.14000E+01 -0.45533E-02 -0.20741E-01  0.65994E-02  0.61894E-01  0.11475E+00  0.14263E+00  0.14144E+00  0.12055E+00  0.92408E-01  0.65811E-01  0.44600E-01  0.29228E-01  0.18665E-01  0.11596E-01  0.69353E-02  0.39257E-02
 0.16000E+01 -0.16640E-03 -0.24992E-01 -0.51068E-02  0.46332E-01  0.99321E-01  0.13004E+00  0.13259E+00  0.11505E+00  0.89323E-01  0.64234E-01  0.43864E-01  0.28921E-01  0.18557E-01  0.11571E-01  0.69405E-02  0.39371E-02
 0.18000E+01  0.23348E-02 -0.26903E-01 -0.12041E-01  0.35626E-01  0.87226E-01  0.11884E+00  0.12364E+00  0.10865E+00  0.85129E-01  0.61644E-01  0.42326E-01  0.28029E-01  0.18047E-01  0.11284E-01  0.67821E-02  0.38532E-02
 0.20000E+01  0.37184E-02 -0.27613E-01 -0.16255E-01  0.27953E-01  0.77532E-01  0.10905E+00  0.11522E+00  0.10223E+00  0.80647E-01  0.58706E-01  0.40477E-01  0.26894E-01  0.17362E-01  0.10878E-01  0.65487E-02  0.37250E-02
 0.22000E+01  0.44243E-02 -0.27682E-01 -0.18840E-01  0.22271E-01  0.69616E-01  0.10052E+00  0.10752E+00  0.96125E-01  0.76240E-01  0.55728E-01  0.38550E-01  0.25681E-01  0.16614E-01  0.10427E-01  0.62849E-02  0.35783E-02
 0.24000E+01  0.47158E-02 -0.27410E-01 -0.20418E-01  0.17943E-01  0.63044E-01  0.93077E-01  0.10057E+00  0.90468E-01  0.72068E-01  0.52855E-01  0.36661E-01  0.24476E-01  0.15862E-01  0.99680E-02  0.60145E-02  0.34270E-02
 0.26000E+01  0.47498E-02 -0.26956E-01 -0.21359E-01  0.14562E-01  0.57499E-01  0.86545E-01  0.94311E-01  0.85276E-01  0.68179E-01  0.50144E-01  0.34859E-01  0.23314E-01  0.15130E-01  0.95192E-02  0.57486E-02  0.32776E-02
 0.28000E+01  0.46152E-02 -0.26408E-01 -0.21878E-01  0.11866E-01  0.52749E-01  0.80761E-01  0.88655E-01  0.80514E-01  0.64571E-01  0.47603E-01  0.33155E-01  0.22208E-01  0.14430E-01  0.90874E-02  0.54919E-02  0.31329E-02
 0.30000E+01  0.43311E-02 -0.25613E-01 -0.22089E-01  0.92298E-02  0.47695E-01  0.74390E-01  0.82298E-01  0.75087E-01  0.60415E-01  0.44650E-01  0.31160E-01  0.20906E-01  0.13601E-01  0.85740E-02  0.51855E-02  0.29599E-02
 0.00000E+00  0.82671E+00  0.33624E+00 -0.32479E-01 -0.18848E+00 -0.17332E+00 -0.86480E-01 -0.61269E-02  0.38162E-01  0.50558E-01  0.45589E-01  0.34903E-01  0.24457E-01  0.16216E-01  0.10293E-01  0.62332E-02  0.35544E-02
 0.20000E+00  0.24626E+00  0.38121E+00  0.38523E+00  0.27747E+00  0.12901E+00  0.64582E-02 -0.61849E-01 -0.82268E-01 -0.75002E-01 -0.57779E-01 -0.40541E-01 -0.26910E-01 -0.17218E-01 -0.10666E-01 -0.63521E-02 -0.35802E-02
 0.40000E+00 -0.73458E-02  0.21361E+00  0.32467E+00  0.30790E+00  0.21240E+00  0.10426E+00  0.25027E-01 -0.16412E-01 -0.29954E-01 -0.28956E-01 -0.22837E-01 -0.16283E-01 -0.10930E-01 -0.70019E-02 -0.42707E-02 -0.24486E-02
 0.60000E+00 -0.48502E-01  0.11360E+00  0.22183E+00  0.24967E+00  0.21388E+00  0.15105E+00  0.91455E-01  0.48641E-01  0.23049E-01  0.97218E-02  0.35169E-02  0.91508E-03 -0.38164E-04 -0.29806E-03 -0.29520E-03 -0.21425E-03
 0.80000E+00 -0.41186E-01  0.45668E-01  0.12781E+00  0.17903E+00  0.19023E+00  0.16966E+00  0.13338E+00  0.95542E-01  0.64031E-01  0.41038E-01  0.25590E-01  0.15704E-01  0.95236E-02  0.56838E-02  0.32968E-02  0.18237E-02
 0.10000E+01 -0.24588E-01  0.72540E-02  0.63888E-01  0.12274E+00  0.16052E+00  0.16742E+00  0.14891E+00  0.11776E+00  0.85454E-01  0.58377E-01  0.38305E-01  0.24476E-01  0.15324E-01  0.93755E-02  0.55425E-02  0.31101E-02
 0.12000E+01 -0.12129E-01 -0.11720E-01  0.27086E-01  0.85576E-01  0.13478E+00  0.15598E+00  0.14842E+00  0.12308E+00  0.92502E-01  0.64901E-01  0.43475E-01  0.28232E-01  0.17900E-01  0.11058E-01  0.65859E-02  0.37162E-02
 0.14000E+01 -0.45533E-02 -0.20741E-01  0.65994E-02  0.61894E-01  0.11475E+00  0.14263E+00  0.14144E+00  0.12055E+00  0.92408E-01  0.65811E-01  0.44600E-01  0.29228E-01  0.18665E-01  0.11596E-01  0.69353E-02  0.39257E-02
 0.16000E+01 -0.16640E-03 -0.24992E-01 -0.51068E-02  0.46332E-01  0.99321E-01  0.13004E+00  0.13259E+00  0.11505E+00  0.89323E-01  0.64234E-01  0.43864E-01  0.28921E-01  0.18557E-01  0.11571E-01  0.69405E-02  0.39371E-02
 0.18000E+01  0.23348E-02 -0.26903E-01 -0.12041E-01  0.35626E-01  0.87226E-01  0.11884E+00  0.12364E+00  0.10865E+00  0.85129E-01  0.61644E-01  0.42326E-01  0.28029E-01  0.18047E-01  0.11284E-01  0.67821E-02  0.38532E-02
 0.20000E+01  0.37184E-02 -0.27613E-01 -0.16255E-01  0.27953E-01  0.77532E-01  0.10905E+00  0.11522E+00  0.10223E+00  0.80647E-01  0.58706E-01  0.40477E-01  0.26894E-01  0.17362E-01  0.10878E-01  0.65487E-02  0.37250E-02
 0.22000E+01  0.44243E-02 -0.27682E-01 -0.18840E-01  0.22271E-01  0.69616E-01  0.10052E+00  0.10752E+00  0.96125E-01  0.76240E-01  0.55728E-01  0.38550E-01  0.25681E-01  0.16614E-01  0.10427E-01  0.62849E-02  0.35783E-02
 0.24000E+01  0.47158E-02 -0.27410E-01 -0.20418E-01  0.17943E-01  0.63044E-01  0.93077E-01  0.10057E+00  0.90468E-01  0.72068E-01  0.52855E-01  0.36661E-01  0.24476E-01  0.15862E-01  0.99680E-02  0.60145E-02  0.34270E-02
 0.26000E+01  0.47498E-02 -0.26956E-01 -0.21359E-01  0.14562E-01  0.57499E-01  0.86545E-01  0.94311E-01  0.85276E-01  0.68179E-01  0.50144E-01  0.34859E-01  0.23314E-01  0.15130E-01  0.95192E-02  0.57486E-02  0.32776E-02
 0.28000E+01  0.46152E-02 -0.26408E-01 -0.21878E-01  0.11866E-01  0.52749E-01  0.80761E-01  0.88655E-01  0.80514E-01  0.64571E-01  0.47603E-01  0.33155E-01  0.22208E-01  0.14430E-01  0.90874E-02  0.54919E-02  0.31329E-02
 0.30000E+01  0.43311E-02 -0.25613E-01 -0.22089E-01  0.92298E-02  0.47695E-01  0.74390E-01  0.82298E-01  0.75087E-01  0.60415E-01  0.44650E-01  0.31160E-01  0.20906E-01  0.13601E-01  0.85740E-02  0.51855E-02  0.29599E-02
