 0.00000E+00  0.76778E+00  0.30800E+00 -0.84416E-01 -0.13746E+00 -0.58966E-01 -0.44080E-02  0.13144E-01  0.13815E-01  0.97920E-02  0.56455E-02  0.26064E-02  0.71873E-03 -0.30117E-03 -0.73896E-03 -0.77372E-03 -0.53260E-03
 0.20000E+00  0.33302E+00  0.47773E+00  0.36641E+00  0.14535E+00  0.28204E-02 -0.44459E-01 -0.45958E-01 -0.34523E-01 -0.22636E-01 -0.13579E-01 -0.75117E-02 -0.37634E-02 -0.15972E-02 -0.44371E-03  0.64188E-04  0.16638E-03
 0.40000E+00 -0.75535E-01  0.24619E+00  0.38456E+00  0.28329E+00  0.14172E+00  0.56842E-01  0.19629E-01  0.56921E-02  0.12145E-02  0.18684E-03  0.21935E-03  0.44387E-03  0.59900E-03  0.63392E-03  0.54258E-03  0.34588E-03
 0.60000E+00 -0.80644E-01  0.10546E+00  0.25390E+00  0.26454E+00  0.19894E+00  0.12906E+00  0.78428E-01  0.46056E-01  0.26366E-01  0.14710E-01  0.79566E-02  0.41273E-02  0.20084E-02  0.87463E-03  0.30887E-03  0.72933E-04
 0.80000E+00 -0.53228E-01  0.30383E-01  0.15950E+00  0.22765E+00  0.21097E+00  0.15690E+00  0.10392E+00  0.64365E-01  0.37983E-01  0.21423E-01  0.11469E-01  0.57117E-02  0.25161E-02  0.84304E-03  0.82631E-04 -0.12738E-03
 0.10000E+01 -0.32856E-01 -0.10678E-01  0.98270E-01  0.19222E+00  0.20296E+00  0.16116E+00  0.11059E+00  0.69885E-01  0.41699E-01  0.23622E-01  0.12613E-01  0.62021E-02  0.26378E-02  0.78294E-03 -0.35014E-04 -0.22101E-03
 0.12000E+01 -0.21136E-01 -0.32972E-01  0.58799E-01  0.16092E+00  0.18577E+00  0.15324E+00  0.10720E+00  0.68486E-01  0.41136E-01  0.23395E-01  0.12515E-01  0.61513E-02  0.26036E-02  0.75612E-03 -0.55239E-04 -0.23313E-03
 0.14000E+01 -0.16261E-01 -0.43840E-01  0.33952E-01  0.13368E+00  0.16407E+00  0.13853E+00  0.98035E-01  0.63082E-01  0.38100E-01  0.21786E-01  0.11732E-01  0.58260E-02  0.25181E-02  0.78350E-03  0.82840E-05 -0.18135E-03
 0.16000E+01 -0.16533E-01 -0.47376E-01  0.19263E-01  0.11000E+00  0.14022E+00  0.11993E+00  0.85456E-01  0.55286E-01  0.33594E-01  0.19370E-01  0.10568E-01  0.53691E-02  0.24336E-02  0.87143E-03  0.14377E-03 -0.78049E-04
 0.18000E+01 -0.20436E-01 -0.45991E-01  0.11727E-01  0.89237E-01  0.11540E+00  0.99087E-01  0.70821E-01  0.46039E-01  0.28204E-01  0.16484E-01  0.91986E-02  0.48606E-02  0.23769E-02  0.10199E-02  0.34136E-03  0.67717E-04
 0.20000E+01 -0.26948E-01 -0.41453E-01  0.91982E-02  0.70967E-01  0.90536E-01  0.77204E-01  0.55136E-01  0.36034E-01  0.22356E-01  0.13366E-01  0.77434E-02  0.43498E-02  0.23592E-02  0.12219E-02  0.58841E-03  0.24605E-03
 0.22000E+01 -0.35099E-01 -0.35099E-01  0.99986E-02  0.54918E-01  0.66435E-01  0.55341E-01  0.39265E-01  0.25857E-01  0.16406E-01  0.10209E-01  0.62929E-02  0.38676E-02  0.23798E-02  0.14627E-02  0.86777E-03  0.44468E-03
 0.24000E+01 -0.44268E-01 -0.27433E-01  0.13222E-01  0.40631E-01  0.43107E-01  0.33691E-01  0.23407E-01  0.15655E-01  0.10446E-01  0.70664E-02  0.48732E-02  0.34240E-02  0.24402E-02  0.17396E-02  0.11755E-02  0.66071E-03
 0.26000E+01 -0.54087E-01 -0.19114E-01  0.18024E-01  0.27858E-01  0.20798E-01  0.12636E-01  0.78855E-02  0.56519E-02  0.46108E-02  0.40073E-02  0.35133E-02  0.30251E-02  0.25345E-02  0.20421E-02  0.15014E-02  0.88725E-03
 0.28000E+01 -0.64329E-01 -0.10435E-01  0.23906E-01  0.16286E-01 -0.57928E-03 -0.78067E-02 -0.72539E-02 -0.41156E-02 -0.10760E-02  0.10449E-02  0.22183E-02  0.26711E-02  0.26607E-02  0.23673E-02  0.18426E-02  0.11224E-02
 0.30000E+01 -0.72392E-01 -0.42129E-02  0.26951E-01  0.50618E-02 -0.19346E-01 -0.25328E-01 -0.20102E-01 -0.12363E-01 -0.58641E-02 -0.14460E-02  0.11290E-02  0.23714E-02  0.27635E-02  0.26372E-02  0.21264E-02  0.13181E-02
