 0.00000E+00  0.80456E+00  0.31205E+00 -0.47028E-01 -0.18405E+00 -0.14964E+00 -0.52088E-01  0.27775E-01  0.63969E-01  0.66296E-01  0.53179E-01  0.37463E-01  0.24575E-01  0.15474E-01  0.94515E-02  0.55719E-02  0.31207E-02
 0.20000E+00  0.29804E+00  0.39587E+00  0.36624E+00  0.23880E+00  0.87677E-01 -0.24659E-01 -0.77498E-01 -0.84038E-01 -0.67983E-01 -0.47225E-01 -0.30063E-01 -0.18248E-01 -0.10807E-01 -0.62901E-02 -0.35719E-02 -0.19445E-02
 0.40000E+00 -0.17243E-01  0.24642E+00  0.36902E+00  0.33242E+00  0.20393E+00  0.69857E-01 -0.19036E-01 -0.56406E-01 -0.59605E-01 -0.48119E-01 -0.34122E-01 -0.22564E-01 -0.14330E-01 -0.88234E-02 -0.52374E-02 -0.29495E-02
 0.60000E+00 -0.89394E-01  0.11644E+00  0.25446E+00  0.28792E+00  0.23815E+00  0.15454E+00  0.78512E-01  0.27954E-01  0.19631E-02 -0.78557E-02 -0.95298E-02 -0.80984E-02 -0.59768E-02 -0.40620E-02 -0.25791E-02 -0.15218E-02
 0.80000E+00 -0.54886E-01  0.24270E-01  0.11629E+00  0.18669E+00  0.21349E+00  0.19755E+00  0.15616E+00  0.10919E+00  0.69533E-01  0.41452E-01  0.23739E-01  0.13345E-01  0.74610E-02  0.41549E-02  0.22802E-02  0.12089E-02
 0.10000E+01 -0.12945E-01 -0.15288E-01  0.32458E-01  0.10631E+00  0.16787E+00  0.19223E+00  0.17904E+00  0.14388E+00  0.10395E+00  0.69781E-01  0.44729E-01  0.27927E-01  0.17159E-01  0.10364E-01  0.60810E-02  0.33998E-02
 0.12000E+01  0.80955E-02 -0.26835E-01 -0.40078E-02  0.61361E-01  0.13013E+00  0.16984E+00  0.17190E+00  0.14717E+00  0.11214E+00  0.78890E-01  0.52694E-01  0.34084E-01  0.21564E-01  0.13331E-01  0.79628E-02  0.45117E-02
 0.14000E+01  0.16465E-01 -0.28772E-01 -0.18431E-01  0.37835E-01  0.10436E+00  0.14820E+00  0.15752E+00  0.13983E+00  0.10980E+00  0.79274E-01  0.54152E-01  0.35696E-01  0.22932E-01  0.14347E-01  0.86474E-02  0.49325E-02
 0.16000E+01  0.19491E-01 -0.28027E-01 -0.24130E-01  0.24915E-01  0.87168E-01  0.13114E+00  0.14388E+00  0.13071E+00  0.10461E+00  0.76779E-01  0.53188E-01  0.35471E-01  0.23002E-01  0.14496E-01  0.87850E-02  0.50312E-02
 0.18000E+01  0.20395E-01 -0.26688E-01 -0.26365E-01  0.17228E-01  0.75288E-01  0.11812E+00  0.13251E+00  0.12233E+00  0.99203E-01  0.73629E-01  0.51495E-01  0.34614E-01  0.22589E-01  0.14305E-01  0.87009E-02  0.49965E-02
 0.20000E+01  0.20439E-01 -0.25328E-01 -0.27142E-01  0.12280E-01  0.66671E-01  0.10804E+00  0.12322E+00  0.11511E+00  0.94261E-01  0.70540E-01  0.49678E-01  0.33585E-01  0.22018E-01  0.13992E-01  0.85335E-02  0.49099E-02
 0.22000E+01  0.20124E-01 -0.24087E-01 -0.27261E-01  0.88778E-02  0.60123E-01  0.99995E-01  0.11554E+00  0.10895E+00  0.89886E-01  0.67696E-01  0.47932E-01  0.32548E-01  0.21413E-01  0.13645E-01  0.83384E-02  0.48048E-02
 0.24000E+01  0.19660E-01 -0.22982E-01 -0.27069E-01  0.64053E-02  0.54942E-01  0.93394E-01  0.10907E+00  0.10363E+00  0.86023E-01  0.65121E-01  0.46309E-01  0.31558E-01  0.20820E-01  0.13296E-01  0.81384E-02  0.46952E-02
 0.26000E+01  0.19136E-01 -0.21998E-01 -0.26722E-01  0.45244E-02  0.50694E-01  0.87820E-01  0.10350E+00  0.98965E-01  0.82576E-01  0.62783E-01  0.44809E-01  0.30626E-01  0.20253E-01  0.12957E-01  0.79420E-02  0.45865E-02
 0.28000E+01  0.18590E-01 -0.21112E-01 -0.26296E-01  0.30387E-02  0.47104E-01  0.82993E-01  0.98595E-01  0.94804E-01  0.79459E-01  0.60641E-01  0.43416E-01  0.29751E-01  0.19714E-01  0.12632E-01  0.77521E-02  0.44808E-02
 0.30000E+01  0.17910E-01 -0.20080E-01 -0.25662E-01  0.15990E-02  0.43294E-01  0.77725E-01  0.93148E-01  0.90116E-01  0.75902E-01  0.58165E-01  0.41787E-01  0.28715E-01  0.19071E-01  0.12241E-01  0.75219E-02  0.43519E-02
 0.00000E+00  0.80456E+00  0.31205E+00 -0.47028E-01 -0.18405E+00 -0.14964E+00 -0.52088E-01  0.27775E-01  0.63969E-01  0.66296E-01  0.53179E-01  0.37463E-01  0.24575E-01  0.15474E-01  0.94515E-02  0.55719E-02  0.31207E-02
 0.20000E+00  0.29804E+00  0.39587E+00  0.36624E+00  0.23880E+00  0.87677E-01 -0.24659E-01 -0.77498E-01 -0.84038E-01 -0.67983E-01 -0.47225E-01 -0.30063E-01 -0.18248E-01 -0.10807E-01 -0.62901E-02 -0.35719E-02 -0.19445E-02
 0.40000E+00 -0.17243E-01  0.24642E+00  0.36902E+00  0.33242E+00  0.20393E+00  0.69857E-01 -0.19036E-01 -0.56406E-01 -0.59605E-01 -0.48119E-01 -0.34122E-01 -0.22564E-01 -0.14330E-01 -0.88234E-02 -0.52374E-02 -0.29495E-02
 0.60000E+00 -0.89394E-01  0.11644E+00  0.25446E+00  0.28792E+00  0.23815E+00  0.15454E+00  0.78512E-01  0.27954E-01  0.19631E-02 -0.78557E-02 -0.95298E-02 -0.80984E-02 -0.59768E-02 -0.40620E-02 -0.25791E-02 -0.15218E-02
 0.80000E+00 -0.54886E-01  0.24270E-01  0.11629E+00  0.18669E+00  0.21349E+00  0.19755E+00  0.15616E+00  0.10919E+00  0.69533E-01  0.41452E-01  0.23739E-01  0.13345E-01  0.74610E-02  0.41549E-02  0.22802E-02  0.12089E-02
 0.10000E+01 -0.12945E-01 -0.15288E-01  0.32458E-01  0.10631E+00  0.16787E+00  0.19223E+00  0.17904E+00  0.14388E+00  0.10395E+00  0.69781E-01  0.44729E-01  0.27927E-01  0.17159E-01  0.10364E-01  0.60810E-02  0.33998E-02
 0.12000E+01  0.80955E-02 -0.26835E-01 -0.40078E-02  0.61361E-01  0.13013E+00  0.16984E+00  0.17190E+00  0.14717E+00  0.11214E+00  0.78890E-01  0.52694E-01  0.34084E-01  0.21564E-01  0.13331E-01  0.79628E-02  0.45117E-02
 0.14000E+01  0.16465E-01 -0.28772E-01 -0.18431E-01  0.37835E-01  0.10436E+00  0.14820E+00  0.15752E+00  0.13983E+00  0.10980E+00  0.79274E-01  0.54152E-01  0.35696E-01  0.22932E-01  0.14347E-01  0.86474E-02  0.49325E-02
 0.16000E+01  0.19491E-01 -0.28027E-01 -0.24130E-01  0.24915E-01  0.87168E-01  0.13114E+00  0.14388E+00  0.13071E+00  0.10461E+00  0.76779E-01  0.53188E-01  0.35471E-01  0.23002E-01  0.14496E-01  0.87850E-02  0.50312E-02
 0.18000E+01  0.20395E-01 -0.26688E-01 -0.26365E-01  0.17228E-01  0.75288E-01  0.11812E+00  0.13251E+00  0.12233E+00  0.99203E-01  0.73629E-01  0.51495E-01  0.34614E-01  0.22589E-01  0.14305E-01  0.87009E-02  0.49965E-02
 0.20000E+01  0.20439E-01 -0.25328E-01 -0.27142E-01  0.12280E-01  0.66671E-01  0.10804E+00  0.12322E+00  0.11511E+00  0.94261E-01  0.70540E-01  0.49678E-01  0.33585E-01  0.22018E-01  0.13992E-01  0.85335E-02  0.49099E-02
 0.22000E+01  0.20124E-01 -0.24087E-01 -0.27261E-01  0.88778E-02  0.60123E-01  0.99995E-01  0.11554E+00  0.10895E+00  0.89886E-01  0.67696E-01  0.47932E-01  0.32548E-01  0.21413E-01  0.13645E-01  0.83384E-02  0.48048E-02
 0.24000E+01  0.19660E-01 -0.22982E-01 -0.27069E-01  0.64053E-02  0.54942E-01  0.93394E-01  0.10907E+00  0.10363E+00  0.86023E-01  0.65121E-01  0.46309E-01  0.31558E-01  0.20820E-01  0.13296E-01  0.81384E-02  0.46952E-02
 0.26000E+01  0.19136E-01 -0.21998E-01 -0.26722E-01  0.45244E-02  0.50694E-01  0.87820E-01  0.10350E+00  0.98965E-01  0.82576E-01  0.62783E-01  0.44809E-01  0.30626E-01  0.20253E-01  0.12957E-01  0.79420E-02  0.45865E-02
 0.28000E+01  0.18590E-01 -0.21112E-01 -0.26296E-01  0.30387E-02  0.47104E-01  0.82993E-01  0.98595E-01  0.94804E-01  0.79459E-01  0.60641E-01  0.43416E-01  0.29751E-01  0.19714E-01  0.12632E-01  0.77521E-02  0.44808E-02
 0.30000E+01  0.17910E-01 -0.20080E-01 -0.25662E-01  0.15990E-02  0.43294E-01  0.77725E-01  0.93148E-01  0.90116E-01  0.75902E-01  0.58165E-01  0.41787E-01  0.28715E-01  0.19071E-01  0.12241E-01  0.75219E-02  0.43519E-02
