 0.00000E+00  0.73797E+00  0.32278E+00 -0.39009E-02 -0.15399E+00 -0.15292E+00 -0.82678E-01 -0.12771E-01  0.27789E-01  0.40566E-01  0.37625E-01  0.29202E-01  0.20664E-01  0.13834E-01  0.88724E-02  0.54299E-02  0.31271E-02
 0.20000E+00  0.37358E+00  0.40178E+00  0.33871E+00  0.21623E+00  0.88272E-01 -0.45271E-02 -0.50880E-01 -0.61504E-01 -0.53494E-01 -0.39914E-01 -0.27377E-01 -0.17903E-01 -0.11362E-01 -0.70191E-02 -0.41828E-02 -0.23633E-02
 0.40000E+00 -0.11110E-01  0.22335E+00  0.34316E+00  0.32553E+00  0.22136E+00  0.10279E+00  0.16430E-01 -0.27422E-01 -0.40038E-01 -0.36775E-01 -0.28377E-01 -0.20038E-01 -0.13417E-01 -0.86154E-02 -0.52807E-02 -0.30456E-02
 0.60000E+00 -0.84988E-01  0.10127E+00  0.23041E+00  0.26797E+00  0.23041E+00  0.15978E+00  0.92349E-01  0.44743E-01  0.17533E-01  0.45399E-02 -0.58035E-03 -0.20409E-02 -0.20564E-02 -0.16181E-02 -0.11185E-02 -0.69659E-03
 0.80000E+00 -0.60059E-01  0.32516E-01  0.12235E+00  0.18006E+00  0.19457E+00  0.17418E+00  0.13639E+00  0.96831E-01  0.64173E-01  0.40694E-01  0.25184E-01  0.15407E-01  0.93566E-02  0.56102E-02  0.32747E-02  0.18234E-02
 0.10000E+01 -0.29390E-01  0.11947E-02  0.57363E-01  0.11720E+00  0.15704E+00  0.16606E+00  0.14900E+00  0.11853E+00  0.86433E-01  0.59368E-01  0.39246E-01  0.25333E-01  0.16060E-01  0.99612E-02  0.59686E-02  0.33902E-02
 0.12000E+01 -0.10674E-01 -0.11891E-01  0.23759E-01  0.80012E-01  0.12923E+00  0.15218E+00  0.14682E+00  0.12318E+00  0.93586E-01  0.66406E-01  0.45056E-01  0.29694E-01  0.19136E-01  0.12022E-01  0.72743E-02  0.41623E-02
 0.14000E+01 -0.46558E-03 -0.17347E-01  0.63460E-02  0.58146E-01  0.10990E+00  0.13907E+00  0.14013E+00  0.12119E+00  0.94215E-01  0.68081E-01  0.46876E-01  0.31261E-01  0.20337E-01  0.12871E-01  0.78324E-02  0.45008E-02
 0.16000E+01  0.51872E-02 -0.19646E-01 -0.32194E-02  0.44561E-01  0.96222E-01  0.12808E+00  0.13281E+00  0.11713E+00  0.92419E-01  0.67578E-01  0.46980E-01  0.31577E-01  0.20673E-01  0.13148E-01  0.80315E-02  0.46284E-02
 0.18000E+01  0.84617E-02 -0.20569E-01 -0.88393E-02  0.35544E-01  0.86133E-01  0.11905E+00  0.12599E+00  0.11266E+00  0.89829E-01  0.66239E-01  0.46368E-01  0.31343E-01  0.20613E-01  0.13158E-01  0.80594E-02  0.46542E-02
 0.20000E+01  0.10442E-01 -0.20851E-01 -0.12338E-01  0.29192E-01  0.78374E-01  0.11155E+00  0.11990E+00  0.10833E+00  0.87058E-01  0.64606E-01  0.45464E-01  0.30865E-01  0.20370E-01  0.13039E-01  0.80036E-02  0.46295E-02
 0.22000E+01  0.11674E-01 -0.20815E-01 -0.14614E-01  0.24495E-01  0.72188E-01  0.10523E+00  0.11449E+00  0.10429E+00  0.84334E-01  0.62902E-01  0.44451E-01  0.30282E-01  0.20041E-01  0.12857E-01  0.79055E-02  0.45787E-02
 0.24000E+01  0.12454E-01 -0.20616E-01 -0.16144E-01  0.20878E-01  0.67102E-01  0.99787E-01  0.10966E+00  0.10056E+00  0.81738E-01  0.61220E-01  0.43412E-01  0.29659E-01  0.19675E-01  0.12645E-01  0.77864E-02  0.45145E-02
 0.26000E+01  0.12950E-01 -0.20331E-01 -0.17198E-01  0.17996E-01  0.62806E-01  0.95022E-01  0.10532E+00  0.97126E-01  0.79286E-01  0.59594E-01  0.42383E-01  0.29027E-01  0.19294E-01  0.12420E-01  0.76571E-02  0.44437E-02
 0.28000E+01  0.13256E-01 -0.20001E-01 -0.17936E-01  0.15631E-01  0.59095E-01  0.90780E-01  0.10137E+00  0.93941E-01  0.76975E-01  0.58035E-01  0.41382E-01  0.28402E-01  0.18911E-01  0.12190E-01  0.75237E-02  0.43698E-02
 0.30000E+01  0.13462E-01 -0.19511E-01 -0.18500E-01  0.13234E-01  0.55069E-01  0.86015E-01  0.96819E-01  0.90206E-01  0.74219E-01  0.56147E-01  0.40149E-01  0.27621E-01  0.18427E-01  0.11897E-01  0.73512E-02  0.42735E-02
 0.00000E+00  0.73797E+00  0.32278E+00 -0.39009E-02 -0.15399E+00 -0.15292E+00 -0.82678E-01 -0.12771E-01  0.27789E-01  0.40566E-01  0.37625E-01  0.29202E-01  0.20664E-01  0.13834E-01  0.88724E-02  0.54299E-02  0.31271E-02
 0.20000E+00  0.37358E+00  0.40178E+00  0.33871E+00  0.21623E+00  0.88272E-01 -0.45271E-02 -0.50880E-01 -0.61504E-01 -0.53494E-01 -0.39914E-01 -0.27377E-01 -0.17903E-01 -0.11362E-01 -0.70191E-02 -0.41828E-02 -0.23633E-02
 0.40000E+00 -0.11110E-01  0.22335E+00  0.34316E+00  0.32553E+00  0.22136E+00  0.10279E+00  0.16430E-01 -0.27422E-01 -0.40038E-01 -0.36775E-01 -0.28377E-01 -0.20038E-01 -0.13417E-01 -0.86154E-02 -0.52807E-02 -0.30456E-02
 0.60000E+00 -0.84988E-01  0.10127E+00  0.23041E+00  0.26797E+00  0.23041E+00  0.15978E+00  0.92349E-01  0.44743E-01  0.17533E-01  0.45399E-02 -0.58035E-03 -0.20409E-02 -0.20564E-02 -0.16181E-02 -0.11185E-02 -0.69659E-03
 0.80000E+00 -0.60059E-01  0.32516E-01  0.12235E+00  0.18006E+00  0.19457E+00  0.17418E+00  0.13639E+00  0.96831E-01  0.64173E-01  0.40694E-01  0.25184E-01  0.15407E-01  0.93566E-02  0.56102E-02  0.32747E-02  0.18234E-02
 0.10000E+01 -0.29390E-01  0.11947E-02  0.57363E-01  0.11720E+00  0.15704E+00  0.16606E+00  0.14900E+00  0.11853E+00  0.86433E-01  0.59368E-01  0.39246E-01  0.25333E-01  0.16060E-01  0.99612E-02  0.59686E-02  0.33902E-02
 0.12000E+01 -0.10674E-01 -0.11891E-01  0.23759E-01  0.80012E-01  0.12923E+00  0.15218E+00  0.14682E+00  0.12318E+00  0.93586E-01  0.66406E-01  0.45056E-01  0.29694E-01  0.19136E-01  0.12022E-01  0.72743E-02  0.41623E-02
 0.14000E+01 -0.46558E-03 -0.17347E-01  0.63460E-02  0.58146E-01  0.10990E+00  0.13907E+00  0.14013E+00  0.12119E+00  0.94215E-01  0.68081E-01  0.46876E-01  0.31261E-01  0.20337E-01  0.12871E-01  0.78324E-02  0.45008E-02
 0.16000E+01  0.51872E-02 -0.19646E-01 -0.32194E-02  0.44561E-01  0.96222E-01  0.12808E+00  0.13281E+00  0.11713E+00  0.92419E-01  0.67578E-01  0.46980E-01  0.31577E-01  0.20673E-01  0.13148E-01  0.80315E-02  0.46284E-02
 0.18000E+01  0.84617E-02 -0.20569E-01 -0.88393E-02  0.35544E-01  0.86133E-01  0.11905E+00  0.12599E+00  0.11266E+00  0.89829E-01  0.66239E-01  0.46368E-01  0.31343E-01  0.20613E-01  0.13158E-01  0.80594E-02  0.46542E-02
 0.20000E+01  0.10442E-01 -0.20851E-01 -0.12338E-01  0.29192E-01  0.78374E-01  0.11155E+00  0.11990E+00  0.10833E+00  0.87058E-01  0.64606E-01  0.45464E-01  0.30865E-01  0.20370E-01  0.13039E-01  0.80036E-02  0.46295E-02
 0.22000E+01  0.11674E-01 -0.20815E-01 -0.14614E-01  0.24495E-01  0.72188E-01  0.10523E+00  0.11449E+00  0.10429E+00  0.84334E-01  0.62902E-01  0.44451E-01  0.30282E-01  0.20041E-01  0.12857E-01  0.79055E-02  0.45787E-02
 0.24000E+01  0.12454E-01 -0.20616E-01 -0.16144E-01  0.20878E-01  0.67102E-01  0.99787E-01  0.10966E+00  0.10056E+00  0.81738E-01  0.61220E-01  0.43412E-01  0.29659E-01  0.19675E-01  0.12645E-01  0.77864E-02  0.45145E-02
 0.26000E+01  0.12950E-01 -0.20331E-01 -0.17198E-01  0.17996E-01  0.62806E-01  0.95022E-01  0.10532E+00  0.97126E-01  0.79286E-01  0.59594E-01  0.42383E-01  0.29027E-01  0.19294E-01  0.12420E-01  0.76571E-02  0.44437E-02
 0.28000E+01  0.13256E-01 -0.20001E-01 -0.17936E-01  0.15631E-01  0.59095E-01  0.90780E-01  0.10137E+00  0.93941E-01  0.76975E-01  0.58035E-01  0.41382E-01  0.28402E-01  0.18911E-01  0.12190E-01  0.75237E-02  0.43698E-02
 0.30000E+01  0.13462E-01 -0.19511E-01 -0.18500E-01  0.13234E-01  0.55069E-01  0.86015E-01  0.96819E-01  0.90206E-01  0.74219E-01  0.56147E-01  0.40149E-01  0.27621E-01  0.18427E-01  0.11897E-01  0.73512E-02  0.42735E-02
