 0.00000E+00  0.64943E+00  0.34347E+00  0.69806E-01 -0.90112E-01 -0.13260E+00 -0.10451E+00 -0.56901E-01 -0.18979E-01  0.20826E-02  0.10186E-01  0.11256E-01  0.95032E-02  0.70931E-02  0.48902E-02  0.31440E-02  0.18729E-02
 0.20000E+00  0.43453E+00  0.39320E+00  0.29620E+00  0.17932E+00  0.77750E-01  0.10015E-01 -0.23793E-01 -0.33810E-01 -0.31442E-01 -0.24728E-01 -0.17805E-01 -0.12169E-01 -0.80217E-02 -0.51088E-02 -0.31157E-02 -0.17904E-02
 0.40000E+00  0.42332E-01  0.19950E+00  0.28486E+00  0.27902E+00  0.21019E+00  0.12414E+00  0.54186E-01  0.11381E-01 -0.84915E-02 -0.14397E-01 -0.13768E-01 -0.10952E-01 -0.79230E-02 -0.53639E-02 -0.34103E-02 -0.20171E-02
 0.60000E+00 -0.64659E-01  0.93683E-01  0.20789E+00  0.24658E+00  0.22015E+00  0.16184E+00  0.10235E+00  0.57337E-01  0.29094E-01  0.13572E-01  0.58319E-02  0.22513E-02  0.70718E-03  0.10353E-03 -0.87468E-04 -0.11219E-03
 0.80000E+00 -0.70942E-01  0.40380E-01  0.13628E+00  0.18813E+00  0.19227E+00  0.16413E+00  0.12385E+00  0.85820E-01  0.56254E-01  0.35692E-01  0.22274E-01  0.13788E-01  0.84719E-02  0.51290E-02  0.30151E-02  0.16870E-02
 0.10000E+01 -0.55975E-01  0.14233E-01  0.87687E-01  0.14095E+00  0.16233E+00  0.15465E+00  0.12940E+00  0.98639E-01  0.70395E-01  0.48040E-01  0.31840E-01  0.20688E-01  0.13207E-01  0.82375E-02  0.49544E-02  0.28203E-02
 0.12000E+01 -0.41462E-01  0.86793E-03  0.57097E-01  0.10820E+00  0.13842E+00  0.14304E+00  0.12775E+00  0.10263E+00  0.76361E-01  0.53833E-01  0.36584E-01  0.24230E-01  0.15695E-01  0.98987E-02  0.60035E-02  0.34387E-02
 0.14000E+01 -0.30585E-01 -0.64116E-02  0.37574E-01  0.85678E-01  0.12024E+00  0.13212E+00  0.12334E+00  0.10239E+00  0.78074E-01  0.56068E-01  0.38637E-01  0.25861E-01  0.16887E-01  0.10716E-01  0.65287E-02  0.37525E-02
 0.16000E+01 -0.22777E-01 -0.10615E-01  0.24619E-01  0.69726E-01  0.10627E+00  0.12250E+00  0.11805E+00  0.10022E+00  0.77675E-01  0.56457E-01  0.39258E-01  0.26457E-01  0.17367E-01  0.11064E-01  0.67616E-02  0.38951E-02
 0.18000E+01 -0.17137E-01 -0.13152E-01  0.15662E-01  0.58002E-01  0.95245E-01  0.11413E+00  0.11266E+00  0.97222E-01  0.76235E-01  0.55886E-01  0.39112E-01  0.26488E-01  0.17453E-01  0.11151E-01  0.68298E-02  0.39409E-02
 0.20000E+01 -0.12990E-01 -0.14722E-01  0.92436E-02  0.49091E-01  0.86326E-01  0.10681E+00  0.10746E+00  0.93905E-01  0.74288E-01  0.54813E-01  0.38549E-01  0.26204E-01  0.17316E-01  0.11088E-01  0.68027E-02  0.39303E-02
 0.22000E+01 -0.98854E-02 -0.15700E-01  0.45149E-02  0.42126E-01  0.78950E-01  0.10037E+00  0.10256E+00  0.90521E-01  0.72113E-01  0.53481E-01  0.37757E-01  0.25742E-01  0.17050E-01  0.10937E-01  0.67194E-02  0.38862E-02
 0.24000E+01 -0.75136E-02 -0.16302E-01  0.93994E-03  0.36542E-01  0.72725E-01  0.94659E-01  0.97977E-01  0.87194E-01  0.69860E-01  0.52027E-01  0.36846E-01  0.25183E-01  0.16711E-01  0.10736E-01  0.66034E-02  0.38224E-02
 0.26000E+01 -0.56656E-02 -0.16657E-01 -0.18267E-02  0.31957E-01  0.67369E-01  0.89532E-01  0.93702E-01  0.83973E-01  0.67603E-01  0.50523E-01  0.35877E-01  0.24571E-01  0.16332E-01  0.10506E-01  0.64681E-02  0.37469E-02
 0.28000E+01 -0.42074E-02 -0.16843E-01 -0.40051E-02  0.28119E-01  0.62683E-01  0.84877E-01  0.89696E-01  0.80869E-01  0.65374E-01  0.49005E-01  0.34880E-01  0.23931E-01  0.15929E-01  0.10258E-01  0.63209E-02  0.36640E-02
 0.30000E+01 -0.27842E-02 -0.16860E-01 -0.60612E-02  0.24143E-01  0.57543E-01  0.79548E-01  0.84947E-01  0.77081E-01  0.62587E-01  0.47068E-01  0.33584E-01  0.23087E-01  0.15390E-01  0.99230E-02  0.61202E-02  0.35501E-02
 0.00000E+00  0.64943E+00  0.34347E+00  0.69806E-01 -0.90112E-01 -0.13260E+00 -0.10451E+00 -0.56901E-01 -0.18979E-01  0.20826E-02  0.10186E-01  0.11256E-01  0.95032E-02  0.70931E-02  0.48902E-02  0.31440E-02  0.18729E-02
 0.20000E+00  0.43453E+00  0.39320E+00  0.29620E+00  0.17932E+00  0.77750E-01  0.10015E-01 -0.23793E-01 -0.33810E-01 -0.31442E-01 -0.24728E-01 -0.17805E-01 -0.12169E-01 -0.80217E-02 -0.51088E-02 -0.31157E-02 -0.17904E-02
 0.40000E+00  0.42332E-01  0.19950E+00  0.28486E+00  0.27902E+00  0.21019E+00  0.12414E+00  0.54186E-01  0.11381E-01 -0.84915E-02 -0.14397E-01 -0.13768E-01 -0.10952E-01 -0.79230E-02 -0.53639E-02 -0.34103E-02 -0.20171E-02
 0.60000E+00 -0.64659E-01  0.93683E-01  0.20789E+00  0.24658E+00  0.22015E+00  0.16184E+00  0.10235E+00  0.57337E-01  0.29094E-01  0.13572E-01  0.58319E-02  0.22513E-02  0.70718E-03  0.10353E-03 -0.87468E-04 -0.11219E-03
 0.80000E+00 -0.70942E-01  0.40380E-01  0.13628E+00  0.18813E+00  0.19227E+00  0.16413E+00  0.12385E+00  0.85820E-01  0.56254E-01  0.35692E-01  0.22274E-01  0.13788E-01  0.84719E-02  0.51290E-02  0.30151E-02  0.16870E-02
 0.10000E+01 -0.55975E-01  0.14233E-01  0.87687E-01  0.14095E+00  0.16233E+00  0.15465E+00  0.12940E+00  0.98639E-01  0.70395E-01  0.48040E-01  0.31840E-01  0.20688E-01  0.13207E-01  0.82375E-02  0.49544E-02  0.28203E-02
 0.12000E+01 -0.41462E-01  0.86793E-03  0.57097E-01  0.10820E+00  0.13842E+00  0.14304E+00  0.12775E+00  0.10263E+00  0.76361E-01  0.53833E-01  0.36584E-01  0.24230E-01  0.15695E-01  0.98987E-02  0.60035E-02  0.34387E-02
 0.14000E+01 -0.30585E-01 -0.64116E-02  0.37574E-01  0.85678E-01  0.12024E+00  0.13212E+00  0.12334E+00  0.10239E+00  0.78074E-01  0.56068E-01  0.38637E-01  0.25861E-01  0.16887E-01  0.10716E-01  0.65287E-02  0.37525E-02
 0.16000E+01 -0.22777E-01 -0.10615E-01  0.24619E-01  0.69726E-01  0.10627E+00  0.12250E+00  0.11805E+00  0.10022E+00  0.77675E-01  0.56457E-01  0.39258E-01  0.26457E-01  0.17367E-01  0.11064E-01  0.67616E-02  0.38951E-02
 0.18000E+01 -0.17137E-01 -0.13152E-01  0.15662E-01  0.58002E-01  0.95245E-01  0.11413E+00  0.11266E+00  0.97222E-01  0.76235E-01  0.55886E-01  0.39112E-01  0.26488E-01  0.17453E-01  0.11151E-01  0.68298E-02  0.39409E-02
 0.20000E+01 -0.12990E-01 -0.14722E-01  0.92436E-02  0.49091E-01  0.86326E-01  0.10681E+00  0.10746E+00  0.93905E-01  0.74288E-01  0.54813E-01  0.38549E-01  0.26204E-01  0.17316E-01  0.11088E-01  0.68027E-02  0.39303E-02
 0.22000E+01 -0.98854E-02 -0.15700E-01  0.45149E-02  0.42126E-01  0.78950E-01  0.10037E+00  0.10256E+00  0.90521E-01  0.72113E-01  0.53481E-01  0.37757E-01  0.25742E-01  0.17050E-01  0.10937E-01  0.67194E-02  0.38862E-02
 0.24000E+01 -0.75136E-02 -0.16302E-01  0.93994E-03  0.36542E-01  0.72725E-01  0.94659E-01  0.97977E-01  0.87194E-01  0.69860E-01  0.52027E-01  0.36846E-01  0.25183E-01  0.16711E-01  0.10736E-01  0.66034E-02  0.38224E-02
 0.26000E+01 -0.56656E-02 -0.16657E-01 -0.18267E-02  0.31957E-01  0.67369E-01  0.89532E-01  0.93702E-01  0.83973E-01  0.67603E-01  0.50523E-01  0.35877E-01  0.24571E-01  0.16332E-01  0.10506E-01  0.64681E-02  0.37469E-02
 0.28000E+01 -0.42074E-02 -0.16843E-01 -0.40051E-02  0.28119E-01  0.62683E-01  0.84877E-01  0.89696E-01  0.80869E-01  0.65374E-01  0.49005E-01  0.34880E-01  0.23931E-01  0.15929E-01  0.10258E-01  0.63209E-02  0.36640E-02
 0.30000E+01 -0.27842E-02 -0.16860E-01 -0.60612E-02  0.24143E-01  0.57543E-01  0.79548E-01  0.84947E-01  0.77081E-01  0.62587E-01  0.47068E-01  0.33584E-01  0.23087E-01  0.15390E-01  0.99230E-02  0.61202E-02  0.35501E-02
