 0.00000E+00  0.86041E+00  0.26265E+00 -0.12465E+00 -0.23029E+00 -0.14984E+00 -0.23404E-01  0.63099E-01  0.93440E-01  0.87189E-01  0.67154E-01  0.46733E-01  0.30712E-01  0.19465E-01  0.11957E-01  0.70669E-02  0.39565E-02
 0.20000E+00  0.24691E+00  0.47831E+00  0.48142E+00  0.30644E+00  0.85996E-01 -0.72955E-01 -0.13953E+00 -0.13847E+00 -0.10773E+00 -0.73362E-01 -0.46173E-01 -0.27715E-01 -0.16130E-01 -0.91428E-02 -0.50188E-02 -0.26322E-02
 0.40000E+00 -0.71442E-01  0.23324E+00  0.38105E+00  0.35378E+00  0.22582E+00  0.89033E-01 -0.40775E-02 -0.46753E-01 -0.55346E-01 -0.48098E-01 -0.36572E-01 -0.25894E-01 -0.17510E-01 -0.11372E-01 -0.70409E-02 -0.40927E-02
 0.60000E+00 -0.53088E-01  0.83062E-01  0.19121E+00  0.23683E+00  0.22066E+00  0.16854E+00  0.10962E+00  0.61825E-01  0.30203E-01  0.12224E-01  0.32593E-02 -0.59471E-03 -0.18539E-02 -0.19238E-02 -0.15319E-02 -0.10403E-02
 0.80000E+00 -0.21835E-01  0.20448E-01  0.89922E-01  0.15496E+00  0.18805E+00  0.18267E+00  0.15103E+00  0.11079E+00  0.74582E-01  0.47376E-01  0.29025E-01  0.17401E-01  0.10272E-01  0.59575E-02  0.33589E-02  0.18099E-02
 0.10000E+01 -0.45534E-02 -0.56275E-02  0.40361E-01  0.10751E+00  0.15978E+00  0.17704E+00  0.16200E+00  0.12971E+00  0.94687E-01  0.65035E-01  0.43005E-01  0.27769E-01  0.17597E-01  0.10896E-01  0.65114E-02  0.36867E-02
 0.12000E+01  0.49390E-02 -0.17996E-01  0.13229E-01  0.77849E-01  0.13790E+00  0.16715E+00  0.16262E+00  0.13676E+00  0.10420E+00  0.74379E-01  0.50933E-01  0.33936E-01  0.22105E-01  0.14013E-01  0.85377E-02  0.49091E-02
 0.14000E+01  0.10563E-01 -0.24555E-01 -0.34690E-02  0.57359E-01  0.12045E+00  0.15666E+00  0.15937E+00  0.13869E+00  0.10875E+00  0.79608E-01  0.55728E-01  0.37845E-01  0.25054E-01  0.16097E-01  0.99131E-02  0.57479E-02
 0.16000E+01  0.14031E-01 -0.28195E-01 -0.14494E-01  0.42265E-01  0.10606E+00  0.14651E+00  0.15446E+00  0.13803E+00  0.11063E+00  0.82500E-01  0.58680E-01  0.40392E-01  0.27042E-01  0.17534E-01  0.10876E-01  0.63416E-02
 0.18000E+01  0.16167E-01 -0.30182E-01 -0.22028E-01  0.30755E-01  0.94022E-01  0.13703E+00  0.14886E+00  0.13595E+00  0.11088E+00  0.83914E-01  0.60429E-01  0.42027E-01  0.28376E-01  0.18524E-01  0.11552E-01  0.67633E-02
 0.20000E+01  0.17438E-01 -0.31171E-01 -0.27256E-01  0.21803E-01  0.83852E-01  0.12832E+00  0.14306E+00  0.13307E+00  0.11012E+00  0.84347E-01  0.61350E-01  0.43021E-01  0.29242E-01  0.19191E-01  0.12018E-01  0.70584E-02
 0.22000E+01  0.18133E-01 -0.31542E-01 -0.30899E-01  0.14751E-01  0.75220E-01  0.12042E+00  0.13735E+00  0.12978E+00  0.10873E+00  0.84119E-01  0.61691E-01  0.43552E-01  0.29764E-01  0.19619E-01  0.12327E-01  0.72581E-02
 0.24000E+01  0.18445E-01 -0.31532E-01 -0.33442E-01  0.91254E-02  0.67847E-01  0.11330E+00  0.13186E+00  0.12632E+00  0.10695E+00  0.83452E-01  0.61628E-01  0.43754E-01  0.30038E-01  0.19870E-01  0.12519E-01  0.73866E-02
 0.26000E+01  0.18503E-01 -0.31286E-01 -0.35214E-01  0.45721E-02  0.61488E-01  0.10685E+00  0.12665E+00  0.12281E+00  0.10495E+00  0.82495E-01  0.61286E-01  0.43721E-01  0.30131E-01  0.19992E-01  0.12625E-01  0.74623E-02
 0.28000E+01  0.18385E-01 -0.30894E-01 -0.36433E-01  0.83643E-03  0.55944E-01  0.10100E+00  0.12174E+00  0.11934E+00  0.10282E+00  0.81349E-01  0.60751E-01  0.43521E-01  0.30093E-01  0.20019E-01  0.12668E-01  0.74989E-02
 0.30000E+01  0.18074E-01 -0.30198E-01 -0.37297E-01 -0.28897E-02  0.49934E-01  0.94331E-01  0.11588E+00  0.11498E+00  0.99970E-01  0.79661E-01  0.59831E-01  0.43058E-01  0.29881E-01  0.19934E-01  0.12642E-01  0.74957E-02
 0.00000E+00  0.86041E+00  0.26265E+00 -0.12465E+00 -0.23029E+00 -0.14984E+00 -0.23404E-01  0.63099E-01  0.93440E-01  0.87189E-01  0.67154E-01  0.46733E-01  0.30712E-01  0.19465E-01  0.11957E-01  0.70669E-02  0.39565E-02
 0.20000E+00  0.24691E+00  0.47831E+00  0.48142E+00  0.30644E+00  0.85996E-01 -0.72955E-01 -0.13953E+00 -0.13847E+00 -0.10773E+00 -0.73362E-01 -0.46173E-01 -0.27715E-01 -0.16130E-01 -0.91428E-02 -0.50188E-02 -0.26322E-02
 0.40000E+00 -0.71442E-01  0.23324E+00  0.38105E+00  0.35378E+00  0.22582E+00  0.89033E-01 -0.40775E-02 -0.46753E-01 -0.55346E-01 -0.48098E-01 -0.36572E-01 -0.25894E-01 -0.17510E-01 -0.11372E-01 -0.70409E-02 -0.40927E-02
 0.60000E+00 -0.53088E-01  0.83062E-01  0.19121E+00  0.23683E+00  0.22066E+00  0.16854E+00  0.10962E+00  0.61825E-01  0.30203E-01  0.12224E-01  0.32593E-02 -0.59471E-03 -0.18539E-02 -0.19238E-02 -0.15319E-02 -0.10403E-02
 0.80000E+00 -0.21835E-01  0.20448E-01  0.89922E-01  0.15496E+00  0.18805E+00  0.18267E+00  0.15103E+00  0.11079E+00  0.74582E-01  0.47376E-01  0.29025E-01  0.17401E-01  0.10272E-01  0.59575E-02  0.33589E-02  0.18099E-02
 0.10000E+01 -0.45534E-02 -0.56275E-02  0.40361E-01  0.10751E+00  0.15978E+00  0.17704E+00  0.16200E+00  0.12971E+00  0.94687E-01  0.65035E-01  0.43005E-01  0.27769E-01  0.17597E-01  0.10896E-01  0.65114E-02  0.36867E-02
 0.12000E+01  0.49390E-02 -0.17996E-01  0.13229E-01  0.77849E-01  0.13790E+00  0.16715E+00  0.16262E+00  0.13676E+00  0.10420E+00  0.74379E-01  0.50933E-01  0.33936E-01  0.22105E-01  0.14013E-01  0.85377E-02  0.49091E-02
 0.14000E+01  0.10563E-01 -0.24555E-01 -0.34690E-02  0.57359E-01  0.12045E+00  0.15666E+00  0.15937E+00  0.13869E+00  0.10875E+00  0.79608E-01  0.55728E-01  0.37845E-01  0.25054E-01  0.16097E-01  0.99131E-02  0.57479E-02
 0.16000E+01  0.14031E-01 -0.28195E-01 -0.14494E-01  0.42265E-01  0.10606E+00  0.14651E+00  0.15446E+00  0.13803E+00  0.11063E+00  0.82500E-01  0.58680E-01  0.40392E-01  0.27042E-01  0.17534E-01  0.10876E-01  0.63416E-02
 0.18000E+01  0.16167E-01 -0.30182E-01 -0.22028E-01  0.30755E-01  0.94022E-01  0.13703E+00  0.14886E+00  0.13595E+00  0.11088E+00  0.83914E-01  0.60429E-01  0.42027E-01  0.28376E-01  0.18524E-01  0.11552E-01  0.67633E-02
 0.20000E+01  0.17438E-01 -0.31171E-01 -0.27256E-01  0.21803E-01  0.83852E-01  0.12832E+00  0.14306E+00  0.13307E+00  0.11012E+00  0.84347E-01  0.61350E-01  0.43021E-01  0.29242E-01  0.19191E-01  0.12018E-01  0.70584E-02
 0.22000E+01  0.18133E-01 -0.31542E-01 -0.30899E-01  0.14751E-01  0.75220E-01  0.12042E+00  0.13735E+00  0.12978E+00  0.10873E+00  0.84119E-01  0.61691E-01  0.43552E-01  0.29764E-01  0.19619E-01  0.12327E-01  0.72581E-02
 0.24000E+01  0.18445E-01 -0.31532E-01 -0.33442E-01  0.91254E-02  0.67847E-01  0.11330E+00  0.13186E+00  0.12632E+00  0.10695E+00  0.83452E-01  0.61628E-01  0.43754E-01  0.30038E-01  0.19870E-01  0.12519E-01  0.73866E-02
 0.26000E+01  0.18503E-01 -0.31286E-01 -0.35214E-01  0.45721E-02  0.61488E-01  0.10685E+00  0.12665E+00  0.12281E+00  0.10495E+00  0.82495E-01  0.61286E-01  0.43721E-01  0.30131E-01  0.19992E-01  0.12625E-01  0.74623E-02
 0.28000E+01  0.18385E-01 -0.30894E-01 -0.36433E-01  0.83643E-03  0.55944E-01  0.10100E+00  0.12174E+00  0.11934E+00  0.10282E+00  0.81349E-01  0.60751E-01  0.43521E-01  0.30093E-01  0.20019E-01  0.12668E-01  0.74989E-02
 0.30000E+01  0.18074E-01 -0.30198E-01 -0.37297E-01 -0.28897E-02  0.49934E-01  0.94331E-01  0.11588E+00  0.11498E+00  0.99970E-01  0.79661E-01  0.59831E-01  0.43058E-01  0.29881E-01  0.19934E-01  0.12642E-01  0.74957E-02
