 0.00000E+00  0.64094E+00  0.33864E+00 -0.14497E-01 -0.12581E+00 -0.80490E-01 -0.22173E-01  0.68804E-02  0.14901E-01  0.14019E-01  0.10692E-01  0.74042E-02  0.48408E-02  0.30344E-02  0.18314E-02  0.10424E-02  0.51210E-03
 0.20000E+00  0.46227E+00  0.46143E+00  0.29121E+00  0.11253E+00  0.11991E-01 -0.23764E-01 -0.28787E-01 -0.23728E-01 -0.17091E-01 -0.11532E-01 -0.74977E-02 -0.47555E-02 -0.29584E-02 -0.18029E-02 -0.10464E-02 -0.52381E-03
 0.40000E+00 -0.42580E-01  0.23634E+00  0.38167E+00  0.29893E+00  0.14848E+00  0.46432E-01  0.10096E-02 -0.12848E-01 -0.13901E-01 -0.11097E-01 -0.78552E-02 -0.52004E-02 -0.32854E-02 -0.19933E-02 -0.11389E-02 -0.56132E-03
 0.60000E+00 -0.13252E+00  0.10056E+00  0.28548E+00  0.28979E+00  0.20054E+00  0.11588E+00  0.62487E-01  0.33277E-01  0.17919E-01  0.98276E-02  0.54961E-02  0.31340E-02  0.18206E-02  0.10695E-02  0.61073E-03  0.30303E-03
 0.80000E+00 -0.97939E-01  0.24970E-01  0.16997E+00  0.23116E+00  0.21084E+00  0.15926E+00  0.10938E+00  0.71479E-01  0.45410E-01  0.28343E-01  0.17476E-01  0.10668E-01  0.64481E-02  0.38416E-02  0.21887E-02  0.10798E-02
 0.10000E+01 -0.48542E-01 -0.14956E-01  0.84141E-01  0.17589E+00  0.20376E+00  0.17883E+00  0.13497E+00  0.93601E-01  0.61780E-01  0.39541E-01  0.24788E-01  0.15293E-01  0.92977E-02  0.55508E-02  0.31618E-02  0.15588E-02
 0.12000E+01 -0.11020E-01 -0.35764E-01  0.28452E-01  0.13432E+00  0.19093E+00  0.18377E+00  0.14554E+00  0.10373E+00  0.69609E-01  0.45022E-01  0.28421E-01  0.17613E-01  0.10738E-01  0.64191E-02  0.36583E-02  0.18041E-02
 0.14000E+01  0.13377E-01 -0.46338E-01 -0.61145E-02  0.10439E+00  0.17650E+00  0.18045E+00  0.14701E+00  0.10640E+00  0.72066E-01  0.46897E-01  0.29734E-01  0.18489E-01  0.11302E-01  0.67726E-02  0.38679E-02  0.19107E-02
 0.16000E+01  0.27251E-01 -0.50796E-01 -0.26132E-01  0.82997E-01  0.16150E+00  0.17182E+00  0.14246E+00  0.10409E+00  0.70935E-01  0.46380E-01  0.29528E-01  0.18435E-01  0.11318E-01  0.68148E-02  0.39116E-02  0.19406E-02
 0.18000E+01  0.34175E-01 -0.51855E-01 -0.37100E-01  0.67387E-01  0.14684E+00  0.16053E+00  0.13465E+00  0.99035E-01  0.67810E-01  0.44524E-01  0.28469E-01  0.17859E-01  0.11026E-01  0.66834E-02  0.38631E-02  0.19280E-02
 0.20000E+01  0.36832E-01 -0.51082E-01 -0.42603E-01  0.55707E-01  0.13308E+00  0.14834E+00  0.12544E+00  0.92709E-01  0.63730E-01  0.42013E-01  0.26984E-01  0.17017E-01  0.10573E-01  0.64572E-02  0.37624E-02  0.18903E-02
 0.22000E+01  0.35905E-01 -0.48863E-01 -0.43691E-01  0.47107E-01  0.11986E+00  0.13521E+00  0.11492E+00  0.85240E-01  0.58812E-01  0.38944E-01  0.25149E-01  0.15966E-01  0.10003E-01  0.61696E-02  0.36321E-02  0.18405E-02
 0.24000E+01  0.32613E-01 -0.45816E-01 -0.41910E-01  0.40727E-01  0.10734E+00  0.12180E+00  0.10383E+00  0.77225E-01  0.53485E-01  0.35600E-01  0.23143E-01  0.14816E-01  0.93786E-02  0.58553E-02  0.34904E-02  0.17867E-02
 0.26000E+01  0.27764E-01 -0.42243E-01 -0.38203E-01  0.35934E-01  0.95438E-01  0.10838E+00  0.92478E-01  0.68938E-01  0.47942E-01  0.32107E-01  0.21043E-01  0.13610E-01  0.87235E-02  0.55255E-02  0.33418E-02  0.17303E-02
 0.28000E+01  0.21804E-01 -0.38367E-01 -0.33165E-01  0.32337E-01  0.84129E-01  0.95100E-01  0.81069E-01  0.60545E-01  0.42306E-01  0.28547E-01  0.18899E-01  0.12377E-01  0.80539E-02  0.51886E-02  0.31903E-02  0.16729E-02
 0.30000E+01  0.17935E-01 -0.35311E-01 -0.30419E-01  0.27580E-01  0.73328E-01  0.83146E-01  0.71037E-01  0.53242E-01  0.37420E-01  0.25459E-01  0.17030E-01  0.11293E-01  0.74544E-02  0.48777E-02  0.30434E-02  0.16135E-02
