 0.00000E+00  0.74626E+00  0.31484E+00 -0.81737E-01 -0.14692E+00 -0.64816E-01 -0.10742E-02  0.22276E-01  0.24790E-01  0.20274E-01  0.14626E-01  0.98374E-02  0.63117E-02  0.39011E-02  0.23231E-02  0.13006E-02  0.62707E-03
 0.20000E+00  0.37489E+00  0.47267E+00  0.34958E+00  0.14541E+00  0.12020E-01 -0.37682E-01 -0.44565E-01 -0.37131E-01 -0.27233E-01 -0.18706E-01 -0.12346E-01 -0.79280E-02 -0.49837E-02 -0.30628E-02 -0.17871E-02 -0.89645E-03
 0.40000E+00 -0.10062E+00  0.24520E+00  0.40602E+00  0.29908E+00  0.13861E+00  0.41669E-01  0.14803E-02 -0.10730E-01 -0.11975E-01 -0.97532E-02 -0.69925E-02 -0.46617E-02 -0.29523E-02 -0.17859E-02 -0.10104E-02 -0.49084E-03
 0.60000E+00 -0.99435E-01  0.10738E+00  0.26197E+00  0.26166E+00  0.18728E+00  0.11713E+00  0.70246E-01  0.41756E-01  0.24830E-01  0.14811E-01  0.88713E-02  0.53355E-02  0.32183E-02  0.19342E-02  0.11183E-02  0.55928E-03
 0.80000E+00 -0.52835E-01  0.32200E-01  0.15159E+00  0.21383E+00  0.20257E+00  0.15752E+00  0.11087E+00  0.74036E-01  0.47907E-01  0.30341E-01  0.18906E-01  0.11621E-01  0.70483E-02  0.41975E-02  0.23814E-02  0.11679E-02
 0.10000E+01 -0.16576E-01 -0.11902E-01  0.77985E-01  0.17491E+00  0.20324E+00  0.17607E+00  0.13184E+00  0.91491E-01  0.60741E-01  0.39159E-01  0.24706E-01  0.15315E-01  0.93393E-02  0.55784E-02  0.31686E-02  0.15545E-02
 0.12000E+01  0.80266E-02 -0.39394E-01  0.28135E-01  0.14406E+00  0.19708E+00  0.18254E+00  0.14146E+00  0.10024E+00  0.67518E-01  0.44004E-01  0.28011E-01  0.17500E-01  0.10751E-01  0.64698E-02  0.37022E-02  0.18276E-02
 0.14000E+01  0.23304E-01 -0.56378E-01 -0.51991E-02  0.11969E+00  0.18724E+00  0.18146E+00  0.14380E+00  0.10334E+00  0.70337E-01  0.46255E-01  0.29695E-01  0.18714E-01  0.11606E-01  0.70589E-02  0.40849E-02  0.20362E-02
 0.16000E+01  0.31227E-01 -0.65850E-01 -0.26131E-01  0.10055E+00  0.17508E+00  0.17506E+00  0.14090E+00  0.10235E+00  0.70311E-01  0.46660E-01  0.30244E-01  0.19266E-01  0.12098E-01  0.74652E-02  0.43865E-02  0.22151E-02
 0.18000E+01  0.33815E-01 -0.70497E-01 -0.38475E-01  0.85542E-01  0.16199E+00  0.16557E+00  0.13481E+00  0.98811E-01  0.68482E-01  0.45880E-01  0.30057E-01  0.19382E-01  0.12346E-01  0.77453E-02  0.46296E-02  0.23712E-02
 0.20000E+01  0.32702E-01 -0.71757E-01 -0.44669E-01  0.73695E-01  0.14854E+00  0.15415E+00  0.12663E+00  0.93584E-01  0.65450E-01  0.44309E-01  0.29379E-01  0.19211E-01  0.12436E-01  0.79456E-02  0.48374E-02  0.25145E-02
 0.22000E+01  0.28891E-01 -0.70814E-01 -0.46573E-01  0.64243E-01  0.13509E+00  0.14158E+00  0.11714E+00  0.87277E-01  0.61647E-01  0.42232E-01  0.28391E-01  0.18862E-01  0.12433E-01  0.81026E-02  0.50292E-02  0.26538E-02
 0.24000E+01  0.23297E-01 -0.68289E-01 -0.45430E-01  0.56558E-01  0.12174E+00  0.12831E+00  0.10681E+00  0.80276E-01  0.57355E-01  0.39843E-01  0.27222E-01  0.18417E-01  0.12387E-01  0.82473E-02  0.52226E-02  0.27978E-02
 0.26000E+01  0.16389E-01 -0.64754E-01 -0.42163E-01  0.50217E-01  0.10862E+00  0.11467E+00  0.95992E-01  0.72860E-01  0.52769E-01  0.37269E-01  0.25947E-01  0.17921E-01  0.12322E-01  0.83902E-02  0.54216E-02  0.29475E-02
 0.28000E+01  0.84987E-02 -0.60370E-01 -0.37257E-01  0.44787E-01  0.95463E-01  0.10055E+00  0.84647E-01  0.65028E-01  0.47904E-01  0.34531E-01  0.24589E-01  0.17392E-01  0.12253E-01  0.85439E-02  0.56354E-02  0.31082E-02
 0.30000E+01  0.11651E-02 -0.56598E-01 -0.33331E-01  0.39048E-01  0.82714E-01  0.87087E-01  0.73853E-01  0.57538E-01  0.43190E-01  0.31811E-01  0.23171E-01  0.16766E-01  0.12078E-01  0.85978E-02  0.57690E-02  0.32193E-02
