 0.00000E+00  0.82149E+00  0.27705E+00 -0.97948E-01 -0.21916E+00 -0.15691E+00 -0.36525E-01  0.55181E-01  0.94189E-01  0.94231E-01  0.76618E-01  0.55806E-01  0.38099E-01  0.24902E-01  0.15668E-01  0.94275E-02  0.53473E-02
 0.20000E+00  0.31424E+00  0.45334E+00  0.42646E+00  0.27169E+00  0.85163E-01 -0.53237E-01 -0.11760E+00 -0.12438E+00 -0.10260E+00 -0.74165E-01 -0.49596E-01 -0.31616E-01 -0.19500E-01 -0.11670E-01 -0.67286E-02 -0.36832E-02
 0.40000E+00 -0.80696E-01  0.23878E+00  0.39706E+00  0.36997E+00  0.23297E+00  0.84099E-01 -0.18093E-01 -0.64418E-01 -0.72156E-01 -0.61743E-01 -0.46572E-01 -0.32728E-01 -0.21943E-01 -0.14118E-01 -0.86583E-02 -0.49889E-02
 0.60000E+00 -0.78922E-01  0.92772E-01  0.21619E+00  0.25713E+00  0.22731E+00  0.16345E+00  0.99166E-01  0.51338E-01  0.22144E-01  0.69045E-02  0.73454E-04 -0.23793E-02 -0.28028E-02 -0.24039E-02 -0.17616E-02 -0.11429E-02
 0.80000E+00 -0.35199E-01  0.23602E-01  0.99234E-01  0.16223E+00  0.19104E+00  0.18326E+00  0.15158E+00  0.11231E+00  0.76832E-01  0.49752E-01  0.31082E-01  0.18968E-01  0.11365E-01  0.66672E-02  0.37902E-02  0.20539E-02
 0.10000E+01 -0.65558E-02 -0.73072E-02  0.37668E-01  0.10492E+00  0.15955E+00  0.18040E+00  0.16825E+00  0.13711E+00  0.10161E+00  0.70585E-01  0.47003E-01  0.30431E-01  0.19262E-01  0.11882E-01  0.70623E-02  0.39754E-02
 0.12000E+01  0.10196E-01 -0.22352E-01  0.35812E-02  0.69519E-01  0.13556E+00  0.17143E+00  0.17112E+00  0.14633E+00  0.11261E+00  0.80739E-01  0.55261E-01  0.36657E-01  0.23706E-01  0.14899E-01  0.89969E-02  0.51302E-02
 0.14000E+01  0.20401E-01 -0.30383E-01 -0.17142E-01  0.45663E-01  0.11667E+00  0.16100E+00  0.16845E+00  0.14869E+00  0.11725E+00  0.85779E-01  0.59740E-01  0.40234E-01  0.26367E-01  0.16760E-01  0.10217E-01  0.58700E-02
 0.16000E+01  0.26790E-01 -0.34806E-01 -0.30519E-01  0.28498E-01  0.10115E+00  0.15036E+00  0.16318E+00  0.14754E+00  0.11849E+00  0.88009E-01  0.62093E-01  0.42294E-01  0.27988E-01  0.17939E-01  0.11010E-01  0.63604E-02
 0.18000E+01  0.30731E-01 -0.37125E-01 -0.39336E-01  0.15696E-01  0.88076E-01  0.13995E+00  0.15658E+00  0.14437E+00  0.11769E+00  0.88495E-01  0.63097E-01  0.43372E-01  0.28928E-01  0.18664E-01  0.11517E-01  0.66822E-02
 0.20000E+01  0.33007E-01 -0.38126E-01 -0.45098E-01  0.59838E-02  0.76939E-01  0.13002E+00  0.14935E+00  0.14003E+00  0.11560E+00  0.87836E-01  0.63189E-01  0.43771E-01  0.29388E-01  0.19066E-01  0.11819E-01  0.68818E-02
 0.22000E+01  0.34119E-01 -0.38279E-01 -0.48731E-01 -0.14299E-02  0.67409E-01  0.12070E+00  0.14193E+00  0.13502E+00  0.11270E+00  0.86414E-01  0.62651E-01  0.43690E-01  0.29501E-01  0.19232E-01  0.11968E-01  0.69902E-02
 0.24000E+01  0.34440E-01 -0.37901E-01 -0.50891E-01 -0.71305E-02  0.59217E-01  0.11208E+00  0.13459E+00  0.12971E+00  0.10934E+00  0.84515E-01  0.61698E-01  0.43281E-01  0.29373E-01  0.19229E-01  0.12007E-01  0.70319E-02
 0.26000E+01  0.34225E-01 -0.37195E-01 -0.52028E-01 -0.11548E-01  0.52129E-01  0.10413E+00  0.12749E+00  0.12433E+00  0.10573E+00  0.82328E-01  0.60476E-01  0.42650E-01  0.29076E-01  0.19106E-01  0.11967E-01  0.70254E-02
 0.28000E+01  0.33632E-01 -0.36280E-01 -0.52431E-01 -0.14979E-01  0.45954E-01  0.96814E-01  0.12068E+00  0.11897E+00  0.10201E+00  0.79959E-01  0.59070E-01  0.41861E-01  0.28656E-01  0.18895E-01  0.11867E-01  0.69821E-02
 0.30000E+01  0.32511E-01 -0.34905E-01 -0.52131E-01 -0.18181E-01  0.39251E-01  0.88369E-01  0.11251E+00  0.11232E+00  0.97217E-01  0.76795E-01  0.57107E-01  0.40698E-01  0.27992E-01  0.18530E-01  0.11675E-01  0.68864E-02
 0.00000E+00  0.82149E+00  0.27705E+00 -0.97948E-01 -0.21916E+00 -0.15691E+00 -0.36525E-01  0.55181E-01  0.94189E-01  0.94231E-01  0.76618E-01  0.55806E-01  0.38099E-01  0.24902E-01  0.15668E-01  0.94275E-02  0.53473E-02
 0.20000E+00  0.31424E+00  0.45334E+00  0.42646E+00  0.27169E+00  0.85163E-01 -0.53237E-01 -0.11760E+00 -0.12438E+00 -0.10260E+00 -0.74165E-01 -0.49596E-01 -0.31616E-01 -0.19500E-01 -0.11670E-01 -0.67286E-02 -0.36832E-02
 0.40000E+00 -0.80696E-01  0.23878E+00  0.39706E+00  0.36997E+00  0.23297E+00  0.84099E-01 -0.18093E-01 -0.64418E-01 -0.72156E-01 -0.61743E-01 -0.46572E-01 -0.32728E-01 -0.21943E-01 -0.14118E-01 -0.86583E-02 -0.49889E-02
 0.60000E+00 -0.78922E-01  0.92772E-01  0.21619E+00  0.25713E+00  0.22731E+00  0.16345E+00  0.99166E-01  0.51338E-01  0.22144E-01  0.69045E-02  0.73454E-04 -0.23793E-02 -0.28028E-02 -0.24039E-02 -0.17616E-02 -0.11429E-02
 0.80000E+00 -0.35199E-01  0.23602E-01  0.99234E-01  0.16223E+00  0.19104E+00  0.18326E+00  0.15158E+00  0.11231E+00  0.76832E-01  0.49752E-01  0.31082E-01  0.18968E-01  0.11365E-01  0.66672E-02  0.37902E-02  0.20539E-02
 0.10000E+01 -0.65558E-02 -0.73072E-02  0.37668E-01  0.10492E+00  0.15955E+00  0.18040E+00  0.16825E+00  0.13711E+00  0.10161E+00  0.70585E-01  0.47003E-01  0.30431E-01  0.19262E-01  0.11882E-01  0.70623E-02  0.39754E-02
 0.12000E+01  0.10196E-01 -0.22352E-01  0.35812E-02  0.69519E-01  0.13556E+00  0.17143E+00  0.17112E+00  0.14633E+00  0.11261E+00  0.80739E-01  0.55261E-01  0.36657E-01  0.23706E-01  0.14899E-01  0.89969E-02  0.51302E-02
 0.14000E+01  0.20401E-01 -0.30383E-01 -0.17142E-01  0.45663E-01  0.11667E+00  0.16100E+00  0.16845E+00  0.14869E+00  0.11725E+00  0.85779E-01  0.59740E-01  0.40234E-01  0.26367E-01  0.16760E-01  0.10217E-01  0.58700E-02
 0.16000E+01  0.26790E-01 -0.34806E-01 -0.30519E-01  0.28498E-01  0.10115E+00  0.15036E+00  0.16318E+00  0.14754E+00  0.11849E+00  0.88009E-01  0.62093E-01  0.42294E-01  0.27988E-01  0.17939E-01  0.11010E-01  0.63604E-02
 0.18000E+01  0.30731E-01 -0.37125E-01 -0.39336E-01  0.15696E-01  0.88076E-01  0.13995E+00  0.15658E+00  0.14437E+00  0.11769E+00  0.88495E-01  0.63097E-01  0.43372E-01  0.28928E-01  0.18664E-01  0.11517E-01  0.66822E-02
 0.20000E+01  0.33007E-01 -0.38126E-01 -0.45098E-01  0.59838E-02  0.76939E-01  0.13002E+00  0.14935E+00  0.14003E+00  0.11560E+00  0.87836E-01  0.63189E-01  0.43771E-01  0.29388E-01  0.19066E-01  0.11819E-01  0.68818E-02
 0.22000E+01  0.34119E-01 -0.38279E-01 -0.48731E-01 -0.14299E-02  0.67409E-01  0.12070E+00  0.14193E+00  0.13502E+00  0.11270E+00  0.86414E-01  0.62651E-01  0.43690E-01  0.29501E-01  0.19232E-01  0.11968E-01  0.69902E-02
 0.24000E+01  0.34440E-01 -0.37901E-01 -0.50891E-01 -0.71305E-02  0.59217E-01  0.11208E+00  0.13459E+00  0.12971E+00  0.10934E+00  0.84515E-01  0.61698E-01  0.43281E-01  0.29373E-01  0.19229E-01  0.12007E-01  0.70319E-02
 0.26000E+01  0.34225E-01 -0.37195E-01 -0.52028E-01 -0.11548E-01  0.52129E-01  0.10413E+00  0.12749E+00  0.12433E+00  0.10573E+00  0.82328E-01  0.60476E-01  0.42650E-01  0.29076E-01  0.19106E-01  0.11967E-01  0.70254E-02
 0.28000E+01  0.33632E-01 -0.36280E-01 -0.52431E-01 -0.14979E-01  0.45954E-01  0.96814E-01  0.12068E+00  0.11897E+00  0.10201E+00  0.79959E-01  0.59070E-01  0.41861E-01  0.28656E-01  0.18895E-01  0.11867E-01  0.69821E-02
 0.30000E+01  0.32511E-01 -0.34905E-01 -0.52131E-01 -0.18181E-01  0.39251E-01  0.88369E-01  0.11251E+00  0.11232E+00  0.97217E-01  0.76795E-01  0.57107E-01  0.40698E-01  0.27992E-01  0.18530E-01  0.11675E-01  0.68864E-02
