 0.00000E+00  0.69280E+00  0.33124E+00 -0.42822E-01 -0.13433E+00 -0.74860E-01 -0.17328E-01  0.71203E-02  0.12315E-01  0.10504E-01  0.72079E-02  0.43264E-02  0.22841E-02  0.99993E-03  0.27789E-03 -0.49187E-04 -0.11346E-03
 0.20000E+00  0.42361E+00  0.46405E+00  0.31233E+00  0.12167E+00  0.83569E-02 -0.30419E-01 -0.33533E-01 -0.25910E-01 -0.17387E-01 -0.10719E-01 -0.61638E-02 -0.32892E-02 -0.15832E-02 -0.63564E-03 -0.16967E-03 -0.21893E-05
 0.40000E+00 -0.73314E-01  0.23698E+00  0.39192E+00  0.30144E+00  0.15022E+00  0.53343E-01  0.11038E-01 -0.30301E-02 -0.58214E-02 -0.49331E-02 -0.32970E-02 -0.18819E-02 -0.89862E-03 -0.30717E-03 -0.18798E-04  0.58645E-04
 0.60000E+00 -0.11683E+00  0.10166E+00  0.27646E+00  0.28510E+00  0.20532E+00  0.12561E+00  0.71749E-01  0.39708E-01  0.21486E-01  0.11340E-01  0.57835E-02  0.27996E-02  0.12384E-02  0.45442E-03  0.98321E-04 -0.17666E-04
 0.80000E+00 -0.79553E-01  0.29248E-01  0.16996E+00  0.23480E+00  0.21423E+00  0.15844E+00  0.10456E+00  0.64522E-01  0.37954E-01  0.21368E-01  0.11442E-01  0.57199E-02  0.25507E-02  0.89228E-03  0.13177E-03 -0.93100E-04
 0.10000E+01 -0.43044E-01 -0.90808E-02  0.96797E-01  0.18727E+00  0.20251E+00  0.16519E+00  0.11563E+00  0.74077E-01  0.44694E-01  0.25614E-01  0.13885E-01  0.69907E-02  0.31180E-02  0.10723E-02  0.13347E-03 -0.13543E-03
 0.12000E+01 -0.17517E-01 -0.29133E-01  0.48880E-01  0.14751E+00  0.18217E+00  0.15798E+00  0.11426E+00  0.74636E-01  0.45605E-01  0.26367E-01  0.14381E-01  0.72688E-02  0.32463E-02  0.11112E-02  0.13002E-03 -0.14834E-03
 0.14000E+01 -0.16988E-02 -0.38641E-01  0.18180E-01  0.11488E+00  0.15834E+00  0.14330E+00  0.10586E+00  0.70001E-01  0.43116E-01  0.25070E-01  0.13734E-01  0.69684E-02  0.31241E-02  0.10760E-02  0.13136E-03 -0.13884E-03
 0.16000E+01  0.66274E-02 -0.41599E-01 -0.56016E-03  0.88043E-01  0.13325E+00  0.12444E+00  0.93298E-01  0.62222E-01  0.38546E-01  0.22516E-01  0.12389E-01  0.63174E-02  0.28547E-02  0.10024E-02  0.14203E-03 -0.11143E-03
 0.18000E+01  0.93895E-02 -0.40323E-01 -0.10845E-01  0.65847E-01  0.10800E+00  0.10329E+00  0.78275E-01  0.52533E-01  0.32698E-01  0.19186E-01  0.10612E-01  0.54537E-02  0.24999E-02  0.91108E-03  0.16355E-03 -0.69654E-04
 0.20000E+01  0.80911E-02 -0.36312E-01 -0.15133E-01  0.47365E-01  0.83254E-01  0.81050E-01  0.61904E-01  0.41752E-01  0.26105E-01  0.15400E-01  0.85842E-02  0.44680E-02  0.20992E-02  0.81404E-03  0.19567E-03 -0.16699E-04
 0.22000E+01  0.39393E-02 -0.30577E-01 -0.15184E-01  0.31928E-01  0.59491E-01  0.58628E-01  0.45011E-01  0.30484E-01  0.19160E-01  0.11394E-01  0.64351E-02  0.34258E-02  0.16802E-02  0.71880E-03  0.23698E-03  0.44332E-04
 0.24000E+01 -0.21361E-02 -0.23847E-01 -0.12328E-01  0.18987E-01  0.37012E-01  0.36645E-01  0.28180E-01  0.19161E-01  0.12148E-01  0.73392E-02  0.42588E-02  0.23737E-02  0.12621E-02  0.62980E-03  0.28569E-03  0.11070E-03
 0.26000E+01 -0.94952E-02 -0.16550E-01 -0.74717E-02  0.80280E-02  0.15815E-01  0.15334E-01  0.11669E-01  0.79834E-02  0.52011E-02  0.33162E-02  0.21005E-02  0.13338E-02  0.85358E-03  0.54878E-03  0.34053E-03  0.18082E-03
 0.28000E+01 -0.17778E-01 -0.89197E-02 -0.11745E-02 -0.13548E-02 -0.42412E-02 -0.52945E-02 -0.44665E-02 -0.29937E-02 -0.16388E-02 -0.64901E-03 -0.25296E-04  0.31330E-03  0.45753E-03  0.47614E-03  0.40094E-03  0.25406E-03
 0.30000E+01 -0.23532E-01 -0.33081E-02  0.22241E-02 -0.10630E-01 -0.21614E-01 -0.22650E-01 -0.17887E-01 -0.12072E-01 -0.72767E-02 -0.39098E-02 -0.17696E-02 -0.52164E-03  0.13550E-03  0.41934E-03  0.45280E-03  0.31564E-03
