 0.00000E+00  0.74843E+00  0.33886E+00 -0.45283E-01 -0.13368E+00 -0.86022E-01 -0.38878E-01 -0.14457E-01 -0.39021E-02 -0.65589E-04  0.78447E-03  0.51907E-03  0.83291E-05 -0.40523E-03 -0.62057E-03 -0.61304E-03 -0.41558E-03
 0.20000E+00  0.35065E+00  0.44729E+00  0.32833E+00  0.14209E+00  0.29558E-01 -0.11175E-01 -0.20020E-01 -0.18380E-01 -0.13904E-01 -0.93159E-02 -0.55872E-02 -0.29267E-02 -0.12135E-02 -0.23426E-03  0.19433E-03  0.23776E-03
 0.40000E+00 -0.54679E-01  0.21635E+00  0.34872E+00  0.28239E+00  0.16804E+00  0.88283E-01  0.44417E-01  0.21772E-01  0.10384E-01  0.48253E-02  0.22105E-02  0.10312E-02  0.51954E-03  0.29626E-03  0.17878E-03  0.94047E-04
 0.60000E+00 -0.79440E-01  0.11288E+00  0.26176E+00  0.26595E+00  0.19422E+00  0.12271E+00  0.73484E-01  0.43065E-01  0.24735E-01  0.13782E-01  0.73213E-02  0.35984E-02  0.15288E-02  0.44773E-03 -0.29885E-04 -0.13597E-03
 0.80000E+00 -0.73853E-01  0.62855E-01  0.19830E+00  0.22923E+00  0.18325E+00  0.12367E+00  0.77908E-01  0.47581E-01  0.28295E-01  0.16243E-01  0.88642E-02  0.44775E-02  0.19731E-02  0.63316E-03  0.23118E-04 -0.13194E-03
 0.10000E+01 -0.65607E-01  0.30353E-01  0.14961E+00  0.19425E+00  0.16618E+00  0.11723E+00  0.76208E-01  0.47684E-01  0.28923E-01  0.16895E-01  0.93807E-02  0.48384E-02  0.22064E-02  0.77568E-03  0.10510E-03 -0.90865E-04
 0.12000E+01 -0.56717E-01  0.61381E-02  0.11015E+00  0.16378E+00  0.14953E+00  0.10953E+00  0.73020E-01  0.46571E-01  0.28694E-01  0.16989E-01  0.95529E-02  0.49948E-02  0.23216E-02  0.85119E-03  0.15016E-03 -0.67881E-04
 0.14000E+01 -0.48660E-01 -0.11349E-01  0.78427E-01  0.13663E+00  0.13261E+00  0.10029E+00  0.68246E-01  0.44212E-01  0.27599E-01  0.16532E-01  0.94000E-02  0.49763E-02  0.23539E-02  0.89591E-03  0.18939E-03 -0.42949E-04
 0.16000E+01 -0.42271E-01 -0.22943E-01  0.53550E-01  0.11196E+00  0.11485E+00  0.89229E-01  0.61760E-01  0.40547E-01  0.25608E-01  0.15512E-01  0.89285E-02  0.48010E-02  0.23286E-02  0.93684E-03  0.24638E-03 -0.72573E-06
 0.18000E+01 -0.38025E-01 -0.29341E-01  0.34748E-01  0.89170E-01  0.95941E-01  0.76234E-01  0.53556E-01  0.35590E-01  0.22738E-01  0.13948E-01  0.81563E-02  0.44887E-02  0.22662E-02  0.99372E-03  0.33754E-03  0.69226E-04
 0.20000E+01 -0.36017E-01 -0.31274E-01  0.21265E-01  0.67951E-01  0.75945E-01  0.61518E-01  0.43838E-01  0.29499E-01  0.19096E-01  0.11907E-01  0.71268E-02  0.40665E-02  0.21836E-02  0.10774E-02  0.46968E-03  0.17059E-03
 0.22000E+01 -0.36143E-01 -0.29597E-01  0.12320E-01  0.48269E-01  0.55285E-01  0.45569E-01  0.33004E-01  0.22560E-01  0.14870E-01  0.95066E-02  0.59059E-02  0.35678E-02  0.20949E-02  0.11912E-02  0.64157E-03  0.30143E-03
 0.24000E+01 -0.38074E-01 -0.25170E-01  0.70571E-02  0.30084E-01  0.34430E-01  0.28925E-01  0.21492E-01  0.15083E-01  0.10267E-01  0.68711E-02  0.45623E-02  0.30248E-02  0.20105E-02  0.13339E-02  0.84758E-03  0.45687E-03
 0.26000E+01 -0.41471E-01 -0.18716E-01  0.46692E-02  0.13238E-01  0.13655E-01  0.11945E-01  0.96025E-02  0.72909E-02  0.54339E-02  0.40921E-02  0.31464E-02  0.24606E-02  0.19367E-02  0.15032E-02  0.10824E-02  0.63251E-03
 0.28000E+01 -0.46086E-01 -0.10742E-01  0.45312E-02 -0.24875E-02 -0.69462E-02 -0.51897E-02 -0.24974E-02 -0.69187E-03  0.45701E-03  0.12223E-02  0.16869E-02  0.18881E-02  0.18770E-02  0.16974E-02  0.13426E-02  0.82568E-03
 0.30000E+01 -0.48529E-01 -0.65574E-02  0.11351E-02 -0.16949E-01 -0.23869E-01 -0.18696E-01 -0.11829E-01 -0.67689E-02 -0.33018E-02 -0.93315E-03  0.59718E-03  0.14661E-02  0.18399E-02  0.18502E-02  0.15436E-02  0.97437E-03
