 0.00000E+00  0.87138E+00  0.30135E+00 -0.93821E-01 -0.23200E+00 -0.18440E+00 -0.73496E-01  0.16630E-01  0.61128E-01  0.70092E-01  0.61214E-01  0.47050E-01  0.33622E-01  0.22856E-01  0.14861E-01  0.91833E-02  0.53187E-02
 0.20000E+00  0.20098E+00  0.44325E+00  0.48341E+00  0.34878E+00  0.14913E+00 -0.15225E-01 -0.10399E+00 -0.12771E+00 -0.11502E+00 -0.89694E-01 -0.64552E-01 -0.44213E-01 -0.29196E-01 -0.18599E-01 -0.11326E-01 -0.64921E-02
 0.40000E+00 -0.31789E-01  0.19999E+00  0.31803E+00  0.30687E+00  0.21771E+00  0.11577E+00  0.40191E-01 -0.12572E-02 -0.17567E-01 -0.20312E-01 -0.17534E-01 -0.13365E-01 -0.94712E-02 -0.63381E-02 -0.39980E-02 -0.23501E-02
 0.60000E+00 -0.34744E-01  0.88666E-01  0.17880E+00  0.21235E+00  0.19632E+00  0.15423E+00  0.10819E+00  0.70307E-01  0.43564E-01  0.26290E-01  0.15659E-01  0.92641E-02  0.54436E-02  0.31575E-02  0.17850E-02  0.96559E-03
 0.80000E+00 -0.24137E-01  0.40397E-01  0.10903E+00  0.15770E+00  0.17393E+00  0.16096E+00  0.13137E+00  0.97919E-01  0.68515E-01  0.45968E-01  0.30012E-01  0.19226E-01  0.12103E-01  0.74441E-02  0.44182E-02  0.24853E-02
 0.10000E+01 -0.15883E-01  0.14866E-01  0.69199E-01  0.12379E+00  0.15636E+00  0.15930E+00  0.13955E+00  0.10968E+00  0.79893E-01  0.55281E-01  0.36973E-01  0.24144E-01  0.15434E-01  0.96113E-02  0.57601E-02  0.32644E-02
 0.12000E+01 -0.95504E-02 -0.15769E-02  0.41971E-01  0.98918E-01  0.14127E+00  0.15452E+00  0.14173E+00  0.11497E+00  0.85667E-01  0.60282E-01  0.40841E-01  0.26941E-01  0.17362E-01  0.10882E-01  0.65543E-02  0.37289E-02
 0.14000E+01 -0.46446E-02 -0.13023E-01  0.21853E-01  0.79181E-01  0.12756E+00  0.14790E+00  0.14039E+00  0.11647E+00  0.88148E-01  0.62742E-01  0.42881E-01  0.28483E-01  0.18457E-01  0.11618E-01  0.70222E-02  0.40056E-02
 0.16000E+01 -0.98443E-03 -0.20986E-01  0.68870E-02  0.63296E-01  0.11506E+00  0.14015E+00  0.13667E+00  0.11532E+00  0.88304E-01  0.63391E-01  0.43609E-01  0.29116E-01  0.18945E-01  0.11966E-01  0.72509E-02  0.41443E-02
 0.18000E+01  0.16009E-02 -0.26372E-01 -0.40843E-02  0.50579E-01  0.10381E+00  0.13190E+00  0.13143E+00  0.11239E+00  0.86837E-01  0.62752E-01  0.43389E-01  0.29087E-01  0.18989E-01  0.12025E-01  0.73019E-02  0.41802E-02
 0.20000E+01  0.33140E-02 -0.29872E-01 -0.11990E-01  0.40458E-01  0.93827E-01  0.12361E+00  0.12537E+00  0.10835E+00  0.84319E-01  0.61254E-01  0.42528E-01  0.28603E-01  0.18723E-01  0.11882E-01  0.72277E-02  0.41432E-02
 0.22000E+01  0.43564E-02 -0.32026E-01 -0.17592E-01  0.32426E-01  0.85058E-01  0.11562E+00  0.11899E+00  0.10372E+00  0.81190E-01  0.59235E-01  0.41264E-01  0.27829E-01  0.18257E-01  0.11607E-01  0.70709E-02  0.40580E-02
 0.24000E+01  0.49133E-02 -0.33253E-01 -0.21522E-01  0.26023E-01  0.77384E-01  0.10810E+00  0.11262E+00  0.98875E-01  0.77773E-01  0.56946E-01  0.39781E-01  0.26891E-01  0.17675E-01  0.11255E-01  0.68648E-02  0.39436E-02
 0.26000E+01  0.51268E-02 -0.33850E-01 -0.24254E-01  0.20869E-01  0.70651E-01  0.10112E+00  0.10645E+00  0.94027E-01  0.74262E-01  0.54541E-01  0.38194E-01  0.25869E-01  0.17032E-01  0.10860E-01  0.66314E-02  0.38128E-02
 0.28000E+01  0.50899E-02 -0.34012E-01 -0.26109E-01  0.16679E-01  0.64707E-01  0.94640E-01  0.10055E+00  0.89275E-01  0.70757E-01  0.52104E-01  0.36563E-01  0.24808E-01  0.16357E-01  0.10443E-01  0.63830E-02  0.36730E-02
 0.30000E+01  0.48310E-02 -0.33739E-01 -0.27493E-01  0.12495E-01  0.58170E-01  0.87162E-01  0.93522E-01  0.83501E-01  0.66431E-01  0.49057E-01  0.34505E-01  0.23457E-01  0.15491E-01  0.99039E-02  0.60606E-02  0.34907E-02
 0.00000E+00  0.87138E+00  0.30135E+00 -0.93821E-01 -0.23200E+00 -0.18440E+00 -0.73496E-01  0.16630E-01  0.61128E-01  0.70092E-01  0.61214E-01  0.47050E-01  0.33622E-01  0.22856E-01  0.14861E-01  0.91833E-02  0.53187E-02
 0.20000E+00  0.20098E+00  0.44325E+00  0.48341E+00  0.34878E+00  0.14913E+00 -0.15225E-01 -0.10399E+00 -0.12771E+00 -0.11502E+00 -0.89694E-01 -0.64552E-01 -0.44213E-01 -0.29196E-01 -0.18599E-01 -0.11326E-01 -0.64921E-02
 0.40000E+00 -0.31789E-01  0.19999E+00  0.31803E+00  0.30687E+00  0.21771E+00  0.11577E+00  0.40191E-01 -0.12572E-02 -0.17567E-01 -0.20312E-01 -0.17534E-01 -0.13365E-01 -0.94712E-02 -0.63381E-02 -0.39980E-02 -0.23501E-02
 0.60000E+00 -0.34744E-01  0.88666E-01  0.17880E+00  0.21235E+00  0.19632E+00  0.15423E+00  0.10819E+00  0.70307E-01  0.43564E-01  0.26290E-01  0.15659E-01  0.92641E-02  0.54436E-02  0.31575E-02  0.17850E-02  0.96559E-03
 0.80000E+00 -0.24137E-01  0.40397E-01  0.10903E+00  0.15770E+00  0.17393E+00  0.16096E+00  0.13137E+00  0.97919E-01  0.68515E-01  0.45968E-01  0.30012E-01  0.19226E-01  0.12103E-01  0.74441E-02  0.44182E-02  0.24853E-02
 0.10000E+01 -0.15883E-01  0.14866E-01  0.69199E-01  0.12379E+00  0.15636E+00  0.15930E+00  0.13955E+00  0.10968E+00  0.79893E-01  0.55281E-01  0.36973E-01  0.24144E-01  0.15434E-01  0.96113E-02  0.57601E-02  0.32644E-02
 0.12000E+01 -0.95504E-02 -0.15769E-02  0.41971E-01  0.98918E-01  0.14127E+00  0.15452E+00  0.14173E+00  0.11497E+00  0.85667E-01  0.60282E-01  0.40841E-01  0.26941E-01  0.17362E-01  0.10882E-01  0.65543E-02  0.37289E-02
 0.14000E+01 -0.46446E-02 -0.13023E-01  0.21853E-01  0.79181E-01  0.12756E+00  0.14790E+00  0.14039E+00  0.11647E+00  0.88148E-01  0.62742E-01  0.42881E-01  0.28483E-01  0.18457E-01  0.11618E-01  0.70222E-02  0.40056E-02
 0.16000E+01 -0.98443E-03 -0.20986E-01  0.68870E-02  0.63296E-01  0.11506E+00  0.14015E+00  0.13667E+00  0.11532E+00  0.88304E-01  0.63391E-01  0.43609E-01  0.29116E-01  0.18945E-01  0.11966E-01  0.72509E-02  0.41443E-02
 0.18000E+01  0.16009E-02 -0.26372E-01 -0.40843E-02  0.50579E-01  0.10381E+00  0.13190E+00  0.13143E+00  0.11239E+00  0.86837E-01  0.62752E-01  0.43389E-01  0.29087E-01  0.18989E-01  0.12025E-01  0.73019E-02  0.41802E-02
 0.20000E+01  0.33140E-02 -0.29872E-01 -0.11990E-01  0.40458E-01  0.93827E-01  0.12361E+00  0.12537E+00  0.10835E+00  0.84319E-01  0.61254E-01  0.42528E-01  0.28603E-01  0.18723E-01  0.11882E-01  0.72277E-02  0.41432E-02
 0.22000E+01  0.43564E-02 -0.32026E-01 -0.17592E-01  0.32426E-01  0.85058E-01  0.11562E+00  0.11899E+00  0.10372E+00  0.81190E-01  0.59235E-01  0.41264E-01  0.27829E-01  0.18257E-01  0.11607E-01  0.70709E-02  0.40580E-02
 0.24000E+01  0.49133E-02 -0.33253E-01 -0.21522E-01  0.26023E-01  0.77384E-01  0.10810E+00  0.11262E+00  0.98875E-01  0.77773E-01  0.56946E-01  0.39781E-01  0.26891E-01  0.17675E-01  0.11255E-01  0.68648E-02  0.39436E-02
 0.26000E+01  0.51268E-02 -0.33850E-01 -0.24254E-01  0.20869E-01  0.70651E-01  0.10112E+00  0.10645E+00  0.94027E-01  0.74262E-01  0.54541E-01  0.38194E-01  0.25869E-01  0.17032E-01  0.10860E-01  0.66314E-02  0.38128E-02
 0.28000E+01  0.50899E-02 -0.34012E-01 -0.26109E-01  0.16679E-01  0.64707E-01  0.94640E-01  0.10055E+00  0.89275E-01  0.70757E-01  0.52104E-01  0.36563E-01  0.24808E-01  0.16357E-01  0.10443E-01  0.63830E-02  0.36730E-02
 0.30000E+01  0.48310E-02 -0.33739E-01 -0.27493E-01  0.12495E-01  0.58170E-01  0.87162E-01  0.93522E-01  0.83501E-01  0.66431E-01  0.49057E-01  0.34505E-01  0.23457E-01  0.15491E-01  0.99039E-02  0.60606E-02  0.34907E-02
