 0.00000E+00  0.77742E+00  0.28442E+00 -0.12127E+00 -0.14522E+00 -0.32849E-01  0.32309E-01  0.43783E-01  0.34549E-01  0.22497E-01  0.13045E-01  0.67890E-02  0.30322E-02  0.95624E-03 -0.67451E-04 -0.42940E-03 -0.37696E-03
 0.20000E+00  0.35252E+00  0.50219E+00  0.37807E+00  0.13164E+00 -0.26529E-01 -0.72519E-01 -0.65203E-01 -0.45566E-01 -0.28346E-01 -0.16334E-01 -0.87642E-02 -0.42944E-02 -0.18028E-02 -0.51361E-03  0.46394E-04  0.16533E-03
 0.40000E+00 -0.13238E+00  0.27351E+00  0.44937E+00  0.30786E+00  0.11798E+00  0.16378E-01 -0.15664E-01 -0.18764E-01 -0.13948E-01 -0.86048E-02 -0.46119E-02 -0.20621E-02 -0.60322E-03  0.12654E-03  0.37502E-03  0.31323E-03
 0.60000E+00 -0.10084E+00  0.92916E-01  0.26093E+00  0.28231E+00  0.21350E+00  0.13606E+00  0.79990E-01  0.45066E-01  0.24615E-01  0.13012E-01  0.65807E-02  0.31029E-02  0.12825E-02  0.37986E-03 -0.71020E-05 -0.96985E-04
 0.80000E+00 -0.28088E-01 -0.19166E-02  0.11984E+00  0.22892E+00  0.24289E+00  0.19193E+00  0.12918E+00  0.79269E-01  0.45682E-01  0.24887E-01  0.12672E-01  0.58128E-02  0.21511E-02  0.34625E-03 -0.36250E-03 -0.41422E-03
 0.10000E+01  0.16001E-01 -0.45879E-01  0.39196E-01  0.18159E+00  0.23632E+00  0.20378E+00  0.14349E+00  0.90424E-01  0.53042E-01  0.29277E-01  0.15070E-01  0.69871E-02  0.26261E-02  0.45610E-03 -0.40664E-03 -0.48097E-03
 0.12000E+01  0.36159E-01 -0.63629E-01 -0.37028E-02  0.14313E+00  0.21350E+00  0.19306E+00  0.13928E+00  0.89230E-01  0.53113E-01  0.29801E-01  0.15691E-01  0.75591E-02  0.31019E-02  0.82726E-03 -0.14244E-03 -0.32805E-03
 0.14000E+01  0.41502E-01 -0.67627E-01 -0.24554E-01  0.11191E+00  0.18389E+00  0.17138E+00  0.12577E+00  0.81786E-01  0.49529E-01  0.28450E-01  0.15521E-01  0.79453E-02  0.36915E-02  0.14291E-02  0.35326E-03 -0.18485E-04
 0.16000E+01  0.38172E-01 -0.64301E-01 -0.32440E-01  0.86350E-01  0.15224E+00  0.14492E+00  0.10795E+00  0.71396E-01  0.44233E-01  0.26250E-01  0.15034E-01  0.83059E-02  0.43954E-02  0.21931E-02  0.99926E-03  0.38987E-03
 0.18000E+01  0.29550E-01 -0.56791E-01 -0.32279E-01  0.64999E-01  0.12028E+00  0.11632E+00  0.88044E-01  0.59564E-01  0.38129E-01  0.23694E-01  0.14466E-01  0.87314E-02  0.52274E-02  0.30982E-02  0.17658E-02  0.87475E-03
 0.20000E+01  0.17835E-01 -0.46995E-01 -0.27159E-01  0.46905E-01  0.89079E-01  0.87226E-01  0.67426E-01  0.47211E-01  0.31750E-01  0.21049E-01  0.13924E-01  0.92407E-02  0.61634E-02  0.41045E-02  0.26143E-02  0.14105E-02
 0.22000E+01  0.43205E-02 -0.35932E-01 -0.18898E-01  0.31323E-01  0.58997E-01  0.58385E-01  0.46760E-01  0.34786E-01  0.25352E-01  0.18442E-01  0.13454E-01  0.98357E-02  0.71845E-02  0.51860E-02  0.35210E-02  0.19815E-02
 0.24000E+01 -0.99493E-02 -0.24469E-01 -0.89289E-02  0.17833E-01  0.30585E-01  0.30619E-01  0.26728E-01  0.22730E-01  0.19177E-01  0.15976E-01  0.13078E-01  0.10497E-01  0.82539E-02  0.63028E-02  0.44520E-02  0.25663E-02
 0.26000E+01 -0.24349E-01 -0.13049E-01  0.18729E-02  0.60062E-02  0.39358E-02  0.42245E-02  0.76023E-02  0.11223E-01  0.13319E-01  0.13686E-01  0.12797E-01  0.11208E-01  0.93466E-02  0.74297E-02  0.53865E-02  0.31519E-02
 0.28000E+01 -0.38812E-01 -0.17554E-02  0.13205E-01 -0.45704E-02 -0.21320E-01 -0.21057E-01 -0.10768E-01  0.19144E-03  0.77500E-02  0.11570E-01  0.12619E-01  0.11980E-01  0.10477E-01  0.85791E-02  0.63343E-02  0.37442E-02
 0.30000E+01 -0.50184E-01  0.70499E-02  0.20992E-01 -0.15033E-01 -0.43436E-01 -0.42660E-01 -0.26302E-01 -0.90848E-02  0.30815E-02  0.97964E-02  0.12466E-01  0.12618E-01  0.11412E-01  0.95306E-02  0.71187E-02  0.42344E-02
