 0.00000E+00  0.83671E+00  0.32382E+00 -0.50953E-01 -0.20397E+00 -0.18617E+00 -0.99800E-01 -0.20303E-01  0.25476E-01  0.41659E-01  0.41017E-01  0.33680E-01  0.25119E-01  0.17569E-01  0.11634E-01  0.72689E-02  0.42358E-02
 0.20000E+00  0.24139E+00  0.42720E+00  0.44649E+00  0.32523E+00  0.15341E+00  0.11738E-01 -0.67716E-01 -0.93379E-01 -0.88012E-01 -0.70702E-01 -0.52059E-01 -0.36283E-01 -0.24252E-01 -0.15562E-01 -0.95109E-02 -0.54575E-02
 0.40000E+00 -0.25804E-01  0.18345E+00  0.29533E+00  0.29319E+00  0.21910E+00  0.12926E+00  0.58999E-01  0.17037E-01 -0.27886E-02 -0.96595E-02 -0.10382E-01 -0.87625E-02 -0.65840E-02 -0.45663E-02 -0.29438E-02 -0.17531E-02
 0.60000E+00 -0.35340E-01  0.81840E-01  0.16892E+00  0.20325E+00  0.19050E+00  0.15212E+00  0.10883E+00  0.72318E-01  0.45858E-01  0.28273E-01  0.17140E-01  0.10270E-01  0.60830E-02  0.35434E-02  0.20068E-02  0.10860E-02
 0.80000E+00 -0.28957E-01  0.44838E-01  0.11533E+00  0.15966E+00  0.16977E+00  0.15263E+00  0.12195E+00  0.89619E-01  0.62173E-01  0.41503E-01  0.26994E-01  0.17217E-01  0.10777E-01  0.65840E-02  0.38799E-02  0.21679E-02
 0.10000E+01 -0.23860E-01  0.26376E-01  0.86825E-01  0.13511E+00  0.15642E+00  0.15029E+00  0.12656E+00  0.96952E-01  0.69510E-01  0.47637E-01  0.31653E-01  0.20549E-01  0.13052E-01  0.80703E-02  0.48015E-02  0.27027E-02
 0.12000E+01 -0.18940E-01  0.12358E-01  0.64044E-01  0.11451E+00  0.14404E+00  0.14644E+00  0.12840E+00  0.10134E+00  0.74299E-01  0.51804E-01  0.34896E-01  0.22907E-01  0.14683E-01  0.91452E-02  0.54726E-02  0.30942E-02
 0.14000E+01 -0.14019E-01  0.47196E-03  0.43626E-01  0.94945E-01  0.13092E+00  0.14057E+00  0.12776E+00  0.10338E+00  0.77186E-01  0.54561E-01  0.37150E-01  0.24599E-01  0.15878E-01  0.99464E-02  0.59789E-02  0.33921E-02
 0.16000E+01 -0.95807E-02 -0.90210E-02  0.26248E-01  0.77112E-01  0.11752E+00  0.13286E+00  0.12460E+00  0.10295E+00  0.78001E-01  0.55748E-01  0.38287E-01  0.25529E-01  0.16573E-01  0.10429E-01  0.62922E-02  0.35800E-02
 0.18000E+01 -0.59872E-02 -0.15989E-01  0.12477E-01  0.61809E-01  0.10466E+00  0.12399E+00  0.11940E+00  0.10034E+00  0.76934E-01  0.55473E-01  0.38363E-01  0.25724E-01  0.16777E-01  0.10598E-01  0.64136E-02  0.36578E-02
 0.20000E+01 -0.33288E-02 -0.20723E-01  0.21675E-02  0.49260E-01  0.92907E-01  0.11472E+00  0.11293E+00  0.96218E-01  0.74476E-01  0.54082E-01  0.37611E-01  0.25337E-01  0.16588E-01  0.10513E-01  0.63783E-02  0.36452E-02
 0.22000E+01 -0.15081E-02 -0.23710E-01 -0.52383E-02  0.39259E-01  0.82541E-01  0.10566E+00  0.10592E+00  0.91254E-01  0.71176E-01  0.51983E-01  0.36319E-01  0.24560E-01  0.16133E-01  0.10252E-01  0.62342E-02  0.35692E-02
 0.24000E+01 -0.34301E-03 -0.25459E-01 -0.10436E-01  0.31378E-01  0.73574E-01  0.97181E-01  0.98915E-01  0.85995E-01  0.67495E-01  0.49529E-01  0.34738E-01  0.23568E-01  0.15525E-01  0.98894E-02  0.60258E-02  0.34555E-02
 0.26000E+01  0.34283E-03 -0.26376E-01 -0.14036E-01  0.25168E-01  0.65881E-01  0.89451E-01  0.92220E-01  0.80786E-01  0.63739E-01  0.46960E-01  0.33045E-01  0.22484E-01  0.14847E-01  0.94782E-02  0.57858E-02  0.33228E-02
 0.28000E+01  0.68288E-03 -0.26746E-01 -0.16495E-01  0.20258E-01  0.59304E-01  0.82509E-01  0.85997E-01  0.75819E-01  0.60086E-01  0.44421E-01  0.31349E-01  0.21383E-01  0.14152E-01  0.90521E-02  0.55349E-02  0.31831E-02
 0.30000E+01  0.82534E-03 -0.26679E-01 -0.18412E-01  0.15540E-01  0.52424E-01  0.74897E-01  0.78968E-01  0.70092E-01  0.55808E-01  0.41410E-01  0.29315E-01  0.20052E-01  0.13304E-01  0.85290E-02  0.52252E-02  0.30098E-02
 0.00000E+00  0.83671E+00  0.32382E+00 -0.50953E-01 -0.20397E+00 -0.18617E+00 -0.99800E-01 -0.20303E-01  0.25476E-01  0.41659E-01  0.41017E-01  0.33680E-01  0.25119E-01  0.17569E-01  0.11634E-01  0.72689E-02  0.42358E-02
 0.20000E+00  0.24139E+00  0.42720E+00  0.44649E+00  0.32523E+00  0.15341E+00  0.11738E-01 -0.67716E-01 -0.93379E-01 -0.88012E-01 -0.70702E-01 -0.52059E-01 -0.36283E-01 -0.24252E-01 -0.15562E-01 -0.95109E-02 -0.54575E-02
 0.40000E+00 -0.25804E-01  0.18345E+00  0.29533E+00  0.29319E+00  0.21910E+00  0.12926E+00  0.58999E-01  0.17037E-01 -0.27886E-02 -0.96595E-02 -0.10382E-01 -0.87625E-02 -0.65840E-02 -0.45663E-02 -0.29438E-02 -0.17531E-02
 0.60000E+00 -0.35340E-01  0.81840E-01  0.16892E+00  0.20325E+00  0.19050E+00  0.15212E+00  0.10883E+00  0.72318E-01  0.45858E-01  0.28273E-01  0.17140E-01  0.10270E-01  0.60830E-02  0.35434E-02  0.20068E-02  0.10860E-02
 0.80000E+00 -0.28957E-01  0.44838E-01  0.11533E+00  0.15966E+00  0.16977E+00  0.15263E+00  0.12195E+00  0.89619E-01  0.62173E-01  0.41503E-01  0.26994E-01  0.17217E-01  0.10777E-01  0.65840E-02  0.38799E-02  0.21679E-02
 0.10000E+01 -0.23860E-01  0.26376E-01  0.86825E-01  0.13511E+00  0.15642E+00  0.15029E+00  0.12656E+00  0.96952E-01  0.69510E-01  0.47637E-01  0.31653E-01  0.20549E-01  0.13052E-01  0.80703E-02  0.48015E-02  0.27027E-02
 0.12000E+01 -0.18940E-01  0.12358E-01  0.64044E-01  0.11451E+00  0.14404E+00  0.14644E+00  0.12840E+00  0.10134E+00  0.74299E-01  0.51804E-01  0.34896E-01  0.22907E-01  0.14683E-01  0.91452E-02  0.54726E-02  0.30942E-02
 0.14000E+01 -0.14019E-01  0.47196E-03  0.43626E-01  0.94945E-01  0.13092E+00  0.14057E+00  0.12776E+00  0.10338E+00  0.77186E-01  0.54561E-01  0.37150E-01  0.24599E-01  0.15878E-01  0.99464E-02  0.59789E-02  0.33921E-02
 0.16000E+01 -0.95807E-02 -0.90210E-02  0.26248E-01  0.77112E-01  0.11752E+00  0.13286E+00  0.12460E+00  0.10295E+00  0.78001E-01  0.55748E-01  0.38287E-01  0.25529E-01  0.16573E-01  0.10429E-01  0.62922E-02  0.35800E-02
 0.18000E+01 -0.59872E-02 -0.15989E-01  0.12477E-01  0.61809E-01  0.10466E+00  0.12399E+00  0.11940E+00  0.10034E+00  0.76934E-01  0.55473E-01  0.38363E-01  0.25724E-01  0.16777E-01  0.10598E-01  0.64136E-02  0.36578E-02
 0.20000E+01 -0.33288E-02 -0.20723E-01  0.21675E-02  0.49260E-01  0.92907E-01  0.11472E+00  0.11293E+00  0.96218E-01  0.74476E-01  0.54082E-01  0.37611E-01  0.25337E-01  0.16588E-01  0.10513E-01  0.63783E-02  0.36452E-02
 0.22000E+01 -0.15081E-02 -0.23710E-01 -0.52383E-02  0.39259E-01  0.82541E-01  0.10566E+00  0.10592E+00  0.91254E-01  0.71176E-01  0.51983E-01  0.36319E-01  0.24560E-01  0.16133E-01  0.10252E-01  0.62342E-02  0.35692E-02
 0.24000E+01 -0.34301E-03 -0.25459E-01 -0.10436E-01  0.31378E-01  0.73574E-01  0.97181E-01  0.98915E-01  0.85995E-01  0.67495E-01  0.49529E-01  0.34738E-01  0.23568E-01  0.15525E-01  0.98894E-02  0.60258E-02  0.34555E-02
 0.26000E+01  0.34283E-03 -0.26376E-01 -0.14036E-01  0.25168E-01  0.65881E-01  0.89451E-01  0.92220E-01  0.80786E-01  0.63739E-01  0.46960E-01  0.33045E-01  0.22484E-01  0.14847E-01  0.94782E-02  0.57858E-02  0.33228E-02
 0.28000E+01  0.68288E-03 -0.26746E-01 -0.16495E-01  0.20258E-01  0.59304E-01  0.82509E-01  0.85997E-01  0.75819E-01  0.60086E-01  0.44421E-01  0.31349E-01  0.21383E-01  0.14152E-01  0.90521E-02  0.55349E-02  0.31831E-02
 0.30000E+01  0.82534E-03 -0.26679E-01 -0.18412E-01  0.15540E-01  0.52424E-01  0.74897E-01  0.78968E-01  0.70092E-01  0.55808E-01  0.41410E-01  0.29315E-01  0.20052E-01  0.13304E-01  0.85290E-02  0.52252E-02  0.30098E-02
