 0.00000E+00  0.71979E+00  0.33526E+00  0.20241E-01 -0.13856E+00 -0.15586E+00 -0.10091E+00 -0.36819E-01  0.64013E-02  0.25862E-01  0.29666E-01  0.26125E-01  0.20366E-01  0.14744E-01  0.10059E-01  0.64531E-02  0.38470E-02
 0.20000E+00  0.38953E+00  0.40578E+00  0.33913E+00  0.22065E+00  0.98542E-01  0.82039E-02 -0.40379E-01 -0.55939E-01 -0.52864E-01 -0.42614E-01 -0.31544E-01 -0.22168E-01 -0.14993E-01 -0.97611E-02 -0.60587E-02 -0.35285E-02
 0.40000E+00 -0.10347E-01  0.19830E+00  0.31210E+00  0.30800E+00  0.22546E+00  0.12401E+00  0.44337E-01 -0.19107E-02 -0.21347E-01 -0.25241E-01 -0.22307E-01 -0.17385E-01 -0.12579E-01 -0.85802E-02 -0.55044E-02 -0.32819E-02
 0.60000E+00 -0.67613E-01  0.89631E-01  0.20149E+00  0.23869E+00  0.21309E+00  0.15759E+00  0.10137E+00  0.58726E-01  0.31522E-01  0.16008E-01  0.77744E-02  0.36009E-02  0.15610E-02  0.60700E-03  0.19197E-03  0.33606E-04
 0.80000E+00 -0.55729E-01  0.39260E-01  0.12431E+00  0.17371E+00  0.18188E+00  0.16017E+00  0.12537E+00  0.90509E-01  0.61958E-01  0.41048E-01  0.26672E-01  0.17107E-01  0.10824E-01  0.67070E-02  0.40127E-02  0.22743E-02
 0.10000E+01 -0.39726E-01  0.15093E-01  0.79608E-01  0.13191E+00  0.15738E+00  0.15489E+00  0.13341E+00  0.10443E+00  0.76423E-01  0.53439E-01  0.36255E-01  0.24070E-01  0.15658E-01  0.99187E-02  0.60377E-02  0.34678E-02
 0.12000E+01 -0.27207E-01  0.16823E-02  0.51774E-01  0.10416E+00  0.13923E+00  0.14832E+00  0.13538E+00  0.11064E+00  0.83614E-01  0.59891E-01  0.41377E-01  0.27855E-01  0.18317E-01  0.11701E-01  0.71689E-02  0.41377E-02
 0.14000E+01 -0.17404E-01 -0.69246E-02  0.32272E-01  0.83734E-01  0.12475E+00  0.14163E+00  0.13477E+00  0.11334E+00  0.87413E-01  0.63536E-01  0.44374E-01  0.30118E-01  0.19931E-01  0.12794E-01  0.78676E-02  0.45537E-02
 0.16000E+01 -0.94999E-02 -0.12911E-01  0.17585E-01  0.67618E-01  0.11250E+00  0.13496E+00  0.13272E+00  0.11404E+00  0.89257E-01  0.65556E-01  0.46135E-01  0.31494E-01  0.20933E-01  0.13483E-01  0.83133E-02  0.48212E-02
 0.18000E+01 -0.31044E-02 -0.17179E-01  0.62313E-02  0.54552E-01  0.10188E+00  0.12837E+00  0.12973E+00  0.11338E+00  0.89757E-01  0.66452E-01  0.47038E-01  0.32252E-01  0.21509E-01  0.13891E-01  0.85816E-02  0.49843E-02
 0.20000E+01  0.20050E-02 -0.20204E-01 -0.25652E-02  0.43892E-01  0.92604E-01  0.12195E+00  0.12610E+00  0.11175E+00  0.89275E-01  0.66515E-01  0.47300E-01  0.32544E-01  0.21763E-01  0.14084E-01  0.87148E-02  0.50678E-02
 0.22000E+01  0.60087E-02 -0.22299E-01 -0.93286E-02  0.35214E-01  0.84522E-01  0.11581E+00  0.12210E+00  0.10944E+00  0.88079E-01  0.65961E-01  0.47081E-01  0.32485E-01  0.21771E-01  0.14113E-01  0.87443E-02  0.50900E-02
 0.24000E+01  0.91037E-02 -0.23712E-01 -0.14508E-01  0.28136E-01  0.77470E-01  0.11001E+00  0.11791E+00  0.10670E+00  0.86396E-01  0.64974E-01  0.46520E-01  0.32173E-01  0.21600E-01  0.14022E-01  0.86976E-02  0.50670E-02
 0.26000E+01  0.11469E-01 -0.24623E-01 -0.18463E-01  0.22333E-01  0.71284E-01  0.10454E+00  0.11366E+00  0.10369E+00  0.84387E-01  0.63687E-01  0.45716E-01  0.31678E-01  0.21301E-01  0.13844E-01  0.85951E-02  0.50108E-02
 0.28000E+01  0.13242E-01 -0.25154E-01 -0.21451E-01  0.17560E-01  0.65824E-01  0.99391E-01  0.10941E+00  0.10050E+00  0.82148E-01  0.62183E-01  0.44733E-01  0.31049E-01  0.20905E-01  0.13600E-01  0.84504E-02  0.49293E-02
 0.30000E+01  0.14833E-01 -0.25390E-01 -0.24110E-01  0.12759E-01  0.59852E-01  0.93374E-01  0.10417E+00  0.96378E-01  0.79141E-01  0.60095E-01  0.43331E-01  0.30129E-01  0.20313E-01  0.13230E-01  0.82270E-02  0.48021E-02
 0.00000E+00  0.71979E+00  0.33526E+00  0.20241E-01 -0.13856E+00 -0.15586E+00 -0.10091E+00 -0.36819E-01  0.64013E-02  0.25862E-01  0.29666E-01  0.26125E-01  0.20366E-01  0.14744E-01  0.10059E-01  0.64531E-02  0.38470E-02
 0.20000E+00  0.38953E+00  0.40578E+00  0.33913E+00  0.22065E+00  0.98542E-01  0.82039E-02 -0.40379E-01 -0.55939E-01 -0.52864E-01 -0.42614E-01 -0.31544E-01 -0.22168E-01 -0.14993E-01 -0.97611E-02 -0.60587E-02 -0.35285E-02
 0.40000E+00 -0.10347E-01  0.19830E+00  0.31210E+00  0.30800E+00  0.22546E+00  0.12401E+00  0.44337E-01 -0.19107E-02 -0.21347E-01 -0.25241E-01 -0.22307E-01 -0.17385E-01 -0.12579E-01 -0.85802E-02 -0.55044E-02 -0.32819E-02
 0.60000E+00 -0.67613E-01  0.89631E-01  0.20149E+00  0.23869E+00  0.21309E+00  0.15759E+00  0.10137E+00  0.58726E-01  0.31522E-01  0.16008E-01  0.77744E-02  0.36009E-02  0.15610E-02  0.60700E-03  0.19197E-03  0.33606E-04
 0.80000E+00 -0.55729E-01  0.39260E-01  0.12431E+00  0.17371E+00  0.18188E+00  0.16017E+00  0.12537E+00  0.90509E-01  0.61958E-01  0.41048E-01  0.26672E-01  0.17107E-01  0.10824E-01  0.67070E-02  0.40127E-02  0.22743E-02
 0.10000E+01 -0.39726E-01  0.15093E-01  0.79608E-01  0.13191E+00  0.15738E+00  0.15489E+00  0.13341E+00  0.10443E+00  0.76423E-01  0.53439E-01  0.36255E-01  0.24070E-01  0.15658E-01  0.99187E-02  0.60377E-02  0.34678E-02
 0.12000E+01 -0.27207E-01  0.16823E-02  0.51774E-01  0.10416E+00  0.13923E+00  0.14832E+00  0.13538E+00  0.11064E+00  0.83614E-01  0.59891E-01  0.41377E-01  0.27855E-01  0.18317E-01  0.11701E-01  0.71689E-02  0.41377E-02
 0.14000E+01 -0.17404E-01 -0.69246E-02  0.32272E-01  0.83734E-01  0.12475E+00  0.14163E+00  0.13477E+00  0.11334E+00  0.87413E-01  0.63536E-01  0.44374E-01  0.30118E-01  0.19931E-01  0.12794E-01  0.78676E-02  0.45537E-02
 0.16000E+01 -0.94999E-02 -0.12911E-01  0.17585E-01  0.67618E-01  0.11250E+00  0.13496E+00  0.13272E+00  0.11404E+00  0.89257E-01  0.65556E-01  0.46135E-01  0.31494E-01  0.20933E-01  0.13483E-01  0.83133E-02  0.48212E-02
 0.18000E+01 -0.31044E-02 -0.17179E-01  0.62313E-02  0.54552E-01  0.10188E+00  0.12837E+00  0.12973E+00  0.11338E+00  0.89757E-01  0.66452E-01  0.47038E-01  0.32252E-01  0.21509E-01  0.13891E-01  0.85816E-02  0.49843E-02
 0.20000E+01  0.20050E-02 -0.20204E-01 -0.25652E-02  0.43892E-01  0.92604E-01  0.12195E+00  0.12610E+00  0.11175E+00  0.89275E-01  0.66515E-01  0.47300E-01  0.32544E-01  0.21763E-01  0.14084E-01  0.87148E-02  0.50678E-02
 0.22000E+01  0.60087E-02 -0.22299E-01 -0.93286E-02  0.35214E-01  0.84522E-01  0.11581E+00  0.12210E+00  0.10944E+00  0.88079E-01  0.65961E-01  0.47081E-01  0.32485E-01  0.21771E-01  0.14113E-01  0.87443E-02  0.50900E-02
 0.24000E+01  0.91037E-02 -0.23712E-01 -0.14508E-01  0.28136E-01  0.77470E-01  0.11001E+00  0.11791E+00  0.10670E+00  0.86396E-01  0.64974E-01  0.46520E-01  0.32173E-01  0.21600E-01  0.14022E-01  0.86976E-02  0.50670E-02
 0.26000E+01  0.11469E-01 -0.24623E-01 -0.18463E-01  0.22333E-01  0.71284E-01  0.10454E+00  0.11366E+00  0.10369E+00  0.84387E-01  0.63687E-01  0.45716E-01  0.31678E-01  0.21301E-01  0.13844E-01  0.85951E-02  0.50108E-02
 0.28000E+01  0.13242E-01 -0.25154E-01 -0.21451E-01  0.17560E-01  0.65824E-01  0.99391E-01  0.10941E+00  0.10050E+00  0.82148E-01  0.62183E-01  0.44733E-01  0.31049E-01  0.20905E-01  0.13600E-01  0.84504E-02  0.49293E-02
 0.30000E+01  0.14833E-01 -0.25390E-01 -0.24110E-01  0.12759E-01  0.59852E-01  0.93374E-01  0.10417E+00  0.96378E-01  0.79141E-01  0.60095E-01  0.43331E-01  0.30129E-01  0.20313E-01  0.13230E-01  0.82270E-02  0.48021E-02
