 0.00000E+00  0.76408E+00  0.36374E+00  0.30980E-01 -0.14180E+00 -0.16609E+00 -0.11152E+00 -0.44257E-01  0.24736E-02  0.24074E-01  0.28578E-01  0.24980E-01  0.19041E-01  0.13406E-01  0.89007E-02  0.55781E-02  0.32649E-02
 0.20000E+00  0.29410E+00  0.35073E+00  0.32586E+00  0.23647E+00  0.12602E+00  0.34134E-01 -0.21646E-01 -0.44291E-01 -0.45921E-01 -0.38160E-01 -0.28310E-01 -0.19647E-01 -0.13038E-01 -0.83227E-02 -0.50781E-02 -0.29177E-02
 0.40000E+00  0.30966E-01  0.20126E+00  0.29074E+00  0.28122E+00  0.20579E+00  0.11447E+00  0.42243E-01 -0.18111E-03 -0.18150E-01 -0.21675E-01 -0.18855E-01 -0.14315E-01 -0.10056E-01 -0.66702E-02 -0.41793E-02 -0.24465E-02
 0.60000E+00 -0.41001E-01  0.11951E+00  0.22578E+00  0.25120E+00  0.21255E+00  0.14687E+00  0.85171E-01  0.41453E-01  0.16120E-01  0.38069E-02 -0.11049E-02 -0.24686E-02 -0.23929E-02 -0.18621E-02 -0.12806E-02 -0.79502E-03
 0.80000E+00 -0.57499E-01  0.55961E-01  0.14899E+00  0.19506E+00  0.19345E+00  0.16139E+00  0.11926E+00  0.80838E-01  0.51679E-01  0.31869E-01  0.19287E-01  0.11580E-01  0.69192E-02  0.40909E-02  0.23598E-02  0.13014E-02
 0.10000E+01 -0.45723E-01  0.14401E-01  0.82508E-01  0.13660E+00  0.16274E+00  0.16019E+00  0.13797E+00  0.10769E+00  0.78170E-01  0.53895E-01  0.35880E-01  0.23324E-01  0.14867E-01  0.92536E-02  0.55559E-02  0.31589E-02
 0.12000E+01 -0.29033E-01 -0.77730E-02  0.38503E-01  0.92836E-01  0.13422E+00  0.15054E+00  0.14266E+00  0.11971E+00  0.91892E-01  0.66167E-01  0.45567E-01  0.30413E-01  0.19785E-01  0.12510E-01  0.76010E-02  0.43603E-02
 0.14000E+01 -0.16328E-01 -0.18565E-01  0.12657E-01  0.64321E-01  0.11251E+00  0.13908E+00  0.14004E+00  0.12251E+00  0.96936E-01  0.71419E-01  0.50064E-01  0.33881E-01  0.22282E-01  0.14208E-01  0.86877E-02  0.50076E-02
 0.16000E+01 -0.79407E-02 -0.23736E-01 -0.23168E-02  0.46111E-01  0.96779E-01  0.12861E+00  0.13483E+00  0.12109E+00  0.97628E-01  0.72955E-01  0.51710E-01  0.35302E-01  0.23379E-01  0.14988E-01  0.92030E-02  0.53213E-02
 0.18000E+01 -0.24772E-02 -0.26216E-01 -0.11290E-01  0.34097E-01  0.85233E-01  0.11970E+00  0.12911E+00  0.11806E+00  0.96407E-01  0.72744E-01  0.51956E-01  0.35688E-01  0.23750E-01  0.15285E-01  0.94133E-02  0.54551E-02
 0.20000E+01  0.11745E-02 -0.27368E-01 -0.16920E-01  0.25779E-01  0.76463E-01  0.11218E+00  0.12360E+00  0.11452E+00  0.94392E-01  0.71733E-01  0.51525E-01  0.35555E-01  0.23749E-01  0.15329E-01  0.94618E-02  0.54927E-02
 0.22000E+01  0.36944E-02 -0.27827E-01 -0.20599E-01  0.19749E-01  0.69556E-01  0.10576E+00  0.11848E+00  0.11090E+00  0.92072E-01  0.70358E-01  0.50763E-01  0.35155E-01  0.23551E-01  0.15236E-01  0.94217E-02  0.54768E-02
 0.24000E+01  0.54911E-02 -0.27904E-01 -0.23084E-01  0.15194E-01  0.63932E-01  0.10020E+00  0.11378E+00  0.10738E+00  0.89667E-01  0.68829E-01  0.49839E-01  0.34618E-01  0.23247E-01  0.15068E-01  0.93317E-02  0.54307E-02
 0.26000E+01  0.68102E-02 -0.27763E-01 -0.24806E-01  0.11625E-01  0.59212E-01  0.95284E-01  0.10945E+00  0.10400E+00  0.87270E-01  0.67242E-01  0.48839E-01  0.34009E-01  0.22884E-01  0.14858E-01  0.92130E-02  0.53668E-02
 0.28000E+01  0.77964E-02 -0.27488E-01 -0.26014E-01  0.87483E-02  0.55151E-01  0.90869E-01  0.10542E+00  0.10077E+00  0.84914E-01  0.65642E-01  0.47804E-01  0.33361E-01  0.22489E-01  0.14622E-01  0.90769E-02  0.52920E-02
 0.30000E+01  0.87164E-02 -0.26972E-01 -0.26965E-01  0.58738E-02  0.50742E-01  0.85834E-01  0.10066E+00  0.96840E-01  0.81978E-01  0.63599E-01  0.46453E-01  0.32496E-01  0.21949E-01  0.14294E-01  0.88842E-02  0.51846E-02
 0.00000E+00  0.76408E+00  0.36374E+00  0.30980E-01 -0.14180E+00 -0.16609E+00 -0.11152E+00 -0.44257E-01  0.24736E-02  0.24074E-01  0.28578E-01  0.24980E-01  0.19041E-01  0.13406E-01  0.89007E-02  0.55781E-02  0.32649E-02
 0.20000E+00  0.29410E+00  0.35073E+00  0.32586E+00  0.23647E+00  0.12602E+00  0.34134E-01 -0.21646E-01 -0.44291E-01 -0.45921E-01 -0.38160E-01 -0.28310E-01 -0.19647E-01 -0.13038E-01 -0.83227E-02 -0.50781E-02 -0.29177E-02
 0.40000E+00  0.30966E-01  0.20126E+00  0.29074E+00  0.28122E+00  0.20579E+00  0.11447E+00  0.42243E-01 -0.18111E-03 -0.18150E-01 -0.21675E-01 -0.18855E-01 -0.14315E-01 -0.10056E-01 -0.66702E-02 -0.41793E-02 -0.24465E-02
 0.60000E+00 -0.41001E-01  0.11951E+00  0.22578E+00  0.25120E+00  0.21255E+00  0.14687E+00  0.85171E-01  0.41453E-01  0.16120E-01  0.38069E-02 -0.11049E-02 -0.24686E-02 -0.23929E-02 -0.18621E-02 -0.12806E-02 -0.79502E-03
 0.80000E+00 -0.57499E-01  0.55961E-01  0.14899E+00  0.19506E+00  0.19345E+00  0.16139E+00  0.11926E+00  0.80838E-01  0.51679E-01  0.31869E-01  0.19287E-01  0.11580E-01  0.69192E-02  0.40909E-02  0.23598E-02  0.13014E-02
 0.10000E+01 -0.45723E-01  0.14401E-01  0.82508E-01  0.13660E+00  0.16274E+00  0.16019E+00  0.13797E+00  0.10769E+00  0.78170E-01  0.53895E-01  0.35880E-01  0.23324E-01  0.14867E-01  0.92536E-02  0.55559E-02  0.31589E-02
 0.12000E+01 -0.29033E-01 -0.77730E-02  0.38503E-01  0.92836E-01  0.13422E+00  0.15054E+00  0.14266E+00  0.11971E+00  0.91892E-01  0.66167E-01  0.45567E-01  0.30413E-01  0.19785E-01  0.12510E-01  0.76010E-02  0.43603E-02
 0.14000E+01 -0.16328E-01 -0.18565E-01  0.12657E-01  0.64321E-01  0.11251E+00  0.13908E+00  0.14004E+00  0.12251E+00  0.96936E-01  0.71419E-01  0.50064E-01  0.33881E-01  0.22282E-01  0.14208E-01  0.86877E-02  0.50076E-02
 0.16000E+01 -0.79407E-02 -0.23736E-01 -0.23168E-02  0.46111E-01  0.96779E-01  0.12861E+00  0.13483E+00  0.12109E+00  0.97628E-01  0.72955E-01  0.51710E-01  0.35302E-01  0.23379E-01  0.14988E-01  0.92030E-02  0.53213E-02
 0.18000E+01 -0.24772E-02 -0.26216E-01 -0.11290E-01  0.34097E-01  0.85233E-01  0.11970E+00  0.12911E+00  0.11806E+00  0.96407E-01  0.72744E-01  0.51956E-01  0.35688E-01  0.23750E-01  0.15285E-01  0.94133E-02  0.54551E-02
 0.20000E+01  0.11745E-02 -0.27368E-01 -0.16920E-01  0.25779E-01  0.76463E-01  0.11218E+00  0.12360E+00  0.11452E+00  0.94392E-01  0.71733E-01  0.51525E-01  0.35555E-01  0.23749E-01  0.15329E-01  0.94618E-02  0.54927E-02
 0.22000E+01  0.36944E-02 -0.27827E-01 -0.20599E-01  0.19749E-01  0.69556E-01  0.10576E+00  0.11848E+00  0.11090E+00  0.92072E-01  0.70358E-01  0.50763E-01  0.35155E-01  0.23551E-01  0.15236E-01  0.94217E-02  0.54768E-02
 0.24000E+01  0.54911E-02 -0.27904E-01 -0.23084E-01  0.15194E-01  0.63932E-01  0.10020E+00  0.11378E+00  0.10738E+00  0.89667E-01  0.68829E-01  0.49839E-01  0.34618E-01  0.23247E-01  0.15068E-01  0.93317E-02  0.54307E-02
 0.26000E+01  0.68102E-02 -0.27763E-01 -0.24806E-01  0.11625E-01  0.59212E-01  0.95284E-01  0.10945E+00  0.10400E+00  0.87270E-01  0.67242E-01  0.48839E-01  0.34009E-01  0.22884E-01  0.14858E-01  0.92130E-02  0.53668E-02
 0.28000E+01  0.77964E-02 -0.27488E-01 -0.26014E-01  0.87483E-02  0.55151E-01  0.90869E-01  0.10542E+00  0.10077E+00  0.84914E-01  0.65642E-01  0.47804E-01  0.33361E-01  0.22489E-01  0.14622E-01  0.90769E-02  0.52920E-02
 0.30000E+01  0.87164E-02 -0.26972E-01 -0.26965E-01  0.58738E-02  0.50742E-01  0.85834E-01  0.10066E+00  0.96840E-01  0.81978E-01  0.63599E-01  0.46453E-01  0.32496E-01  0.21949E-01  0.14294E-01  0.88842E-02  0.51846E-02
