 0.00000E+00  0.86032E+00  0.26078E+00 -0.12262E+00 -0.22213E+00 -0.13815E+00 -0.13046E-01  0.68564E-01  0.93367E-01  0.83139E-01  0.61321E-01  0.40839E-01  0.25690E-01  0.15622E-01  0.92457E-02  0.52931E-02  0.28870E-02
 0.20000E+00  0.24952E+00  0.47589E+00  0.47027E+00  0.28874E+00  0.68508E-01 -0.83635E-01 -0.14074E+00 -0.13181E+00 -0.96858E-01 -0.61727E-01 -0.35903E-01 -0.19645E-01 -0.10277E-01 -0.51653E-02 -0.24842E-02 -0.11317E-02
 0.40000E+00 -0.73388E-01  0.24148E+00  0.39066E+00  0.35727E+00  0.22125E+00  0.79398E-01 -0.14333E-01 -0.54608E-01 -0.59947E-01 -0.50023E-01 -0.36843E-01 -0.25384E-01 -0.16775E-01 -0.10693E-01 -0.65246E-02 -0.37513E-02
 0.60000E+00 -0.57185E-01  0.84377E-01  0.19921E+00  0.24850E+00  0.23090E+00  0.17356E+00  0.10874E+00  0.56818E-01  0.23523E-01  0.57477E-02 -0.20815E-02 -0.45849E-02 -0.46411E-02 -0.37672E-02 -0.26847E-02 -0.17142E-02
 0.80000E+00 -0.21165E-01  0.16078E-01  0.87931E-01  0.15913E+00  0.19677E+00  0.19162E+00  0.15684E+00  0.11262E+00  0.73417E-01  0.44743E-01  0.26114E-01  0.14849E-01  0.83001E-02  0.45609E-02  0.24433E-02  0.12568E-02
 0.10000E+01 -0.17841E-02 -0.10354E-01  0.34287E-01  0.10518E+00  0.16240E+00  0.18257E+00  0.16761E+00  0.13369E+00  0.96720E-01  0.65620E-01  0.42804E-01  0.27276E-01  0.17086E-01  0.10481E-01  0.62185E-02  0.35020E-02
 0.12000E+01  0.76376E-02 -0.20959E-01  0.72871E-02  0.72644E-01  0.13583E+00  0.16835E+00  0.16574E+00  0.14022E+00  0.10705E+00  0.76363E-01  0.52170E-01  0.34662E-01  0.22520E-01  0.14249E-01  0.86708E-02  0.49823E-02
 0.14000E+01  0.12400E-01 -0.25427E-01 -0.76235E-02  0.51656E-01  0.11581E+00  0.15471E+00  0.16007E+00  0.14095E+00  0.11142E+00  0.81970E-01  0.57537E-01  0.39126E-01  0.25919E-01  0.16661E-01  0.10266E-01  0.59562E-02
 0.16000E+01  0.14888E-01 -0.27283E-01 -0.16559E-01  0.37171E-01  0.10035E+00  0.14268E+00  0.15344E+00  0.13922E+00  0.11286E+00  0.84838E-01  0.60654E-01  0.41881E-01  0.28093E-01  0.18240E-01  0.11327E-01  0.66106E-02
 0.18000E+01  0.16185E-01 -0.27899E-01 -0.22216E-01  0.26658E-01  0.88082E-01  0.13223E+00  0.14680E+00  0.13640E+00  0.11275E+00  0.86145E-01  0.62428E-01  0.43588E-01  0.29500E-01  0.19289E-01  0.12043E-01  0.70578E-02
 0.20000E+01  0.16811E-01 -0.27890E-01 -0.25933E-01  0.18726E-01  0.78105E-01  0.12314E+00  0.14046E+00  0.13310E+00  0.11176E+00  0.86505E-01  0.63355E-01  0.44615E-01  0.30401E-01  0.19984E-01  0.12529E-01  0.73647E-02
 0.22000E+01  0.17036E-01 -0.27554E-01 -0.28423E-01  0.12570E-01  0.69827E-01  0.11518E+00  0.13452E+00  0.12962E+00  0.11028E+00  0.86260E-01  0.63719E-01  0.45179E-01  0.30953E-01  0.20432E-01  0.12851E-01  0.75726E-02
 0.24000E+01  0.17018E-01 -0.27047E-01 -0.30106E-01  0.76854E-02  0.62849E-01  0.10815E+00  0.12900E+00  0.12612E+00  0.10850E+00  0.85628E-01  0.63704E-01  0.45425E-01  0.31260E-01  0.20706E-01  0.13058E-01  0.77094E-02
 0.26000E+01  0.16850E-01 -0.26450E-01 -0.31240E-01  0.37278E-02  0.56871E-01  0.10188E+00  0.12386E+00  0.12266E+00  0.10656E+00  0.84746E-01  0.63432E-01  0.45449E-01  0.31395E-01  0.20856E-01  0.13181E-01  0.77953E-02
 0.28000E+01  0.16583E-01 -0.25811E-01 -0.31993E-01  0.45943E-03  0.51668E-01  0.96240E-01  0.11908E+00  0.11930E+00  0.10454E+00  0.83705E-01  0.62988E-01  0.45320E-01  0.31408E-01  0.20918E-01  0.13245E-01  0.78444E-02
 0.30000E+01  0.16157E-01 -0.24923E-01 -0.32463E-01 -0.28346E-02  0.46015E-01  0.89830E-01  0.11342E+00  0.11512E+00  0.10185E+00  0.82163E-01  0.62189E-01  0.44950E-01  0.31263E-01  0.20878E-01  0.13248E-01  0.78581E-02
 0.00000E+00  0.86032E+00  0.26078E+00 -0.12262E+00 -0.22213E+00 -0.13815E+00 -0.13046E-01  0.68564E-01  0.93367E-01  0.83139E-01  0.61321E-01  0.40839E-01  0.25690E-01  0.15622E-01  0.92457E-02  0.52931E-02  0.28870E-02
 0.20000E+00  0.24952E+00  0.47589E+00  0.47027E+00  0.28874E+00  0.68508E-01 -0.83635E-01 -0.14074E+00 -0.13181E+00 -0.96858E-01 -0.61727E-01 -0.35903E-01 -0.19645E-01 -0.10277E-01 -0.51653E-02 -0.24842E-02 -0.11317E-02
 0.40000E+00 -0.73388E-01  0.24148E+00  0.39066E+00  0.35727E+00  0.22125E+00  0.79398E-01 -0.14333E-01 -0.54608E-01 -0.59947E-01 -0.50023E-01 -0.36843E-01 -0.25384E-01 -0.16775E-01 -0.10693E-01 -0.65246E-02 -0.37513E-02
 0.60000E+00 -0.57185E-01  0.84377E-01  0.19921E+00  0.24850E+00  0.23090E+00  0.17356E+00  0.10874E+00  0.56818E-01  0.23523E-01  0.57477E-02 -0.20815E-02 -0.45849E-02 -0.46411E-02 -0.37672E-02 -0.26847E-02 -0.17142E-02
 0.80000E+00 -0.21165E-01  0.16078E-01  0.87931E-01  0.15913E+00  0.19677E+00  0.19162E+00  0.15684E+00  0.11262E+00  0.73417E-01  0.44743E-01  0.26114E-01  0.14849E-01  0.83001E-02  0.45609E-02  0.24433E-02  0.12568E-02
 0.10000E+01 -0.17841E-02 -0.10354E-01  0.34287E-01  0.10518E+00  0.16240E+00  0.18257E+00  0.16761E+00  0.13369E+00  0.96720E-01  0.65620E-01  0.42804E-01  0.27276E-01  0.17086E-01  0.10481E-01  0.62185E-02  0.35020E-02
 0.12000E+01  0.76376E-02 -0.20959E-01  0.72871E-02  0.72644E-01  0.13583E+00  0.16835E+00  0.16574E+00  0.14022E+00  0.10705E+00  0.76363E-01  0.52170E-01  0.34662E-01  0.22520E-01  0.14249E-01  0.86708E-02  0.49823E-02
 0.14000E+01  0.12400E-01 -0.25427E-01 -0.76235E-02  0.51656E-01  0.11581E+00  0.15471E+00  0.16007E+00  0.14095E+00  0.11142E+00  0.81970E-01  0.57537E-01  0.39126E-01  0.25919E-01  0.16661E-01  0.10266E-01  0.59562E-02
 0.16000E+01  0.14888E-01 -0.27283E-01 -0.16559E-01  0.37171E-01  0.10035E+00  0.14268E+00  0.15344E+00  0.13922E+00  0.11286E+00  0.84838E-01  0.60654E-01  0.41881E-01  0.28093E-01  0.18240E-01  0.11327E-01  0.66106E-02
 0.18000E+01  0.16185E-01 -0.27899E-01 -0.22216E-01  0.26658E-01  0.88082E-01  0.13223E+00  0.14680E+00  0.13640E+00  0.11275E+00  0.86145E-01  0.62428E-01  0.43588E-01  0.29500E-01  0.19289E-01  0.12043E-01  0.70578E-02
 0.20000E+01  0.16811E-01 -0.27890E-01 -0.25933E-01  0.18726E-01  0.78105E-01  0.12314E+00  0.14046E+00  0.13310E+00  0.11176E+00  0.86505E-01  0.63355E-01  0.44615E-01  0.30401E-01  0.19984E-01  0.12529E-01  0.73647E-02
 0.22000E+01  0.17036E-01 -0.27554E-01 -0.28423E-01  0.12570E-01  0.69827E-01  0.11518E+00  0.13452E+00  0.12962E+00  0.11028E+00  0.86260E-01  0.63719E-01  0.45179E-01  0.30953E-01  0.20432E-01  0.12851E-01  0.75726E-02
 0.24000E+01  0.17018E-01 -0.27047E-01 -0.30106E-01  0.76854E-02  0.62849E-01  0.10815E+00  0.12900E+00  0.12612E+00  0.10850E+00  0.85628E-01  0.63704E-01  0.45425E-01  0.31260E-01  0.20706E-01  0.13058E-01  0.77094E-02
 0.26000E+01  0.16850E-01 -0.26450E-01 -0.31240E-01  0.37278E-02  0.56871E-01  0.10188E+00  0.12386E+00  0.12266E+00  0.10656E+00  0.84746E-01  0.63432E-01  0.45449E-01  0.31395E-01  0.20856E-01  0.13181E-01  0.77953E-02
 0.28000E+01  0.16583E-01 -0.25811E-01 -0.31993E-01  0.45943E-03  0.51668E-01  0.96240E-01  0.11908E+00  0.11930E+00  0.10454E+00  0.83705E-01  0.62988E-01  0.45320E-01  0.31408E-01  0.20918E-01  0.13245E-01  0.78444E-02
 0.30000E+01  0.16157E-01 -0.24923E-01 -0.32463E-01 -0.28346E-02  0.46015E-01  0.89830E-01  0.11342E+00  0.11512E+00  0.10185E+00  0.82163E-01  0.62189E-01  0.44950E-01  0.31263E-01  0.20878E-01  0.13248E-01  0.78581E-02
