 0.00000E+00  0.60180E+00  0.34201E+00  0.98089E-02 -0.11298E+00 -0.82410E-01 -0.29551E-01 -0.24695E-03  0.95503E-02  0.10389E-01  0.83568E-02  0.59477E-02  0.39538E-02  0.25074E-02  0.15255E-02  0.87202E-03  0.42893E-03
 0.20000E+00  0.48689E+00  0.46325E+00  0.27682E+00  0.10075E+00  0.92242E-02 -0.20929E-01 -0.24405E-01 -0.19799E-01 -0.14179E-01 -0.95739E-02 -0.62543E-02 -0.39992E-02 -0.25163E-02 -0.15550E-02 -0.91541E-03 -0.46343E-03
 0.40000E+00 -0.16091E-01  0.23272E+00  0.36575E+00  0.29277E+00  0.15196E+00  0.52272E-01  0.57792E-02 -0.96266E-02 -0.11910E-01 -0.99408E-02 -0.72167E-02 -0.48700E-02 -0.31324E-02 -0.19348E-02 -0.11237E-02 -0.56051E-03
 0.60000E+00 -0.13421E+00  0.96097E-01  0.28538E+00  0.29426E+00  0.20447E+00  0.11711E+00  0.61916E-01  0.32150E-01  0.16864E-01  0.90239E-02  0.49392E-02  0.27674E-02  0.15871E-02  0.92548E-03  0.52723E-03  0.26163E-03
 0.80000E+00 -0.11088E+00  0.23069E-01  0.17667E+00  0.23699E+00  0.21211E+00  0.15758E+00  0.10690E+00  0.69309E-01  0.43866E-01  0.27365E-01  0.16897E-01  0.10345E-01  0.62795E-02  0.37608E-02  0.21538E-02  0.10668E-02
 0.10000E+01 -0.63144E-01 -0.13972E-01  0.92494E-01  0.17980E+00  0.20249E+00  0.17595E+00  0.13244E+00  0.91877E-01  0.60783E-01  0.39052E-01  0.24592E-01  0.15247E-01  0.93236E-02  0.56009E-02  0.32084E-02  0.15881E-02
 0.12000E+01 -0.25253E-01 -0.32670E-01  0.37314E-01  0.13655E+00  0.18792E+00  0.18021E+00  0.14313E+00  0.10243E+00  0.69073E-01  0.44931E-01  0.28531E-01  0.17792E-01  0.10922E-01  0.65781E-02  0.37744E-02  0.18705E-02
 0.14000E+01 -0.41434E-03 -0.42078E-01  0.29315E-02  0.10568E+00  0.17258E+00  0.17657E+00  0.14473E+00  0.10539E+00  0.71838E-01  0.47072E-01  0.30057E-01  0.18829E-01  0.11606E-01  0.70175E-02  0.40417E-02  0.20092E-02
 0.16000E+01  0.14488E-01 -0.46566E-01 -0.18053E-01  0.83562E-01  0.15773E+00  0.16869E+00  0.14108E+00  0.10388E+00  0.71317E-01  0.46988E-01  0.30148E-01  0.18976E-01  0.11756E-01  0.71481E-02  0.41407E-02  0.20685E-02
 0.18000E+01  0.22454E-01 -0.48243E-01 -0.30363E-01  0.67428E-01  0.14359E+00  0.15842E+00  0.13429E+00  0.99648E-01  0.68794E-01  0.45551E-01  0.29374E-01  0.18593E-01  0.11594E-01  0.71025E-02  0.41470E-02  0.20856E-02
 0.20000E+01  0.25640E-01 -0.48192E-01 -0.36876E-01  0.55472E-01  0.13020E+00  0.14679E+00  0.12560E+00  0.93742E-01  0.65032E-01  0.43277E-01  0.28067E-01  0.17886E-01  0.11243E-01  0.69536E-02  0.41008E-02  0.20796E-02
 0.22000E+01  0.25506E-01 -0.47086E-01 -0.39462E-01  0.46529E-01  0.11760E+00  0.13453E+00  0.11585E+00  0.86864E-01  0.60541E-01  0.40507E-01  0.26445E-01  0.16989E-01  0.10785E-01  0.67468E-02  0.40263E-02  0.20616E-02
 0.24000E+01  0.23045E-01 -0.45275E-01 -0.39281E-01  0.39806E-01  0.10572E+00  0.12198E+00  0.10549E+00  0.79400E-01  0.55604E-01  0.37436E-01  0.24634E-01  0.15981E-01  0.10265E-01  0.65089E-02  0.39378E-02  0.20386E-02
 0.26000E+01  0.18873E-01 -0.42995E-01 -0.37105E-01  0.34737E-01  0.94437E-01  0.10931E+00  0.94747E-01  0.71559E-01  0.50378E-01  0.34169E-01  0.22702E-01  0.14903E-01  0.97075E-02  0.62538E-02  0.38429E-02  0.20138E-02
 0.28000E+01  0.13386E-01 -0.40395E-01 -0.33432E-01  0.30952E-01  0.83661E-01  0.96608E-01  0.83762E-01  0.63466E-01  0.44956E-01  0.30770E-01  0.20687E-01  0.13777E-01  0.91259E-02  0.59878E-02  0.37443E-02  0.19883E-02
 0.30000E+01  0.95796E-02 -0.38255E-01 -0.31461E-01  0.26177E-01  0.73149E-01  0.84847E-01  0.73804E-01  0.56194E-01  0.40099E-01  0.27719E-01  0.18868E-01  0.12749E-01  0.85820E-02  0.57274E-02  0.36379E-02  0.19542E-02
