 0.00000E+00  0.77997E+00  0.32078E+00 -0.27091E-01 -0.17293E+00 -0.15430E+00 -0.67780E-01  0.95690E-02  0.49171E-01  0.56719E-01  0.48017E-01  0.35138E-01  0.23757E-01  0.15330E-01  0.95480E-02  0.57132E-02  0.32354E-02
 0.20000E+00  0.32116E+00  0.38812E+00  0.34796E+00  0.22857E+00  0.92057E-01 -0.99927E-02 -0.60417E-01 -0.70062E-01 -0.58822E-01 -0.42150E-01 -0.27627E-01 -0.17235E-01 -0.10458E-01 -0.62113E-02 -0.35832E-02 -0.19737E-02
 0.40000E+00 -0.27285E-02  0.24139E+00  0.35772E+00  0.32670E+00  0.20774E+00  0.80128E-01 -0.75062E-02 -0.47180E-01 -0.53722E-01 -0.45025E-01 -0.32805E-01 -0.22176E-01 -0.14341E-01 -0.89599E-02 -0.53782E-02 -0.30540E-02
 0.60000E+00 -0.93062E-01  0.11562E+00  0.25524E+00  0.28885E+00  0.23843E+00  0.15415E+00  0.77809E-01  0.27240E-01  0.13572E-02 -0.83559E-02 -0.99534E-02 -0.84590E-02 -0.62734E-02 -0.42905E-02 -0.27410E-02 -0.16260E-02
 0.80000E+00 -0.63920E-01  0.27276E-01  0.12254E+00  0.18865E+00  0.20904E+00  0.18913E+00  0.14738E+00  0.10239E+00  0.65239E-01  0.39140E-01  0.22647E-01  0.12882E-01  0.72816E-02  0.40895E-02  0.22568E-02  0.12003E-02
 0.10000E+01 -0.20444E-01 -0.10897E-01  0.39620E-01  0.10852E+00  0.16303E+00  0.18300E+00  0.16937E+00  0.13636E+00  0.99235E-01  0.67349E-01  0.43727E-01  0.27660E-01  0.17199E-01  0.10492E-01  0.62037E-02  0.34883E-02
 0.12000E+01  0.29470E-02 -0.23014E-01  0.20935E-02  0.63941E-01  0.12746E+00  0.16379E+00  0.16540E+00  0.14220E+00  0.10925E+00  0.77696E-01  0.52537E-01  0.34410E-01  0.22024E-01  0.13751E-01  0.82792E-02  0.47197E-02
 0.14000E+01  0.13358E-01 -0.26055E-01 -0.13995E-01  0.40368E-01  0.10386E+00  0.14576E+00  0.15490E+00  0.13822E+00  0.10945E+00  0.79870E-01  0.55219E-01  0.36849E-01  0.23949E-01  0.15136E-01  0.91984E-02  0.52806E-02
 0.16000E+01  0.17983E-01 -0.26297E-01 -0.21278E-01  0.27068E-01  0.88115E-01  0.13148E+00  0.14448E+00  0.13203E+00  0.10659E+00  0.79079E-01  0.55448E-01  0.37442E-01  0.24569E-01  0.15645E-01  0.95629E-02  0.55137E-02
 0.18000E+01  0.20088E-01 -0.25701E-01 -0.24809E-01  0.18873E-01  0.77065E-01  0.12037E+00  0.13544E+00  0.12588E+00  0.10302E+00  0.77316E-01  0.54748E-01  0.37273E-01  0.24621E-01  0.15760E-01  0.96715E-02  0.55928E-02
 0.20000E+01  0.21024E-01 -0.24873E-01 -0.26591E-01  0.13413E-01  0.68876E-01  0.11152E+00  0.12778E+00  0.12027E+00  0.99444E-01  0.75284E-01  0.53701E-01  0.36785E-01  0.24418E-01  0.15690E-01  0.96573E-02  0.55968E-02
 0.22000E+01  0.21373E-01 -0.24009E-01 -0.27479E-01  0.95470E-02  0.62524E-01  0.10427E+00  0.12122E+00  0.11525E+00  0.96071E-01  0.73229E-01  0.52538E-01  0.36161E-01  0.24097E-01  0.15531E-01  0.95808E-02  0.55620E-02
 0.24000E+01  0.21408E-01 -0.23176E-01 -0.27876E-01  0.66748E-02  0.57410E-01  0.98190E-01  0.11553E+00  0.11076E+00  0.92942E-01  0.71242E-01  0.51355E-01  0.35484E-01  0.23720E-01  0.15325E-01  0.94720E-02  0.55065E-02
 0.26000E+01  0.21269E-01 -0.22391E-01 -0.27988E-01  0.44552E-02  0.53162E-01  0.92958E-01  0.11050E+00  0.10670E+00  0.90044E-01  0.69349E-01  0.50190E-01  0.34794E-01  0.23320E-01  0.15098E-01  0.93463E-02  0.54397E-02
 0.28000E+01  0.21027E-01 -0.21657E-01 -0.27927E-01  0.26834E-02  0.49543E-01  0.88370E-01  0.10601E+00  0.10300E+00  0.87353E-01  0.67556E-01  0.49063E-01  0.34110E-01  0.22915E-01  0.14862E-01  0.92128E-02  0.53675E-02
 0.30000E+01  0.20642E-01 -0.20765E-01 -0.27646E-01  0.95270E-03  0.45679E-01  0.83306E-01  0.10094E+00  0.98743E-01  0.84199E-01  0.65414E-01  0.47688E-01  0.33259E-01  0.22400E-01  0.14557E-01  0.90370E-02  0.52710E-02
 0.00000E+00  0.77997E+00  0.32078E+00 -0.27091E-01 -0.17293E+00 -0.15430E+00 -0.67780E-01  0.95690E-02  0.49171E-01  0.56719E-01  0.48017E-01  0.35138E-01  0.23757E-01  0.15330E-01  0.95480E-02  0.57132E-02  0.32354E-02
 0.20000E+00  0.32116E+00  0.38812E+00  0.34796E+00  0.22857E+00  0.92057E-01 -0.99927E-02 -0.60417E-01 -0.70062E-01 -0.58822E-01 -0.42150E-01 -0.27627E-01 -0.17235E-01 -0.10458E-01 -0.62113E-02 -0.35832E-02 -0.19737E-02
 0.40000E+00 -0.27285E-02  0.24139E+00  0.35772E+00  0.32670E+00  0.20774E+00  0.80128E-01 -0.75062E-02 -0.47180E-01 -0.53722E-01 -0.45025E-01 -0.32805E-01 -0.22176E-01 -0.14341E-01 -0.89599E-02 -0.53782E-02 -0.30540E-02
 0.60000E+00 -0.93062E-01  0.11562E+00  0.25524E+00  0.28885E+00  0.23843E+00  0.15415E+00  0.77809E-01  0.27240E-01  0.13572E-02 -0.83559E-02 -0.99534E-02 -0.84590E-02 -0.62734E-02 -0.42905E-02 -0.27410E-02 -0.16260E-02
 0.80000E+00 -0.63920E-01  0.27276E-01  0.12254E+00  0.18865E+00  0.20904E+00  0.18913E+00  0.14738E+00  0.10239E+00  0.65239E-01  0.39140E-01  0.22647E-01  0.12882E-01  0.72816E-02  0.40895E-02  0.22568E-02  0.12003E-02
 0.10000E+01 -0.20444E-01 -0.10897E-01  0.39620E-01  0.10852E+00  0.16303E+00  0.18300E+00  0.16937E+00  0.13636E+00  0.99235E-01  0.67349E-01  0.43727E-01  0.27660E-01  0.17199E-01  0.10492E-01  0.62037E-02  0.34883E-02
 0.12000E+01  0.29470E-02 -0.23014E-01  0.20935E-02  0.63941E-01  0.12746E+00  0.16379E+00  0.16540E+00  0.14220E+00  0.10925E+00  0.77696E-01  0.52537E-01  0.34410E-01  0.22024E-01  0.13751E-01  0.82792E-02  0.47197E-02
 0.14000E+01  0.13358E-01 -0.26055E-01 -0.13995E-01  0.40368E-01  0.10386E+00  0.14576E+00  0.15490E+00  0.13822E+00  0.10945E+00  0.79870E-01  0.55219E-01  0.36849E-01  0.23949E-01  0.15136E-01  0.91984E-02  0.52806E-02
 0.16000E+01  0.17983E-01 -0.26297E-01 -0.21278E-01  0.27068E-01  0.88115E-01  0.13148E+00  0.14448E+00  0.13203E+00  0.10659E+00  0.79079E-01  0.55448E-01  0.37442E-01  0.24569E-01  0.15645E-01  0.95629E-02  0.55137E-02
 0.18000E+01  0.20088E-01 -0.25701E-01 -0.24809E-01  0.18873E-01  0.77065E-01  0.12037E+00  0.13544E+00  0.12588E+00  0.10302E+00  0.77316E-01  0.54748E-01  0.37273E-01  0.24621E-01  0.15760E-01  0.96715E-02  0.55928E-02
 0.20000E+01  0.21024E-01 -0.24873E-01 -0.26591E-01  0.13413E-01  0.68876E-01  0.11152E+00  0.12778E+00  0.12027E+00  0.99444E-01  0.75284E-01  0.53701E-01  0.36785E-01  0.24418E-01  0.15690E-01  0.96573E-02  0.55968E-02
 0.22000E+01  0.21373E-01 -0.24009E-01 -0.27479E-01  0.95470E-02  0.62524E-01  0.10427E+00  0.12122E+00  0.11525E+00  0.96071E-01  0.73229E-01  0.52538E-01  0.36161E-01  0.24097E-01  0.15531E-01  0.95808E-02  0.55620E-02
 0.24000E+01  0.21408E-01 -0.23176E-01 -0.27876E-01  0.66748E-02  0.57410E-01  0.98190E-01  0.11553E+00  0.11076E+00  0.92942E-01  0.71242E-01  0.51355E-01  0.35484E-01  0.23720E-01  0.15325E-01  0.94720E-02  0.55065E-02
 0.26000E+01  0.21269E-01 -0.22391E-01 -0.27988E-01  0.44552E-02  0.53162E-01  0.92958E-01  0.11050E+00  0.10670E+00  0.90044E-01  0.69349E-01  0.50190E-01  0.34794E-01  0.23320E-01  0.15098E-01  0.93463E-02  0.54397E-02
 0.28000E+01  0.21027E-01 -0.21657E-01 -0.27927E-01  0.26834E-02  0.49543E-01  0.88370E-01  0.10601E+00  0.10300E+00  0.87353E-01  0.67556E-01  0.49063E-01  0.34110E-01  0.22915E-01  0.14862E-01  0.92128E-02  0.53675E-02
 0.30000E+01  0.20642E-01 -0.20765E-01 -0.27646E-01  0.95270E-03  0.45679E-01  0.83306E-01  0.10094E+00  0.98743E-01  0.84199E-01  0.65414E-01  0.47688E-01  0.33259E-01  0.22400E-01  0.14557E-01  0.90370E-02  0.52710E-02
