 0.00000E+00  0.56090E+00  0.34892E+00  0.44269E-01 -0.90889E-01 -0.82798E-01 -0.42071E-01 -0.14503E-01 -0.18647E-02  0.25125E-02  0.33066E-02  0.28296E-02  0.20641E-02  0.13713E-02  0.84699E-03  0.48102E-03  0.23317E-03
 0.20000E+00  0.50626E+00  0.46285E+00  0.26281E+00  0.90693E-01  0.87290E-02 -0.16175E-01 -0.18944E-01 -0.15490E-01 -0.11234E-01 -0.76905E-02 -0.50885E-02 -0.32895E-02 -0.20879E-02 -0.12984E-02 -0.76729E-03 -0.38918E-03
 0.40000E+00  0.18617E-01  0.22100E+00  0.33015E+00  0.27282E+00  0.15579E+00  0.67777E-01  0.21891E-01  0.26706E-02 -0.37397E-02 -0.48788E-02 -0.41898E-02 -0.30890E-02 -0.20893E-02 -0.13247E-02 -0.77727E-03 -0.38851E-03
 0.60000E+00 -0.11652E+00  0.91836E-01  0.26911E+00  0.28390E+00  0.20437E+00  0.12265E+00  0.68319E-01  0.37221E-01  0.20261E-01  0.11109E-01  0.61595E-02  0.34623E-02  0.19766E-02  0.11409E-02  0.64202E-03  0.31549E-03
 0.80000E+00 -0.11787E+00  0.28268E-01  0.18735E+00  0.24153E+00  0.20891E+00  0.15134E+00  0.10120E+00  0.65181E-01  0.41151E-01  0.25657E-01  0.15847E-01  0.97056E-02  0.58916E-02  0.35253E-02  0.20152E-02  0.99588E-03
 0.10000E+01 -0.89839E-01 -0.48235E-02  0.12085E+00  0.19575E+00  0.19935E+00  0.16387E+00  0.12026E+00  0.82787E-01  0.54830E-01  0.35397E-01  0.22425E-01  0.13985E-01  0.85919E-02  0.51769E-02  0.29689E-02  0.14693E-02
 0.12000E+01 -0.61942E-01 -0.23159E-01  0.72548E-01  0.15739E+00  0.18533E+00  0.16639E+00  0.12901E+00  0.92015E-01  0.62430E-01  0.41010E-01  0.26324E-01  0.16587E-01  0.10277E-01  0.62374E-02  0.35995E-02  0.17903E-02
 0.14000E+01 -0.39963E-01 -0.33725E-01  0.38390E-01  0.12705E+00  0.17048E+00  0.16328E+00  0.13126E+00  0.95736E-01  0.65950E-01  0.43819E-01  0.28390E-01  0.18038E-01  0.11266E-01  0.68926E-02  0.40094E-02  0.20075E-02
 0.16000E+01 -0.24245E-01 -0.39655E-01  0.14796E-01  0.10340E+00  0.15579E+00  0.15659E+00  0.12911E+00  0.95648E-01  0.66629E-01  0.44675E-01  0.29186E-01  0.18698E-01  0.11781E-01  0.72790E-02  0.42771E-02  0.21598E-02
 0.18000E+01 -0.13634E-01 -0.42747E-01 -0.12335E-02  0.84961E-01  0.14182E+00  0.14790E+00  0.12425E+00  0.93140E-01  0.65476E-01  0.44260E-01  0.29149E-01  0.18835E-01  0.11983E-01  0.74851E-02  0.44485E-02  0.22677E-02
 0.20000E+01 -0.72028E-02 -0.43947E-01 -0.11591E-01  0.70608E-01  0.12860E+00  0.13790E+00  0.11748E+00  0.88917E-01  0.63019E-01  0.42942E-01  0.28523E-01  0.18606E-01  0.11968E-01  0.75698E-02  0.45570E-02  0.23475E-02
 0.22000E+01 -0.41052E-02 -0.43855E-01 -0.17656E-01  0.59477E-01  0.11614E+00  0.12708E+00  0.10942E+00  0.83502E-01  0.59655E-01  0.40997E-01  0.27490E-01  0.18129E-01  0.11808E-01  0.75766E-02  0.46272E-02  0.24114E-02
 0.24000E+01 -0.35417E-02 -0.42868E-01 -0.20534E-01  0.50832E-01  0.10438E+00  0.11579E+00  0.10053E+00  0.77294E-01  0.55680E-01  0.38630E-01  0.26187E-01  0.17487E-01  0.11556E-01  0.75351E-02  0.46751E-02  0.24667E-02
 0.26000E+01 -0.50530E-02 -0.41174E-01 -0.20849E-01  0.44164E-01  0.93149E-01  0.10409E+00  0.90917E-01  0.70430E-01  0.51212E-01  0.35931E-01  0.24677E-01  0.16728E-01  0.11243E-01  0.74664E-02  0.47142E-02  0.25205E-02
 0.28000E+01 -0.81807E-02 -0.39012E-01 -0.19265E-01  0.39007E-01  0.82365E-01  0.92129E-01  0.80823E-01  0.63109E-01  0.46398E-01  0.32999E-01  0.23024E-01  0.15886E-01  0.10887E-01  0.73797E-02  0.47481E-02  0.25741E-02
 0.30000E+01 -0.99909E-02 -0.37150E-01 -0.18952E-01  0.33099E-01  0.71774E-01  0.80877E-01  0.71492E-01  0.56391E-01  0.41988E-01  0.30304E-01  0.21491E-01  0.15090E-01  0.10535E-01  0.72748E-02  0.47583E-02  0.26101E-02
