 0.00000E+00  0.69757E+00  0.31738E+00 -0.66719E-01 -0.14566E+00 -0.65458E-01  0.32571E-02  0.27608E-01  0.27969E-01  0.21268E-01  0.14403E-01  0.91741E-02  0.56156E-02  0.33290E-02  0.19090E-02  0.10350E-02  0.48797E-03
 0.20000E+00  0.42793E+00  0.47505E+00  0.32373E+00  0.12465E+00  0.22134E-02 -0.40028E-01 -0.42072E-01 -0.32201E-01 -0.21889E-01 -0.14064E-01 -0.87562E-02 -0.53398E-02 -0.32026E-02 -0.18843E-02 -0.10579E-02 -0.51546E-03
 0.40000E+00 -0.93281E-01  0.25622E+00  0.42845E+00  0.31544E+00  0.13363E+00  0.23141E-01 -0.17121E-01 -0.23598E-01 -0.19330E-01 -0.13471E-01 -0.86765E-02 -0.53181E-02 -0.31327E-02 -0.17720E-02 -0.94257E-03 -0.43610E-03
 0.60000E+00 -0.13852E+00  0.10108E+00  0.28870E+00  0.29096E+00  0.19974E+00  0.11482E+00  0.62023E-01  0.33408E-01  0.18355E-01  0.10326E-01  0.59342E-02  0.34727E-02  0.20630E-02  0.12337E-02  0.71411E-03  0.35783E-03
 0.80000E+00 -0.69290E-01  0.11520E-01  0.14153E+00  0.22300E+00  0.22324E+00  0.17687E+00  0.12299E+00  0.79629E-01  0.49591E-01  0.30167E-01  0.18044E-01  0.10637E-01  0.61780E-02  0.35153E-02  0.19061E-02  0.90010E-03
 0.10000E+01 -0.66975E-02 -0.32026E-01  0.45461E-01  0.16413E+00  0.21906E+00  0.20028E+00  0.15043E+00  0.10168E+00  0.64883E-01  0.39988E-01  0.24050E-01  0.14173E-01  0.81833E-02  0.46034E-02  0.24576E-02  0.11430E-02
 0.12000E+01  0.29158E-01 -0.50288E-01 -0.60885E-02  0.12380E+00  0.20354E+00  0.20029E+00  0.15569E+00  0.10715E+00  0.69073E-01  0.42822E-01  0.25841E-01  0.15253E-01  0.88080E-02  0.49491E-02  0.26366E-02  0.12237E-02
 0.14000E+01  0.46832E-01 -0.56880E-01 -0.32404E-01  0.96709E-01  0.18535E+00  0.19036E+00  0.15071E+00  0.10471E+00  0.67862E-01  0.42209E-01  0.25526E-01  0.15088E-01  0.87213E-02  0.49034E-02  0.26133E-02  0.12133E-02
 0.16000E+01  0.53640E-01 -0.57582E-01 -0.44437E-01  0.77899E-01  0.16661E+00  0.17553E+00  0.14043E+00  0.98116E-01  0.63820E-01  0.39816E-01  0.24153E-01  0.14328E-01  0.83186E-02  0.47036E-02  0.25239E-02  0.11796E-02
 0.18000E+01  0.53848E-01 -0.55148E-01 -0.48097E-01  0.64308E-01  0.14799E+00  0.15817E+00  0.12728E+00  0.89227E-01  0.58216E-01  0.36452E-01  0.22219E-01  0.13265E-01  0.77677E-02  0.44424E-02  0.24166E-02  0.11443E-02
 0.20000E+01  0.50580E-01 -0.51280E-01 -0.47296E-01  0.54051E-01  0.13031E+00  0.14031E+00  0.11322E+00  0.79550E-01  0.52056E-01  0.32741E-01  0.20086E-01  0.12100E-01  0.71720E-02  0.41675E-02  0.23098E-02  0.11127E-02
 0.22000E+01  0.45067E-01 -0.46604E-01 -0.43612E-01  0.46179E-01  0.11358E+00  0.12244E+00  0.98817E-01  0.69527E-01  0.45644E-01  0.28874E-01  0.17870E-01  0.10897E-01  0.65660E-02  0.38960E-02  0.22109E-02  0.10877E-02
 0.24000E+01  0.38283E-01 -0.41554E-01 -0.38223E-01  0.40000E-01  0.97849E-01  0.10499E+00  0.84550E-01  0.59527E-01  0.39229E-01  0.25005E-01  0.15659E-01  0.97055E-02  0.59727E-02  0.36371E-02  0.21223E-02  0.10690E-02
 0.26000E+01  0.30729E-01 -0.36372E-01 -0.31803E-01  0.35048E-01  0.83048E-01  0.88107E-01  0.70594E-01  0.49699E-01  0.32914E-01  0.21198E-01  0.13489E-01  0.85426E-02  0.54004E-02  0.33934E-02  0.20443E-02  0.10564E-02
 0.28000E+01  0.22646E-01 -0.31100E-01 -0.24630E-01  0.31022E-01  0.68968E-01  0.71672E-01  0.56894E-01  0.40015E-01  0.26684E-01  0.17445E-01  0.11356E-01  0.74059E-02  0.48472E-02  0.31637E-02  0.19757E-02  0.10491E-02
 0.30000E+01  0.16639E-01 -0.26815E-01 -0.19825E-01  0.26085E-01  0.55908E-01  0.57097E-01  0.44951E-01  0.31637E-01  0.21304E-01  0.14197E-01  0.94954E-02  0.63995E-02  0.43431E-02  0.29408E-02  0.18971E-02  0.10308E-02
