 0.00000E+00  0.84645E+00  0.30945E+00 -0.72083E-01 -0.21427E+00 -0.17802E+00 -0.76860E-01  0.83621E-02  0.51878E-01  0.61841E-01  0.54586E-01  0.42038E-01  0.30001E-01  0.20352E-01  0.13208E-01  0.81523E-02  0.47189E-02
 0.20000E+00  0.23365E+00  0.42994E+00  0.44992E+00  0.32035E+00  0.13770E+00 -0.10815E-01 -0.90665E-01 -0.11194E+00 -0.10056E+00 -0.77991E-01 -0.55753E-01 -0.37931E-01 -0.24903E-01 -0.15793E-01 -0.95881E-02 -0.54849E-02
 0.40000E+00 -0.30926E-01  0.20423E+00  0.32407E+00  0.31180E+00  0.21931E+00  0.11372E+00  0.35812E-01 -0.62500E-02 -0.21963E-01 -0.23638E-01 -0.19822E-01 -0.14849E-01 -0.10401E-01 -0.69046E-02 -0.43323E-02 -0.25380E-02
 0.60000E+00 -0.40734E-01  0.91603E-01  0.18681E+00  0.22039E+00  0.20104E+00  0.15491E+00  0.10596E+00  0.66780E-01  0.39969E-01  0.23253E-01  0.13353E-01  0.76274E-02  0.43386E-02  0.24441E-02  0.13472E-02  0.71358E-03
 0.80000E+00 -0.28569E-01  0.39834E-01  0.11107E+00  0.16062E+00  0.17642E+00  0.16246E+00  0.13187E+00  0.97718E-01  0.67943E-01  0.45293E-01  0.29395E-01  0.18736E-01  0.11749E-01  0.72085E-02  0.42723E-02  0.24017E-02
 0.10000E+01 -0.18533E-01  0.13149E-01  0.68073E-01  0.12318E+00  0.15635E+00  0.15981E+00  0.14030E+00  0.11038E+00  0.80375E-01  0.55540E-01  0.37080E-01  0.24175E-01  0.15438E-01  0.96104E-02  0.57612E-02  0.32672E-02
 0.12000E+01 -0.11226E-01 -0.27969E-02  0.40418E-01  0.97090E-01  0.13977E+00  0.15376E+00  0.14166E+00  0.11527E+00  0.86020E-01  0.60546E-01  0.41001E-01  0.27031E-01  0.17417E-01  0.10919E-01  0.65819E-02  0.37484E-02
 0.14000E+01 -0.58668E-02 -0.13180E-01  0.21102E-01  0.77402E-01  0.12542E+00  0.14621E+00  0.13944E+00  0.11610E+00  0.88057E-01  0.62732E-01  0.42878E-01  0.28477E-01  0.18456E-01  0.11624E-01  0.70322E-02  0.40158E-02
 0.16000E+01 -0.19891E-02 -0.20092E-01  0.72167E-02  0.62050E-01  0.11281E+00  0.13796E+00  0.13512E+00  0.11443E+00  0.87837E-01  0.63131E-01  0.43446E-01  0.29011E-01  0.18883E-01  0.11934E-01  0.72389E-02  0.41422E-02
 0.18000E+01  0.72883E-03 -0.24641E-01 -0.27889E-02  0.49965E-01  0.10173E+00  0.12954E+00  0.12959E+00  0.11122E+00  0.86158E-01  0.62349E-01  0.43135E-01  0.28924E-01  0.18890E-01  0.11971E-01  0.72762E-02  0.41703E-02
 0.20000E+01  0.25537E-02 -0.27543E-01 -0.99524E-02  0.40424E-01  0.92048E-01  0.12132E+00  0.12349E+00  0.10711E+00  0.83581E-01  0.60813E-01  0.42251E-01  0.28427E-01  0.18615E-01  0.11822E-01  0.71981E-02  0.41307E-02
 0.22000E+01  0.37099E-02 -0.29303E-01 -0.15033E-01  0.32878E-01  0.83637E-01  0.11356E+00  0.11724E+00  0.10256E+00  0.80511E-01  0.58838E-01  0.41019E-01  0.27674E-01  0.18163E-01  0.11555E-01  0.70451E-02  0.40472E-02
 0.24000E+01  0.43870E-02 -0.30291E-01 -0.18619E-01  0.26868E-01  0.76340E-01  0.10636E+00  0.11112E+00  0.97907E-01  0.77231E-01  0.56646E-01  0.39603E-01  0.26780E-01  0.17608E-01  0.11218E-01  0.68478E-02  0.39373E-02
 0.26000E+01  0.47267E-02 -0.30760E-01 -0.21138E-01  0.22031E-01  0.69985E-01  0.99745E-01  0.10527E+00  0.93313E-01  0.73909E-01  0.54375E-01  0.38106E-01  0.25817E-01  0.17001E-01  0.10845E-01  0.66264E-02  0.38128E-02
 0.28000E+01  0.48224E-02 -0.30879E-01 -0.22883E-01  0.18099E-01  0.64417E-01  0.93683E-01  0.99747E-01  0.88867E-01  0.70632E-01  0.52098E-01  0.36585E-01  0.24827E-01  0.16371E-01  0.10454E-01  0.63926E-02  0.36806E-02
 0.30000E+01  0.47395E-02 -0.30638E-01 -0.24230E-01  0.14186E-01  0.58370E-01  0.86789E-01  0.93274E-01  0.83548E-01  0.66648E-01  0.49294E-01  0.34690E-01  0.23581E-01  0.15571E-01  0.99544E-02  0.60924E-02  0.35101E-02
 0.00000E+00  0.84645E+00  0.30945E+00 -0.72083E-01 -0.21427E+00 -0.17802E+00 -0.76860E-01  0.83621E-02  0.51878E-01  0.61841E-01  0.54586E-01  0.42038E-01  0.30001E-01  0.20352E-01  0.13208E-01  0.81523E-02  0.47189E-02
 0.20000E+00  0.23365E+00  0.42994E+00  0.44992E+00  0.32035E+00  0.13770E+00 -0.10815E-01 -0.90665E-01 -0.11194E+00 -0.10056E+00 -0.77991E-01 -0.55753E-01 -0.37931E-01 -0.24903E-01 -0.15793E-01 -0.95881E-02 -0.54849E-02
 0.40000E+00 -0.30926E-01  0.20423E+00  0.32407E+00  0.31180E+00  0.21931E+00  0.11372E+00  0.35812E-01 -0.62500E-02 -0.21963E-01 -0.23638E-01 -0.19822E-01 -0.14849E-01 -0.10401E-01 -0.69046E-02 -0.43323E-02 -0.25380E-02
 0.60000E+00 -0.40734E-01  0.91603E-01  0.18681E+00  0.22039E+00  0.20104E+00  0.15491E+00  0.10596E+00  0.66780E-01  0.39969E-01  0.23253E-01  0.13353E-01  0.76274E-02  0.43386E-02  0.24441E-02  0.13472E-02  0.71358E-03
 0.80000E+00 -0.28569E-01  0.39834E-01  0.11107E+00  0.16062E+00  0.17642E+00  0.16246E+00  0.13187E+00  0.97718E-01  0.67943E-01  0.45293E-01  0.29395E-01  0.18736E-01  0.11749E-01  0.72085E-02  0.42723E-02  0.24017E-02
 0.10000E+01 -0.18533E-01  0.13149E-01  0.68073E-01  0.12318E+00  0.15635E+00  0.15981E+00  0.14030E+00  0.11038E+00  0.80375E-01  0.55540E-01  0.37080E-01  0.24175E-01  0.15438E-01  0.96104E-02  0.57612E-02  0.32672E-02
 0.12000E+01 -0.11226E-01 -0.27969E-02  0.40418E-01  0.97090E-01  0.13977E+00  0.15376E+00  0.14166E+00  0.11527E+00  0.86020E-01  0.60546E-01  0.41001E-01  0.27031E-01  0.17417E-01  0.10919E-01  0.65819E-02  0.37484E-02
 0.14000E+01 -0.58668E-02 -0.13180E-01  0.21102E-01  0.77402E-01  0.12542E+00  0.14621E+00  0.13944E+00  0.11610E+00  0.88057E-01  0.62732E-01  0.42878E-01  0.28477E-01  0.18456E-01  0.11624E-01  0.70322E-02  0.40158E-02
 0.16000E+01 -0.19891E-02 -0.20092E-01  0.72167E-02  0.62050E-01  0.11281E+00  0.13796E+00  0.13512E+00  0.11443E+00  0.87837E-01  0.63131E-01  0.43446E-01  0.29011E-01  0.18883E-01  0.11934E-01  0.72389E-02  0.41422E-02
 0.18000E+01  0.72883E-03 -0.24641E-01 -0.27889E-02  0.49965E-01  0.10173E+00  0.12954E+00  0.12959E+00  0.11122E+00  0.86158E-01  0.62349E-01  0.43135E-01  0.28924E-01  0.18890E-01  0.11971E-01  0.72762E-02  0.41703E-02
 0.20000E+01  0.25537E-02 -0.27543E-01 -0.99524E-02  0.40424E-01  0.92048E-01  0.12132E+00  0.12349E+00  0.10711E+00  0.83581E-01  0.60813E-01  0.42251E-01  0.28427E-01  0.18615E-01  0.11822E-01  0.71981E-02  0.41307E-02
 0.22000E+01  0.37099E-02 -0.29303E-01 -0.15033E-01  0.32878E-01  0.83637E-01  0.11356E+00  0.11724E+00  0.10256E+00  0.80511E-01  0.58838E-01  0.41019E-01  0.27674E-01  0.18163E-01  0.11555E-01  0.70451E-02  0.40472E-02
 0.24000E+01  0.43870E-02 -0.30291E-01 -0.18619E-01  0.26868E-01  0.76340E-01  0.10636E+00  0.11112E+00  0.97907E-01  0.77231E-01  0.56646E-01  0.39603E-01  0.26780E-01  0.17608E-01  0.11218E-01  0.68478E-02  0.39373E-02
 0.26000E+01  0.47267E-02 -0.30760E-01 -0.21138E-01  0.22031E-01  0.69985E-01  0.99745E-01  0.10527E+00  0.93313E-01  0.73909E-01  0.54375E-01  0.38106E-01  0.25817E-01  0.17001E-01  0.10845E-01  0.66264E-02  0.38128E-02
 0.28000E+01  0.48224E-02 -0.30879E-01 -0.22883E-01  0.18099E-01  0.64417E-01  0.93683E-01  0.99747E-01  0.88867E-01  0.70632E-01  0.52098E-01  0.36585E-01  0.24827E-01  0.16371E-01  0.10454E-01  0.63926E-02  0.36806E-02
 0.30000E+01  0.47395E-02 -0.30638E-01 -0.24230E-01  0.14186E-01  0.58370E-01  0.86789E-01  0.93274E-01  0.83548E-01  0.66648E-01  0.49294E-01  0.34690E-01  0.23581E-01  0.15571E-01  0.99544E-02  0.60924E-02  0.35101E-02
