 0.00000E+00  0.51810E+00  0.33473E+00  0.46908E-01 -0.93142E-01 -0.85737E-01 -0.36119E-01 -0.15669E-02  0.11836E-01  0.13564E-01  0.11200E-01  0.81884E-02  0.56430E-02  0.37586E-02  0.24352E-02  0.14914E-02  0.77741E-03
 0.20000E+00  0.51516E+00  0.47071E+00  0.26335E+00  0.82847E-01 -0.15995E-02 -0.23038E-01 -0.21132E-01 -0.14776E-01 -0.94969E-02 -0.59520E-02 -0.37093E-02 -0.23119E-02 -0.14422E-02 -0.89522E-03 -0.53320E-03 -0.27300E-03
 0.40000E+00  0.64824E-01  0.24919E+00  0.34185E+00  0.27770E+00  0.15004E+00  0.49612E-01 -0.12080E-02 -0.17794E-01 -0.18848E-01 -0.15110E-01 -0.10889E-01 -0.74482E-02 -0.49422E-02 -0.31973E-02 -0.19577E-02 -0.10207E-02
 0.60000E+00 -0.14669E+00  0.88975E-01  0.30147E+00  0.32557E+00  0.22551E+00  0.11679E+00  0.47616E-01  0.14595E-01  0.18071E-02 -0.21389E-02 -0.27895E-02 -0.24014E-02 -0.18031E-02 -0.12589E-02 -0.81054E-03 -0.43672E-03
 0.80000E+00 -0.16472E+00 -0.38037E-03  0.19337E+00  0.26974E+00  0.23666E+00  0.16658E+00  0.10499E+00  0.63206E-01  0.37648E-01  0.22493E-01  0.13510E-01  0.81442E-02  0.49157E-02  0.29497E-02  0.16999E-02  0.84728E-03
 0.10000E+01 -0.90024E-01 -0.33262E-01  0.82270E-01  0.17794E+00  0.21018E+00  0.18983E+00  0.14671E+00  0.10328E+00  0.68927E-01  0.44668E-01  0.28463E-01  0.17938E-01  0.11208E-01  0.69134E-02  0.40736E-02  0.20646E-02
 0.12000E+01 -0.17544E-01 -0.40940E-01  0.66142E-02  0.10475E+00  0.17865E+00  0.19421E+00  0.16701E+00  0.12532E+00  0.86967E-01  0.57765E-01  0.37410E-01  0.23841E-01  0.15012E-01  0.93115E-02  0.55083E-02  0.27996E-02
 0.14000E+01  0.29195E-01 -0.41035E-01 -0.36980E-01  0.57585E-01  0.15285E+00  0.18913E+00  0.17260E+00  0.13369E+00  0.94480E-01  0.63465E-01  0.41406E-01  0.26523E-01  0.16763E-01  0.10427E-01  0.61812E-02  0.31464E-02
 0.16000E+01  0.56388E-01 -0.39270E-01 -0.61191E-01  0.28129E-01  0.13294E+00  0.18034E+00  0.17066E+00  0.13461E+00  0.96119E-01  0.64982E-01  0.42582E-01  0.27366E-01  0.17342E-01  0.10811E-01  0.64215E-02  0.32737E-02
 0.18000E+01  0.71574E-01 -0.37184E-01 -0.74499E-01  0.91917E-02  0.11705E+00  0.16999E+00  0.16481E+00  0.13152E+00  0.94542E-01  0.64195E-01  0.42207E-01  0.27203E-01  0.17286E-01  0.10806E-01  0.64356E-02  0.32878E-02
 0.20000E+01  0.79341E-01 -0.35135E-01 -0.81309E-01 -0.32508E-02  0.10383E+00  0.15896E+00  0.15677E+00  0.12613E+00  0.91093E-01  0.62065E-01  0.40928E-01  0.26458E-01  0.16868E-01  0.10583E-01  0.63261E-02  0.32415E-02
 0.22000E+01  0.82321E-01 -0.33219E-01 -0.84029E-01 -0.11474E-01  0.92495E-01  0.14766E+00  0.14747E+00  0.11934E+00  0.86504E-01  0.59113E-01  0.39100E-01  0.25364E-01  0.16236E-01  0.10235E-01  0.61471E-02  0.31620E-02
 0.24000E+01  0.82404E-01 -0.31492E-01 -0.84343E-01 -0.17033E-01  0.82567E-01  0.13653E+00  0.13770E+00  0.11194E+00  0.81385E-01  0.55769E-01  0.37005E-01  0.24098E-01  0.15499E-01  0.98241E-02  0.59340E-02  0.30663E-02
 0.26000E+01  0.80254E-01 -0.29867E-01 -0.82767E-01 -0.20577E-01  0.73595E-01  0.12534E+00  0.12739E+00  0.10392E+00  0.75749E-01  0.52055E-01  0.34667E-01  0.22682E-01  0.14675E-01  0.93662E-02  0.56976E-02  0.29607E-02
 0.28000E+01  0.76548E-01 -0.28345E-01 -0.79896E-01 -0.22689E-01  0.65362E-01  0.11421E+00  0.11678E+00  0.95530E-01  0.69795E-01  0.48109E-01  0.32176E-01  0.21172E-01  0.13795E-01  0.88783E-02  0.54463E-02  0.28488E-02
 0.30000E+01  0.73813E-01 -0.26799E-01 -0.77863E-01 -0.25614E-01  0.56913E-01  0.10339E+00  0.10673E+00  0.87670E-01  0.64251E-01  0.44438E-01  0.29848E-01  0.19747E-01  0.12951E-01  0.83982E-02  0.51901E-02  0.27305E-02
