 0.00000E+00  0.77635E+00  0.28456E+00 -0.65069E-01 -0.18936E+00 -0.14527E+00 -0.43724E-01  0.35996E-01  0.70654E-01  0.71658E-01  0.57666E-01  0.41230E-01  0.27595E-01  0.17730E-01  0.11014E-01  0.65730E-02  0.37110E-02
 0.20000E+00  0.37648E+00  0.44412E+00  0.37969E+00  0.22677E+00  0.65467E-01 -0.45017E-01 -0.91138E-01 -0.91490E-01 -0.71598E-01 -0.48927E-01 -0.30865E-01 -0.18577E-01 -0.10861E-01 -0.62005E-02 -0.34355E-02 -0.18207E-02
 0.40000E+00 -0.81452E-01  0.24240E+00  0.40283E+00  0.37402E+00  0.23316E+00  0.81405E-01 -0.21020E-01 -0.65516E-01 -0.70966E-01 -0.58992E-01 -0.43290E-01 -0.29682E-01 -0.19506E-01 -0.12364E-01 -0.75071E-02 -0.42983E-02
 0.60000E+00 -0.95049E-01  0.90363E-01  0.22525E+00  0.27048E+00  0.23763E+00  0.16705E+00  0.96550E-01  0.45213E-01  0.15229E-01  0.85712E-03 -0.45235E-02 -0.55835E-02 -0.49110E-02 -0.37297E-02 -0.25576E-02 -0.15937E-02
 0.80000E+00 -0.40784E-01  0.19191E-01  0.98322E-01  0.16496E+00  0.19532E+00  0.18640E+00  0.15205E+00  0.11021E+00  0.73262E-01  0.45894E-01  0.27708E-01  0.16378E-01  0.95489E-02  0.54826E-02  0.30676E-02  0.16438E-02
 0.10000E+01 -0.77768E-02 -0.86104E-02  0.35884E-01  0.10293E+00  0.15770E+00  0.17859E+00  0.16616E+00  0.13460E+00  0.98887E-01  0.68026E-01  0.44894E-01  0.28879E-01  0.18225E-01  0.11246E-01  0.67034E-02  0.37888E-02
 0.12000E+01  0.88107E-02 -0.19691E-01  0.53865E-02  0.67862E-01  0.13086E+00  0.16550E+00  0.16548E+00  0.14163E+00  0.10896E+00  0.78045E-01  0.53384E-01  0.35441E-01  0.22984E-01  0.14512E-01  0.88127E-02  0.50550E-02
 0.14000E+01  0.17479E-01 -0.24416E-01 -0.10953E-01  0.46386E-01  0.11155E+00  0.15289E+00  0.16030E+00  0.14206E+00  0.11245E+00  0.82529E-01  0.57654E-01  0.38975E-01  0.25663E-01  0.16407E-01  0.10063E-01  0.58171E-02
 0.16000E+01  0.22277E-01 -0.26449E-01 -0.20509E-01  0.32072E-01  0.96960E-01  0.14168E+00  0.15388E+00  0.13985E+00  0.11296E+00  0.84334E-01  0.59782E-01  0.40914E-01  0.27218E-01  0.17545E-01  0.10832E-01  0.62929E-02
 0.18000E+01  0.25002E-01 -0.27198E-01 -0.26423E-01  0.21926E-01  0.85480E-01  0.13184E+00  0.14728E+00  0.13650E+00  0.11199E+00  0.84712E-01  0.60717E-01  0.41940E-01  0.28112E-01  0.18232E-01  0.11310E-01  0.65945E-02
 0.20000E+01  0.26522E-01 -0.27281E-01 -0.30191E-01  0.14433E-01  0.76184E-01  0.12319E+00  0.14087E+00  0.13268E+00  0.11025E+00  0.84274E-01  0.60936E-01  0.42399E-01  0.28590E-01  0.18631E-01  0.11600E-01  0.67826E-02
 0.22000E+01  0.27300E-01 -0.27003E-01 -0.32607E-01  0.87470E-02  0.68511E-01  0.11557E+00  0.13483E+00  0.12872E+00  0.10810E+00  0.83351E-01  0.60707E-01  0.42493E-01  0.28792E-01  0.18835E-01  0.11762E-01  0.68931E-02
 0.24000E+01  0.27614E-01 -0.26532E-01 -0.34143E-01  0.43361E-02  0.62079E-01  0.10883E+00  0.12921E+00  0.12480E+00  0.10575E+00  0.82149E-01  0.60198E-01  0.42348E-01  0.28811E-01  0.18907E-01  0.11837E-01  0.69499E-02
 0.26000E+01  0.27632E-01 -0.25961E-01 -0.35094E-01  0.84357E-03  0.56604E-01  0.10283E+00  0.12399E+00  0.12100E+00  0.10334E+00  0.80791E-01  0.59515E-01  0.42048E-01  0.28706E-01  0.18890E-01  0.11851E-01  0.69694E-02
 0.28000E+01  0.27457E-01 -0.25342E-01 -0.35645E-01 -0.19709E-02  0.51879E-01  0.97446E-01  0.11916E+00  0.11735E+00  0.10093E+00  0.79354E-01  0.58727E-01  0.41648E-01  0.28519E-01  0.18812E-01  0.11823E-01  0.69630E-02
 0.30000E+01  0.27048E-01 -0.24489E-01 -0.35869E-01 -0.47261E-02  0.46803E-01  0.91391E-01  0.11354E+00  0.11296E+00  0.97908E-01  0.77458E-01  0.57617E-01  0.41031E-01  0.28190E-01  0.18643E-01  0.11741E-01  0.69251E-02
 0.00000E+00  0.77635E+00  0.28456E+00 -0.65069E-01 -0.18936E+00 -0.14527E+00 -0.43724E-01  0.35996E-01  0.70654E-01  0.71658E-01  0.57666E-01  0.41230E-01  0.27595E-01  0.17730E-01  0.11014E-01  0.65730E-02  0.37110E-02
 0.20000E+00  0.37648E+00  0.44412E+00  0.37969E+00  0.22677E+00  0.65467E-01 -0.45017E-01 -0.91138E-01 -0.91490E-01 -0.71598E-01 -0.48927E-01 -0.30865E-01 -0.18577E-01 -0.10861E-01 -0.62005E-02 -0.34355E-02 -0.18207E-02
 0.40000E+00 -0.81452E-01  0.24240E+00  0.40283E+00  0.37402E+00  0.23316E+00  0.81405E-01 -0.21020E-01 -0.65516E-01 -0.70966E-01 -0.58992E-01 -0.43290E-01 -0.29682E-01 -0.19506E-01 -0.12364E-01 -0.75071E-02 -0.42983E-02
 0.60000E+00 -0.95049E-01  0.90363E-01  0.22525E+00  0.27048E+00  0.23763E+00  0.16705E+00  0.96550E-01  0.45213E-01  0.15229E-01  0.85712E-03 -0.45235E-02 -0.55835E-02 -0.49110E-02 -0.37297E-02 -0.25576E-02 -0.15937E-02
 0.80000E+00 -0.40784E-01  0.19191E-01  0.98322E-01  0.16496E+00  0.19532E+00  0.18640E+00  0.15205E+00  0.11021E+00  0.73262E-01  0.45894E-01  0.27708E-01  0.16378E-01  0.95489E-02  0.54826E-02  0.30676E-02  0.16438E-02
 0.10000E+01 -0.77768E-02 -0.86104E-02  0.35884E-01  0.10293E+00  0.15770E+00  0.17859E+00  0.16616E+00  0.13460E+00  0.98887E-01  0.68026E-01  0.44894E-01  0.28879E-01  0.18225E-01  0.11246E-01  0.67034E-02  0.37888E-02
 0.12000E+01  0.88107E-02 -0.19691E-01  0.53865E-02  0.67862E-01  0.13086E+00  0.16550E+00  0.16548E+00  0.14163E+00  0.10896E+00  0.78045E-01  0.53384E-01  0.35441E-01  0.22984E-01  0.14512E-01  0.88127E-02  0.50550E-02
 0.14000E+01  0.17479E-01 -0.24416E-01 -0.10953E-01  0.46386E-01  0.11155E+00  0.15289E+00  0.16030E+00  0.14206E+00  0.11245E+00  0.82529E-01  0.57654E-01  0.38975E-01  0.25663E-01  0.16407E-01  0.10063E-01  0.58171E-02
 0.16000E+01  0.22277E-01 -0.26449E-01 -0.20509E-01  0.32072E-01  0.96960E-01  0.14168E+00  0.15388E+00  0.13985E+00  0.11296E+00  0.84334E-01  0.59782E-01  0.40914E-01  0.27218E-01  0.17545E-01  0.10832E-01  0.62929E-02
 0.18000E+01  0.25002E-01 -0.27198E-01 -0.26423E-01  0.21926E-01  0.85480E-01  0.13184E+00  0.14728E+00  0.13650E+00  0.11199E+00  0.84712E-01  0.60717E-01  0.41940E-01  0.28112E-01  0.18232E-01  0.11310E-01  0.65945E-02
 0.20000E+01  0.26522E-01 -0.27281E-01 -0.30191E-01  0.14433E-01  0.76184E-01  0.12319E+00  0.14087E+00  0.13268E+00  0.11025E+00  0.84274E-01  0.60936E-01  0.42399E-01  0.28590E-01  0.18631E-01  0.11600E-01  0.67826E-02
 0.22000E+01  0.27300E-01 -0.27003E-01 -0.32607E-01  0.87470E-02  0.68511E-01  0.11557E+00  0.13483E+00  0.12872E+00  0.10810E+00  0.83351E-01  0.60707E-01  0.42493E-01  0.28792E-01  0.18835E-01  0.11762E-01  0.68931E-02
 0.24000E+01  0.27614E-01 -0.26532E-01 -0.34143E-01  0.43361E-02  0.62079E-01  0.10883E+00  0.12921E+00  0.12480E+00  0.10575E+00  0.82149E-01  0.60198E-01  0.42348E-01  0.28811E-01  0.18907E-01  0.11837E-01  0.69499E-02
 0.26000E+01  0.27632E-01 -0.25961E-01 -0.35094E-01  0.84357E-03  0.56604E-01  0.10283E+00  0.12399E+00  0.12100E+00  0.10334E+00  0.80791E-01  0.59515E-01  0.42048E-01  0.28706E-01  0.18890E-01  0.11851E-01  0.69694E-02
 0.28000E+01  0.27457E-01 -0.25342E-01 -0.35645E-01 -0.19709E-02  0.51879E-01  0.97446E-01  0.11916E+00  0.11735E+00  0.10093E+00  0.79354E-01  0.58727E-01  0.41648E-01  0.28519E-01  0.18812E-01  0.11823E-01  0.69630E-02
 0.30000E+01  0.27048E-01 -0.24489E-01 -0.35869E-01 -0.47261E-02  0.46803E-01  0.91391E-01  0.11354E+00  0.11296E+00  0.97908E-01  0.77458E-01  0.57617E-01  0.41031E-01  0.28190E-01  0.18643E-01  0.11741E-01  0.69251E-02
