 0.00000E+00  0.81367E+00  0.27323E+00 -0.10153E+00 -0.22539E+00 -0.16584E+00 -0.45828E-01  0.48276E-01  0.91208E-01  0.95025E-01  0.79951E-01  0.60209E-01  0.42438E-01  0.28544E-01  0.18395E-01  0.11279E-01  0.64893E-02
 0.20000E+00  0.32786E+00  0.46324E+00  0.43593E+00  0.28237E+00  0.95747E-01 -0.45579E-01 -0.11491E+00 -0.12673E+00 -0.10850E+00 -0.81599E-01 -0.56918E-01 -0.37868E-01 -0.24330E-01 -0.15109E-01 -0.89939E-02 -0.50554E-02
 0.40000E+00 -0.89125E-01  0.23519E+00  0.39892E+00  0.37653E+00  0.24241E+00  0.94087E-01 -0.97270E-02 -0.58967E-01 -0.69781E-01 -0.61752E-01 -0.47953E-01 -0.34594E-01 -0.23721E-01 -0.15535E-01 -0.96535E-02 -0.56133E-02
 0.60000E+00 -0.74865E-01  0.85274E-01  0.20140E+00  0.24212E+00  0.21794E+00  0.16182E+00  0.10388E+00  0.59402E-01  0.30796E-01  0.14476E-01  0.59538E-02  0.18517E-02  0.84480E-04 -0.51916E-03 -0.58975E-03 -0.45852E-03
 0.80000E+00 -0.32998E-01  0.23127E-01  0.93830E-01  0.15249E+00  0.17999E+00  0.17427E+00  0.14653E+00  0.11115E+00  0.78367E-01  0.52553E-01  0.34084E-01  0.21591E-01  0.13399E-01  0.81124E-02  0.47397E-02  0.26279E-02
 0.10000E+01 -0.95881E-02 -0.27095E-02  0.43530E-01  0.10654E+00  0.15542E+00  0.17260E+00  0.16003E+00  0.13070E+00  0.97681E-01  0.68727E-01  0.46442E-01  0.30502E-01  0.19545E-01  0.12171E-01  0.72826E-02  0.41175E-02
 0.12000E+01  0.50144E-02 -0.16801E-01  0.13946E-01  0.77800E-01  0.13794E+00  0.16820E+00  0.16498E+00  0.14002E+00  0.10766E+00  0.77474E-01  0.53342E-01  0.35601E-01  0.23131E-01  0.14576E-01  0.88074E-02  0.50189E-02
 0.14000E+01  0.16051E-01 -0.26443E-01 -0.78312E-02  0.55304E-01  0.12262E+00  0.16215E+00  0.16610E+00  0.14497E+00  0.11375E+00  0.83172E-01  0.58027E-01  0.39167E-01  0.25696E-01  0.16324E-01  0.99307E-02  0.56893E-02
 0.16000E+01  0.24691E-01 -0.33349E-01 -0.24836E-01  0.36408E-01  0.10817E+00  0.15444E+00  0.16421E+00  0.14667E+00  0.11701E+00  0.86674E-01  0.61125E-01  0.41638E-01  0.27532E-01  0.17607E-01  0.10769E-01  0.61958E-02
 0.18000E+01  0.31081E-01 -0.38012E-01 -0.37702E-01  0.20768E-01  0.94639E-01  0.14545E+00  0.15979E+00  0.14556E+00  0.11776E+00  0.88188E-01  0.62761E-01  0.43085E-01  0.28678E-01  0.18441E-01  0.11330E-01  0.65416E-02
 0.20000E+01  0.35380E-01 -0.40815E-01 -0.46870E-01  0.82706E-02  0.82357E-01  0.13580E+00  0.15351E+00  0.14220E+00  0.11642E+00  0.87996E-01  0.63111E-01  0.43611E-01  0.29191E-01  0.18859E-01  0.11630E-01  0.67351E-02
 0.22000E+01  0.37902E-01 -0.42175E-01 -0.52944E-01 -0.13720E-02  0.71524E-01  0.12604E+00  0.14607E+00  0.13727E+00  0.11352E+00  0.86484E-01  0.62436E-01  0.43387E-01  0.29180E-01  0.18926E-01  0.11709E-01  0.67977E-02
 0.24000E+01  0.39070E-01 -0.42518E-01 -0.56649E-01 -0.86425E-02  0.62151E-01  0.11662E+00  0.13814E+00  0.13142E+00  0.10962E+00  0.84082E-01  0.61045E-01  0.42624E-01  0.28783E-01  0.18732E-01  0.11620E-01  0.67604E-02
 0.26000E+01  0.39267E-01 -0.42185E-01 -0.58633E-01 -0.14042E-01  0.54119E-01  0.10777E+00  0.13015E+00  0.12515E+00  0.10516E+00  0.81138E-01  0.59195E-01  0.41503E-01  0.28123E-01  0.18356E-01  0.11413E-01  0.66523E-02
 0.28000E+01  0.38786E-01 -0.41422E-01 -0.59391E-01 -0.17987E-01  0.47276E-01  0.99626E-01  0.12239E+00  0.11878E+00  0.10046E+00  0.77903E-01  0.57074E-01  0.40159E-01  0.27295E-01  0.17860E-01  0.11128E-01  0.64959E-02
 0.30000E+01  0.37567E-01 -0.40067E-01 -0.59113E-01 -0.21356E-01  0.40128E-01  0.90412E-01  0.11318E+00  0.11095E+00  0.94498E-01  0.73682E-01  0.54228E-01  0.38304E-01  0.26119E-01  0.17137E-01  0.10700E-01  0.62572E-02
 0.00000E+00  0.81367E+00  0.27323E+00 -0.10153E+00 -0.22539E+00 -0.16584E+00 -0.45828E-01  0.48276E-01  0.91208E-01  0.95025E-01  0.79951E-01  0.60209E-01  0.42438E-01  0.28544E-01  0.18395E-01  0.11279E-01  0.64893E-02
 0.20000E+00  0.32786E+00  0.46324E+00  0.43593E+00  0.28237E+00  0.95747E-01 -0.45579E-01 -0.11491E+00 -0.12673E+00 -0.10850E+00 -0.81599E-01 -0.56918E-01 -0.37868E-01 -0.24330E-01 -0.15109E-01 -0.89939E-02 -0.50554E-02
 0.40000E+00 -0.89125E-01  0.23519E+00  0.39892E+00  0.37653E+00  0.24241E+00  0.94087E-01 -0.97270E-02 -0.58967E-01 -0.69781E-01 -0.61752E-01 -0.47953E-01 -0.34594E-01 -0.23721E-01 -0.15535E-01 -0.96535E-02 -0.56133E-02
 0.60000E+00 -0.74865E-01  0.85274E-01  0.20140E+00  0.24212E+00  0.21794E+00  0.16182E+00  0.10388E+00  0.59402E-01  0.30796E-01  0.14476E-01  0.59538E-02  0.18517E-02  0.84480E-04 -0.51916E-03 -0.58975E-03 -0.45852E-03
 0.80000E+00 -0.32998E-01  0.23127E-01  0.93830E-01  0.15249E+00  0.17999E+00  0.17427E+00  0.14653E+00  0.11115E+00  0.78367E-01  0.52553E-01  0.34084E-01  0.21591E-01  0.13399E-01  0.81124E-02  0.47397E-02  0.26279E-02
 0.10000E+01 -0.95881E-02 -0.27095E-02  0.43530E-01  0.10654E+00  0.15542E+00  0.17260E+00  0.16003E+00  0.13070E+00  0.97681E-01  0.68727E-01  0.46442E-01  0.30502E-01  0.19545E-01  0.12171E-01  0.72826E-02  0.41175E-02
 0.12000E+01  0.50144E-02 -0.16801E-01  0.13946E-01  0.77800E-01  0.13794E+00  0.16820E+00  0.16498E+00  0.14002E+00  0.10766E+00  0.77474E-01  0.53342E-01  0.35601E-01  0.23131E-01  0.14576E-01  0.88074E-02  0.50189E-02
 0.14000E+01  0.16051E-01 -0.26443E-01 -0.78312E-02  0.55304E-01  0.12262E+00  0.16215E+00  0.16610E+00  0.14497E+00  0.11375E+00  0.83172E-01  0.58027E-01  0.39167E-01  0.25696E-01  0.16324E-01  0.99307E-02  0.56893E-02
 0.16000E+01  0.24691E-01 -0.33349E-01 -0.24836E-01  0.36408E-01  0.10817E+00  0.15444E+00  0.16421E+00  0.14667E+00  0.11701E+00  0.86674E-01  0.61125E-01  0.41638E-01  0.27532E-01  0.17607E-01  0.10769E-01  0.61958E-02
 0.18000E+01  0.31081E-01 -0.38012E-01 -0.37702E-01  0.20768E-01  0.94639E-01  0.14545E+00  0.15979E+00  0.14556E+00  0.11776E+00  0.88188E-01  0.62761E-01  0.43085E-01  0.28678E-01  0.18441E-01  0.11330E-01  0.65416E-02
 0.20000E+01  0.35380E-01 -0.40815E-01 -0.46870E-01  0.82706E-02  0.82357E-01  0.13580E+00  0.15351E+00  0.14220E+00  0.11642E+00  0.87996E-01  0.63111E-01  0.43611E-01  0.29191E-01  0.18859E-01  0.11630E-01  0.67351E-02
 0.22000E+01  0.37902E-01 -0.42175E-01 -0.52944E-01 -0.13720E-02  0.71524E-01  0.12604E+00  0.14607E+00  0.13727E+00  0.11352E+00  0.86484E-01  0.62436E-01  0.43387E-01  0.29180E-01  0.18926E-01  0.11709E-01  0.67977E-02
 0.24000E+01  0.39070E-01 -0.42518E-01 -0.56649E-01 -0.86425E-02  0.62151E-01  0.11662E+00  0.13814E+00  0.13142E+00  0.10962E+00  0.84082E-01  0.61045E-01  0.42624E-01  0.28783E-01  0.18732E-01  0.11620E-01  0.67604E-02
 0.26000E+01  0.39267E-01 -0.42185E-01 -0.58633E-01 -0.14042E-01  0.54119E-01  0.10777E+00  0.13015E+00  0.12515E+00  0.10516E+00  0.81138E-01  0.59195E-01  0.41503E-01  0.28123E-01  0.18356E-01  0.11413E-01  0.66523E-02
 0.28000E+01  0.38786E-01 -0.41422E-01 -0.59391E-01 -0.17987E-01  0.47276E-01  0.99626E-01  0.12239E+00  0.11878E+00  0.10046E+00  0.77903E-01  0.57074E-01  0.40159E-01  0.27295E-01  0.17860E-01  0.11128E-01  0.64959E-02
 0.30000E+01  0.37567E-01 -0.40067E-01 -0.59113E-01 -0.21356E-01  0.40128E-01  0.90412E-01  0.11318E+00  0.11095E+00  0.94498E-01  0.73682E-01  0.54228E-01  0.38304E-01  0.26119E-01  0.17137E-01  0.10700E-01  0.62572E-02
