 0.00000E+00  0.73837E+00  0.32452E+00 -0.23898E-02 -0.15613E+00 -0.16123E+00 -0.96577E-01 -0.29070E-01  0.12697E-01  0.28867E-01  0.29722E-01  0.24387E-01  0.17929E-01  0.12340E-01  0.80679E-02  0.49990E-02  0.29001E-02
 0.20000E+00  0.37742E+00  0.41513E+00  0.35516E+00  0.23012E+00  0.96909E-01 -0.12103E-02 -0.51697E-01 -0.64976E-01 -0.58239E-01 -0.44825E-01 -0.31731E-01 -0.21365E-01 -0.13892E-01 -0.87381E-02 -0.52710E-02 -0.30008E-02
 0.40000E+00 -0.25300E-01  0.20486E+00  0.32865E+00  0.32279E+00  0.23303E+00  0.12537E+00  0.43213E-01 -0.25281E-02 -0.20336E-01 -0.22842E-01 -0.19245E-01 -0.14324E-01 -0.99328E-02 -0.65281E-02 -0.40610E-02 -0.23631E-02
 0.60000E+00 -0.69598E-01  0.89334E-01  0.20374E+00  0.24340E+00  0.21934E+00  0.16420E+00  0.10745E+00  0.63853E-01  0.35624E-01  0.19195E-01  0.10201E-01  0.54111E-02  0.28735E-02  0.15204E-02  0.79243E-03  0.39981E-03
 0.80000E+00 -0.51783E-01  0.36816E-01  0.12042E+00  0.17237E+00  0.18399E+00  0.16419E+00  0.12927E+00  0.93094E-01  0.63054E-01  0.41056E-01  0.26104E-01  0.16352E-01  0.10110E-01  0.61345E-02  0.36050E-02  0.20139E-02
 0.10000E+01 -0.34499E-01  0.12438E-01  0.73990E-01  0.12751E+00  0.15541E+00  0.15419E+00  0.13235E+00  0.10221E+00  0.73196E-01  0.49781E-01  0.32737E-01  0.21050E-01  0.13282E-01  0.81874E-02  0.48705E-02  0.27461E-02
 0.12000E+01 -0.22505E-01 -0.32531E-03  0.46413E-01  0.98330E-01  0.13380E+00  0.14271E+00  0.12891E+00  0.10332E+00  0.76035E-01  0.52770E-01  0.35233E-01  0.22917E-01  0.14589E-01  0.90549E-02  0.54150E-02  0.30653E-02
 0.14000E+01 -0.14226E-01 -0.77172E-02  0.28549E-01  0.77827E-01  0.11675E+00  0.13152E+00  0.12304E+00  0.10101E+00  0.75609E-01  0.53128E-01  0.35800E-01  0.23449E-01  0.15009E-01  0.93548E-02  0.56125E-02  0.31850E-02
 0.16000E+01 -0.84348E-02 -0.12204E-01  0.16362E-01  0.62670E-01  0.10285E+00  0.12106E+00  0.11625E+00  0.97091E-01  0.73551E-01  0.52131E-01  0.35355E-01  0.23273E-01  0.14954E-01  0.93486E-02  0.56221E-02  0.31962E-02
 0.18000E+01 -0.43741E-02 -0.14952E-01  0.78271E-02  0.51142E-01  0.91309E-01  0.11146E+00  0.10926E+00  0.92451E-01  0.70670E-01  0.50416E-01  0.34360E-01  0.22704E-01  0.14632E-01  0.91690E-02  0.55243E-02  0.31451E-02
 0.20000E+01 -0.15376E-02 -0.16605E-01  0.17626E-02  0.42215E-01  0.81644E-01  0.10279E+00  0.10244E+00  0.87587E-01  0.67428E-01  0.48351E-01  0.33081E-01  0.21925E-01  0.14164E-01  0.88935E-02  0.53667E-02  0.30590E-02
 0.22000E+01  0.42722E-03 -0.17554E-01 -0.25848E-02  0.35209E-01  0.73499E-01  0.95022E-01  0.96009E-01  0.82784E-01  0.64098E-01  0.46155E-01  0.31680E-01  0.21050E-01  0.13627E-01  0.85702E-02  0.51784E-02  0.29548E-02
 0.24000E+01  0.17807E-02 -0.18052E-01 -0.57371E-02  0.29627E-01  0.66585E-01  0.88105E-01  0.90059E-01  0.78203E-01  0.60842E-01  0.43964E-01  0.30257E-01  0.20148E-01  0.13066E-01  0.82295E-02  0.49783E-02  0.28432E-02
 0.26000E+01  0.27052E-02 -0.18262E-01 -0.80519E-02  0.25105E-01  0.60655E-01  0.81935E-01  0.84596E-01  0.73903E-01  0.57732E-01  0.41843E-01  0.28865E-01  0.19257E-01  0.12508E-01  0.78879E-02  0.47766E-02  0.27302E-02
 0.28000E+01  0.33198E-02 -0.18282E-01 -0.97644E-02  0.21386E-01  0.55511E-01  0.76400E-01  0.79581E-01  0.69888E-01  0.54791E-01  0.39816E-01  0.27523E-01  0.18393E-01  0.11963E-01  0.75532E-02  0.45782E-02  0.26188E-02
 0.30000E+01  0.37914E-02 -0.18094E-01 -0.11260E-01  0.17604E-01  0.49944E-01  0.70195E-01  0.73826E-01  0.65206E-01  0.51318E-01  0.37400E-01  0.25913E-01  0.17350E-01  0.11303E-01  0.71455E-02  0.43358E-02  0.24822E-02
 0.00000E+00  0.73837E+00  0.32452E+00 -0.23898E-02 -0.15613E+00 -0.16123E+00 -0.96577E-01 -0.29070E-01  0.12697E-01  0.28867E-01  0.29722E-01  0.24387E-01  0.17929E-01  0.12340E-01  0.80679E-02  0.49990E-02  0.29001E-02
 0.20000E+00  0.37742E+00  0.41513E+00  0.35516E+00  0.23012E+00  0.96909E-01 -0.12103E-02 -0.51697E-01 -0.64976E-01 -0.58239E-01 -0.44825E-01 -0.31731E-01 -0.21365E-01 -0.13892E-01 -0.87381E-02 -0.52710E-02 -0.30008E-02
 0.40000E+00 -0.25300E-01  0.20486E+00  0.32865E+00  0.32279E+00  0.23303E+00  0.12537E+00  0.43213E-01 -0.25281E-02 -0.20336E-01 -0.22842E-01 -0.19245E-01 -0.14324E-01 -0.99328E-02 -0.65281E-02 -0.40610E-02 -0.23631E-02
 0.60000E+00 -0.69598E-01  0.89334E-01  0.20374E+00  0.24340E+00  0.21934E+00  0.16420E+00  0.10745E+00  0.63853E-01  0.35624E-01  0.19195E-01  0.10201E-01  0.54111E-02  0.28735E-02  0.15204E-02  0.79243E-03  0.39981E-03
 0.80000E+00 -0.51783E-01  0.36816E-01  0.12042E+00  0.17237E+00  0.18399E+00  0.16419E+00  0.12927E+00  0.93094E-01  0.63054E-01  0.41056E-01  0.26104E-01  0.16352E-01  0.10110E-01  0.61345E-02  0.36050E-02  0.20139E-02
 0.10000E+01 -0.34499E-01  0.12438E-01  0.73990E-01  0.12751E+00  0.15541E+00  0.15419E+00  0.13235E+00  0.10221E+00  0.73196E-01  0.49781E-01  0.32737E-01  0.21050E-01  0.13282E-01  0.81874E-02  0.48705E-02  0.27461E-02
 0.12000E+01 -0.22505E-01 -0.32531E-03  0.46413E-01  0.98330E-01  0.13380E+00  0.14271E+00  0.12891E+00  0.10332E+00  0.76035E-01  0.52770E-01  0.35233E-01  0.22917E-01  0.14589E-01  0.90549E-02  0.54150E-02  0.30653E-02
 0.14000E+01 -0.14226E-01 -0.77172E-02  0.28549E-01  0.77827E-01  0.11675E+00  0.13152E+00  0.12304E+00  0.10101E+00  0.75609E-01  0.53128E-01  0.35800E-01  0.23449E-01  0.15009E-01  0.93548E-02  0.56125E-02  0.31850E-02
 0.16000E+01 -0.84348E-02 -0.12204E-01  0.16362E-01  0.62670E-01  0.10285E+00  0.12106E+00  0.11625E+00  0.97091E-01  0.73551E-01  0.52131E-01  0.35355E-01  0.23273E-01  0.14954E-01  0.93486E-02  0.56221E-02  0.31962E-02
 0.18000E+01 -0.43741E-02 -0.14952E-01  0.78271E-02  0.51142E-01  0.91309E-01  0.11146E+00  0.10926E+00  0.92451E-01  0.70670E-01  0.50416E-01  0.34360E-01  0.22704E-01  0.14632E-01  0.91690E-02  0.55243E-02  0.31451E-02
 0.20000E+01 -0.15376E-02 -0.16605E-01  0.17626E-02  0.42215E-01  0.81644E-01  0.10279E+00  0.10244E+00  0.87587E-01  0.67428E-01  0.48351E-01  0.33081E-01  0.21925E-01  0.14164E-01  0.88935E-02  0.53667E-02  0.30590E-02
 0.22000E+01  0.42722E-03 -0.17554E-01 -0.25848E-02  0.35209E-01  0.73499E-01  0.95022E-01  0.96009E-01  0.82784E-01  0.64098E-01  0.46155E-01  0.31680E-01  0.21050E-01  0.13627E-01  0.85702E-02  0.51784E-02  0.29548E-02
 0.24000E+01  0.17807E-02 -0.18052E-01 -0.57371E-02  0.29627E-01  0.66585E-01  0.88105E-01  0.90059E-01  0.78203E-01  0.60842E-01  0.43964E-01  0.30257E-01  0.20148E-01  0.13066E-01  0.82295E-02  0.49783E-02  0.28432E-02
 0.26000E+01  0.27052E-02 -0.18262E-01 -0.80519E-02  0.25105E-01  0.60655E-01  0.81935E-01  0.84596E-01  0.73903E-01  0.57732E-01  0.41843E-01  0.28865E-01  0.19257E-01  0.12508E-01  0.78879E-02  0.47766E-02  0.27302E-02
 0.28000E+01  0.33198E-02 -0.18282E-01 -0.97644E-02  0.21386E-01  0.55511E-01  0.76400E-01  0.79581E-01  0.69888E-01  0.54791E-01  0.39816E-01  0.27523E-01  0.18393E-01  0.11963E-01  0.75532E-02  0.45782E-02  0.26188E-02
 0.30000E+01  0.37914E-02 -0.18094E-01 -0.11260E-01  0.17604E-01  0.49944E-01  0.70195E-01  0.73826E-01  0.65206E-01  0.51318E-01  0.37400E-01  0.25913E-01  0.17350E-01  0.11303E-01  0.71455E-02  0.43358E-02  0.24822E-02
