 0.00000E+00  0.62242E+00  0.33771E+00 -0.76847E-02 -0.12353E+00 -0.81551E-01 -0.22629E-01  0.74296E-02  0.15594E-01  0.14475E-01  0.10913E-01  0.74856E-02  0.48626E-02  0.30420E-02  0.18393E-02  0.10506E-02  0.51778E-03
 0.20000E+00  0.47400E+00  0.46353E+00  0.28606E+00  0.10751E+00  0.97680E-02 -0.23923E-01 -0.27941E-01 -0.22586E-01 -0.16055E-01 -0.10748E-01 -0.69646E-02 -0.44227E-02 -0.27680E-02 -0.17041E-02 -0.10009E-02 -0.50615E-03
 0.40000E+00 -0.30417E-01  0.23947E+00  0.38165E+00  0.30050E+00  0.14888E+00  0.44084E-01 -0.24185E-02 -0.15752E-01 -0.15878E-01 -0.12323E-01 -0.85886E-02 -0.56450E-02 -0.35682E-02 -0.21800E-02 -0.12584E-02 -0.62585E-03
 0.60000E+00 -0.14102E+00  0.99081E-01  0.29254E+00  0.29804E+00  0.20370E+00  0.11396E+00  0.58475E-01  0.29420E-01  0.15015E-01  0.78773E-02  0.42645E-02  0.23832E-02  0.13733E-02  0.80917E-03  0.46668E-03  0.23386E-03
 0.80000E+00 -0.10726E+00  0.20540E-01  0.17130E+00  0.23469E+00  0.21386E+00  0.16095E+00  0.10990E+00  0.71346E-01  0.45092E-01  0.28069E-01  0.17298E-01  0.10580E-01  0.64256E-02  0.38562E-02  0.22155E-02  0.11009E-02
 0.10000E+01 -0.49274E-01 -0.19666E-01  0.77075E-01  0.17192E+00  0.20565E+00  0.18436E+00  0.14068E+00  0.97853E-01  0.64526E-01  0.41207E-01  0.25764E-01  0.15858E-01  0.96291E-02  0.57465E-02  0.32729E-02  0.16134E-02
 0.12000E+01 -0.67195E-02 -0.38791E-01  0.18349E-01  0.12602E+00  0.19054E+00  0.18934E+00  0.15234E+00  0.10913E+00  0.73225E-01  0.47270E-01  0.29759E-01  0.18399E-01  0.11202E-01  0.66947E-02  0.38153E-02  0.18814E-02
 0.14000E+01  0.19118E-01 -0.47682E-01 -0.16057E-01  0.94727E-01  0.17458E+00  0.18508E+00  0.15338E+00  0.11161E+00  0.75586E-01  0.49089E-01  0.31038E-01  0.19253E-01  0.11755E-01  0.70431E-02  0.40233E-02  0.19877E-02
 0.16000E+01  0.33142E-01 -0.51292E-01 -0.35397E-01  0.73299E-01  0.15911E+00  0.17593E+00  0.14843E+00  0.10904E+00  0.74288E-01  0.48464E-01  0.30763E-01  0.19157E-01  0.11745E-01  0.70692E-02  0.40575E-02  0.20128E-02
 0.18000E+01  0.39386E-01 -0.52065E-01 -0.45466E-01  0.58320E-01  0.14444E+00  0.16421E+00  0.14011E+00  0.10357E+00  0.70883E-01  0.46434E-01  0.29603E-01  0.18526E-01  0.11424E-01  0.69229E-02  0.40023E-02  0.19976E-02
 0.20000E+01  0.40609E-01 -0.51135E-01 -0.49604E-01  0.47663E-01  0.13060E+00  0.15113E+00  0.12985E+00  0.96408E-01  0.66240E-01  0.43579E-01  0.27926E-01  0.17585E-01  0.10926E-01  0.66812E-02  0.38994E-02  0.19619E-02
 0.22000E+01  0.38650E-01 -0.49367E-01 -0.50144E-01  0.39939E-01  0.11773E+00  0.13773E+00  0.11883E+00  0.88500E-01  0.61029E-01  0.40339E-01  0.26005E-01  0.16499E-01  0.10345E-01  0.63946E-02  0.37744E-02  0.19167E-02
 0.24000E+01  0.34649E-01 -0.46995E-01 -0.48216E-01  0.34308E-01  0.10570E+00  0.12426E+00  0.10740E+00  0.80180E-01  0.55498E-01  0.36881E-01  0.23948E-01  0.15332E-01  0.97210E-02  0.60863E-02  0.36398E-02  0.18679E-02
 0.26000E+01  0.29172E-01 -0.44258E-01 -0.44566E-01  0.30210E-01  0.94356E-01  0.11084E+00  0.95777E-01  0.71629E-01  0.49783E-01  0.33298E-01  0.21813E-01  0.14122E-01  0.90739E-02  0.57679E-02  0.35019E-02  0.18186E-02
 0.28000E+01  0.22561E-01 -0.41287E-01 -0.39637E-01  0.27290E-01  0.83575E-01  0.97524E-01  0.84045E-01  0.62931E-01  0.43947E-01  0.29633E-01  0.19630E-01  0.12885E-01  0.84146E-02  0.54455E-02  0.33636E-02  0.17700E-02
 0.30000E+01  0.17960E-01 -0.38907E-01 -0.36788E-01  0.23180E-01  0.73170E-01  0.85458E-01  0.73672E-01  0.55320E-01  0.38856E-01  0.26428E-01  0.17706E-01  0.11780E-01  0.78112E-02  0.51377E-02  0.32218E-02  0.17144E-02
