 0.00000E+00  0.76750E+00  0.29721E+00 -0.10360E+00 -0.14608E+00 -0.47920E-01  0.17046E-01  0.33582E-01  0.28683E-01  0.19376E-01  0.11556E-01  0.62402E-02  0.29910E-02  0.11556E-02  0.21080E-03 -0.17567E-03 -0.21284E-03
 0.20000E+00  0.34304E+00  0.48583E+00  0.37359E+00  0.14477E+00 -0.83329E-02 -0.59311E-01 -0.58016E-01 -0.42273E-01 -0.27196E-01 -0.16308E-01 -0.92820E-02 -0.50198E-02 -0.25468E-02 -0.11730E-02 -0.45956E-03 -0.13858E-03
 0.40000E+00 -0.93541E-01  0.26738E+00  0.42046E+00  0.29491E+00  0.12372E+00  0.26918E-01 -0.73624E-02 -0.13448E-01 -0.10825E-01 -0.69231E-02 -0.38304E-02 -0.18073E-02 -0.62718E-03 -0.17496E-04  0.21468E-03  0.20207E-03
 0.60000E+00 -0.10141E+00  0.10448E+00  0.26669E+00  0.27560E+00  0.20235E+00  0.12689E+00  0.74316E-01  0.42317E-01  0.23798E-01  0.13276E-01  0.73414E-02  0.40117E-02  0.21546E-02  0.11249E-02  0.55375E-03  0.23737E-03
 0.80000E+00 -0.46024E-01  0.82431E-02  0.13350E+00  0.22627E+00  0.23146E+00  0.18244E+00  0.12427E+00  0.77758E-01  0.46105E-01  0.26243E-01  0.14358E-01  0.74866E-02  0.36398E-02  0.15692E-02  0.53671E-03  0.11407E-03
 0.10000E+01 -0.29589E-02 -0.39570E-01  0.50570E-01  0.18011E+00  0.22855E+00  0.19883E+00  0.14254E+00  0.91653E-01  0.55065E-01  0.31435E-01  0.17077E-01  0.87243E-02  0.40555E-02  0.15737E-02  0.38866E-03 -0.23287E-04
 0.12000E+01  0.18485E-01 -0.59504E-01  0.63548E-02  0.14367E+00  0.20953E+00  0.19166E+00  0.14069E+00  0.91592E-01  0.55377E-01  0.31684E-01  0.17188E-01  0.87266E-02  0.39952E-02  0.14888E-02  0.30885E-03 -0.76144E-04
 0.14000E+01  0.25084E-01 -0.65283E-01 -0.14887E-01  0.11565E+00  0.18437E+00  0.17329E+00  0.12878E+00  0.84397E-01  0.51246E-01  0.29416E-01  0.16006E-01  0.81562E-02  0.37556E-02  0.14179E-02  0.31172E-03 -0.56334E-04
 0.16000E+01  0.22932E-01 -0.63910E-01 -0.23084E-01  0.93691E-01  0.15743E+00  0.14998E+00  0.11212E+00  0.73778E-01  0.44990E-01  0.25979E-01  0.14267E-01  0.73840E-02  0.35023E-02  0.14181E-02  0.40439E-03  0.28877E-04
 0.18000E+01  0.15869E-01 -0.58887E-01 -0.23831E-01  0.76046E-01  0.13066E+00  0.12490E+00  0.93485E-01  0.61672E-01  0.37814E-01  0.22056E-01  0.12323E-01  0.65694E-02  0.32885E-02  0.14900E-02  0.56789E-03  0.16192E-03
 0.20000E+01  0.59285E-02 -0.51947E-01 -0.20109E-01  0.61533E-01  0.10478E+00  0.99431E-01  0.74157E-01  0.48994E-01  0.30284E-01  0.17964E-01  0.10333E-01  0.57771E-02  0.31288E-02  0.16242E-02  0.78583E-03  0.32997E-03
 0.22000E+01 -0.55114E-02 -0.44116E-01 -0.13783E-01  0.49412E-01  0.80252E-01  0.74509E-01  0.54983E-01  0.36345E-01  0.22770E-01  0.13904E-01  0.83900E-02  0.50386E-02  0.30222E-02  0.18057E-02  0.10406E-02  0.52044E-03
 0.24000E+01 -0.17583E-01 -0.35961E-01 -0.59947E-02  0.39146E-01  0.57259E-01  0.50603E-01  0.36419E-01  0.24056E-01  0.15475E-01  0.99843E-02  0.65425E-02  0.43681E-02  0.29653E-02  0.20234E-02  0.13203E-02  0.72514E-03
 0.26000E+01 -0.29919E-01 -0.27840E-01  0.25772E-02  0.30330E-01  0.35765E-01  0.27864E-01  0.18638E-01  0.12256E-01  0.84761E-02  0.62433E-02  0.48029E-02  0.37634E-02  0.29489E-02  0.22662E-02  0.16151E-02  0.93756E-03
 0.28000E+01 -0.42412E-01 -0.19796E-01  0.11666E-01  0.22579E-01  0.15409E-01  0.60211E-02  0.14637E-02  0.83813E-03  0.17134E-02  0.26482E-02  0.31546E-02  0.32168E-02  0.29702E-02  0.25337E-02  0.19254E-02  0.11583E-02
 0.30000E+01 -0.52921E-01 -0.13274E-01  0.18368E-01  0.14575E-01 -0.31830E-02 -0.13472E-01 -0.13717E-01 -0.92060E-02 -0.42243E-02 -0.51018E-03  0.16999E-02  0.27255E-02  0.29759E-02  0.27562E-02  0.21879E-02  0.13460E-02
