 0.00000E+00  0.64870E+00  0.37396E+00  0.33867E-01 -0.10615E+00 -0.10412E+00 -0.69263E-01 -0.41038E-01 -0.23295E-01 -0.12981E-01 -0.71979E-02 -0.40180E-02 -0.22847E-02 -0.13376E-02 -0.80560E-03 -0.47709E-03 -0.24454E-03
 0.20000E+00  0.41462E+00  0.41108E+00  0.27204E+00  0.13268E+00  0.52123E-01  0.15936E-01  0.17657E-02 -0.26966E-02 -0.32587E-02 -0.25558E-02 -0.16590E-02 -0.92184E-03 -0.41217E-03 -0.10511E-03  0.38636E-04  0.62773E-04
 0.40000E+00  0.14646E-01  0.20413E+00  0.30088E+00  0.25736E+00  0.16893E+00  0.98875E-01  0.55414E-01  0.30436E-01  0.16484E-01  0.88275E-02  0.46822E-02  0.24624E-02  0.12833E-02  0.65775E-03  0.32053E-03  0.13583E-03
 0.60000E+00 -0.72639E-01  0.12161E+00  0.25871E+00  0.25351E+00  0.18324E+00  0.11686E+00  0.71015E-01  0.42061E-01  0.24383E-01  0.13840E-01  0.76793E-02  0.41437E-02  0.21502E-02  0.10496E-02  0.46184E-03  0.17027E-03
 0.80000E+00 -0.10061E+00  0.72992E-01  0.21477E+00  0.23043E+00  0.17728E+00  0.11911E+00  0.75692E-01  0.46562E-01  0.27864E-01  0.16240E-01  0.92052E-02  0.50470E-02  0.26443E-02  0.12934E-02  0.56625E-03  0.20714E-03
 0.10000E+01 -0.10898E+00  0.39724E-01  0.17621E+00  0.20547E+00  0.16690E+00  0.11704E+00  0.76968E-01  0.48623E-01  0.29671E-01  0.17519E-01  0.99936E-02  0.54684E-02  0.28236E-02  0.13312E-02  0.54040E-03  0.17358E-03
 0.12000E+01 -0.10691E+00  0.17136E-01  0.14300E+00  0.18012E+00  0.15329E+00  0.11126E+00  0.75100E-01  0.48362E-01  0.29912E-01  0.17813E-01  0.10200E-01  0.55691E-02  0.28428E-02  0.13017E-02  0.49475E-03  0.13825E-03
 0.14000E+01 -0.99010E-01  0.27201E-02  0.11491E+00  0.15493E+00  0.13695E+00  0.10207E+00  0.70217E-01  0.45854E-01  0.28666E-01  0.17217E-01  0.99283E-02  0.54552E-02  0.28024E-02  0.12938E-02  0.49934E-03  0.14449E-03
 0.16000E+01 -0.88583E-01 -0.59107E-02  0.91573E-01  0.13096E+00  0.11933E+00  0.90730E-01  0.63283E-01  0.41766E-01  0.26357E-01  0.15983E-01  0.93197E-02  0.51966E-02  0.27308E-02  0.13136E-02  0.55045E-03  0.18732E-03
 0.18000E+01 -0.77538E-01 -0.10590E-01  0.72423E-01  0.10887E+00  0.10158E+00  0.78370E-01  0.55199E-01  0.36732E-01  0.23390E-01  0.14345E-01  0.84926E-02  0.48412E-02  0.26354E-02  0.13481E-02  0.62935E-03  0.25241E-03
 0.20000E+01 -0.66880E-01 -0.12500E-01  0.56862E-01  0.88812E-01  0.84214E-01  0.65571E-01  0.46455E-01  0.31111E-01  0.20004E-01  0.12448E-01  0.75268E-02  0.44278E-02  0.25309E-02  0.13989E-02  0.73197E-03  0.33562E-03
 0.22000E+01 -0.56955E-01 -0.12321E-01  0.44356E-01  0.70663E-01  0.67423E-01  0.52611E-01  0.37310E-01  0.25105E-01  0.16338E-01  0.10382E-01  0.64797E-02  0.39907E-02  0.24363E-02  0.14757E-02  0.86305E-03  0.43891E-03
 0.24000E+01 -0.48011E-01 -0.10643E-01  0.34389E-01  0.54262E-01  0.51307E-01  0.39690E-01  0.27963E-01  0.18872E-01  0.12508E-01  0.82271E-02  0.54015E-02  0.35606E-02  0.23702E-02  0.15895E-02  0.10286E-02  0.56520E-03
 0.26000E+01 -0.39980E-01 -0.78524E-02  0.26448E-01  0.39324E-01  0.35825E-01  0.26888E-01  0.18519E-01  0.12508E-01  0.85844E-02  0.60303E-02  0.43223E-02  0.31553E-02  0.23419E-02  0.17446E-02  0.12303E-02  0.71500E-03
 0.28000E+01 -0.32828E-01 -0.42626E-02  0.20115E-01  0.25592E-01  0.20901E-01  0.14226E-01  0.90343E-02  0.60669E-02  0.46108E-02  0.38221E-02  0.32622E-02  0.27872E-02  0.23589E-02  0.19453E-02  0.14706E-02  0.88941E-03
 0.30000E+01 -0.25337E-01 -0.21331E-02  0.12469E-01  0.12146E-01  0.74286E-02  0.32987E-02  0.10686E-02  0.76915E-03  0.14187E-02  0.21095E-02  0.24956E-02  0.25799E-02  0.24546E-02  0.21775E-02  0.17185E-02  0.10633E-02
