 0.00000E+00  0.85338E+00  0.28623E+00 -0.97548E-01 -0.21877E+00 -0.15636E+00 -0.39570E-01  0.46457E-01  0.80962E-01  0.79366E-01  0.62715E-01  0.44324E-01  0.29428E-01  0.18797E-01  0.11625E-01  0.69141E-02  0.38938E-02
 0.20000E+00  0.24491E+00  0.44276E+00  0.44667E+00  0.29492E+00  0.98683E-01 -0.48221E-01 -0.11511E+00 -0.12049E+00 -0.96763E-01 -0.67573E-01 -0.43535E-01 -0.26778E-01 -0.16016E-01 -0.93578E-02 -0.53041E-02 -0.28711E-02
 0.40000E+00 -0.51678E-01  0.23212E+00  0.36901E+00  0.34133E+00  0.21842E+00  0.86939E-01 -0.28708E-02 -0.44115E-01 -0.52317E-01 -0.45145E-01 -0.33925E-01 -0.23680E-01 -0.15782E-01 -0.10115E-01 -0.61936E-02 -0.35690E-02
 0.60000E+00 -0.57275E-01  0.96777E-01  0.20934E+00  0.24798E+00  0.22111E+00  0.16104E+00  0.99049E-01  0.51914E-01  0.22631E-01  0.71755E-02  0.23514E-03 -0.22352E-02 -0.26514E-02 -0.22587E-02 -0.16415E-02 -0.10574E-02
 0.80000E+00 -0.28494E-01  0.27235E-01  0.10188E+00  0.16460E+00  0.19224E+00  0.18211E+00  0.14786E+00  0.10686E+00  0.70924E-01  0.44408E-01  0.26820E-01  0.15871E-01  0.92722E-02  0.53387E-02  0.29973E-02  0.16120E-02
 0.10000E+01 -0.78708E-02 -0.48575E-02  0.42616E-01  0.10954E+00  0.16130E+00  0.17837E+00  0.16324E+00  0.13068E+00  0.95219E-01  0.65126E-01  0.42805E-01  0.27450E-01  0.17280E-01  0.10641E-01  0.63317E-02  0.35738E-02
 0.12000E+01  0.36852E-02 -0.19427E-01  0.10813E-01  0.75038E-01  0.13602E+00  0.16699E+00  0.16395E+00  0.13869E+00  0.10594E+00  0.75555E-01  0.51549E-01  0.34161E-01  0.22119E-01  0.13944E-01  0.84552E-02  0.48434E-02
 0.14000E+01  0.98993E-02 -0.26201E-01 -0.69417E-02  0.52836E-01  0.11656E+00  0.15463E+00  0.15923E+00  0.13964E+00  0.10990E+00  0.80441E-01  0.56128E-01  0.37914E-01  0.24944E-01  0.15929E-01  0.97579E-02  0.56335E-02
 0.16000E+01  0.13248E-01 -0.29394E-01 -0.17404E-01  0.37854E-01  0.10156E+00  0.14324E+00  0.15281E+00  0.13753E+00  0.11057E+00  0.82404E-01  0.58386E-01  0.39949E-01  0.26561E-01  0.17106E-01  0.10548E-01  0.61199E-02
 0.18000E+01  0.15039E-01 -0.30839E-01 -0.23870E-01  0.27259E-01  0.89741E-01  0.13318E+00  0.14609E+00  0.13414E+00  0.10959E+00  0.82781E-01  0.59321E-01  0.40971E-01  0.27449E-01  0.17784E-01  0.11017E-01  0.64148E-02
 0.20000E+01  0.15951E-01 -0.31373E-01 -0.28005E-01  0.19464E-01  0.80216E-01  0.12438E+00  0.13957E+00  0.13023E+00  0.10777E+00  0.82268E-01  0.59473E-01  0.41374E-01  0.27880E-01  0.18146E-01  0.11281E-01  0.65860E-02
 0.22000E+01  0.16343E-01 -0.31408E-01 -0.30697E-01  0.13548E-01  0.72375E-01  0.11664E+00  0.13344E+00  0.12617E+00  0.10550E+00  0.81235E-01  0.59143E-01  0.41382E-01  0.28014E-01  0.18300E-01  0.11408E-01  0.66743E-02
 0.24000E+01  0.16420E-01 -0.31162E-01 -0.32459E-01  0.89380E-02  0.65796E-01  0.10979E+00  0.12771E+00  0.12213E+00  0.10303E+00  0.79900E-01  0.58513E-01  0.41136E-01  0.27954E-01  0.18315E-01  0.11444E-01  0.67063E-02
 0.26000E+01  0.16301E-01 -0.30753E-01 -0.33602E-01  0.52589E-02  0.60168E-01  0.10366E+00  0.12237E+00  0.11819E+00  0.10046E+00  0.78386E-01  0.57692E-01  0.40722E-01  0.27761E-01  0.18234E-01  0.11415E-01  0.66991E-02
 0.28000E+01  0.16051E-01 -0.30248E-01 -0.34316E-01  0.22624E-02  0.55272E-01  0.98117E-01  0.11737E+00  0.11436E+00  0.97857E-01  0.76766E-01  0.56745E-01  0.40195E-01  0.27477E-01  0.18087E-01  0.11341E-01  0.66641E-02
 0.30000E+01  0.15621E-01 -0.29456E-01 -0.34679E-01 -0.69913E-03  0.49945E-01  0.91772E-01  0.11142E+00  0.10961E+00  0.94484E-01  0.74554E-01  0.55371E-01  0.39370E-01  0.26994E-01  0.17810E-01  0.11188E-01  0.65826E-02
 0.00000E+00  0.85338E+00  0.28623E+00 -0.97548E-01 -0.21877E+00 -0.15636E+00 -0.39570E-01  0.46457E-01  0.80962E-01  0.79366E-01  0.62715E-01  0.44324E-01  0.29428E-01  0.18797E-01  0.11625E-01  0.69141E-02  0.38938E-02
 0.20000E+00  0.24491E+00  0.44276E+00  0.44667E+00  0.29492E+00  0.98683E-01 -0.48221E-01 -0.11511E+00 -0.12049E+00 -0.96763E-01 -0.67573E-01 -0.43535E-01 -0.26778E-01 -0.16016E-01 -0.93578E-02 -0.53041E-02 -0.28711E-02
 0.40000E+00 -0.51678E-01  0.23212E+00  0.36901E+00  0.34133E+00  0.21842E+00  0.86939E-01 -0.28708E-02 -0.44115E-01 -0.52317E-01 -0.45145E-01 -0.33925E-01 -0.23680E-01 -0.15782E-01 -0.10115E-01 -0.61936E-02 -0.35690E-02
 0.60000E+00 -0.57275E-01  0.96777E-01  0.20934E+00  0.24798E+00  0.22111E+00  0.16104E+00  0.99049E-01  0.51914E-01  0.22631E-01  0.71755E-02  0.23514E-03 -0.22352E-02 -0.26514E-02 -0.22587E-02 -0.16415E-02 -0.10574E-02
 0.80000E+00 -0.28494E-01  0.27235E-01  0.10188E+00  0.16460E+00  0.19224E+00  0.18211E+00  0.14786E+00  0.10686E+00  0.70924E-01  0.44408E-01  0.26820E-01  0.15871E-01  0.92722E-02  0.53387E-02  0.29973E-02  0.16120E-02
 0.10000E+01 -0.78708E-02 -0.48575E-02  0.42616E-01  0.10954E+00  0.16130E+00  0.17837E+00  0.16324E+00  0.13068E+00  0.95219E-01  0.65126E-01  0.42805E-01  0.27450E-01  0.17280E-01  0.10641E-01  0.63317E-02  0.35738E-02
 0.12000E+01  0.36852E-02 -0.19427E-01  0.10813E-01  0.75038E-01  0.13602E+00  0.16699E+00  0.16395E+00  0.13869E+00  0.10594E+00  0.75555E-01  0.51549E-01  0.34161E-01  0.22119E-01  0.13944E-01  0.84552E-02  0.48434E-02
 0.14000E+01  0.98993E-02 -0.26201E-01 -0.69417E-02  0.52836E-01  0.11656E+00  0.15463E+00  0.15923E+00  0.13964E+00  0.10990E+00  0.80441E-01  0.56128E-01  0.37914E-01  0.24944E-01  0.15929E-01  0.97579E-02  0.56335E-02
 0.16000E+01  0.13248E-01 -0.29394E-01 -0.17404E-01  0.37854E-01  0.10156E+00  0.14324E+00  0.15281E+00  0.13753E+00  0.11057E+00  0.82404E-01  0.58386E-01  0.39949E-01  0.26561E-01  0.17106E-01  0.10548E-01  0.61199E-02
 0.18000E+01  0.15039E-01 -0.30839E-01 -0.23870E-01  0.27259E-01  0.89741E-01  0.13318E+00  0.14609E+00  0.13414E+00  0.10959E+00  0.82781E-01  0.59321E-01  0.40971E-01  0.27449E-01  0.17784E-01  0.11017E-01  0.64148E-02
 0.20000E+01  0.15951E-01 -0.31373E-01 -0.28005E-01  0.19464E-01  0.80216E-01  0.12438E+00  0.13957E+00  0.13023E+00  0.10777E+00  0.82268E-01  0.59473E-01  0.41374E-01  0.27880E-01  0.18146E-01  0.11281E-01  0.65860E-02
 0.22000E+01  0.16343E-01 -0.31408E-01 -0.30697E-01  0.13548E-01  0.72375E-01  0.11664E+00  0.13344E+00  0.12617E+00  0.10550E+00  0.81235E-01  0.59143E-01  0.41382E-01  0.28014E-01  0.18300E-01  0.11408E-01  0.66743E-02
 0.24000E+01  0.16420E-01 -0.31162E-01 -0.32459E-01  0.89380E-02  0.65796E-01  0.10979E+00  0.12771E+00  0.12213E+00  0.10303E+00  0.79900E-01  0.58513E-01  0.41136E-01  0.27954E-01  0.18315E-01  0.11444E-01  0.67063E-02
 0.26000E+01  0.16301E-01 -0.30753E-01 -0.33602E-01  0.52589E-02  0.60168E-01  0.10366E+00  0.12237E+00  0.11819E+00  0.10046E+00  0.78386E-01  0.57692E-01  0.40722E-01  0.27761E-01  0.18234E-01  0.11415E-01  0.66991E-02
 0.28000E+01  0.16051E-01 -0.30248E-01 -0.34316E-01  0.22624E-02  0.55272E-01  0.98117E-01  0.11737E+00  0.11436E+00  0.97857E-01  0.76766E-01  0.56745E-01  0.40195E-01  0.27477E-01  0.18087E-01  0.11341E-01  0.66641E-02
 0.30000E+01  0.15621E-01 -0.29456E-01 -0.34679E-01 -0.69913E-03  0.49945E-01  0.91772E-01  0.11142E+00  0.10961E+00  0.94484E-01  0.74554E-01  0.55371E-01  0.39370E-01  0.26994E-01  0.17810E-01  0.11188E-01  0.65826E-02
