 0.00000E+00  0.83681E+00  0.29083E+00 -0.85070E-01 -0.20945E+00 -0.15390E+00 -0.42123E-01  0.42081E-01  0.76806E-01  0.76107E-01  0.60334E-01  0.42628E-01  0.28243E-01  0.17990E-01  0.11096E-01  0.65857E-02  0.37029E-02
 0.20000E+00  0.26969E+00  0.43428E+00  0.42436E+00  0.27696E+00  0.92848E-01 -0.43707E-01 -0.10568E+00 -0.11062E+00 -0.88616E-01 -0.61625E-01 -0.39489E-01 -0.24147E-01 -0.14362E-01 -0.83529E-02 -0.47182E-02 -0.25479E-02
 0.40000E+00 -0.52047E-01  0.23597E+00  0.37457E+00  0.34508E+00  0.21828E+00  0.83234E-01 -0.82580E-02 -0.49271E-01 -0.56198E-01 -0.47593E-01 -0.35253E-01 -0.24299E-01 -0.16016E-01 -0.10169E-01 -0.61805E-02 -0.35409E-02
 0.60000E+00 -0.66233E-01  0.99090E-01  0.21794E+00  0.25658E+00  0.22571E+00  0.16100E+00  0.95916E-01  0.47686E-01  0.18690E-01  0.41124E-02 -0.18975E-02 -0.36168E-02 -0.35023E-02 -0.27615E-02 -0.19261E-02 -0.12100E-02
 0.80000E+00 -0.32868E-01  0.26046E-01  0.10328E+00  0.16745E+00  0.19539E+00  0.18470E+00  0.14950E+00  0.10756E+00  0.70948E-01  0.44078E-01  0.26386E-01  0.15472E-01  0.89612E-02  0.51209E-02  0.28574E-02  0.15294E-02
 0.10000E+01 -0.83633E-02 -0.66465E-02  0.40422E-01  0.10826E+00  0.16172E+00  0.18025E+00  0.16572E+00  0.13294E+00  0.96838E-01  0.66090E-01  0.43286E-01  0.27645E-01  0.17332E-01  0.10634E-01  0.63090E-02  0.35530E-02
 0.12000E+01  0.48285E-02 -0.20520E-01  0.81076E-02  0.72333E-01  0.13471E+00  0.16742E+00  0.16550E+00  0.14050E+00  0.10741E+00  0.76516E-01  0.52063E-01  0.34381E-01  0.22180E-01  0.13935E-01  0.84261E-02  0.48158E-02
 0.14000E+01  0.11573E-01 -0.26466E-01 -0.91144E-02  0.49982E-01  0.11445E+00  0.15391E+00  0.15964E+00  0.14052E+00  0.11070E+00  0.80934E-01  0.56322E-01  0.37913E-01  0.24851E-01  0.15816E-01  0.96603E-02  0.55640E-02
 0.16000E+01  0.15024E-01 -0.28997E-01 -0.18864E-01  0.35285E-01  0.99128E-01  0.14175E+00  0.15228E+00  0.13752E+00  0.11064E+00  0.82348E-01  0.58184E-01  0.39669E-01  0.26276E-01  0.16862E-01  0.10366E-01  0.60000E-02
 0.18000E+01  0.16760E-01 -0.29955E-01 -0.24677E-01  0.25085E-01  0.87230E-01  0.13119E+00  0.14482E+00  0.13338E+00  0.10902E+00  0.82219E-01  0.58744E-01  0.40423E-01  0.26977E-01  0.17415E-01  0.10755E-01  0.62467E-02
 0.20000E+01  0.17558E-01 -0.30138E-01 -0.28260E-01  0.17690E-01  0.77737E-01  0.12204E+00  0.13775E+00  0.12886E+00  0.10664E+00  0.81264E-01  0.58565E-01  0.40587E-01  0.27241E-01  0.17665E-01  0.10948E-01  0.63751E-02
 0.22000E+01  0.17820E-01 -0.29918E-01 -0.30496E-01  0.12149E-01  0.69988E-01  0.11408E+00  0.13119E+00  0.12431E+00  0.10392E+00  0.79859E-01  0.57952E-01  0.40390E-01  0.27233E-01  0.17723E-01  0.11013E-01  0.64265E-02
 0.24000E+01  0.17768E-01 -0.29489E-01 -0.31884E-01  0.78798E-02  0.63536E-01  0.10711E+00  0.12515E+00  0.11988E+00  0.10108E+00  0.78214E-01  0.57084E-01  0.39971E-01  0.27050E-01  0.17656E-01  0.10996E-01  0.64271E-02
 0.26000E+01  0.17526E-01 -0.28948E-01 -0.32717E-01  0.45096E-02  0.58058E-01  0.10091E+00  0.11958E+00  0.11563E+00  0.98208E-01  0.76443E-01  0.56063E-01  0.39410E-01  0.26755E-01  0.17505E-01  0.10923E-01  0.63933E-02
 0.28000E+01  0.17163E-01 -0.28352E-01 -0.33176E-01  0.17955E-02  0.53328E-01  0.95358E-01  0.11442E+00  0.11157E+00  0.95363E-01  0.74612E-01  0.54950E-01  0.38759E-01  0.26384E-01  0.17299E-01  0.10812E-01  0.63359E-02
 0.30000E+01  0.16604E-01 -0.27492E-01 -0.33278E-01 -0.84000E-03  0.48237E-01  0.89073E-01  0.10836E+00  0.10662E+00  0.91764E-01  0.72195E-01  0.53410E-01  0.37810E-01  0.25812E-01  0.16963E-01  0.10620E-01  0.62314E-02
 0.00000E+00  0.83681E+00  0.29083E+00 -0.85070E-01 -0.20945E+00 -0.15390E+00 -0.42123E-01  0.42081E-01  0.76806E-01  0.76107E-01  0.60334E-01  0.42628E-01  0.28243E-01  0.17990E-01  0.11096E-01  0.65857E-02  0.37029E-02
 0.20000E+00  0.26969E+00  0.43428E+00  0.42436E+00  0.27696E+00  0.92848E-01 -0.43707E-01 -0.10568E+00 -0.11062E+00 -0.88616E-01 -0.61625E-01 -0.39489E-01 -0.24147E-01 -0.14362E-01 -0.83529E-02 -0.47182E-02 -0.25479E-02
 0.40000E+00 -0.52047E-01  0.23597E+00  0.37457E+00  0.34508E+00  0.21828E+00  0.83234E-01 -0.82580E-02 -0.49271E-01 -0.56198E-01 -0.47593E-01 -0.35253E-01 -0.24299E-01 -0.16016E-01 -0.10169E-01 -0.61805E-02 -0.35409E-02
 0.60000E+00 -0.66233E-01  0.99090E-01  0.21794E+00  0.25658E+00  0.22571E+00  0.16100E+00  0.95916E-01  0.47686E-01  0.18690E-01  0.41124E-02 -0.18975E-02 -0.36168E-02 -0.35023E-02 -0.27615E-02 -0.19261E-02 -0.12100E-02
 0.80000E+00 -0.32868E-01  0.26046E-01  0.10328E+00  0.16745E+00  0.19539E+00  0.18470E+00  0.14950E+00  0.10756E+00  0.70948E-01  0.44078E-01  0.26386E-01  0.15472E-01  0.89612E-02  0.51209E-02  0.28574E-02  0.15294E-02
 0.10000E+01 -0.83633E-02 -0.66465E-02  0.40422E-01  0.10826E+00  0.16172E+00  0.18025E+00  0.16572E+00  0.13294E+00  0.96838E-01  0.66090E-01  0.43286E-01  0.27645E-01  0.17332E-01  0.10634E-01  0.63090E-02  0.35530E-02
 0.12000E+01  0.48285E-02 -0.20520E-01  0.81076E-02  0.72333E-01  0.13471E+00  0.16742E+00  0.16550E+00  0.14050E+00  0.10741E+00  0.76516E-01  0.52063E-01  0.34381E-01  0.22180E-01  0.13935E-01  0.84261E-02  0.48158E-02
 0.14000E+01  0.11573E-01 -0.26466E-01 -0.91144E-02  0.49982E-01  0.11445E+00  0.15391E+00  0.15964E+00  0.14052E+00  0.11070E+00  0.80934E-01  0.56322E-01  0.37913E-01  0.24851E-01  0.15816E-01  0.96603E-02  0.55640E-02
 0.16000E+01  0.15024E-01 -0.28997E-01 -0.18864E-01  0.35285E-01  0.99128E-01  0.14175E+00  0.15228E+00  0.13752E+00  0.11064E+00  0.82348E-01  0.58184E-01  0.39669E-01  0.26276E-01  0.16862E-01  0.10366E-01  0.60000E-02
 0.18000E+01  0.16760E-01 -0.29955E-01 -0.24677E-01  0.25085E-01  0.87230E-01  0.13119E+00  0.14482E+00  0.13338E+00  0.10902E+00  0.82219E-01  0.58744E-01  0.40423E-01  0.26977E-01  0.17415E-01  0.10755E-01  0.62467E-02
 0.20000E+01  0.17558E-01 -0.30138E-01 -0.28260E-01  0.17690E-01  0.77737E-01  0.12204E+00  0.13775E+00  0.12886E+00  0.10664E+00  0.81264E-01  0.58565E-01  0.40587E-01  0.27241E-01  0.17665E-01  0.10948E-01  0.63751E-02
 0.22000E+01  0.17820E-01 -0.29918E-01 -0.30496E-01  0.12149E-01  0.69988E-01  0.11408E+00  0.13119E+00  0.12431E+00  0.10392E+00  0.79859E-01  0.57952E-01  0.40390E-01  0.27233E-01  0.17723E-01  0.11013E-01  0.64265E-02
 0.24000E+01  0.17768E-01 -0.29489E-01 -0.31884E-01  0.78798E-02  0.63536E-01  0.10711E+00  0.12515E+00  0.11988E+00  0.10108E+00  0.78214E-01  0.57084E-01  0.39971E-01  0.27050E-01  0.17656E-01  0.10996E-01  0.64271E-02
 0.26000E+01  0.17526E-01 -0.28948E-01 -0.32717E-01  0.45096E-02  0.58058E-01  0.10091E+00  0.11958E+00  0.11563E+00  0.98208E-01  0.76443E-01  0.56063E-01  0.39410E-01  0.26755E-01  0.17505E-01  0.10923E-01  0.63933E-02
 0.28000E+01  0.17163E-01 -0.28352E-01 -0.33176E-01  0.17955E-02  0.53328E-01  0.95358E-01  0.11442E+00  0.11157E+00  0.95363E-01  0.74612E-01  0.54950E-01  0.38759E-01  0.26384E-01  0.17299E-01  0.10812E-01  0.63359E-02
 0.30000E+01  0.16604E-01 -0.27492E-01 -0.33278E-01 -0.84000E-03  0.48237E-01  0.89073E-01  0.10836E+00  0.10662E+00  0.91764E-01  0.72195E-01  0.53410E-01  0.37810E-01  0.25812E-01  0.16963E-01  0.10620E-01  0.62314E-02
