 0.00000E+00  0.87416E+00  0.31276E+00 -0.83815E-01 -0.22779E+00 -0.18361E+00 -0.71600E-01  0.21891E-01  0.68889E-01  0.78147E-01  0.67834E-01  0.51613E-01  0.36339E-01  0.24270E-01  0.15500E-01  0.94253E-02  0.53872E-02
 0.20000E+00  0.20055E+00  0.41851E+00  0.45379E+00  0.32935E+00  0.14394E+00 -0.10152E-01 -0.94260E-01 -0.11693E+00 -0.10463E+00 -0.80140E-01 -0.56101E-01 -0.37111E-01 -0.23592E-01 -0.14479E-01 -0.85290E-02 -0.47559E-02
 0.40000E+00 -0.31348E-01  0.20522E+00  0.32599E+00  0.31260E+00  0.21647E+00  0.10592E+00  0.23695E-01 -0.20550E-01 -0.36059E-01 -0.35830E-01 -0.29386E-01 -0.21817E-01 -0.15186E-01 -0.10025E-01 -0.62570E-02 -0.36490E-02
 0.60000E+00 -0.41026E-01  0.10248E+00  0.20183E+00  0.23164E+00  0.20375E+00  0.14866E+00  0.93339E-01  0.51284E-01  0.24529E-01  0.96711E-02  0.23891E-02 -0.66606E-03 -0.16006E-02 -0.15873E-02 -0.12291E-02 -0.81677E-03
 0.80000E+00 -0.29409E-01  0.48149E-01  0.12371E+00  0.17202E+00  0.18305E+00  0.16363E+00  0.12876E+00  0.92110E-01  0.61412E-01  0.38933E-01  0.23835E-01  0.14245E-01  0.83579E-02  0.48090E-02  0.26902E-02  0.14404E-02
 0.10000E+01 -0.16167E-01  0.13241E-01  0.68059E-01  0.12528E+00  0.16153E+00  0.16743E+00  0.14880E+00  0.11818E+00  0.86532E-01  0.59818E-01  0.39740E-01  0.25669E-01  0.16198E-01  0.99584E-02  0.59021E-02  0.33155E-02
 0.12000E+01 -0.41177E-02 -0.10714E-01  0.26226E-01  0.86976E-01  0.13998E+00  0.16458E+00  0.15927E+00  0.13488E+00  0.10403E+00  0.75182E-01  0.51927E-01  0.34708E-01  0.22562E-01  0.14224E-01  0.86041E-02  0.49114E-02
 0.14000E+01  0.56026E-02 -0.26268E-01 -0.38586E-02  0.56728E-01  0.11976E+00  0.15732E+00  0.16243E+00  0.14394E+00  0.11502E+00  0.85598E-01  0.60626E-01  0.41406E-01  0.27414E-01  0.17546E-01  0.10742E-01  0.61886E-02
 0.16000E+01  0.12646E-01 -0.35521E-01 -0.24184E-01  0.34011E-01  0.10198E+00  0.14774E+00  0.16049E+00  0.14714E+00  0.12068E+00  0.91763E-01  0.66185E-01  0.45907E-01  0.30789E-01  0.19914E-01  0.12293E-01  0.71275E-02
 0.18000E+01  0.17312E-01 -0.40492E-01 -0.37206E-01  0.17534E-01  0.87033E-01  0.13744E+00  0.15549E+00  0.14637E+00  0.12248E+00  0.94669E-01  0.69230E-01  0.48582E-01  0.32900E-01  0.21446E-01  0.13320E-01  0.77589E-02
 0.20000E+01  0.20150E-01 -0.42778E-01 -0.45165E-01  0.58237E-02  0.74796E-01  0.12744E+00  0.14899E+00  0.14321E+00  0.12174E+00  0.95312E-01  0.70453E-01  0.49887E-01  0.34036E-01  0.22320E-01  0.13928E-01  0.81414E-02
 0.22000E+01  0.21718E-01 -0.43480E-01 -0.49794E-01 -0.24243E-02  0.64921E-01  0.11827E+00  0.14203E+00  0.13883E+00  0.11951E+00  0.94523E-01  0.70466E-01  0.50252E-01  0.34485E-01  0.22721E-01  0.14229E-01  0.83404E-02
 0.24000E+01  0.22460E-01 -0.43292E-01 -0.52309E-01 -0.82485E-02  0.56953E-01  0.11009E+00  0.13519E+00  0.13395E+00  0.11649E+00  0.92893E-01  0.69725E-01  0.50006E-01  0.34476E-01  0.22799E-01  0.14320E-01  0.84116E-02
 0.26000E+01  0.22681E-01 -0.42621E-01 -0.53495E-01 -0.12393E-01  0.50471E-01  0.10287E+00  0.12870E+00  0.12897E+00  0.11310E+00  0.90797E-01  0.68532E-01  0.49377E-01  0.34172E-01  0.22666E-01  0.14269E-01  0.83966E-02
 0.28000E+01  0.22575E-01 -0.41700E-01 -0.53839E-01 -0.15351E-01  0.45160E-01  0.96517E-01  0.12268E+00  0.12411E+00  0.10959E+00  0.88473E-01  0.67086E-01  0.48519E-01  0.33682E-01  0.22396E-01  0.14126E-01  0.83246E-02
 0.30000E+01  0.22229E-01 -0.40185E-01 -0.53271E-01 -0.17663E-01  0.39892E-01  0.89602E-01  0.11571E+00  0.11814E+00  0.10504E+00  0.85260E-01  0.64940E-01  0.47141E-01  0.32824E-01  0.21878E-01  0.13825E-01  0.81584E-02
 0.00000E+00  0.87416E+00  0.31276E+00 -0.83815E-01 -0.22779E+00 -0.18361E+00 -0.71600E-01  0.21891E-01  0.68889E-01  0.78147E-01  0.67834E-01  0.51613E-01  0.36339E-01  0.24270E-01  0.15500E-01  0.94253E-02  0.53872E-02
 0.20000E+00  0.20055E+00  0.41851E+00  0.45379E+00  0.32935E+00  0.14394E+00 -0.10152E-01 -0.94260E-01 -0.11693E+00 -0.10463E+00 -0.80140E-01 -0.56101E-01 -0.37111E-01 -0.23592E-01 -0.14479E-01 -0.85290E-02 -0.47559E-02
 0.40000E+00 -0.31348E-01  0.20522E+00  0.32599E+00  0.31260E+00  0.21647E+00  0.10592E+00  0.23695E-01 -0.20550E-01 -0.36059E-01 -0.35830E-01 -0.29386E-01 -0.21817E-01 -0.15186E-01 -0.10025E-01 -0.62570E-02 -0.36490E-02
 0.60000E+00 -0.41026E-01  0.10248E+00  0.20183E+00  0.23164E+00  0.20375E+00  0.14866E+00  0.93339E-01  0.51284E-01  0.24529E-01  0.96711E-02  0.23891E-02 -0.66606E-03 -0.16006E-02 -0.15873E-02 -0.12291E-02 -0.81677E-03
 0.80000E+00 -0.29409E-01  0.48149E-01  0.12371E+00  0.17202E+00  0.18305E+00  0.16363E+00  0.12876E+00  0.92110E-01  0.61412E-01  0.38933E-01  0.23835E-01  0.14245E-01  0.83579E-02  0.48090E-02  0.26902E-02  0.14404E-02
 0.10000E+01 -0.16167E-01  0.13241E-01  0.68059E-01  0.12528E+00  0.16153E+00  0.16743E+00  0.14880E+00  0.11818E+00  0.86532E-01  0.59818E-01  0.39740E-01  0.25669E-01  0.16198E-01  0.99584E-02  0.59021E-02  0.33155E-02
 0.12000E+01 -0.41177E-02 -0.10714E-01  0.26226E-01  0.86976E-01  0.13998E+00  0.16458E+00  0.15927E+00  0.13488E+00  0.10403E+00  0.75182E-01  0.51927E-01  0.34708E-01  0.22562E-01  0.14224E-01  0.86041E-02  0.49114E-02
 0.14000E+01  0.56026E-02 -0.26268E-01 -0.38586E-02  0.56728E-01  0.11976E+00  0.15732E+00  0.16243E+00  0.14394E+00  0.11502E+00  0.85598E-01  0.60626E-01  0.41406E-01  0.27414E-01  0.17546E-01  0.10742E-01  0.61886E-02
 0.16000E+01  0.12646E-01 -0.35521E-01 -0.24184E-01  0.34011E-01  0.10198E+00  0.14774E+00  0.16049E+00  0.14714E+00  0.12068E+00  0.91763E-01  0.66185E-01  0.45907E-01  0.30789E-01  0.19914E-01  0.12293E-01  0.71275E-02
 0.18000E+01  0.17312E-01 -0.40492E-01 -0.37206E-01  0.17534E-01  0.87033E-01  0.13744E+00  0.15549E+00  0.14637E+00  0.12248E+00  0.94669E-01  0.69230E-01  0.48582E-01  0.32900E-01  0.21446E-01  0.13320E-01  0.77589E-02
 0.20000E+01  0.20150E-01 -0.42778E-01 -0.45165E-01  0.58237E-02  0.74796E-01  0.12744E+00  0.14899E+00  0.14321E+00  0.12174E+00  0.95312E-01  0.70453E-01  0.49887E-01  0.34036E-01  0.22320E-01  0.13928E-01  0.81414E-02
 0.22000E+01  0.21718E-01 -0.43480E-01 -0.49794E-01 -0.24243E-02  0.64921E-01  0.11827E+00  0.14203E+00  0.13883E+00  0.11951E+00  0.94523E-01  0.70466E-01  0.50252E-01  0.34485E-01  0.22721E-01  0.14229E-01  0.83404E-02
 0.24000E+01  0.22460E-01 -0.43292E-01 -0.52309E-01 -0.82485E-02  0.56953E-01  0.11009E+00  0.13519E+00  0.13395E+00  0.11649E+00  0.92893E-01  0.69725E-01  0.50006E-01  0.34476E-01  0.22799E-01  0.14320E-01  0.84116E-02
 0.26000E+01  0.22681E-01 -0.42621E-01 -0.53495E-01 -0.12393E-01  0.50471E-01  0.10287E+00  0.12870E+00  0.12897E+00  0.11310E+00  0.90797E-01  0.68532E-01  0.49377E-01  0.34172E-01  0.22666E-01  0.14269E-01  0.83966E-02
 0.28000E+01  0.22575E-01 -0.41700E-01 -0.53839E-01 -0.15351E-01  0.45160E-01  0.96517E-01  0.12268E+00  0.12411E+00  0.10959E+00  0.88473E-01  0.67086E-01  0.48519E-01  0.33682E-01  0.22396E-01  0.14126E-01  0.83246E-02
 0.30000E+01  0.22229E-01 -0.40185E-01 -0.53271E-01 -0.17663E-01  0.39892E-01  0.89602E-01  0.11571E+00  0.11814E+00  0.10504E+00  0.85260E-01  0.64940E-01  0.47141E-01  0.32824E-01  0.21878E-01  0.13825E-01  0.81584E-02
