 0.00000E+00  0.82950E+00  0.28744E+00 -0.82537E-01 -0.20098E+00 -0.14221E+00 -0.31414E-01  0.48490E-01  0.77959E-01  0.73162E-01  0.55298E-01  0.37239E-01  0.23525E-01  0.14331E-01  0.84992E-02  0.48826E-02  0.26752E-02
 0.20000E+00  0.28484E+00  0.43201E+00  0.40822E+00  0.25530E+00  0.74601E-01 -0.52831E-01 -0.10464E+00 -0.10200E+00 -0.76345E-01 -0.49078E-01 -0.28648E-01 -0.15727E-01 -0.82964E-02 -0.42468E-02 -0.21068E-02 -0.10031E-02
 0.40000E+00 -0.53428E-01  0.24766E+00  0.38781E+00  0.34977E+00  0.21167E+00  0.69510E-01 -0.22776E-01 -0.60254E-01 -0.62472E-01 -0.50077E-01 -0.35477E-01 -0.23522E-01 -0.14999E-01 -0.92706E-02 -0.55179E-02 -0.31124E-02
 0.60000E+00 -0.79004E-01  0.10165E+00  0.23217E+00  0.27394E+00  0.23798E+00  0.16434E+00  0.91251E-01  0.38465E-01  0.83948E-02 -0.50515E-02 -0.90724E-02 -0.87993E-02 -0.70441E-02 -0.50730E-02 -0.33609E-02 -0.20457E-02
 0.80000E+00 -0.35879E-01  0.18907E-01  0.10076E+00  0.17365E+00  0.20768E+00  0.19714E+00  0.15747E+00  0.10987E+00  0.68997E-01  0.40046E-01  0.21992E-01  0.11644E-01  0.60142E-02  0.30401E-02  0.14961E-02  0.70818E-03
 0.10000E+01 -0.45049E-02 -0.14192E-01  0.30608E-01  0.10416E+00  0.16551E+00  0.18895E+00  0.17486E+00  0.13960E+00  0.10037E+00  0.67232E-01  0.43102E-01  0.26949E-01  0.16581E-01  0.10019E-01  0.58748E-02  0.32800E-02
 0.12000E+01  0.10185E-01 -0.24884E-01 -0.13862E-02  0.64006E-01  0.13160E+00  0.16975E+00  0.17099E+00  0.14655E+00  0.11243E+00  0.80059E-01  0.54339E-01  0.35778E-01  0.23029E-01  0.14451E-01  0.87361E-02  0.49953E-02
 0.14000E+01  0.16409E-01 -0.27673E-01 -0.16069E-01  0.40902E-01  0.10760E+00  0.15166E+00  0.16166E+00  0.14496E+00  0.11570E+00  0.85354E-01  0.59773E-01  0.40426E-01  0.26605E-01  0.16995E-01  0.10417E-01  0.60195E-02
 0.16000E+01  0.18985E-01 -0.27853E-01 -0.23247E-01  0.26801E-01  0.90686E-01  0.13692E+00  0.15208E+00  0.14076E+00  0.11541E+00  0.87148E-01  0.62258E-01  0.42813E-01  0.28557E-01  0.18436E-01  0.11393E-01  0.66233E-02
 0.18000E+01  0.19967E-01 -0.27188E-01 -0.26990E-01  0.17569E-01  0.78331E-01  0.12513E+00  0.14347E+00  0.13599E+00  0.11371E+00  0.87307E-01  0.63248E-01  0.43994E-01  0.29615E-01  0.19256E-01  0.11964E-01  0.69832E-02
 0.20000E+01  0.20212E-01 -0.26267E-01 -0.29013E-01  0.11150E-01  0.68937E-01  0.11556E+00  0.13595E+00  0.13130E+00  0.11147E+00  0.86670E-01  0.63445E-01  0.44506E-01  0.30160E-01  0.19712E-01  0.12295E-01  0.71979E-02
 0.22000E+01  0.20098E-01 -0.25295E-01 -0.30102E-01  0.64706E-02  0.61536E-01  0.10762E+00  0.12936E+00  0.12687E+00  0.10903E+00  0.85628E-01  0.63198E-01  0.44625E-01  0.30398E-01  0.19947E-01  0.12479E-01  0.73220E-02
 0.24000E+01  0.19799E-01 -0.24348E-01 -0.30655E-01  0.29197E-02  0.55517E-01  0.10088E+00  0.12353E+00  0.12273E+00  0.10655E+00  0.84375E-01  0.62690E-01  0.44503E-01  0.30442E-01  0.20040E-01  0.12568E-01  0.73871E-02
 0.26000E+01  0.19406E-01 -0.23449E-01 -0.30881E-01  0.13538E-03  0.50487E-01  0.95038E-01  0.11831E+00  0.11888E+00  0.10411E+00  0.83017E-01  0.62028E-01  0.44230E-01  0.30361E-01  0.20040E-01  0.12593E-01  0.74131E-02
 0.28000E+01  0.18963E-01 -0.22604E-01 -0.30903E-01 -0.21119E-02  0.46184E-01  0.89887E-01  0.11359E+00  0.11527E+00  0.10173E+00  0.81618E-01  0.61282E-01  0.43867E-01  0.30203E-01  0.19982E-01  0.12578E-01  0.74138E-02
 0.30000E+01  0.18371E-01 -0.21567E-01 -0.30673E-01 -0.43270E-02  0.41572E-01  0.84150E-01  0.10815E+00  0.11099E+00  0.98784E-01  0.79787E-01  0.60228E-01  0.43294E-01  0.29906E-01  0.19835E-01  0.12510E-01  0.73836E-02
 0.00000E+00  0.82950E+00  0.28744E+00 -0.82537E-01 -0.20098E+00 -0.14221E+00 -0.31414E-01  0.48490E-01  0.77959E-01  0.73162E-01  0.55298E-01  0.37239E-01  0.23525E-01  0.14331E-01  0.84992E-02  0.48826E-02  0.26752E-02
 0.20000E+00  0.28484E+00  0.43201E+00  0.40822E+00  0.25530E+00  0.74601E-01 -0.52831E-01 -0.10464E+00 -0.10200E+00 -0.76345E-01 -0.49078E-01 -0.28648E-01 -0.15727E-01 -0.82964E-02 -0.42468E-02 -0.21068E-02 -0.10031E-02
 0.40000E+00 -0.53428E-01  0.24766E+00  0.38781E+00  0.34977E+00  0.21167E+00  0.69510E-01 -0.22776E-01 -0.60254E-01 -0.62472E-01 -0.50077E-01 -0.35477E-01 -0.23522E-01 -0.14999E-01 -0.92706E-02 -0.55179E-02 -0.31124E-02
 0.60000E+00 -0.79004E-01  0.10165E+00  0.23217E+00  0.27394E+00  0.23798E+00  0.16434E+00  0.91251E-01  0.38465E-01  0.83948E-02 -0.50515E-02 -0.90724E-02 -0.87993E-02 -0.70441E-02 -0.50730E-02 -0.33609E-02 -0.20457E-02
 0.80000E+00 -0.35879E-01  0.18907E-01  0.10076E+00  0.17365E+00  0.20768E+00  0.19714E+00  0.15747E+00  0.10987E+00  0.68997E-01  0.40046E-01  0.21992E-01  0.11644E-01  0.60142E-02  0.30401E-02  0.14961E-02  0.70818E-03
 0.10000E+01 -0.45049E-02 -0.14192E-01  0.30608E-01  0.10416E+00  0.16551E+00  0.18895E+00  0.17486E+00  0.13960E+00  0.10037E+00  0.67232E-01  0.43102E-01  0.26949E-01  0.16581E-01  0.10019E-01  0.58748E-02  0.32800E-02
 0.12000E+01  0.10185E-01 -0.24884E-01 -0.13862E-02  0.64006E-01  0.13160E+00  0.16975E+00  0.17099E+00  0.14655E+00  0.11243E+00  0.80059E-01  0.54339E-01  0.35778E-01  0.23029E-01  0.14451E-01  0.87361E-02  0.49953E-02
 0.14000E+01  0.16409E-01 -0.27673E-01 -0.16069E-01  0.40902E-01  0.10760E+00  0.15166E+00  0.16166E+00  0.14496E+00  0.11570E+00  0.85354E-01  0.59773E-01  0.40426E-01  0.26605E-01  0.16995E-01  0.10417E-01  0.60195E-02
 0.16000E+01  0.18985E-01 -0.27853E-01 -0.23247E-01  0.26801E-01  0.90686E-01  0.13692E+00  0.15208E+00  0.14076E+00  0.11541E+00  0.87148E-01  0.62258E-01  0.42813E-01  0.28557E-01  0.18436E-01  0.11393E-01  0.66233E-02
 0.18000E+01  0.19967E-01 -0.27188E-01 -0.26990E-01  0.17569E-01  0.78331E-01  0.12513E+00  0.14347E+00  0.13599E+00  0.11371E+00  0.87307E-01  0.63248E-01  0.43994E-01  0.29615E-01  0.19256E-01  0.11964E-01  0.69832E-02
 0.20000E+01  0.20212E-01 -0.26267E-01 -0.29013E-01  0.11150E-01  0.68937E-01  0.11556E+00  0.13595E+00  0.13130E+00  0.11147E+00  0.86670E-01  0.63445E-01  0.44506E-01  0.30160E-01  0.19712E-01  0.12295E-01  0.71979E-02
 0.22000E+01  0.20098E-01 -0.25295E-01 -0.30102E-01  0.64706E-02  0.61536E-01  0.10762E+00  0.12936E+00  0.12687E+00  0.10903E+00  0.85628E-01  0.63198E-01  0.44625E-01  0.30398E-01  0.19947E-01  0.12479E-01  0.73220E-02
 0.24000E+01  0.19799E-01 -0.24348E-01 -0.30655E-01  0.29197E-02  0.55517E-01  0.10088E+00  0.12353E+00  0.12273E+00  0.10655E+00  0.84375E-01  0.62690E-01  0.44503E-01  0.30442E-01  0.20040E-01  0.12568E-01  0.73871E-02
 0.26000E+01  0.19406E-01 -0.23449E-01 -0.30881E-01  0.13538E-03  0.50487E-01  0.95038E-01  0.11831E+00  0.11888E+00  0.10411E+00  0.83017E-01  0.62028E-01  0.44230E-01  0.30361E-01  0.20040E-01  0.12593E-01  0.74131E-02
 0.28000E+01  0.18963E-01 -0.22604E-01 -0.30903E-01 -0.21119E-02  0.46184E-01  0.89887E-01  0.11359E+00  0.11527E+00  0.10173E+00  0.81618E-01  0.61282E-01  0.43867E-01  0.30203E-01  0.19982E-01  0.12578E-01  0.74138E-02
 0.30000E+01  0.18371E-01 -0.21567E-01 -0.30673E-01 -0.43270E-02  0.41572E-01  0.84150E-01  0.10815E+00  0.11099E+00  0.98784E-01  0.79787E-01  0.60228E-01  0.43294E-01  0.29906E-01  0.19835E-01  0.12510E-01  0.73836E-02
