 0.00000E+00  0.61642E+00  0.35667E+00  0.23598E-01 -0.11119E+00 -0.98521E-01 -0.55339E-01 -0.25176E-01 -0.96297E-02 -0.27327E-02 -0.79689E-04  0.70750E-03  0.76725E-03  0.60018E-03  0.40490E-03  0.24349E-03  0.12299E-03
 0.20000E+00  0.45903E+00  0.44249E+00  0.27471E+00  0.11381E+00  0.27199E-01 -0.50907E-02 -0.12772E-01 -0.11834E-01 -0.87833E-02 -0.58672E-02 -0.36628E-02 -0.21656E-02 -0.12136E-02 -0.63873E-03 -0.30818E-03 -0.12827E-03
 0.40000E+00  0.45170E-02  0.21890E+00  0.33212E+00  0.27823E+00  0.16843E+00  0.84499E-01  0.37457E-01  0.14610E-01  0.44898E-02  0.44190E-03 -0.90265E-03 -0.11397E-02 -0.98531E-03 -0.73672E-03 -0.49184E-03 -0.27033E-03
 0.60000E+00 -0.10725E+00  0.10684E+00  0.27558E+00  0.28244E+00  0.20332E+00  0.12373E+00  0.69427E-01  0.37134E-01  0.19042E-01  0.92635E-02  0.41469E-02  0.15731E-02  0.35163E-03 -0.16556E-03 -0.30624E-03 -0.23786E-03
 0.80000E+00 -0.11972E+00  0.45577E-01  0.20598E+00  0.24556E+00  0.19976E+00  0.13615E+00  0.84835E-01  0.50049E-01  0.28263E-01  0.15254E-01  0.77734E-02  0.36278E-02  0.14290E-02  0.34049E-03 -0.10629E-03 -0.17721E-03
 0.10000E+01 -0.10401E+00  0.10292E-01  0.14550E+00  0.20103E+00  0.18126E+00  0.13393E+00  0.88930E-01  0.55216E-01  0.32571E-01  0.18311E-01  0.97427E-02  0.48052E-02  0.20827E-02  0.67194E-03  0.42077E-04 -0.12181E-03
 0.12000E+01 -0.82436E-01 -0.10397E-01  0.97327E-01  0.15861E+00  0.15706E+00  0.12364E+00  0.85809E-01  0.55039E-01  0.33315E-01  0.19155E-01  0.10422E-01  0.52780E-02  0.23829E-02  0.84856E-03  0.13740E-03 -0.77608E-04
 0.14000E+01 -0.62080E-01 -0.22380E-01  0.60078E-01  0.12087E+00  0.13119E+00  0.10896E+00  0.78250E-01  0.51386E-01  0.31661E-01  0.18478E-01  0.10199E-01  0.52493E-02  0.24267E-02  0.90975E-03  0.19090E-03 -0.43782E-04
 0.16000E+01 -0.44965E-01 -0.28947E-01  0.31640E-01  0.88122E-01  0.10551E+00  0.92091E-01  0.68080E-01  0.45563E-01  0.28465E-01  0.16802E-01  0.93724E-02  0.48813E-02  0.22945E-02  0.89008E-03  0.21396E-03 -0.18246E-04
 0.18000E+01 -0.31310E-01 -0.32049E-01  0.10050E-01  0.59914E-01  0.80884E-01  0.74303E-01  0.56467E-01  0.38448E-01  0.24314E-01  0.14493E-01  0.81581E-02  0.42915E-02  0.20456E-02  0.81569E-03  0.21567E-03  0.10292E-05
 0.20000E+01 -0.20776E-01 -0.32895E-01 -0.62505E-02  0.35673E-01  0.57709E-01  0.56401E-01  0.44188E-01  0.30636E-01  0.19617E-01  0.11809E-01  0.67075E-02  0.35638E-02  0.17226E-02  0.70561E-03  0.20281E-03  0.15645E-04
 0.22000E+01 -0.12923E-01 -0.32276E-01 -0.18420E-01  0.14920E-01  0.36238E-01  0.38948E-01  0.31801E-01  0.22562E-01  0.14671E-01  0.89376E-02  0.51325E-02  0.27602E-02  0.13570E-02  0.57392E-03  0.18039E-03  0.26769E-04
 0.24000E+01 -0.72610E-02 -0.30711E-01 -0.27380E-01 -0.28230E-02  0.16544E-01  0.22276E-01  0.19665E-01  0.14516E-01  0.96781E-02  0.60090E-02  0.35104E-02  0.19240E-02  0.97103E-03  0.43064E-03  0.15204E-03  0.35308E-04
 0.26000E+01 -0.33441E-02 -0.28534E-01 -0.33879E-01 -0.18080E-01 -0.15209E-02  0.64581E-02  0.79193E-02  0.66263E-02  0.47365E-02  0.30882E-02  0.18817E-02  0.10783E-02  0.57695E-03  0.28161E-03  0.12009E-03  0.41978E-04
 0.28000E+01 -0.85278E-03 -0.25959E-01 -0.38461E-01 -0.31304E-01 -0.18175E-01 -0.85624E-02 -0.34219E-02 -0.10731E-02 -0.12248E-03  0.19907E-03  0.26222E-03  0.23292E-03  0.18036E-03  0.12973E-03  0.85893E-04  0.47306E-04
 0.30000E+01  0.16167E-02 -0.24455E-01 -0.43455E-01 -0.43206E-01 -0.32436E-01 -0.21147E-01 -0.12816E-01 -0.74057E-02 -0.40989E-02 -0.21553E-02 -0.10520E-02 -0.44968E-03 -0.13744E-03  0.10059E-04  0.60877E-04  0.53304E-04
