 0.00000E+00  0.68586E+00  0.34017E+00 -0.31132E-01 -0.13569E+00 -0.87199E-01 -0.30533E-01 -0.12267E-02  0.92299E-02  0.10959E-01  0.94114E-02  0.70553E-02  0.48780E-02  0.31819E-02  0.19747E-02  0.11464E-02  0.57168E-03
 0.20000E+00  0.42316E+00  0.45306E+00  0.30382E+00  0.12497E+00  0.18651E-01 -0.20974E-01 -0.28183E-01 -0.24264E-01 -0.17984E-01 -0.12295E-01 -0.79401E-02 -0.48873E-02 -0.28717E-02 -0.16037E-02 -0.83526E-03 -0.37861E-03
 0.40000E+00 -0.57673E-01  0.23045E+00  0.37905E+00  0.30213E+00  0.16249E+00  0.66117E-01  0.18423E-01 -0.11698E-02 -0.75135E-02 -0.82520E-02 -0.69694E-02 -0.52412E-02 -0.36821E-02 -0.24604E-02 -0.15342E-02 -0.80961E-03
 0.60000E+00 -0.11524E+00  0.10905E+00  0.28395E+00  0.28830E+00  0.20457E+00  0.12254E+00  0.67620E-01  0.35362E-01  0.17440E-01  0.78456E-02  0.29187E-02  0.53981E-03 -0.48942E-03 -0.82218E-03 -0.77512E-03 -0.50899E-03
 0.80000E+00 -0.93496E-01  0.41369E-01  0.18899E+00  0.23866E+00  0.20394E+00  0.14427E+00  0.92740E-01  0.56480E-01  0.33043E-01  0.18544E-01  0.98633E-02  0.48401E-02  0.20534E-02  0.60705E-03 -0.26304E-04 -0.16809E-03
 0.10000E+01 -0.62969E-01  0.34117E-03  0.11414E+00  0.18712E+00  0.18681E+00  0.14678E+00  0.10186E+00  0.66034E-01  0.40912E-01  0.24353E-01  0.13871E-01  0.74719E-02  0.37119E-02  0.16116E-02  0.54661E-03  0.11395E-03
 0.12000E+01 -0.35227E-01 -0.26220E-01  0.56062E-01  0.14038E+00  0.16408E+00  0.14027E+00  0.10270E+00  0.69284E-01  0.44422E-01  0.27334E-01  0.16141E-01  0.90908E-02  0.48164E-02  0.23373E-02  0.99452E-03  0.34871E-03
 0.14000E+01 -0.12010E-01 -0.43693E-01  0.10943E-01  0.99392E-01  0.13976E+00  0.12918E+00  0.98888E-01  0.68852E-01  0.45320E-01  0.28589E-01  0.17333E-01  0.10073E-01  0.55667E-02  0.28806E-02  0.13578E-02  0.54992E-03
 0.16000E+01  0.63832E-02 -0.54685E-01 -0.23722E-01  0.63674E-01  0.11491E+00  0.11502E+00  0.91757E-01  0.65709E-01  0.44263E-01  0.28533E-01  0.17696E-01  0.10558E-01  0.60358E-02  0.32755E-02  0.16498E-02  0.72168E-03
 0.18000E+01  0.20066E-01 -0.60786E-01 -0.49740E-01  0.32587E-01  0.89918E-01  0.98513E-01  0.81987E-01  0.60372E-01  0.41598E-01  0.27386E-01  0.17359E-01  0.10617E-01  0.62591E-02  0.35372E-02  0.18755E-02  0.86486E-03
 0.20000E+01  0.29417E-01 -0.63158E-01 -0.68594E-01  0.55794E-02  0.65088E-01  0.80284E-01  0.70166E-01  0.53289E-01  0.37632E-01  0.25343E-01  0.16439E-01  0.10315E-01  0.62698E-02  0.36808E-02  0.20402E-02  0.98084E-03
 0.22000E+01  0.34989E-01 -0.62728E-01 -0.81544E-01 -0.17728E-01  0.40857E-01  0.61041E-01  0.56945E-01  0.44951E-01  0.32704E-01  0.22619E-01  0.15066E-01  0.97269E-02  0.61076E-02  0.37248E-02  0.21517E-02  0.10720E-02
 0.24000E+01  0.37429E-01 -0.60251E-01 -0.89734E-01 -0.37720E-01  0.17586E-01  0.41408E-01  0.42909E-01  0.35807E-01  0.27123E-01  0.19418E-01  0.13365E-01  0.89241E-02  0.58113E-02  0.36887E-02  0.22181E-02  0.11414E-02
 0.26000E+01  0.37361E-01 -0.56314E-01 -0.94197E-01 -0.54891E-01 -0.46167E-02  0.21757E-01  0.28443E-01  0.26169E-01  0.21114E-01  0.15889E-01  0.11431E-01  0.79641E-02  0.54134E-02  0.35896E-02  0.22478E-02  0.11924E-02
 0.28000E+01  0.35274E-01 -0.51332E-01 -0.95748E-01 -0.69726E-01 -0.25803E-01  0.22472E-02  0.13750E-01  0.16210E-01  0.14806E-01  0.12120E-01  0.93212E-02  0.68815E-02  0.49338E-02  0.34381E-02  0.22462E-02  0.12274E-02
 0.30000E+01  0.34643E-01 -0.48962E-01 -0.99495E-01 -0.82848E-01 -0.42638E-01 -0.12657E-01  0.27490E-02  0.88489E-02  0.10189E-01  0.93870E-02  0.78059E-02  0.61148E-02  0.46031E-02  0.33424E-02  0.22552E-02  0.12588E-02
