 0.00000E+00  0.78443E+00  0.37308E+00  0.34568E-01 -0.14528E+00 -0.18223E+00 -0.14308E+00 -0.87321E-01 -0.43924E-01 -0.18014E-01 -0.50187E-02  0.56260E-03  0.24448E-02  0.26586E-02  0.22139E-02  0.15934E-02  0.10197E-02
 0.20000E+00  0.28612E+00  0.37756E+00  0.36719E+00  0.27654E+00  0.15990E+00  0.63422E-01  0.47483E-02 -0.21258E-01 -0.27565E-01 -0.25017E-01 -0.19785E-01 -0.14548E-01 -0.10170E-01 -0.67821E-02 -0.42803E-02 -0.25204E-02
 0.40000E+00 -0.14558E-02  0.15997E+00  0.25418E+00  0.26404E+00  0.21561E+00  0.14848E+00  0.90173E-01  0.50069E-01  0.26142E-01  0.13037E-01  0.62037E-02  0.27592E-02  0.10922E-02  0.33911E-03  0.39938E-04 -0.49164E-04
 0.60000E+00 -0.31029E-01  0.80982E-01  0.16319E+00  0.19470E+00  0.18174E+00  0.14510E+00  0.10432E+00  0.70122E-01  0.45311E-01  0.28667E-01  0.17928E-01  0.11116E-01  0.68174E-02  0.41040E-02  0.23929E-02  0.13268E-02
 0.80000E+00 -0.32550E-01  0.53404E-01  0.12438E+00  0.16005E+00  0.15947E+00  0.13541E+00  0.10317E+00  0.73104E-01  0.49480E-01  0.32582E-01  0.21095E-01  0.13484E-01  0.84931E-02  0.52322E-02  0.31101E-02  0.17514E-02
 0.10000E+01 -0.31867E-01  0.41263E-01  0.10604E+00  0.14277E+00  0.14745E+00  0.12917E+00  0.10111E+00  0.73303E-01  0.50559E-01  0.33809E-01  0.22171E-01  0.14324E-01  0.91055E-02  0.56526E-02  0.33811E-02  0.19135E-02
 0.12000E+01 -0.30793E-01  0.32947E-01  0.92923E-01  0.13004E+00  0.13825E+00  0.12404E+00  0.99033E-01  0.72965E-01  0.50979E-01  0.34443E-01  0.22776E-01  0.14818E-01  0.94749E-02  0.59106E-02  0.35493E-02  0.20149E-02
 0.14000E+01 -0.29309E-01  0.25623E-01  0.80812E-01  0.11789E+00  0.12907E+00  0.11851E+00  0.96392E-01  0.72066E-01  0.50931E-01  0.34721E-01  0.23126E-01  0.15136E-01  0.97261E-02  0.60922E-02  0.36704E-02  0.20890E-02
 0.16000E+01 -0.27517E-01  0.18967E-01  0.69260E-01  0.10586E+00  0.11952E+00  0.11232E+00  0.92998E-01  0.70487E-01  0.50341E-01  0.34599E-01  0.23195E-01  0.15261E-01  0.98497E-02  0.61919E-02  0.37412E-02  0.21341E-02
 0.18000E+01 -0.25597E-01  0.13115E-01  0.58593E-01  0.94293E-01  0.10989E+00  0.10562E+00  0.88926E-01  0.68249E-01  0.49203E-01  0.34061E-01  0.22964E-01  0.15180E-01  0.98345E-02  0.62016E-02  0.37565E-02  0.21469E-02
 0.20000E+01 -0.23716E-01  0.81722E-02  0.49122E-01  0.83602E-01  0.10054E+00  0.98722E-01  0.84393E-01  0.65493E-01  0.47606E-01  0.33162E-01  0.22467E-01  0.14910E-01  0.96912E-02  0.61275E-02  0.37194E-02  0.21292E-02
 0.22000E+01 -0.21988E-01  0.41338E-02  0.40983E-01  0.74037E-01  0.91805E-01  0.91927E-01  0.79657E-01  0.62419E-01  0.45692E-01  0.31997E-01  0.21768E-01  0.14494E-01  0.94470E-02  0.59865E-02  0.36403E-02  0.20868E-02
 0.24000E+01 -0.20466E-01  0.89497E-03  0.34120E-01  0.65654E-01  0.83831E-01  0.85456E-01  0.74941E-01  0.59217E-01  0.43610E-01  0.30677E-01  0.20943E-01  0.13984E-01  0.91358E-02  0.58002E-02  0.35323E-02  0.20273E-02
 0.26000E+01 -0.19159E-01 -0.16834E-02  0.28380E-01  0.58377E-01  0.76656E-01  0.79422E-01  0.70389E-01  0.56025E-01  0.41473E-01  0.29286E-01  0.20053E-01  0.13422E-01  0.87856E-02  0.55869E-02  0.34068E-02  0.19572E-02
 0.28000E+01 -0.18058E-01 -0.37292E-02  0.23596E-01  0.52091E-01  0.70251E-01  0.73867E-01  0.66079E-01  0.52926E-01  0.39354E-01  0.27881E-01  0.19139E-01  0.12837E-01  0.84167E-02  0.53597E-02  0.32719E-02  0.18812E-02
 0.30000E+01 -0.16888E-01 -0.56575E-02  0.18745E-01  0.45436E-01  0.63221E-01  0.67577E-01  0.61067E-01  0.49242E-01  0.36787E-01  0.26153E-01  0.18001E-01  0.12100E-01  0.79476E-02  0.50684E-02  0.30977E-02  0.17827E-02
 0.00000E+00  0.78443E+00  0.37308E+00  0.34568E-01 -0.14528E+00 -0.18223E+00 -0.14308E+00 -0.87321E-01 -0.43924E-01 -0.18014E-01 -0.50187E-02  0.56260E-03  0.24448E-02  0.26586E-02  0.22139E-02  0.15934E-02  0.10197E-02
 0.20000E+00  0.28612E+00  0.37756E+00  0.36719E+00  0.27654E+00  0.15990E+00  0.63422E-01  0.47483E-02 -0.21258E-01 -0.27565E-01 -0.25017E-01 -0.19785E-01 -0.14548E-01 -0.10170E-01 -0.67821E-02 -0.42803E-02 -0.25204E-02
 0.40000E+00 -0.14558E-02  0.15997E+00  0.25418E+00  0.26404E+00  0.21561E+00  0.14848E+00  0.90173E-01  0.50069E-01  0.26142E-01  0.13037E-01  0.62037E-02  0.27592E-02  0.10922E-02  0.33911E-03  0.39938E-04 -0.49164E-04
 0.60000E+00 -0.31029E-01  0.80982E-01  0.16319E+00  0.19470E+00  0.18174E+00  0.14510E+00  0.10432E+00  0.70122E-01  0.45311E-01  0.28667E-01  0.17928E-01  0.11116E-01  0.68174E-02  0.41040E-02  0.23929E-02  0.13268E-02
 0.80000E+00 -0.32550E-01  0.53404E-01  0.12438E+00  0.16005E+00  0.15947E+00  0.13541E+00  0.10317E+00  0.73104E-01  0.49480E-01  0.32582E-01  0.21095E-01  0.13484E-01  0.84931E-02  0.52322E-02  0.31101E-02  0.17514E-02
 0.10000E+01 -0.31867E-01  0.41263E-01  0.10604E+00  0.14277E+00  0.14745E+00  0.12917E+00  0.10111E+00  0.73303E-01  0.50559E-01  0.33809E-01  0.22171E-01  0.14324E-01  0.91055E-02  0.56526E-02  0.33811E-02  0.19135E-02
 0.12000E+01 -0.30793E-01  0.32947E-01  0.92923E-01  0.13004E+00  0.13825E+00  0.12404E+00  0.99033E-01  0.72965E-01  0.50979E-01  0.34443E-01  0.22776E-01  0.14818E-01  0.94749E-02  0.59106E-02  0.35493E-02  0.20149E-02
 0.14000E+01 -0.29309E-01  0.25623E-01  0.80812E-01  0.11789E+00  0.12907E+00  0.11851E+00  0.96392E-01  0.72066E-01  0.50931E-01  0.34721E-01  0.23126E-01  0.15136E-01  0.97261E-02  0.60922E-02  0.36704E-02  0.20890E-02
 0.16000E+01 -0.27517E-01  0.18967E-01  0.69260E-01  0.10586E+00  0.11952E+00  0.11232E+00  0.92998E-01  0.70487E-01  0.50341E-01  0.34599E-01  0.23195E-01  0.15261E-01  0.98497E-02  0.61919E-02  0.37412E-02  0.21341E-02
 0.18000E+01 -0.25597E-01  0.13115E-01  0.58593E-01  0.94293E-01  0.10989E+00  0.10562E+00  0.88926E-01  0.68249E-01  0.49203E-01  0.34061E-01  0.22964E-01  0.15180E-01  0.98345E-02  0.62016E-02  0.37565E-02  0.21469E-02
 0.20000E+01 -0.23716E-01  0.81722E-02  0.49122E-01  0.83602E-01  0.10054E+00  0.98722E-01  0.84393E-01  0.65493E-01  0.47606E-01  0.33162E-01  0.22467E-01  0.14910E-01  0.96912E-02  0.61275E-02  0.37194E-02  0.21292E-02
 0.22000E+01 -0.21988E-01  0.41338E-02  0.40983E-01  0.74037E-01  0.91805E-01  0.91927E-01  0.79657E-01  0.62419E-01  0.45692E-01  0.31997E-01  0.21768E-01  0.14494E-01  0.94470E-02  0.59865E-02  0.36403E-02  0.20868E-02
 0.24000E+01 -0.20466E-01  0.89497E-03  0.34120E-01  0.65654E-01  0.83831E-01  0.85456E-01  0.74941E-01  0.59217E-01  0.43610E-01  0.30677E-01  0.20943E-01  0.13984E-01  0.91358E-02  0.58002E-02  0.35323E-02  0.20273E-02
 0.26000E+01 -0.19159E-01 -0.16834E-02  0.28380E-01  0.58377E-01  0.76656E-01  0.79422E-01  0.70389E-01  0.56025E-01  0.41473E-01  0.29286E-01  0.20053E-01  0.13422E-01  0.87856E-02  0.55869E-02  0.34068E-02  0.19572E-02
 0.28000E+01 -0.18058E-01 -0.37292E-02  0.23596E-01  0.52091E-01  0.70251E-01  0.73867E-01  0.66079E-01  0.52926E-01  0.39354E-01  0.27881E-01  0.19139E-01  0.12837E-01  0.84167E-02  0.53597E-02  0.32719E-02  0.18812E-02
 0.30000E+01 -0.16888E-01 -0.56575E-02  0.18745E-01  0.45436E-01  0.63221E-01  0.67577E-01  0.61067E-01  0.49242E-01  0.36787E-01  0.26153E-01  0.18001E-01  0.12100E-01  0.79476E-02  0.50684E-02  0.30977E-02  0.17827E-02
