 0.00000E+00  0.75749E+00  0.29831E+00 -0.98239E-01 -0.14173E+00 -0.47289E-01  0.13432E-01  0.28228E-01  0.23765E-01  0.15503E-01  0.85933E-02  0.39543E-02  0.12141E-02 -0.22132E-03 -0.83260E-03 -0.90615E-03 -0.62921E-03
 0.20000E+00  0.36625E+00  0.49128E+00  0.36185E+00  0.13070E+00 -0.14716E-01 -0.58320E-01 -0.53946E-01 -0.37891E-01 -0.23336E-01 -0.13049E-01 -0.65686E-02 -0.27995E-02 -0.76991E-03  0.20111E-03  0.51594E-03  0.42305E-03
 0.40000E+00 -0.11203E+00  0.25935E+00  0.42527E+00  0.30319E+00  0.13162E+00  0.34779E-01 -0.48158E-03 -0.83980E-02 -0.74545E-02 -0.47024E-02 -0.23218E-02 -0.74104E-03  0.14825E-03  0.54711E-03  0.59980E-03  0.41766E-03
 0.60000E+00 -0.10054E+00  0.96026E-01  0.26305E+00  0.28159E+00  0.21147E+00  0.13418E+00  0.78555E-01  0.43912E-01  0.23592E-01  0.12081E-01  0.57574E-02  0.24055E-02  0.71536E-03 -0.61740E-04 -0.32159E-03 -0.27843E-03
 0.80000E+00 -0.44520E-01  0.11072E-01  0.14004E+00  0.23187E+00  0.23058E+00  0.17596E+00  0.11599E+00  0.70010E-01  0.39547E-01  0.20877E-01  0.10054E-01  0.41005E-02  0.10291E-02 -0.38596E-03 -0.81832E-03 -0.65474E-03
 0.10000E+01 -0.81777E-02 -0.29933E-01  0.66326E-01  0.18608E+00  0.21983E+00  0.18192E+00  0.12532E+00  0.77751E-01  0.44813E-01  0.24079E-01  0.11828E-01  0.49827E-02  0.13944E-02 -0.29384E-03 -0.84335E-03 -0.69952E-03
 0.12000E+01  0.10015E-01 -0.48172E-01  0.23857E-01  0.14752E+00  0.19611E+00  0.17003E+00  0.12013E+00  0.75909E-01  0.44519E-01  0.24433E-01  0.12395E-01  0.55626E-02  0.19054E-02  0.11993E-03 -0.54173E-03 -0.52263E-03
 0.14000E+01  0.16125E-01 -0.53891E-01  0.55448E-03  0.11524E+00  0.16689E+00  0.14928E+00  0.10750E+00  0.69106E-01  0.41367E-01  0.23364E-01  0.12407E-01  0.60617E-02  0.25639E-02  0.76273E-03 -0.23176E-04 -0.20217E-03
 0.16000E+01  0.14197E-01 -0.52118E-01 -0.10390E-01  0.87839E-01  0.13524E+00  0.12377E+00  0.90725E-01  0.59536E-01  0.36645E-01  0.21549E-01  0.12170E-01  0.65803E-02  0.33648E-02  0.15847E-02  0.65541E-03  0.22179E-03
 0.18000E+01  0.72343E-02 -0.45950E-01 -0.13418E-01  0.64388E-01  0.10321E+00  0.96226E-01  0.72019E-01  0.48642E-01  0.31178E-01  0.19398E-01  0.11845E-01  0.71421E-02  0.42671E-02  0.25217E-02  0.14332E-02  0.70895E-03
 0.20000E+01 -0.28808E-02 -0.37195E-01 -0.11283E-01  0.44127E-01  0.71816E-01  0.68138E-01  0.52601E-01  0.37232E-01  0.25431E-01  0.17142E-01  0.11523E-01  0.77630E-02  0.52493E-02  0.35386E-02  0.22766E-02  0.12370E-02
 0.22000E+01 -0.14888E-01 -0.27054E-01 -0.58358E-02  0.26521E-01  0.41699E-01  0.40466E-01  0.33264E-01  0.25825E-01  0.19693E-01  0.14919E-01  0.11250E-01  0.84389E-02  0.62851E-02  0.46027E-02  0.31563E-02  0.17871E-02
 0.24000E+01 -0.27855E-01 -0.16201E-01  0.17155E-02  0.11106E-01  0.13136E-01  0.13714E-01  0.14438E-01  0.14701E-01  0.14117E-01  0.12793E-01  0.11040E-01  0.91576E-02  0.73512E-02  0.56885E-02  0.40509E-02  0.23455E-02
 0.26000E+01 -0.41215E-01 -0.51700E-02  0.10475E-01 -0.24953E-02 -0.13732E-01 -0.11801E-01 -0.36004E-02  0.40414E-02  0.88006E-02  0.10807E-01  0.10900E-01  0.99077E-02  0.84291E-02  0.67767E-02  0.49440E-02  0.29020E-02
 0.28000E+01 -0.54812E-01  0.59153E-02  0.20065E-01 -0.14699E-01 -0.39212E-01 -0.36264E-01 -0.20946E-01 -0.61948E-02  0.37321E-02  0.89598E-02  0.10836E-01  0.10699E-01  0.95283E-02  0.78752E-02  0.58418E-02  0.34604E-02
 0.30000E+01 -0.64922E-01  0.13959E-01  0.25732E-01 -0.26391E-01 -0.60850E-01 -0.56487E-01 -0.35110E-01 -0.14484E-01 -0.33535E-03  0.75051E-02  0.10819E-01  0.11365E-01  0.10436E-01  0.87762E-02  0.65759E-02  0.39163E-02
