 0.00000E+00  0.76277E+00  0.30744E+00 -0.36311E-01 -0.17911E+00 -0.15847E+00 -0.69922E-01  0.10127E-01  0.52758E-01  0.62727E-01  0.55166E-01  0.42130E-01  0.29732E-01  0.19944E-01  0.12824E-01  0.78625E-02  0.45316E-02
 0.20000E+00  0.37009E+00  0.42062E+00  0.36301E+00  0.23071E+00  0.87114E-01 -0.18114E-01 -0.70040E-01 -0.80446E-01 -0.69180E-01 -0.51586E-01 -0.35473E-01 -0.23247E-01 -0.14754E-01 -0.90924E-02 -0.53954E-02 -0.30331E-02
 0.40000E+00 -0.46638E-01  0.22639E+00  0.36706E+00  0.34904E+00  0.23164E+00  0.98222E-01  0.21282E-02 -0.45247E-01 -0.57063E-01 -0.50961E-01 -0.39254E-01 -0.27908E-01 -0.18853E-01 -0.12201E-01 -0.75228E-02 -0.43558E-02
 0.60000E+00 -0.89257E-01  0.98175E-01  0.22856E+00  0.26699E+00  0.22976E+00  0.15896E+00  0.91054E-01  0.42904E-01  0.15289E-01  0.21537E-02 -0.28434E-02 -0.39912E-02 -0.36040E-02 -0.27549E-02 -0.18897E-02 -0.11755E-02
 0.80000E+00 -0.53540E-01  0.31213E-01  0.11707E+00  0.17514E+00  0.19251E+00  0.17518E+00  0.13931E+00  0.10034E+00  0.67337E-01  0.43113E-01  0.26824E-01  0.16414E-01  0.99213E-02  0.58997E-02  0.34091E-02  0.18789E-02
 0.10000E+01 -0.21536E-01 -0.67695E-03  0.51504E-01  0.11326E+00  0.15794E+00  0.17146E+00  0.15688E+00  0.12686E+00  0.93863E-01  0.65326E-01  0.43674E-01  0.28437E-01  0.18132E-01  0.11280E-01  0.67658E-02  0.38419E-02
 0.12000E+01 -0.12620E-02 -0.16057E-01  0.14601E-01  0.74568E-01  0.13164E+00  0.16163E+00  0.16000E+00  0.13685E+00  0.10569E+00  0.76120E-01  0.52338E-01  0.34879E-01  0.22670E-01  0.14326E-01  0.87006E-02  0.49887E-02
 0.14000E+01  0.11006E-01 -0.23769E-01 -0.68546E-02  0.49733E-01  0.11200E+00  0.15079E+00  0.15713E+00  0.13907E+00  0.11017E+00  0.80952E-01  0.56576E-01  0.38216E-01  0.25116E-01  0.16015E-01  0.97954E-02  0.56473E-02
 0.16000E+01  0.18486E-01 -0.27713E-01 -0.19862E-01  0.33075E-01  0.97034E-01  0.14051E+00  0.15191E+00  0.13768E+00  0.11098E+00  0.82675E-01  0.58432E-01  0.39836E-01  0.26381E-01  0.16925E-01  0.10402E-01  0.60197E-02
 0.18000E+01  0.23098E-01 -0.29684E-01 -0.28015E-01  0.21440E-01  0.85328E-01  0.13122E+00  0.14592E+00  0.13461E+00  0.10993E+00  0.82731E-01  0.58965E-01  0.40480E-01  0.26960E-01  0.17377E-01  0.10719E-01  0.62200E-02
 0.20000E+01  0.25942E-01 -0.30563E-01 -0.33233E-01  0.13037E-01  0.75953E-01  0.12293E+00  0.13982E+00  0.13081E+00  0.10791E+00  0.81873E-01  0.58741E-01  0.40549E-01  0.27128E-01  0.17549E-01  0.10856E-01  0.63132E-02
 0.22000E+01  0.27661E-01 -0.30816E-01 -0.36594E-01  0.68097E-02  0.68298E-01  0.11557E+00  0.13392E+00  0.12672E+00  0.10542E+00  0.80510E-01  0.58078E-01  0.40271E-01  0.27042E-01  0.17545E-01  0.10879E-01  0.63379E-02
 0.24000E+01  0.28652E-01 -0.30705E-01 -0.38755E-01  0.20825E-02  0.61933E-01  0.10902E+00  0.12835E+00  0.12262E+00  0.10271E+00  0.78882E-01  0.57165E-01  0.39788E-01  0.26801E-01  0.17432E-01  0.10830E-01  0.63188E-02
 0.26000E+01  0.29166E-01 -0.30378E-01 -0.40118E-01 -0.15873E-02  0.56542E-01  0.10315E+00  0.12312E+00  0.11860E+00  0.99945E-01  0.77124E-01  0.56110E-01  0.39182E-01  0.26463E-01  0.17249E-01  0.10734E-01  0.62711E-02
 0.28000E+01  0.29351E-01 -0.29921E-01 -0.40932E-01 -0.44873E-02  0.51901E-01  0.97848E-01  0.11822E+00  0.11471E+00  0.97179E-01  0.75305E-01  0.54977E-01  0.38501E-01  0.26064E-01  0.17021E-01  0.10608E-01  0.62044E-02
 0.30000E+01  0.29256E-01 -0.29188E-01 -0.41343E-01 -0.72738E-02  0.46913E-01  0.91825E-01  0.11244E+00  0.10998E+00  0.93713E-01  0.72956E-01  0.53467E-01  0.37562E-01  0.25495E-01  0.16684E-01  0.10415E-01  0.60990E-02
 0.00000E+00  0.76277E+00  0.30744E+00 -0.36311E-01 -0.17911E+00 -0.15847E+00 -0.69922E-01  0.10127E-01  0.52758E-01  0.62727E-01  0.55166E-01  0.42130E-01  0.29732E-01  0.19944E-01  0.12824E-01  0.78625E-02  0.45316E-02
 0.20000E+00  0.37009E+00  0.42062E+00  0.36301E+00  0.23071E+00  0.87114E-01 -0.18114E-01 -0.70040E-01 -0.80446E-01 -0.69180E-01 -0.51586E-01 -0.35473E-01 -0.23247E-01 -0.14754E-01 -0.90924E-02 -0.53954E-02 -0.30331E-02
 0.40000E+00 -0.46638E-01  0.22639E+00  0.36706E+00  0.34904E+00  0.23164E+00  0.98222E-01  0.21282E-02 -0.45247E-01 -0.57063E-01 -0.50961E-01 -0.39254E-01 -0.27908E-01 -0.18853E-01 -0.12201E-01 -0.75228E-02 -0.43558E-02
 0.60000E+00 -0.89257E-01  0.98175E-01  0.22856E+00  0.26699E+00  0.22976E+00  0.15896E+00  0.91054E-01  0.42904E-01  0.15289E-01  0.21537E-02 -0.28434E-02 -0.39912E-02 -0.36040E-02 -0.27549E-02 -0.18897E-02 -0.11755E-02
 0.80000E+00 -0.53540E-01  0.31213E-01  0.11707E+00  0.17514E+00  0.19251E+00  0.17518E+00  0.13931E+00  0.10034E+00  0.67337E-01  0.43113E-01  0.26824E-01  0.16414E-01  0.99213E-02  0.58997E-02  0.34091E-02  0.18789E-02
 0.10000E+01 -0.21536E-01 -0.67695E-03  0.51504E-01  0.11326E+00  0.15794E+00  0.17146E+00  0.15688E+00  0.12686E+00  0.93863E-01  0.65326E-01  0.43674E-01  0.28437E-01  0.18132E-01  0.11280E-01  0.67658E-02  0.38419E-02
 0.12000E+01 -0.12620E-02 -0.16057E-01  0.14601E-01  0.74568E-01  0.13164E+00  0.16163E+00  0.16000E+00  0.13685E+00  0.10569E+00  0.76120E-01  0.52338E-01  0.34879E-01  0.22670E-01  0.14326E-01  0.87006E-02  0.49887E-02
 0.14000E+01  0.11006E-01 -0.23769E-01 -0.68546E-02  0.49733E-01  0.11200E+00  0.15079E+00  0.15713E+00  0.13907E+00  0.11017E+00  0.80952E-01  0.56576E-01  0.38216E-01  0.25116E-01  0.16015E-01  0.97954E-02  0.56473E-02
 0.16000E+01  0.18486E-01 -0.27713E-01 -0.19862E-01  0.33075E-01  0.97034E-01  0.14051E+00  0.15191E+00  0.13768E+00  0.11098E+00  0.82675E-01  0.58432E-01  0.39836E-01  0.26381E-01  0.16925E-01  0.10402E-01  0.60197E-02
 0.18000E+01  0.23098E-01 -0.29684E-01 -0.28015E-01  0.21440E-01  0.85328E-01  0.13122E+00  0.14592E+00  0.13461E+00  0.10993E+00  0.82731E-01  0.58965E-01  0.40480E-01  0.26960E-01  0.17377E-01  0.10719E-01  0.62200E-02
 0.20000E+01  0.25942E-01 -0.30563E-01 -0.33233E-01  0.13037E-01  0.75953E-01  0.12293E+00  0.13982E+00  0.13081E+00  0.10791E+00  0.81873E-01  0.58741E-01  0.40549E-01  0.27128E-01  0.17549E-01  0.10856E-01  0.63132E-02
 0.22000E+01  0.27661E-01 -0.30816E-01 -0.36594E-01  0.68097E-02  0.68298E-01  0.11557E+00  0.13392E+00  0.12672E+00  0.10542E+00  0.80510E-01  0.58078E-01  0.40271E-01  0.27042E-01  0.17545E-01  0.10879E-01  0.63379E-02
 0.24000E+01  0.28652E-01 -0.30705E-01 -0.38755E-01  0.20825E-02  0.61933E-01  0.10902E+00  0.12835E+00  0.12262E+00  0.10271E+00  0.78882E-01  0.57165E-01  0.39788E-01  0.26801E-01  0.17432E-01  0.10830E-01  0.63188E-02
 0.26000E+01  0.29166E-01 -0.30378E-01 -0.40118E-01 -0.15873E-02  0.56542E-01  0.10315E+00  0.12312E+00  0.11860E+00  0.99945E-01  0.77124E-01  0.56110E-01  0.39182E-01  0.26463E-01  0.17249E-01  0.10734E-01  0.62711E-02
 0.28000E+01  0.29351E-01 -0.29921E-01 -0.40932E-01 -0.44873E-02  0.51901E-01  0.97848E-01  0.11822E+00  0.11471E+00  0.97179E-01  0.75305E-01  0.54977E-01  0.38501E-01  0.26064E-01  0.17021E-01  0.10608E-01  0.62044E-02
 0.30000E+01  0.29256E-01 -0.29188E-01 -0.41343E-01 -0.72738E-02  0.46913E-01  0.91825E-01  0.11244E+00  0.10998E+00  0.93713E-01  0.72956E-01  0.53467E-01  0.37562E-01  0.25495E-01  0.16684E-01  0.10415E-01  0.60990E-02
