 0.00000E+00  0.71426E+00  0.31165E+00 -0.79130E-01 -0.14764E+00 -0.60545E-01  0.74452E-02  0.29633E-01  0.29023E-01  0.22126E-01  0.15237E-01  0.99462E-02  0.62734E-02  0.38546E-02  0.23072E-02  0.13116E-02  0.64506E-03
 0.20000E+00  0.41900E+00  0.48002E+00  0.33244E+00  0.12709E+00  0.12986E-03 -0.42781E-01 -0.44465E-01 -0.34318E-01 -0.23758E-01 -0.15635E-01 -0.10006E-01 -0.62898E-02 -0.39006E-02 -0.23811E-02 -0.13882E-02 -0.69813E-03
 0.40000E+00 -0.11269E+00  0.25789E+00  0.43833E+00  0.31818E+00  0.13171E+00  0.22215E-01 -0.16668E-01 -0.23079E-01 -0.19287E-01 -0.13827E-01 -0.92136E-02 -0.58722E-02 -0.36214E-02 -0.21648E-02 -0.12259E-02 -0.60070E-03
 0.60000E+00 -0.12943E+00  0.98942E-01  0.27895E+00  0.28287E+00  0.19757E+00  0.11741E+00  0.66467E-01  0.37660E-01  0.21658E-01  0.12651E-01  0.74887E-02  0.44825E-02  0.27072E-02  0.16374E-02  0.95520E-03  0.48135E-03
 0.80000E+00 -0.55983E-01  0.12499E-01  0.13445E+00  0.21584E+00  0.21800E+00  0.17366E+00  0.12192E+00  0.80196E-01  0.50991E-01  0.31798E-01  0.19572E-01  0.11922E-01  0.71908E-02  0.42760E-02  0.24323E-02  0.11986E-02
 0.10000E+01 -0.12964E-02 -0.29360E-01  0.47321E-01  0.16436E+00  0.21541E+00  0.19460E+00  0.14600E+00  0.99639E-01  0.64713E-01  0.40845E-01  0.25293E-01  0.15429E-01  0.92822E-02  0.54862E-02  0.30957E-02  0.15146E-02
 0.12000E+01  0.29392E-01 -0.49071E-01 -0.88981E-03  0.12921E+00  0.20394E+00  0.19681E+00  0.15224E+00  0.10558E+00  0.69191E-01  0.43895E-01  0.27252E-01  0.16637E-01  0.10001E-01  0.58975E-02  0.33175E-02  0.16187E-02
 0.14000E+01  0.45075E-01 -0.57866E-01 -0.27228E-01  0.10483E+00  0.18956E+00  0.19022E+00  0.14965E+00  0.10469E+00  0.68954E-01  0.43881E-01  0.27298E-01  0.16685E-01  0.10036E-01  0.59197E-02  0.33298E-02  0.16245E-02
 0.16000E+01  0.51688E-01 -0.60978E-01 -0.41039E-01  0.87235E-01  0.17426E+00  0.17916E+00  0.14236E+00  0.10011E+00  0.66159E-01  0.42212E-01  0.26321E-01  0.16127E-01  0.97266E-02  0.57548E-02  0.32478E-02  0.15891E-02
 0.18000E+01  0.52907E-01 -0.60941E-01 -0.47432E-01  0.74054E-01  0.15899E+00  0.16596E+00  0.13265E+00  0.93589E-01  0.62004E-01  0.39662E-01  0.24805E-01  0.15253E-01  0.92413E-02  0.54982E-02  0.31220E-02  0.15357E-02
 0.20000E+01  0.50809E-01 -0.59068E-01 -0.49215E-01  0.63876E-01  0.14411E+00  0.15175E+00  0.12168E+00  0.86017E-01  0.57109E-01  0.36635E-01  0.22999E-01  0.14214E-01  0.86677E-02  0.51986E-02  0.29780E-02  0.14760E-02
 0.22000E+01  0.46534E-01 -0.56078E-01 -0.47949E-01  0.55882E-01  0.12977E+00  0.13715E+00  0.11006E+00  0.77882E-01  0.51811E-01  0.33347E-01  0.21039E-01  0.13090E-01  0.80521E-02  0.48818E-02  0.28293E-02  0.14161E-02
 0.24000E+01  0.40907E-01 -0.52437E-01 -0.44713E-01  0.49502E-01  0.11611E+00  0.12259E+00  0.98268E-01  0.69544E-01  0.46356E-01  0.29958E-01  0.19019E-01  0.11935E-01  0.74242E-02  0.45625E-02  0.26822E-02  0.13584E-02
 0.26000E+01  0.34439E-01 -0.48407E-01 -0.40183E-01  0.44302E-01  0.10307E+00  0.10824E+00  0.86484E-01  0.61164E-01  0.40859E-01  0.26540E-01  0.16984E-01  0.10776E-01  0.67980E-02  0.42477E-02  0.25400E-02  0.13040E-02
 0.28000E+01  0.27337E-01 -0.44150E-01 -0.34729E-01  0.40016E-01  0.90579E-01  0.94130E-01  0.74778E-01  0.52800E-01  0.35360E-01  0.23120E-01  0.14951E-01  0.96216E-02  0.61776E-02  0.39389E-02  0.24029E-02  0.12529E-02
 0.30000E+01  0.21993E-01 -0.40832E-01 -0.31437E-01  0.34825E-01  0.78860E-01  0.81540E-01  0.64552E-01  0.45564E-01  0.30617E-01  0.20163E-01  0.13180E-01  0.86004E-02  0.56146E-02  0.36462E-02  0.22633E-02  0.11956E-02
