 0.00000E+00  0.66879E+00  0.34073E+00  0.54793E-01 -0.10549E+00 -0.14107E+00 -0.10506E+00 -0.52222E-01 -0.12294E-01  0.86177E-02  0.15622E-01  0.15400E-01  0.12494E-01  0.91596E-02  0.62559E-02  0.39993E-02  0.23730E-02
 0.20000E+00  0.42814E+00  0.39811E+00  0.30622E+00  0.18764E+00  0.80673E-01  0.75976E-02 -0.29407E-01 -0.40329E-01 -0.37391E-01 -0.29501E-01 -0.21344E-01 -0.14658E-01 -0.96985E-02 -0.61921E-02 -0.37811E-02 -0.21736E-02
 0.40000E+00  0.24458E-01  0.19934E+00  0.29524E+00  0.29083E+00  0.21759E+00  0.12594E+00  0.52044E-01  0.75190E-02 -0.12526E-01 -0.17872E-01 -0.16480E-01 -0.12942E-01 -0.93142E-02 -0.62900E-02 -0.39924E-02 -0.23580E-02
 0.60000E+00 -0.69422E-01  0.92194E-01  0.20860E+00  0.24815E+00  0.22177E+00  0.16329E+00  0.10365E+00  0.58498E-01  0.30055E-01  0.14290E-01  0.63143E-02  0.25455E-02  0.87257E-03  0.19053E-03 -0.44176E-04 -0.91725E-04
 0.80000E+00 -0.69170E-01  0.39582E-01  0.13421E+00  0.18638E+00  0.19181E+00  0.16506E+00  0.12570E+00  0.87982E-01  0.58258E-01  0.37310E-01  0.23462E-01  0.14600E-01  0.89965E-02  0.54513E-02  0.32030E-02  0.17900E-02
 0.10000E+01 -0.53071E-01  0.13856E-01  0.85871E-01  0.13960E+00  0.16235E+00  0.15594E+00  0.13133E+00  0.10063E+00  0.72095E-01  0.49338E-01  0.32754E-01  0.21290E-01  0.13580E-01  0.84549E-02  0.50731E-02  0.28805E-02
 0.12000E+01 -0.38507E-01  0.36968E-03  0.55380E-01  0.10730E+00  0.13908E+00  0.14486E+00  0.12995E+00  0.10461E+00  0.77881E-01  0.54888E-01  0.37263E-01  0.24636E-01  0.15920E-01  0.10010E-01  0.60510E-02  0.34549E-02
 0.14000E+01 -0.27357E-01 -0.73048E-02  0.35302E-01  0.84468E-01  0.12094E+00  0.13417E+00  0.12576E+00  0.10449E+00  0.79605E-01  0.57064E-01  0.39230E-01  0.26182E-01  0.17038E-01  0.10771E-01  0.65372E-02  0.37437E-02
 0.16000E+01 -0.19013E-01 -0.11935E-01  0.21450E-01  0.67675E-01  0.10645E+00  0.12435E+00  0.12045E+00  0.10233E+00  0.79201E-01  0.57420E-01  0.39802E-01  0.26727E-01  0.17474E-01  0.11085E-01  0.67456E-02  0.38706E-02
 0.18000E+01 -0.12764E-01 -0.14811E-01  0.11573E-01  0.54928E-01  0.94612E-01  0.11545E+00  0.11475E+00  0.99147E-01  0.77626E-01  0.56741E-01  0.39567E-01  0.26687E-01  0.17506E-01  0.11133E-01  0.67880E-02  0.39004E-02
 0.20000E+01 -0.80755E-02 -0.16603E-01  0.43833E-02  0.45036E-01  0.84781E-01  0.10741E+00  0.10902E+00  0.95449E-01  0.75400E-01  0.55461E-01  0.38851E-01  0.26293E-01  0.17292E-01  0.11018E-01  0.67276E-02  0.38699E-02
 0.22000E+01 -0.45607E-02 -0.17693E-01 -0.91298E-03  0.37243E-01  0.76520E-01  0.10017E+00  0.10345E+00  0.91547E-01  0.72833E-01  0.53839E-01  0.37851E-01  0.25685E-01  0.16926E-01  0.10802E-01  0.66031E-02  0.38016E-02
 0.24000E+01 -0.19191E-02 -0.18325E-01 -0.48613E-02  0.31009E-01  0.69501E-01  0.93654E-01  0.98150E-01  0.87628E-01  0.70121E-01  0.52045E-01  0.36696E-01  0.24956E-01  0.16473E-01  0.10526E-01  0.64406E-02  0.37107E-02
 0.26000E+01  0.72714E-04 -0.18651E-01 -0.78371E-02  0.25943E-01  0.63461E-01  0.87763E-01  0.93146E-01  0.83783E-01  0.67371E-01  0.50173E-01  0.35463E-01  0.24161E-01  0.15970E-01  0.10216E-01  0.62557E-02  0.36063E-02
 0.28000E+01  0.15665E-02 -0.18765E-01 -0.10088E-01  0.21773E-01  0.58199E-01  0.82397E-01  0.88422E-01  0.80045E-01  0.64632E-01  0.48271E-01  0.34190E-01  0.23329E-01  0.15439E-01  0.98845E-02  0.60571E-02  0.34936E-02
 0.30000E+01  0.29239E-02 -0.18666E-01 -0.12109E-01  0.17548E-01  0.52495E-01  0.76301E-01  0.82863E-01  0.75525E-01  0.61251E-01  0.45884E-01  0.32570E-01  0.22260E-01  0.14750E-01  0.94524E-02  0.57965E-02  0.33452E-02
 0.00000E+00  0.66879E+00  0.34073E+00  0.54793E-01 -0.10549E+00 -0.14107E+00 -0.10506E+00 -0.52222E-01 -0.12294E-01  0.86177E-02  0.15622E-01  0.15400E-01  0.12494E-01  0.91596E-02  0.62559E-02  0.39993E-02  0.23730E-02
 0.20000E+00  0.42814E+00  0.39811E+00  0.30622E+00  0.18764E+00  0.80673E-01  0.75976E-02 -0.29407E-01 -0.40329E-01 -0.37391E-01 -0.29501E-01 -0.21344E-01 -0.14658E-01 -0.96985E-02 -0.61921E-02 -0.37811E-02 -0.21736E-02
 0.40000E+00  0.24458E-01  0.19934E+00  0.29524E+00  0.29083E+00  0.21759E+00  0.12594E+00  0.52044E-01  0.75190E-02 -0.12526E-01 -0.17872E-01 -0.16480E-01 -0.12942E-01 -0.93142E-02 -0.62900E-02 -0.39924E-02 -0.23580E-02
 0.60000E+00 -0.69422E-01  0.92194E-01  0.20860E+00  0.24815E+00  0.22177E+00  0.16329E+00  0.10365E+00  0.58498E-01  0.30055E-01  0.14290E-01  0.63143E-02  0.25455E-02  0.87257E-03  0.19053E-03 -0.44176E-04 -0.91725E-04
 0.80000E+00 -0.69170E-01  0.39582E-01  0.13421E+00  0.18638E+00  0.19181E+00  0.16506E+00  0.12570E+00  0.87982E-01  0.58258E-01  0.37310E-01  0.23462E-01  0.14600E-01  0.89965E-02  0.54513E-02  0.32030E-02  0.17900E-02
 0.10000E+01 -0.53071E-01  0.13856E-01  0.85871E-01  0.13960E+00  0.16235E+00  0.15594E+00  0.13133E+00  0.10063E+00  0.72095E-01  0.49338E-01  0.32754E-01  0.21290E-01  0.13580E-01  0.84549E-02  0.50731E-02  0.28805E-02
 0.12000E+01 -0.38507E-01  0.36968E-03  0.55380E-01  0.10730E+00  0.13908E+00  0.14486E+00  0.12995E+00  0.10461E+00  0.77881E-01  0.54888E-01  0.37263E-01  0.24636E-01  0.15920E-01  0.10010E-01  0.60510E-02  0.34549E-02
 0.14000E+01 -0.27357E-01 -0.73048E-02  0.35302E-01  0.84468E-01  0.12094E+00  0.13417E+00  0.12576E+00  0.10449E+00  0.79605E-01  0.57064E-01  0.39230E-01  0.26182E-01  0.17038E-01  0.10771E-01  0.65372E-02  0.37437E-02
 0.16000E+01 -0.19013E-01 -0.11935E-01  0.21450E-01  0.67675E-01  0.10645E+00  0.12435E+00  0.12045E+00  0.10233E+00  0.79201E-01  0.57420E-01  0.39802E-01  0.26727E-01  0.17474E-01  0.11085E-01  0.67456E-02  0.38706E-02
 0.18000E+01 -0.12764E-01 -0.14811E-01  0.11573E-01  0.54928E-01  0.94612E-01  0.11545E+00  0.11475E+00  0.99147E-01  0.77626E-01  0.56741E-01  0.39567E-01  0.26687E-01  0.17506E-01  0.11133E-01  0.67880E-02  0.39004E-02
 0.20000E+01 -0.80755E-02 -0.16603E-01  0.43833E-02  0.45036E-01  0.84781E-01  0.10741E+00  0.10902E+00  0.95449E-01  0.75400E-01  0.55461E-01  0.38851E-01  0.26293E-01  0.17292E-01  0.11018E-01  0.67276E-02  0.38699E-02
 0.22000E+01 -0.45607E-02 -0.17693E-01 -0.91298E-03  0.37243E-01  0.76520E-01  0.10017E+00  0.10345E+00  0.91547E-01  0.72833E-01  0.53839E-01  0.37851E-01  0.25685E-01  0.16926E-01  0.10802E-01  0.66031E-02  0.38016E-02
 0.24000E+01 -0.19191E-02 -0.18325E-01 -0.48613E-02  0.31009E-01  0.69501E-01  0.93654E-01  0.98150E-01  0.87628E-01  0.70121E-01  0.52045E-01  0.36696E-01  0.24956E-01  0.16473E-01  0.10526E-01  0.64406E-02  0.37107E-02
 0.26000E+01  0.72714E-04 -0.18651E-01 -0.78371E-02  0.25943E-01  0.63461E-01  0.87763E-01  0.93146E-01  0.83783E-01  0.67371E-01  0.50173E-01  0.35463E-01  0.24161E-01  0.15970E-01  0.10216E-01  0.62557E-02  0.36063E-02
 0.28000E+01  0.15665E-02 -0.18765E-01 -0.10088E-01  0.21773E-01  0.58199E-01  0.82397E-01  0.88422E-01  0.80045E-01  0.64632E-01  0.48271E-01  0.34190E-01  0.23329E-01  0.15439E-01  0.98845E-02  0.60571E-02  0.34936E-02
 0.30000E+01  0.29239E-02 -0.18666E-01 -0.12109E-01  0.17548E-01  0.52495E-01  0.76301E-01  0.82863E-01  0.75525E-01  0.61251E-01  0.45884E-01  0.32570E-01  0.22260E-01  0.14750E-01  0.94524E-02  0.57965E-02  0.33452E-02
