 0.00000E+00  0.66237E+00  0.34630E+00 -0.12119E-01 -0.12797E+00 -0.92300E-01 -0.40346E-01 -0.11066E-01  0.64412E-03  0.38609E-02  0.38132E-02  0.28440E-02  0.18443E-02  0.10763E-02  0.56394E-03  0.25894E-03  0.99360E-04
 0.20000E+00  0.43180E+00  0.44718E+00  0.29478E+00  0.12374E+00  0.23744E-01 -0.14072E-01 -0.21521E-01 -0.18395E-01 -0.13113E-01 -0.84967E-02 -0.51525E-02 -0.29481E-02 -0.15834E-02 -0.78297E-03 -0.34367E-03 -0.12622E-03
 0.40000E+00 -0.31651E-01  0.22846E+00  0.36203E+00  0.29240E+00  0.16346E+00  0.72022E-01  0.25479E-01  0.56754E-02 -0.14375E-02 -0.32263E-02 -0.30605E-02 -0.23529E-02 -0.16346E-02 -0.10629E-02 -0.64126E-03 -0.32916E-03
 0.60000E+00 -0.11240E+00  0.11014E+00  0.28216E+00  0.28573E+00  0.20286E+00  0.12164E+00  0.67157E-01  0.35191E-01  0.17506E-01  0.80866E-02  0.32590E-02  0.91014E-03 -0.13855E-03 -0.52156E-03 -0.54860E-03 -0.37446E-03
 0.80000E+00 -0.10383E+00  0.42280E-01  0.19406E+00  0.24011E+00  0.20204E+00  0.14112E+00  0.89191E-01  0.52854E-01  0.29692E-01  0.15754E-01  0.77408E-02  0.33397E-02  0.10538E-02 -0.26216E-04 -0.40263E-03 -0.36046E-03
 0.10000E+01 -0.78079E-01  0.24298E-02  0.12309E+00  0.19053E+00  0.18461E+00  0.14228E+00  0.96468E-01  0.60293E-01  0.35414E-01  0.19610E-01  0.10122E-01  0.47039E-02  0.17722E-02  0.31028E-03 -0.27142E-03 -0.32187E-03
 0.12000E+01 -0.53538E-01 -0.21027E-01  0.69935E-01  0.14529E+00  0.15999E+00  0.13258E+00  0.94048E-01  0.60645E-01  0.36501E-01  0.20661E-01  0.10922E-01  0.52452E-02  0.21112E-02  0.50892E-03 -0.16393E-03 -0.27175E-03
 0.14000E+01 -0.34406E-01 -0.34491E-01  0.31158E-01  0.10603E+00  0.13271E+00  0.11676E+00  0.85670E-01  0.56471E-01  0.34555E-01  0.19846E-01  0.10654E-01  0.52226E-02  0.21849E-02  0.60708E-03 -0.77490E-04 -0.21664E-03
 0.16000E+01 -0.20762E-01 -0.41661E-01  0.31830E-02  0.72429E-01  0.10498E+00  0.97691E-01  0.73788E-01  0.49526E-01  0.30711E-01  0.17845E-01  0.96976E-02  0.48326E-02  0.20832E-02  0.63691E-03 -0.70191E-05 -0.15960E-03
 0.18000E+01 -0.11774E-01 -0.44795E-01 -0.16792E-01  0.43732E-01  0.77905E-01  0.77110E-01  0.59966E-01  0.40958E-01  0.25723E-01  0.15114E-01  0.83124E-02  0.42096E-02  0.18681E-02  0.62113E-03  0.51538E-04 -0.10239E-03
 0.20000E+01 -0.64053E-02 -0.45287E-01 -0.30856E-01  0.19180E-01  0.52076E-01  0.56120E-01  0.45242E-01  0.31545E-01  0.20107E-01  0.11970E-01  0.66785E-02  0.34490E-02  0.15844E-02  0.57662E-03  0.10167E-03 -0.45904E-04
 0.22000E+01 -0.38431E-02 -0.44074E-01 -0.40495E-01 -0.18095E-02  0.27862E-01  0.35457E-01  0.30321E-01  0.21819E-01  0.14219E-01  0.86315E-02  0.49202E-02  0.26159E-02  0.12624E-02  0.51453E-03  0.14540E-03  0.90100E-05
 0.24000E+01 -0.33507E-02 -0.41767E-01 -0.46831E-01 -0.19754E-01  0.54421E-02  0.15600E-01  0.15680E-01  0.12149E-01  0.83065E-02  0.52522E-02  0.31262E-02  0.17572E-02  0.92433E-03  0.44331E-03  0.18449E-03  0.61937E-04
 0.26000E+01 -0.43997E-02 -0.38768E-01 -0.50712E-01 -0.35198E-01 -0.15283E-01 -0.33183E-02  0.15064E-02  0.26925E-02  0.24842E-02  0.19049E-02  0.13393E-02  0.89642E-03  0.58156E-03  0.36754E-03  0.22016E-03  0.11286E-03
 0.28000E+01 -0.66484E-02 -0.35325E-01 -0.52732E-01 -0.48614E-01 -0.34531E-01 -0.21348E-01 -0.12182E-01 -0.65147E-02 -0.32176E-02 -0.13883E-02 -0.42630E-03  0.41644E-04  0.23836E-03  0.28914E-03  0.25306E-03  0.16191E-03
 0.30000E+01 -0.78867E-02 -0.33216E-01 -0.55869E-01 -0.60842E-01 -0.50979E-01 -0.36410E-01 -0.23502E-01 -0.14089E-01 -0.78944E-02 -0.40853E-02 -0.18713E-02 -0.65825E-03 -0.43408E-04  0.22379E-03  0.27892E-03  0.20139E-03
