 0.00000E+00  0.75195E+00  0.29846E+00 -0.97009E-01 -0.14126E+00 -0.46001E-01  0.15102E-01  0.28997E-01  0.23431E-01  0.14576E-01  0.75621E-02  0.30629E-02  0.53005E-03 -0.71306E-03 -0.11709E-02 -0.11234E-02 -0.74631E-03
 0.20000E+00  0.37269E+00  0.49084E+00  0.35815E+00  0.12732E+00 -0.17210E-01 -0.59426E-01 -0.53460E-01 -0.36377E-01 -0.21542E-01 -0.11443E-01 -0.53144E-02 -0.18920E-02 -0.14308E-03  0.61947E-03  0.77855E-03  0.56242E-03
 0.40000E+00 -0.11214E+00  0.26282E+00  0.43063E+00  0.30517E+00  0.12887E+00  0.30375E-01 -0.38102E-02 -0.10051E-01 -0.79412E-02 -0.46199E-02 -0.20406E-02 -0.43606E-03  0.41155E-03  0.75211E-03  0.74365E-03  0.49974E-03
 0.60000E+00 -0.10615E+00  0.94787E-01  0.26697E+00  0.28703E+00  0.21507E+00  0.13513E+00  0.77680E-01  0.42254E-01  0.21841E-01  0.10555E-01  0.45472E-02  0.14961E-02  0.55109E-04 -0.52665E-03 -0.62788E-03 -0.44672E-03
 0.80000E+00 -0.44868E-01  0.64096E-02  0.13698E+00  0.23503E+00  0.23714E+00  0.18111E+00  0.11788E+00  0.69344E-01  0.37646E-01  0.18695E-01  0.80658E-02  0.24720E-02 -0.22803E-03 -0.13139E-02 -0.14517E-02 -0.10108E-02
 0.10000E+01 -0.52284E-02 -0.34320E-01  0.60156E-01  0.18563E+00  0.22417E+00  0.18599E+00  0.12653E+00  0.76467E-01  0.42332E-01  0.21400E-01  0.94457E-02  0.30561E-02 -0.80601E-04 -0.13768E-02 -0.15801E-02 -0.11130E-02
 0.12000E+01  0.12855E-01 -0.50140E-01  0.18419E-01  0.14405E+00  0.19576E+00  0.16998E+00  0.11853E+00  0.72964E-01  0.41163E-01  0.21354E-01  0.98748E-02  0.36293E-02  0.48037E-03 -0.89667E-03 -0.12190E-02 -0.89772E-03
 0.14000E+01  0.17177E-01 -0.53040E-01 -0.28193E-02  0.10906E+00  0.16097E+00  0.14398E+00  0.10232E+00  0.64196E-01  0.37141E-01  0.20038E-01  0.99460E-02  0.43129E-02  0.13527E-02 -0.57354E-04 -0.54747E-03 -0.48466E-03
 0.16000E+01  0.13491E-01 -0.49184E-01 -0.12077E-01  0.79417E-01  0.12457E+00  0.11397E+00  0.82581E-01  0.53126E-01  0.31889E-01  0.18207E-01  0.99182E-02  0.51063E-02  0.24189E-02  0.98862E-03  0.29748E-03  0.37510E-04
 0.18000E+01  0.50938E-02 -0.41628E-01 -0.14021E-01  0.53959E-01  0.88519E-01  0.82676E-01  0.61483E-01  0.41136E-01  0.26153E-01  0.16199E-01  0.98903E-02  0.59868E-02  0.36041E-02  0.21531E-02  0.12392E-02  0.61982E-03
 0.20000E+01 -0.60696E-02 -0.32060E-01 -0.11372E-01  0.31871E-01  0.53753E-01  0.51503E-01  0.40172E-01  0.28948E-01  0.20318E-01  0.14176E-01  0.98983E-02  0.69271E-02  0.48549E-02  0.33783E-02  0.22289E-02  0.12315E-02
 0.22000E+01 -0.18732E-01 -0.21477E-01 -0.57994E-02  0.12641E-01  0.20848E-01  0.21324E-01  0.19352E-01  0.17003E-01  0.14609E-01  0.12224E-01  0.99520E-02  0.78992E-02  0.61291E-02  0.46211E-02  0.32311E-02  0.18504E-02
 0.24000E+01 -0.32124E-01 -0.10520E-01  0.15804E-02 -0.41843E-02 -0.99750E-02 -0.74215E-02 -0.60049E-03  0.55438E-02  0.91565E-02  0.10400E-01  0.10062E-01  0.88921E-02  0.74068E-02  0.58601E-02  0.42276E-02  0.24650E-02
 0.26000E+01 -0.45799E-01  0.54398E-03  0.10122E-01 -0.19059E-01 -0.38864E-01 -0.34724E-01 -0.19640E-01 -0.53964E-02  0.39729E-02  0.86992E-02  0.10219E-01  0.98915E-02  0.86738E-02  0.70827E-02  0.52089E-02  0.30697E-02
 0.28000E+01 -0.59544E-01  0.11499E-01  0.19362E-01 -0.32354E-01 -0.65996E-01 -0.60632E-01 -0.37760E-01 -0.15796E-01 -0.91878E-03  0.71415E-02  0.10435E-01  0.10908E-01  0.99369E-02  0.82935E-02  0.61779E-02  0.36659E-02
 0.30000E+01 -0.69795E-01  0.19524E-01  0.24846E-01 -0.44907E-01 -0.89010E-01 -0.82075E-01 -0.52588E-01 -0.24237E-01 -0.48495E-02  0.59235E-02  0.10651E-01  0.11765E-01  0.10986E-01  0.92937E-02  0.69760E-02  0.41563E-02
