 0.00000E+00  0.74585E+00  0.30689E+00 -0.89557E-01 -0.14538E+00 -0.56852E-01  0.58443E-02  0.25547E-01  0.25576E-01  0.20150E-01  0.14421E-01  0.97974E-02  0.64430E-02  0.41433E-02  0.26064E-02  0.15566E-02  0.79637E-03
 0.20000E+00  0.38239E+00  0.48316E+00  0.35273E+00  0.13835E+00  0.23278E-02 -0.43681E-01 -0.46398E-01 -0.36797E-01 -0.26350E-01 -0.17978E-01 -0.11924E-01 -0.77656E-02 -0.49950E-02 -0.31657E-02 -0.19119E-02 -0.98809E-03
 0.40000E+00 -0.11506E+00  0.25198E+00  0.42103E+00  0.30297E+00  0.13213E+00  0.34225E-01 -0.27420E-02 -0.12294E-01 -0.12344E-01 -0.98050E-02 -0.70525E-02 -0.48028E-02 -0.31603E-02 -0.20196E-02 -0.12198E-02 -0.62936E-03
 0.60000E+00 -0.10210E+00  0.98430E-01  0.25654E+00  0.26335E+00  0.19195E+00  0.12167E+00  0.74020E-01  0.44793E-01  0.27186E-01  0.16555E-01  0.10106E-01  0.61800E-02  0.37827E-02  0.23030E-02  0.13463E-02  0.67879E-03
 0.80000E+00 -0.44835E-01  0.21064E-01  0.13753E+00  0.21148E+00  0.20815E+00  0.16354E+00  0.11494E+00  0.76647E-01  0.49787E-01  0.31830E-01  0.20110E-01  0.12587E-01  0.78185E-02  0.47980E-02  0.28146E-02  0.14219E-02
 0.10000E+01 -0.80001E-02 -0.17692E-01  0.68937E-01  0.17384E+00  0.20686E+00  0.17835E+00  0.13173E+00  0.90428E-01  0.59840E-01  0.38743E-01  0.24692E-01  0.15550E-01  0.96985E-02  0.59674E-02  0.35063E-02  0.17732E-02
 0.12000E+01  0.13573E-01 -0.39111E-01  0.27439E-01  0.14671E+00  0.19974E+00  0.18157E+00  0.13762E+00  0.95854E-01  0.64017E-01  0.41703E-01  0.26690E-01  0.16855E-01  0.10531E-01  0.64863E-02  0.38133E-02  0.19292E-02
 0.14000E+01  0.26159E-01 -0.51479E-01  0.10247E-02  0.12598E+00  0.18995E+00  0.17869E+00  0.13760E+00  0.96707E-01  0.64962E-01  0.42496E-01  0.27285E-01  0.17277E-01  0.10820E-01  0.66786E-02  0.39341E-02  0.19934E-02
 0.16000E+01  0.33124E-01 -0.58928E-01 -0.16472E-01  0.10957E+00  0.17929E+00  0.17281E+00  0.13454E+00  0.95142E-01  0.64181E-01  0.42124E-01  0.27126E-01  0.17224E-01  0.10818E-01  0.66969E-02  0.39562E-02  0.20093E-02
 0.18000E+01  0.36340E-01 -0.62977E-01 -0.27839E-01  0.96140E-01  0.16803E+00  0.16483E+00  0.12933E+00  0.91871E-01  0.62184E-01  0.40939E-01  0.26445E-01  0.16849E-01  0.10622E-01  0.66036E-02  0.39176E-02  0.19965E-02
 0.20000E+01  0.36534E-01 -0.64328E-01 -0.34354E-01  0.84924E-01  0.15599E+00  0.15485E+00  0.12213E+00  0.87052E-01  0.59101E-01  0.39040E-01  0.25323E-01  0.16215E-01  0.10283E-01  0.64353E-02  0.38438E-02  0.19697E-02
 0.22000E+01  0.34980E-01 -0.64267E-01 -0.38003E-01  0.75437E-01  0.14414E+00  0.14433E+00  0.11426E+00  0.81656E-01  0.55595E-01  0.36855E-01  0.24016E-01  0.15467E-01  0.98760E-02  0.62294E-02  0.37503E-02  0.19339E-02
 0.24000E+01  0.32323E-01 -0.63507E-01 -0.39918E-01  0.67266E-01  0.13282E+00  0.13384E+00  0.10625E+00  0.76104E-01  0.51958E-01  0.34575E-01  0.22645E-01  0.14678E-01  0.94439E-02  0.60084E-02  0.36483E-02  0.18940E-02
 0.26000E+01  0.28707E-01 -0.61919E-01 -0.40163E-01  0.60113E-01  0.12161E+00  0.12302E+00  0.97820E-01  0.70201E-01  0.48068E-01  0.32127E-01  0.21172E-01  0.13831E-01  0.89821E-02  0.57740E-02  0.35416E-02  0.18531E-02
 0.28000E+01  0.24463E-01 -0.59738E-01 -0.39221E-01  0.53732E-01  0.11056E+00  0.11204E+00  0.89161E-01  0.64094E-01  0.44027E-01  0.29579E-01  0.19637E-01  0.12949E-01  0.85011E-02  0.55305E-02  0.34314E-02  0.18111E-02
 0.30000E+01  0.20893E-01 -0.58383E-01 -0.39660E-01  0.46771E-01  0.99859E-01  0.10180E+00  0.81217E-01  0.58537E-01  0.40359E-01  0.27258E-01  0.18224E-01  0.12121E-01  0.80358E-02  0.52825E-02  0.33096E-02  0.17596E-02
