 0.00000E+00  0.64945E+00  0.35267E+00  0.17257E-02 -0.12418E+00 -0.99340E-01 -0.49640E-01 -0.16782E-01 -0.56380E-03  0.57596E-02  0.71630E-02  0.64837E-02  0.51523E-02  0.38070E-02  0.26690E-02  0.17342E-02  0.94094E-03
 0.20000E+00  0.43113E+00  0.43713E+00  0.28848E+00  0.12865E+00  0.33572E-01 -0.70360E-02 -0.19595E-01 -0.20322E-01 -0.16924E-01 -0.12740E-01 -0.90394E-02 -0.61663E-02 -0.40868E-02 -0.26372E-02 -0.16109E-02 -0.83970E-03
 0.40000E+00 -0.13841E-01  0.22478E+00  0.34846E+00  0.28739E+00  0.16832E+00  0.78832E-01  0.29030E-01  0.52991E-02 -0.43718E-02 -0.72047E-02 -0.70623E-02 -0.58606E-02 -0.44709E-02 -0.32211E-02 -0.21415E-02 -0.11811E-02
 0.60000E+00 -0.10078E+00  0.11876E+00  0.28097E+00  0.27794E+00  0.19536E+00  0.11718E+00  0.65026E-01  0.34143E-01  0.16837E-01  0.75473E-02  0.27973E-02  0.52709E-03 -0.43985E-03 -0.74431E-03 -0.69724E-03 -0.45502E-03
 0.80000E+00 -0.11017E+00  0.52549E-01  0.20413E+00  0.23750E+00  0.19283E+00  0.13422E+00  0.87268E-01  0.54599E-01  0.33148E-01  0.19560E-01  0.11199E-01  0.61913E-02  0.32712E-02  0.16214E-02  0.73037E-03  0.28176E-03
 0.10000E+01 -0.95697E-01  0.67203E-02  0.13440E+00  0.19273E+00  0.18142E+00  0.14252E+00  0.10258E+00  0.70134E-01  0.46197E-01  0.29521E-01  0.18372E-01  0.11154E-01  0.66055E-02  0.38006E-02  0.20757E-02  0.98797E-03
 0.12000E+01 -0.72863E-01 -0.25889E-01  0.74093E-01  0.14910E+00  0.16547E+00  0.14449E+00  0.11204E+00  0.81063E-01  0.55928E-01  0.37230E-01  0.24082E-01  0.15202E-01  0.93870E-02  0.56581E-02  0.32445E-02  0.16100E-02
 0.14000E+01 -0.48592E-01 -0.49102E-01  0.23419E-01  0.10854E+00  0.14673E+00  0.14124E+00  0.11619E+00  0.87564E-01  0.62332E-01  0.42593E-01  0.28212E-01  0.18224E-01  0.11521E-01  0.71192E-02  0.41833E-02  0.21170E-02
 0.16000E+01 -0.26051E-01 -0.65415E-01 -0.18243E-01  0.71888E-01  0.12655E+00  0.13400E+00  0.11595E+00  0.90274E-01  0.65816E-01  0.45860E-01  0.30907E-01  0.20296E-01  0.13046E-01  0.82000E-02  0.48975E-02  0.25100E-02
 0.18000E+01 -0.65599E-02 -0.76584E-01 -0.51892E-01  0.39359E-01  0.10584E+00  0.12384E+00  0.11227E+00  0.89918E-01  0.66895E-01  0.47374E-01  0.32386E-01  0.21556E-01  0.14043E-01  0.89480E-02  0.54129E-02  0.28012E-02
 0.20000E+01  0.94600E-02 -0.83882E-01 -0.78589E-01  0.10859E-01  0.85279E-01  0.11168E+00  0.10600E+00  0.87172E-01  0.66061E-01  0.47476E-01  0.32876E-01  0.22148E-01  0.14603E-01  0.94174E-02  0.57604E-02  0.30059E-02
 0.22000E+01  0.22015E-01 -0.88240E-01 -0.99294E-01 -0.13793E-01  0.65350E-01  0.98264E-01  0.97862E-01  0.82628E-01  0.63753E-01  0.46471E-01  0.32579E-01  0.22203E-01  0.14807E-01  0.96575E-02  0.59684E-02  0.31382E-02
 0.24000E+01  0.31432E-01 -0.90349E-01 -0.11494E+00 -0.34922E-01  0.46354E-01  0.84172E-01  0.88454E-01  0.76783E-01  0.60348E-01  0.44625E-01  0.31676E-01  0.21839E-01  0.14729E-01  0.97144E-02  0.60636E-02  0.32115E-02
 0.26000E+01  0.38150E-01 -0.90768E-01 -0.12646E+00 -0.52995E-01  0.28380E-01  0.69775E-01  0.78205E-01  0.70019E-01  0.56142E-01  0.42155E-01  0.30317E-01  0.21156E-01  0.14436E-01  0.96289E-02  0.60706E-02  0.32383E-02
 0.28000E+01  0.42549E-01 -0.89958E-01 -0.13464E+00 -0.68433E-01  0.11463E-01  0.55349E-01  0.67449E-01  0.62637E-01  0.51375E-01  0.39236E-01  0.28624E-01  0.20235E-01  0.13979E-01  0.94348E-02  0.60095E-02  0.32291E-02
 0.30000E+01  0.45708E-01 -0.90862E-01 -0.14265E+00 -0.81131E-01 -0.14868E-02  0.44744E-01  0.59755E-01  0.57470E-01  0.48105E-01  0.37276E-01  0.27517E-01  0.19657E-01  0.13711E-01  0.93378E-02  0.59935E-02  0.32377E-02
