 0.00000E+00  0.73839E+00  0.30662E+00 -0.88867E-01 -0.14647E+00 -0.56586E-01  0.80253E-02  0.27853E-01  0.27024E-01  0.20805E-01  0.14625E-01  0.98063E-02  0.63832E-02  0.40664E-02  0.25346E-02  0.15011E-02  0.76306E-03
 0.20000E+00  0.38887E+00  0.48227E+00  0.34960E+00  0.13670E+00  0.12306E-02 -0.44527E-01 -0.46526E-01 -0.36257E-01 -0.25530E-01 -0.17183E-01 -0.11285E-01 -0.72989E-02 -0.46682E-02 -0.29442E-02 -0.17712E-02 -0.91299E-03
 0.40000E+00 -0.11216E+00  0.25784E+00  0.42864E+00  0.30667E+00  0.12917E+00  0.27693E-01 -0.89410E-02 -0.16643E-01 -0.15002E-01 -0.11340E-01 -0.79260E-02 -0.52961E-02 -0.34322E-02 -0.21638E-02 -0.12918E-02 -0.66071E-03
 0.60000E+00 -0.11032E+00  0.99286E-01  0.26390E+00  0.26953E+00  0.19365E+00  0.12007E+00  0.71253E-01  0.42176E-01  0.25159E-01  0.15124E-01  0.91463E-02  0.55541E-02  0.33805E-02  0.20486E-02  0.11931E-02  0.60001E-03
 0.80000E+00 -0.46886E-01  0.15989E-01  0.13334E+00  0.21225E+00  0.21286E+00  0.16864E+00  0.11843E+00  0.78479E-01  0.50580E-01  0.32114E-01  0.20183E-01  0.12581E-01  0.77803E-02  0.47515E-02  0.27741E-02  0.13961E-02
 0.10000E+01 -0.37950E-02 -0.24614E-01  0.57360E-01  0.16936E+00  0.21126E+00  0.18598E+00  0.13813E+00  0.94520E-01  0.62140E-01  0.39960E-01  0.25317E-01  0.15851E-01  0.98174E-02  0.59900E-02  0.34894E-02  0.17523E-02
 0.12000E+01  0.19488E-01 -0.44408E-01  0.15276E-01  0.13987E+00  0.20189E+00  0.18784E+00  0.14330E+00  0.99532E-01  0.66041E-01  0.42734E-01  0.27197E-01  0.17087E-01  0.10612E-01  0.64898E-02  0.37876E-02  0.19047E-02
 0.14000E+01  0.32022E-01 -0.55114E-01 -0.10083E-01  0.11840E+00  0.19057E+00  0.18361E+00  0.14235E+00  0.99754E-01  0.66559E-01  0.43234E-01  0.27590E-01  0.17367E-01  0.10801E-01  0.66116E-02  0.38613E-02  0.19428E-02
 0.16000E+01  0.38109E-01 -0.60679E-01 -0.25531E-01  0.10193E+00  0.17829E+00  0.17586E+00  0.13778E+00  0.97121E-01  0.65062E-01  0.42395E-01  0.27131E-01  0.17126E-01  0.10683E-01  0.65601E-02  0.38437E-02  0.19391E-02
 0.18000E+01  0.40481E-01 -0.63494E-01 -0.35249E-01  0.88790E-01  0.16613E+00  0.16668E+00  0.13156E+00  0.93137E-01  0.62590E-01  0.40899E-01  0.26249E-01  0.16622E-01  0.10407E-01  0.64176E-02  0.37765E-02  0.19120E-02
 0.20000E+01  0.39996E-01 -0.64097E-01 -0.40509E-01  0.78053E-01  0.15369E+00  0.15598E+00  0.12372E+00  0.87860E-01  0.59207E-01  0.38807E-01  0.24999E-01  0.15904E-01  0.10014E-01  0.62176E-02  0.36849E-02  0.18765E-02
 0.22000E+01  0.37787E-01 -0.63683E-01 -0.43272E-01  0.68997E-01  0.14159E+00  0.14487E+00  0.11530E+00  0.82086E-01  0.55459E-01  0.36468E-01  0.23594E-01  0.15094E-01  0.95712E-02  0.59926E-02  0.35822E-02  0.18370E-02
 0.24000E+01  0.34285E-01 -0.62373E-01 -0.44001E-01  0.61243E-01  0.12964E+00  0.13333E+00  0.10633E+00  0.75842E-01  0.51373E-01  0.33910E-01  0.22057E-01  0.14212E-01  0.90932E-02  0.57542E-02  0.34771E-02  0.17984E-02
 0.26000E+01  0.30025E-01 -0.60422E-01 -0.43331E-01  0.54455E-01  0.11793E+00  0.12160E+00  0.97072E-01  0.69346E-01  0.47104E-01  0.31232E-01  0.20448E-01  0.13292E-01  0.85987E-02  0.55113E-02  0.33730E-02  0.17619E-02
 0.28000E+01  0.25097E-01 -0.58136E-01 -0.41681E-01  0.48448E-01  0.10652E+00  0.10986E+00  0.87692E-01  0.62723E-01  0.42736E-01  0.28488E-01  0.18800E-01  0.12350E-01  0.80944E-02  0.52654E-02  0.32690E-02  0.17263E-02
 0.30000E+01  0.20861E-01 -0.56553E-01 -0.41309E-01  0.41873E-01  0.95429E-01  0.98834E-01  0.79007E-01  0.56630E-01  0.38723E-01  0.25956E-01  0.17263E-01  0.11454E-01  0.75962E-02  0.50061E-02  0.31464E-02  0.16768E-02
