 0.00000E+00  0.81311E+00  0.34600E+00 -0.15189E-01 -0.17584E+00 -0.16843E+00 -0.86390E-01 -0.73179E-02  0.37218E-01  0.49869E-01  0.44846E-01  0.34032E-01  0.23577E-01  0.15463E-01  0.97298E-02  0.58577E-02  0.33288E-02
 0.20000E+00  0.25027E+00  0.35447E+00  0.35034E+00  0.25361E+00  0.12290E+00  0.14373E-01 -0.47085E-01 -0.66347E-01 -0.60898E-01 -0.46505E-01 -0.32106E-01 -0.20914E-01 -0.13146E-01 -0.80279E-02 -0.47308E-02 -0.26476E-02
 0.40000E+00  0.19171E-01  0.22802E+00  0.32863E+00  0.30378E+00  0.20224E+00  0.90389E-01  0.10278E-01 -0.29465E-01 -0.39883E-01 -0.35627E-01 -0.26908E-01 -0.18609E-01 -0.12208E-01 -0.76926E-02 -0.46394E-02 -0.26409E-02
 0.60000E+00 -0.56373E-01  0.13138E+00  0.25129E+00  0.27397E+00  0.22271E+00  0.14378E+00  0.73911E-01  0.27940E-01  0.42103E-02 -0.50711E-02 -0.70672E-02 -0.62171E-02 -0.46523E-02 -0.31816E-02 -0.20256E-02 -0.11964E-02
 0.80000E+00 -0.59310E-01  0.42953E-01  0.13727E+00  0.19400E+00  0.20427E+00  0.17893E+00  0.13706E+00  0.94849E-01  0.60898E-01  0.37153E-01  0.21994E-01  0.12838E-01  0.74479E-02  0.42858E-02  0.24164E-02  0.13086E-02
 0.10000E+01 -0.30399E-01 -0.45729E-02  0.52413E-01  0.11805E+00  0.16514E+00  0.17919E+00  0.16328E+00  0.13079E+00  0.95251E-01  0.64840E-01  0.42218E-01  0.26740E-01  0.16616E-01  0.10114E-01  0.59630E-02  0.33431E-02
 0.12000E+01 -0.89961E-02 -0.22587E-01  0.94829E-02  0.71446E-01  0.13098E+00  0.16299E+00  0.16208E+00  0.13824E+00  0.10570E+00  0.74849E-01  0.50349E-01  0.32757E-01  0.20802E-01  0.12881E-01  0.76959E-02  0.43579E-02
 0.14000E+01  0.21405E-02 -0.28304E-01 -0.10036E-01  0.45733E-01  0.10692E+00  0.14539E+00  0.15194E+00  0.13407E+00  0.10520E+00  0.76086E-01  0.52085E-01  0.34380E-01  0.22090E-01  0.13807E-01  0.83078E-02  0.47296E-02
 0.16000E+01  0.76376E-02 -0.29671E-01 -0.19125E-01  0.30996E-01  0.90348E-01  0.13054E+00  0.14080E+00  0.12690E+00  0.10120E+00  0.74169E-01  0.51338E-01  0.34201E-01  0.22140E-01  0.13920E-01  0.84139E-02  0.48063E-02
 0.18000E+01  0.10395E-01 -0.29514E-01 -0.23578E-01  0.21886E-01  0.78487E-01  0.11857E+00  0.13073E+00  0.11956E+00  0.96428E-01  0.71325E-01  0.49754E-01  0.33359E-01  0.21709E-01  0.13705E-01  0.83106E-02  0.47586E-02
 0.20000E+01  0.11776E-01 -0.28822E-01 -0.25822E-01  0.15828E-01  0.69582E-01  0.10882E+00  0.12198E+00  0.11278E+00  0.91725E-01  0.68317E-01  0.47934E-01  0.32295E-01  0.21099E-01  0.13362E-01  0.81217E-02  0.46587E-02
 0.22000E+01  0.12426E-01 -0.27953E-01 -0.26923E-01  0.11570E-01  0.62633E-01  0.10075E+00  0.11441E+00  0.10669E+00  0.87350E-01  0.65414E-01  0.46108E-01  0.31184E-01  0.20437E-01  0.12974E-01  0.79008E-02  0.45384E-02
 0.24000E+01  0.12669E-01 -0.27050E-01 -0.27397E-01  0.84381E-02  0.57032E-01  0.93944E-01  0.10783E+00  0.10126E+00  0.83352E-01  0.62699E-01  0.44360E-01  0.30096E-01  0.19774E-01  0.12579E-01  0.76719E-02  0.44120E-02
 0.26000E+01  0.12676E-01 -0.26168E-01 -0.27512E-01  0.60496E-02  0.52394E-01  0.88101E-01  0.10205E+00  0.96398E-01  0.79710E-01  0.60186E-01  0.42718E-01  0.29058E-01  0.19133E-01  0.12192E-01  0.74456E-02  0.42861E-02
 0.28000E+01  0.12537E-01 -0.25329E-01 -0.27410E-01  0.41746E-02  0.48466E-01  0.83000E-01  0.96903E-01  0.92006E-01  0.76378E-01  0.57859E-01  0.41179E-01  0.28076E-01  0.18521E-01  0.11819E-01  0.72261E-02  0.41633E-02
 0.30000E+01  0.12261E-01 -0.24304E-01 -0.27050E-01  0.23731E-02  0.44316E-01  0.77429E-01  0.91171E-01  0.87043E-01  0.72567E-01  0.55166E-01  0.39380E-01  0.26916E-01  0.17792E-01  0.11372E-01  0.69614E-02  0.40145E-02
 0.00000E+00  0.81311E+00  0.34600E+00 -0.15189E-01 -0.17584E+00 -0.16843E+00 -0.86390E-01 -0.73179E-02  0.37218E-01  0.49869E-01  0.44846E-01  0.34032E-01  0.23577E-01  0.15463E-01  0.97298E-02  0.58577E-02  0.33288E-02
 0.20000E+00  0.25027E+00  0.35447E+00  0.35034E+00  0.25361E+00  0.12290E+00  0.14373E-01 -0.47085E-01 -0.66347E-01 -0.60898E-01 -0.46505E-01 -0.32106E-01 -0.20914E-01 -0.13146E-01 -0.80279E-02 -0.47308E-02 -0.26476E-02
 0.40000E+00  0.19171E-01  0.22802E+00  0.32863E+00  0.30378E+00  0.20224E+00  0.90389E-01  0.10278E-01 -0.29465E-01 -0.39883E-01 -0.35627E-01 -0.26908E-01 -0.18609E-01 -0.12208E-01 -0.76926E-02 -0.46394E-02 -0.26409E-02
 0.60000E+00 -0.56373E-01  0.13138E+00  0.25129E+00  0.27397E+00  0.22271E+00  0.14378E+00  0.73911E-01  0.27940E-01  0.42103E-02 -0.50711E-02 -0.70672E-02 -0.62171E-02 -0.46523E-02 -0.31816E-02 -0.20256E-02 -0.11964E-02
 0.80000E+00 -0.59310E-01  0.42953E-01  0.13727E+00  0.19400E+00  0.20427E+00  0.17893E+00  0.13706E+00  0.94849E-01  0.60898E-01  0.37153E-01  0.21994E-01  0.12838E-01  0.74479E-02  0.42858E-02  0.24164E-02  0.13086E-02
 0.10000E+01 -0.30399E-01 -0.45729E-02  0.52413E-01  0.11805E+00  0.16514E+00  0.17919E+00  0.16328E+00  0.13079E+00  0.95251E-01  0.64840E-01  0.42218E-01  0.26740E-01  0.16616E-01  0.10114E-01  0.59630E-02  0.33431E-02
 0.12000E+01 -0.89961E-02 -0.22587E-01  0.94829E-02  0.71446E-01  0.13098E+00  0.16299E+00  0.16208E+00  0.13824E+00  0.10570E+00  0.74849E-01  0.50349E-01  0.32757E-01  0.20802E-01  0.12881E-01  0.76959E-02  0.43579E-02
 0.14000E+01  0.21405E-02 -0.28304E-01 -0.10036E-01  0.45733E-01  0.10692E+00  0.14539E+00  0.15194E+00  0.13407E+00  0.10520E+00  0.76086E-01  0.52085E-01  0.34380E-01  0.22090E-01  0.13807E-01  0.83078E-02  0.47296E-02
 0.16000E+01  0.76376E-02 -0.29671E-01 -0.19125E-01  0.30996E-01  0.90348E-01  0.13054E+00  0.14080E+00  0.12690E+00  0.10120E+00  0.74169E-01  0.51338E-01  0.34201E-01  0.22140E-01  0.13920E-01  0.84139E-02  0.48063E-02
 0.18000E+01  0.10395E-01 -0.29514E-01 -0.23578E-01  0.21886E-01  0.78487E-01  0.11857E+00  0.13073E+00  0.11956E+00  0.96428E-01  0.71325E-01  0.49754E-01  0.33359E-01  0.21709E-01  0.13705E-01  0.83106E-02  0.47586E-02
 0.20000E+01  0.11776E-01 -0.28822E-01 -0.25822E-01  0.15828E-01  0.69582E-01  0.10882E+00  0.12198E+00  0.11278E+00  0.91725E-01  0.68317E-01  0.47934E-01  0.32295E-01  0.21099E-01  0.13362E-01  0.81217E-02  0.46587E-02
 0.22000E+01  0.12426E-01 -0.27953E-01 -0.26923E-01  0.11570E-01  0.62633E-01  0.10075E+00  0.11441E+00  0.10669E+00  0.87350E-01  0.65414E-01  0.46108E-01  0.31184E-01  0.20437E-01  0.12974E-01  0.79008E-02  0.45384E-02
 0.24000E+01  0.12669E-01 -0.27050E-01 -0.27397E-01  0.84381E-02  0.57032E-01  0.93944E-01  0.10783E+00  0.10126E+00  0.83352E-01  0.62699E-01  0.44360E-01  0.30096E-01  0.19774E-01  0.12579E-01  0.76719E-02  0.44120E-02
 0.26000E+01  0.12676E-01 -0.26168E-01 -0.27512E-01  0.60496E-02  0.52394E-01  0.88101E-01  0.10205E+00  0.96398E-01  0.79710E-01  0.60186E-01  0.42718E-01  0.29058E-01  0.19133E-01  0.12192E-01  0.74456E-02  0.42861E-02
 0.28000E+01  0.12537E-01 -0.25329E-01 -0.27410E-01  0.41746E-02  0.48466E-01  0.83000E-01  0.96903E-01  0.92006E-01  0.76378E-01  0.57859E-01  0.41179E-01  0.28076E-01  0.18521E-01  0.11819E-01  0.72261E-02  0.41633E-02
 0.30000E+01  0.12261E-01 -0.24304E-01 -0.27050E-01  0.23731E-02  0.44316E-01  0.77429E-01  0.91171E-01  0.87043E-01  0.72567E-01  0.55166E-01  0.39380E-01  0.26916E-01  0.17792E-01  0.11372E-01  0.69614E-02  0.40145E-02
