 0.00000E+00  0.70692E+00  0.31058E+00 -0.80507E-01 -0.14991E+00 -0.59351E-01  0.11742E-01  0.34148E-01  0.32350E-01  0.24311E-01  0.16688E-01  0.10969E-01  0.70349E-02  0.44370E-02  0.27497E-02  0.16244E-02  0.82512E-03
 0.20000E+00  0.43048E+00  0.48072E+00  0.32647E+00  0.12172E+00 -0.27041E-02 -0.43527E-01 -0.43867E-01 -0.33182E-01 -0.22672E-01 -0.14844E-01 -0.95281E-02 -0.60517E-02 -0.38174E-02 -0.23830E-02 -0.14228E-02 -0.72943E-03
 0.40000E+00 -0.11733E+00  0.26274E+00  0.45183E+00  0.32732E+00  0.12948E+00  0.13162E-01 -0.26154E-01 -0.30310E-01 -0.24215E-01 -0.17114E-01 -0.11439E-01 -0.74115E-02 -0.47040E-02 -0.29258E-02 -0.17324E-02 -0.88155E-03
 0.60000E+00 -0.14307E+00  0.98517E-01  0.29091E+00  0.29413E+00  0.20048E+00  0.11386E+00  0.60897E-01  0.32675E-01  0.17980E-01  0.10166E-01  0.58826E-02  0.34694E-02  0.20780E-02  0.12527E-02  0.73020E-03  0.36774E-03
 0.80000E+00 -0.56111E-01  0.69743E-02  0.12861E+00  0.21528E+00  0.22180E+00  0.17809E+00  0.12508E+00  0.82108E-01  0.52195E-01  0.32673E-01  0.20282E-01  0.12519E-01  0.76876E-02  0.46731E-02  0.27209E-02  0.13672E-02
 0.10000E+01  0.94595E-02 -0.35413E-01  0.30886E-01  0.15468E+00  0.21762E+00  0.20277E+00  0.15432E+00  0.10605E+00  0.69274E-01  0.44079E-01  0.27620E-01  0.17123E-01  0.10518E-01  0.63758E-02  0.36958E-02  0.18499E-02
 0.12000E+01  0.44127E-01 -0.53442E-01 -0.19904E-01  0.11568E+00  0.20442E+00  0.20565E+00  0.16229E+00  0.11375E+00  0.75158E-01  0.48141E-01  0.30272E-01  0.18790E-01  0.11536E-01  0.69773E-02  0.40327E-02  0.20135E-02
 0.14000E+01  0.60365E-01 -0.60582E-01 -0.45652E-01  0.90403E-01  0.18911E+00  0.19889E+00  0.16009E+00  0.11340E+00  0.75389E-01  0.48467E-01  0.30541E-01  0.18976E-01  0.11649E-01  0.70411E-02  0.40651E-02  0.20278E-02
 0.16000E+01  0.66905E-01 -0.62741E-01 -0.58494E-01  0.73195E-01  0.17402E+00  0.18821E+00  0.15329E+00  0.10927E+00  0.72918E-01  0.46994E-01  0.29663E-01  0.18453E-01  0.11338E-01  0.68574E-02  0.39612E-02  0.19769E-02
 0.18000E+01  0.68145E-01 -0.62474E-01 -0.64342E-01  0.60796E-01  0.15961E+00  0.17581E+00  0.14423E+00  0.10320E+00  0.69037E-01  0.44578E-01  0.28187E-01  0.17564E-01  0.10813E-01  0.65534E-02  0.37939E-02  0.18970E-02
 0.20000E+01  0.66383E-01 -0.60935E-01 -0.66153E-01  0.51457E-01  0.14599E+00  0.16275E+00  0.13408E+00  0.96148E-01  0.64420E-01  0.41664E-01  0.26395E-01  0.16487E-01  0.10179E-01  0.61908E-02  0.35974E-02  0.18044E-02
 0.22000E+01  0.62810E-01 -0.58706E-01 -0.65469E-01  0.44232E-01  0.13318E+00  0.14957E+00  0.12347E+00  0.88615E-01  0.59431E-01  0.38495E-01  0.24441E-01  0.15313E-01  0.94919E-02  0.58014E-02  0.33888E-02  0.17072E-02
 0.24000E+01  0.58139E-01 -0.56077E-01 -0.63184E-01  0.38514E-01  0.12113E+00  0.13654E+00  0.11272E+00  0.80879E-01  0.54269E-01  0.35204E-01  0.22411E-01  0.14096E-01  0.87826E-02  0.54023E-02  0.31773E-02  0.16096E-02
 0.26000E+01  0.52763E-01 -0.53226E-01 -0.59845E-01  0.33875E-01  0.10969E+00  0.12369E+00  0.10194E+00  0.73051E-01  0.49018E-01  0.31849E-01  0.20341E-01  0.12857E-01  0.80638E-02  0.50008E-02  0.29664E-02  0.15133E-02
 0.28000E+01  0.46871E-01 -0.50235E-01 -0.55752E-01  0.30041E-01  0.98745E-01  0.11103E+00  0.91170E-01  0.65182E-01  0.43722E-01  0.28461E-01  0.18251E-01  0.11608E-01  0.73423E-02  0.46003E-02  0.27579E-02  0.14188E-02
 0.30000E+01  0.42110E-01 -0.47721E-01 -0.53135E-01  0.25323E-01  0.88086E-01  0.99368E-01  0.81539E-01  0.58262E-01  0.39109E-01  0.25521E-01  0.16436E-01  0.10516E-01  0.67028E-02  0.42378E-02  0.25639E-02  0.13286E-02
