 0.00000E+00  0.66379E+00  0.35356E+00  0.74251E-01 -0.91118E-01 -0.13739E+00 -0.11079E+00 -0.62815E-01 -0.23622E-01 -0.12149E-02  0.79249E-02  0.96924E-02  0.84020E-02  0.63175E-02  0.43584E-02  0.27981E-02  0.16638E-02
 0.20000E+00  0.39622E+00  0.37203E+00  0.29250E+00  0.18766E+00  0.90855E-01  0.22380E-01 -0.14600E-01 -0.27894E-01 -0.27919E-01 -0.22665E-01 -0.16564E-01 -0.11392E-01 -0.75235E-02 -0.47919E-02 -0.29212E-02 -0.16779E-02
 0.40000E+00  0.62796E-01  0.20306E+00  0.27684E+00  0.26777E+00  0.20187E+00  0.12073E+00  0.54651E-01  0.13818E-01 -0.55400E-02 -0.11677E-01 -0.11540E-01 -0.92449E-02 -0.66812E-02 -0.45069E-02 -0.28543E-02 -0.16827E-02
 0.60000E+00 -0.50881E-01  0.10463E+00  0.21428E+00  0.24842E+00  0.21864E+00  0.15849E+00  0.98387E-01  0.53582E-01  0.25976E-01  0.11230E-01  0.42094E-02  0.11972E-02  0.56337E-04 -0.28147E-03 -0.30562E-03 -0.22952E-03
 0.80000E+00 -0.72556E-01  0.44758E-01  0.14345E+00  0.19458E+00  0.19592E+00  0.16472E+00  0.12225E+00  0.83168E-01  0.53435E-01  0.33214E-01  0.20328E-01  0.12373E-01  0.75004E-02  0.44956E-02  0.26243E-02  0.14614E-02
 0.10000E+01 -0.60454E-01  0.13397E-01  0.89014E-01  0.14271E+00  0.16346E+00  0.15489E+00  0.12892E+00  0.97735E-01  0.69317E-01  0.46973E-01  0.30904E-01  0.19939E-01  0.12652E-01  0.78545E-02  0.47083E-02  0.26742E-02
 0.12000E+01 -0.44705E-01 -0.17416E-02  0.54595E-01  0.10560E+00  0.13595E+00  0.14102E+00  0.12629E+00  0.10160E+00  0.75566E-01  0.53154E-01  0.35991E-01  0.23733E-01  0.15310E-01  0.96218E-02  0.58204E-02  0.33281E-02
 0.14000E+01 -0.32790E-01 -0.90845E-02  0.33899E-01  0.81150E-01  0.11561E+00  0.12816E+00  0.12039E+00  0.10036E+00  0.76664E-01  0.55027E-01  0.37831E-01  0.25235E-01  0.16420E-01  0.10387E-01  0.63138E-02  0.36231E-02
 0.16000E+01 -0.24605E-01 -0.12811E-01  0.21141E-01  0.64853E-01  0.10076E+00  0.11738E+00  0.11393E+00  0.97192E-01  0.75509E-01  0.54882E-01  0.38090E-01  0.25590E-01  0.16742E-01  0.10634E-01  0.64841E-02  0.37294E-02
 0.18000E+01 -0.18964E-01 -0.14794E-01  0.12867E-01  0.53516E-01  0.89635E-01  0.10848E+00  0.10783E+00  0.93483E-01  0.73475E-01  0.53865E-01  0.37627E-01  0.25405E-01  0.16684E-01  0.10628E-01  0.64947E-02  0.37416E-02
 0.20000E+01 -0.14955E-01 -0.15879E-01  0.72175E-02  0.45245E-01  0.80986E-01  0.10106E+00  0.10228E+00  0.89751E-01  0.71148E-01  0.52491E-01  0.36843E-01  0.24968E-01  0.16444E-01  0.10498E-01  0.64260E-02  0.37066E-02
 0.22000E+01 -0.12012E-01 -0.16467E-01  0.31856E-02  0.38955E-01  0.74035E-01  0.94747E-01  0.97288E-01  0.86176E-01  0.68770E-01  0.50986E-01  0.35922E-01  0.24414E-01  0.16115E-01  0.10307E-01  0.63170E-02  0.36474E-02
 0.24000E+01 -0.97807E-02 -0.16767E-01  0.19634E-03  0.33995E-01  0.68280E-01  0.89285E-01  0.92777E-01  0.82813E-01  0.66443E-01  0.49458E-01  0.34951E-01  0.23811E-01  0.15746E-01  0.10085E-01  0.61880E-02  0.35759E-02
 0.26000E+01 -0.80385E-02 -0.16889E-01 -0.20932E-02  0.29958E-01  0.63389E-01  0.84467E-01  0.88666E-01  0.79656E-01  0.64199E-01  0.47948E-01  0.33972E-01  0.23190E-01  0.15360E-01  0.98497E-02  0.60494E-02  0.34982E-02
 0.28000E+01 -0.66488E-02 -0.16898E-01 -0.38913E-02  0.26588E-01  0.59140E-01  0.80149E-01  0.84882E-01  0.76683E-01  0.62045E-01  0.46474E-01  0.33001E-01  0.22567E-01  0.14968E-01  0.96085E-02  0.59061E-02  0.34175E-02
 0.30000E+01 -0.52567E-02 -0.16762E-01 -0.56018E-02  0.23083E-01  0.54496E-01  0.75255E-01  0.80470E-01  0.73137E-01  0.59425E-01  0.44650E-01  0.31783E-01  0.21776E-01  0.14465E-01  0.92967E-02  0.57196E-02  0.33119E-02
 0.00000E+00  0.66379E+00  0.35356E+00  0.74251E-01 -0.91118E-01 -0.13739E+00 -0.11079E+00 -0.62815E-01 -0.23622E-01 -0.12149E-02  0.79249E-02  0.96924E-02  0.84020E-02  0.63175E-02  0.43584E-02  0.27981E-02  0.16638E-02
 0.20000E+00  0.39622E+00  0.37203E+00  0.29250E+00  0.18766E+00  0.90855E-01  0.22380E-01 -0.14600E-01 -0.27894E-01 -0.27919E-01 -0.22665E-01 -0.16564E-01 -0.11392E-01 -0.75235E-02 -0.47919E-02 -0.29212E-02 -0.16779E-02
 0.40000E+00  0.62796E-01  0.20306E+00  0.27684E+00  0.26777E+00  0.20187E+00  0.12073E+00  0.54651E-01  0.13818E-01 -0.55400E-02 -0.11677E-01 -0.11540E-01 -0.92449E-02 -0.66812E-02 -0.45069E-02 -0.28543E-02 -0.16827E-02
 0.60000E+00 -0.50881E-01  0.10463E+00  0.21428E+00  0.24842E+00  0.21864E+00  0.15849E+00  0.98387E-01  0.53582E-01  0.25976E-01  0.11230E-01  0.42094E-02  0.11972E-02  0.56337E-04 -0.28147E-03 -0.30562E-03 -0.22952E-03
 0.80000E+00 -0.72556E-01  0.44758E-01  0.14345E+00  0.19458E+00  0.19592E+00  0.16472E+00  0.12225E+00  0.83168E-01  0.53435E-01  0.33214E-01  0.20328E-01  0.12373E-01  0.75004E-02  0.44956E-02  0.26243E-02  0.14614E-02
 0.10000E+01 -0.60454E-01  0.13397E-01  0.89014E-01  0.14271E+00  0.16346E+00  0.15489E+00  0.12892E+00  0.97735E-01  0.69317E-01  0.46973E-01  0.30904E-01  0.19939E-01  0.12652E-01  0.78545E-02  0.47083E-02  0.26742E-02
 0.12000E+01 -0.44705E-01 -0.17416E-02  0.54595E-01  0.10560E+00  0.13595E+00  0.14102E+00  0.12629E+00  0.10160E+00  0.75566E-01  0.53154E-01  0.35991E-01  0.23733E-01  0.15310E-01  0.96218E-02  0.58204E-02  0.33281E-02
 0.14000E+01 -0.32790E-01 -0.90845E-02  0.33899E-01  0.81150E-01  0.11561E+00  0.12816E+00  0.12039E+00  0.10036E+00  0.76664E-01  0.55027E-01  0.37831E-01  0.25235E-01  0.16420E-01  0.10387E-01  0.63138E-02  0.36231E-02
 0.16000E+01 -0.24605E-01 -0.12811E-01  0.21141E-01  0.64853E-01  0.10076E+00  0.11738E+00  0.11393E+00  0.97192E-01  0.75509E-01  0.54882E-01  0.38090E-01  0.25590E-01  0.16742E-01  0.10634E-01  0.64841E-02  0.37294E-02
 0.18000E+01 -0.18964E-01 -0.14794E-01  0.12867E-01  0.53516E-01  0.89635E-01  0.10848E+00  0.10783E+00  0.93483E-01  0.73475E-01  0.53865E-01  0.37627E-01  0.25405E-01  0.16684E-01  0.10628E-01  0.64947E-02  0.37416E-02
 0.20000E+01 -0.14955E-01 -0.15879E-01  0.72175E-02  0.45245E-01  0.80986E-01  0.10106E+00  0.10228E+00  0.89751E-01  0.71148E-01  0.52491E-01  0.36843E-01  0.24968E-01  0.16444E-01  0.10498E-01  0.64260E-02  0.37066E-02
 0.22000E+01 -0.12012E-01 -0.16467E-01  0.31856E-02  0.38955E-01  0.74035E-01  0.94747E-01  0.97288E-01  0.86176E-01  0.68770E-01  0.50986E-01  0.35922E-01  0.24414E-01  0.16115E-01  0.10307E-01  0.63170E-02  0.36474E-02
 0.24000E+01 -0.97807E-02 -0.16767E-01  0.19634E-03  0.33995E-01  0.68280E-01  0.89285E-01  0.92777E-01  0.82813E-01  0.66443E-01  0.49458E-01  0.34951E-01  0.23811E-01  0.15746E-01  0.10085E-01  0.61880E-02  0.35759E-02
 0.26000E+01 -0.80385E-02 -0.16889E-01 -0.20932E-02  0.29958E-01  0.63389E-01  0.84467E-01  0.88666E-01  0.79656E-01  0.64199E-01  0.47948E-01  0.33972E-01  0.23190E-01  0.15360E-01  0.98497E-02  0.60494E-02  0.34982E-02
 0.28000E+01 -0.66488E-02 -0.16898E-01 -0.38913E-02  0.26588E-01  0.59140E-01  0.80149E-01  0.84882E-01  0.76683E-01  0.62045E-01  0.46474E-01  0.33001E-01  0.22567E-01  0.14968E-01  0.96085E-02  0.59061E-02  0.34175E-02
 0.30000E+01 -0.52567E-02 -0.16762E-01 -0.56018E-02  0.23083E-01  0.54496E-01  0.75255E-01  0.80470E-01  0.73137E-01  0.59425E-01  0.44650E-01  0.31783E-01  0.21776E-01  0.14465E-01  0.92967E-02  0.57196E-02  0.33119E-02
