 0.00000E+00  0.82491E+00  0.29940E+00 -0.71546E-01 -0.20372E+00 -0.15926E+00 -0.54280E-01  0.29210E-01  0.67005E-01  0.70234E-01  0.57564E-01  0.41748E-01  0.28291E-01  0.18384E-01  0.11537E-01  0.69472E-02  0.39523E-02
 0.20000E+00  0.28054E+00  0.42621E+00  0.41302E+00  0.27409E+00  0.10028E+00 -0.31278E-01 -0.94379E-01 -0.10358E+00 -0.85892E-01 -0.61792E-01 -0.41033E-01 -0.26041E-01 -0.16077E-01 -0.96881E-02 -0.56502E-02 -0.31357E-02
 0.40000E+00 -0.45675E-01  0.23039E+00  0.36562E+00  0.34042E+00  0.22052E+00  0.90455E-01  0.46758E-03 -0.41615E-01 -0.50611E-01 -0.43980E-01 -0.33099E-01 -0.23085E-01 -0.15361E-01 -0.98303E-02 -0.60131E-02 -0.34630E-02
 0.60000E+00 -0.65918E-01  0.99761E-01  0.21703E+00  0.25387E+00  0.22261E+00  0.15922E+00  0.96229E-01  0.49775E-01  0.21708E-01  0.72530E-02  0.86916E-03 -0.14204E-02 -0.18838E-02 -0.16424E-02 -0.12016E-02 -0.77553E-03
 0.80000E+00 -0.36211E-01  0.29507E-01  0.10738E+00  0.16785E+00  0.19175E+00  0.17937E+00  0.14496E+00  0.10500E+00  0.70248E-01  0.44569E-01  0.27396E-01  0.16557E-01  0.99010E-02  0.58387E-02  0.33539E-02  0.18411E-02
 0.10000E+01 -0.12549E-01 -0.30862E-02  0.45834E-01  0.11053E+00  0.15938E+00  0.17490E+00  0.15978E+00  0.12806E+00  0.93545E-01  0.64177E-01  0.42318E-01  0.27230E-01  0.17202E-01  0.10631E-01  0.63479E-02  0.35943E-02
 0.12000E+01  0.95406E-03 -0.17517E-01  0.13477E-01  0.75551E-01  0.13375E+00  0.16293E+00  0.15940E+00  0.13452E+00  0.10249E+00  0.72880E-01  0.49560E-01  0.32739E-01  0.21142E-01  0.13303E-01  0.80569E-02  0.46125E-02
 0.14000E+01  0.82266E-02 -0.23959E-01 -0.39730E-02  0.53839E-01  0.11465E+00  0.15036E+00  0.15374E+00  0.13398E+00  0.10475E+00  0.76119E-01  0.52726E-01  0.35376E-01  0.23139E-01  0.14710E-01  0.89814E-02  0.51735E-02
 0.16000E+01  0.12184E-01 -0.26843E-01 -0.13895E-01  0.39673E-01  0.10033E+00  0.13910E+00  0.14675E+00  0.13077E+00  0.10408E+00  0.76767E-01  0.53849E-01  0.36511E-01  0.24088E-01  0.15419E-01  0.94649E-02  0.54743E-02
 0.18000E+01  0.14370E-01 -0.28064E-01 -0.19846E-01  0.29914E-01  0.89309E-01  0.12939E+00  0.13979E+00  0.12666E+00  0.10215E+00  0.76181E-01  0.53936E-01  0.36853E-01  0.24468E-01  0.15740E-01  0.96997E-02  0.56266E-02
 0.20000E+01  0.15568E-01 -0.28462E-01 -0.23569E-01  0.22860E-01  0.80561E-01  0.12104E+00  0.13326E+00  0.12235E+00  0.99696E-01  0.74996E-01  0.53481E-01  0.36761E-01  0.24526E-01  0.15839E-01  0.97894E-02  0.56915E-02
 0.22000E+01  0.16191E-01 -0.28427E-01 -0.25956E-01  0.17572E-01  0.73444E-01  0.11382E+00  0.12728E+00  0.11811E+00  0.97064E-01  0.73527E-01  0.52741E-01  0.36427E-01  0.24398E-01  0.15805E-01  0.97919E-02  0.57032E-02
 0.24000E+01  0.16469E-01 -0.28162E-01 -0.27511E-01  0.13478E-01  0.67524E-01  0.10752E+00  0.12184E+00  0.11408E+00  0.94416E-01  0.71939E-01  0.51853E-01  0.35958E-01  0.24161E-01  0.15692E-01  0.97410E-02  0.56820E-02
 0.26000E+01  0.16532E-01 -0.27772E-01 -0.28525E-01  0.10219E-01  0.62494E-01  0.10195E+00  0.11686E+00  0.11028E+00  0.91823E-01  0.70314E-01  0.50892E-01  0.35412E-01  0.23860E-01  0.15530E-01  0.96568E-02  0.56401E-02
 0.28000E+01  0.16455E-01 -0.27315E-01 -0.29177E-01  0.75607E-02  0.58140E-01  0.96963E-01  0.11229E+00  0.10670E+00  0.89316E-01  0.68695E-01  0.49902E-01  0.34827E-01  0.23523E-01  0.15339E-01  0.95522E-02  0.55852E-02
 0.30000E+01  0.16239E-01 -0.26639E-01 -0.29575E-01  0.48983E-02  0.53424E-01  0.91348E-01  0.10699E+00  0.10244E+00  0.86260E-01  0.66666E-01  0.48622E-01  0.34045E-01  0.23056E-01  0.15066E-01  0.93975E-02  0.55014E-02
 0.00000E+00  0.82491E+00  0.29940E+00 -0.71546E-01 -0.20372E+00 -0.15926E+00 -0.54280E-01  0.29210E-01  0.67005E-01  0.70234E-01  0.57564E-01  0.41748E-01  0.28291E-01  0.18384E-01  0.11537E-01  0.69472E-02  0.39523E-02
 0.20000E+00  0.28054E+00  0.42621E+00  0.41302E+00  0.27409E+00  0.10028E+00 -0.31278E-01 -0.94379E-01 -0.10358E+00 -0.85892E-01 -0.61792E-01 -0.41033E-01 -0.26041E-01 -0.16077E-01 -0.96881E-02 -0.56502E-02 -0.31357E-02
 0.40000E+00 -0.45675E-01  0.23039E+00  0.36562E+00  0.34042E+00  0.22052E+00  0.90455E-01  0.46758E-03 -0.41615E-01 -0.50611E-01 -0.43980E-01 -0.33099E-01 -0.23085E-01 -0.15361E-01 -0.98303E-02 -0.60131E-02 -0.34630E-02
 0.60000E+00 -0.65918E-01  0.99761E-01  0.21703E+00  0.25387E+00  0.22261E+00  0.15922E+00  0.96229E-01  0.49775E-01  0.21708E-01  0.72530E-02  0.86916E-03 -0.14204E-02 -0.18838E-02 -0.16424E-02 -0.12016E-02 -0.77553E-03
 0.80000E+00 -0.36211E-01  0.29507E-01  0.10738E+00  0.16785E+00  0.19175E+00  0.17937E+00  0.14496E+00  0.10500E+00  0.70248E-01  0.44569E-01  0.27396E-01  0.16557E-01  0.99010E-02  0.58387E-02  0.33539E-02  0.18411E-02
 0.10000E+01 -0.12549E-01 -0.30862E-02  0.45834E-01  0.11053E+00  0.15938E+00  0.17490E+00  0.15978E+00  0.12806E+00  0.93545E-01  0.64177E-01  0.42318E-01  0.27230E-01  0.17202E-01  0.10631E-01  0.63479E-02  0.35943E-02
 0.12000E+01  0.95406E-03 -0.17517E-01  0.13477E-01  0.75551E-01  0.13375E+00  0.16293E+00  0.15940E+00  0.13452E+00  0.10249E+00  0.72880E-01  0.49560E-01  0.32739E-01  0.21142E-01  0.13303E-01  0.80569E-02  0.46125E-02
 0.14000E+01  0.82266E-02 -0.23959E-01 -0.39730E-02  0.53839E-01  0.11465E+00  0.15036E+00  0.15374E+00  0.13398E+00  0.10475E+00  0.76119E-01  0.52726E-01  0.35376E-01  0.23139E-01  0.14710E-01  0.89814E-02  0.51735E-02
 0.16000E+01  0.12184E-01 -0.26843E-01 -0.13895E-01  0.39673E-01  0.10033E+00  0.13910E+00  0.14675E+00  0.13077E+00  0.10408E+00  0.76767E-01  0.53849E-01  0.36511E-01  0.24088E-01  0.15419E-01  0.94649E-02  0.54743E-02
 0.18000E+01  0.14370E-01 -0.28064E-01 -0.19846E-01  0.29914E-01  0.89309E-01  0.12939E+00  0.13979E+00  0.12666E+00  0.10215E+00  0.76181E-01  0.53936E-01  0.36853E-01  0.24468E-01  0.15740E-01  0.96997E-02  0.56266E-02
 0.20000E+01  0.15568E-01 -0.28462E-01 -0.23569E-01  0.22860E-01  0.80561E-01  0.12104E+00  0.13326E+00  0.12235E+00  0.99696E-01  0.74996E-01  0.53481E-01  0.36761E-01  0.24526E-01  0.15839E-01  0.97894E-02  0.56915E-02
 0.22000E+01  0.16191E-01 -0.28427E-01 -0.25956E-01  0.17572E-01  0.73444E-01  0.11382E+00  0.12728E+00  0.11811E+00  0.97064E-01  0.73527E-01  0.52741E-01  0.36427E-01  0.24398E-01  0.15805E-01  0.97919E-02  0.57032E-02
 0.24000E+01  0.16469E-01 -0.28162E-01 -0.27511E-01  0.13478E-01  0.67524E-01  0.10752E+00  0.12184E+00  0.11408E+00  0.94416E-01  0.71939E-01  0.51853E-01  0.35958E-01  0.24161E-01  0.15692E-01  0.97410E-02  0.56820E-02
 0.26000E+01  0.16532E-01 -0.27772E-01 -0.28525E-01  0.10219E-01  0.62494E-01  0.10195E+00  0.11686E+00  0.11028E+00  0.91823E-01  0.70314E-01  0.50892E-01  0.35412E-01  0.23860E-01  0.15530E-01  0.96568E-02  0.56401E-02
 0.28000E+01  0.16455E-01 -0.27315E-01 -0.29177E-01  0.75607E-02  0.58140E-01  0.96963E-01  0.11229E+00  0.10670E+00  0.89316E-01  0.68695E-01  0.49902E-01  0.34827E-01  0.23523E-01  0.15339E-01  0.95522E-02  0.55852E-02
 0.30000E+01  0.16239E-01 -0.26639E-01 -0.29575E-01  0.48983E-02  0.53424E-01  0.91348E-01  0.10699E+00  0.10244E+00  0.86260E-01  0.66666E-01  0.48622E-01  0.34045E-01  0.23056E-01  0.15066E-01  0.93975E-02  0.55014E-02
