 0.00000E+00  0.83016E+00  0.37589E+00  0.95042E-02 -0.16948E+00 -0.18119E+00 -0.10935E+00 -0.29934E-01  0.21134E-01  0.41264E-01  0.41723E-01  0.33891E-01  0.24608E-01  0.16697E-01  0.10770E-01  0.66022E-02  0.38014E-02
 0.20000E+00  0.21405E+00  0.32207E+00  0.33523E+00  0.26033E+00  0.14525E+00  0.41095E-01 -0.25081E-01 -0.52622E-01 -0.54522E-01 -0.44785E-01 -0.32595E-01 -0.22099E-01 -0.14317E-01 -0.89416E-02 -0.53575E-02 -0.30351E-02
 0.40000E+00  0.25826E-01  0.20349E+00  0.29540E+00  0.28308E+00  0.20216E+00  0.10590E+00  0.31253E-01 -0.10855E-01 -0.26762E-01 -0.27709E-01 -0.22629E-01 -0.16470E-01 -0.11197E-01 -0.72373E-02 -0.44450E-02 -0.25636E-02
 0.60000E+00 -0.28767E-01  0.14260E+00  0.24882E+00  0.26449E+00  0.21228E+00  0.13527E+00  0.67534E-01  0.22947E-01  0.46909E-04 -0.85571E-02 -0.98568E-02 -0.83175E-02 -0.61433E-02 -0.41829E-02 -0.26595E-02 -0.15705E-02
 0.80000E+00 -0.55088E-01  0.68007E-01  0.16524E+00  0.20940E+00  0.20198E+00  0.16328E+00  0.11588E+00  0.74449E-01  0.44355E-01  0.25031E-01  0.13638E-01  0.72911E-02  0.38656E-02  0.20369E-02  0.10585E-02  0.53363E-03
 0.10000E+01 -0.42396E-01  0.79076E-02  0.73713E-01  0.13315E+00  0.16795E+00  0.17231E+00  0.15264E+00  0.12097E+00  0.88063E-01  0.60232E-01  0.39459E-01  0.25130E-01  0.15682E-01  0.95751E-02  0.56586E-02  0.31782E-02
 0.12000E+01 -0.19273E-01 -0.21416E-01  0.14912E-01  0.75023E-01  0.13132E+00  0.16237E+00  0.16309E+00  0.14172E+00  0.11081E+00  0.80285E-01  0.55148E-01  0.36521E-01  0.23527E-01  0.14734E-01  0.88795E-02  0.50618E-02
 0.14000E+01 -0.33221E-02 -0.32424E-01 -0.14625E-01  0.40772E-01  0.10392E+00  0.14697E+00  0.15891E+00  0.14501E+00  0.11758E+00  0.87688E-01  0.61681E-01  0.41658E-01  0.27269E-01  0.17296E-01  0.10527E-01  0.60454E-02
 0.16000E+01  0.56343E-02 -0.35851E-01 -0.28588E-01  0.21595E-01  0.85355E-01  0.13290E+00  0.15051E+00  0.14146E+00  0.11723E+00  0.88971E-01  0.63501E-01  0.43411E-01  0.28700E-01  0.18348E-01  0.11235E-01  0.64819E-02
 0.18000E+01  0.10558E-01 -0.36471E-01 -0.35315E-01  0.10418E-01  0.72674E-01  0.12149E+00  0.14197E+00  0.13607E+00  0.11443E+00  0.87868E-01  0.63334E-01  0.43655E-01  0.29057E-01  0.18677E-01  0.11484E-01  0.66464E-02
 0.20000E+01  0.13356E-01 -0.36068E-01 -0.38661E-01  0.34546E-02  0.63621E-01  0.11236E+00  0.13434E+00  0.13058E+00  0.11096E+00  0.85939E-01  0.62389E-01  0.43263E-01  0.28939E-01  0.18674E-01  0.11518E-01  0.66810E-02
 0.22000E+01  0.15006E-01 -0.35295E-01 -0.40325E-01 -0.11710E-02  0.56831E-01  0.10494E+00  0.12768E+00  0.12545E+00  0.10746E+00  0.83773E-01  0.61154E-01  0.42603E-01  0.28607E-01  0.18516E-01  0.11447E-01  0.66516E-02
 0.24000E+01  0.16004E-01 -0.34398E-01 -0.41099E-01 -0.44200E-02  0.51504E-01  0.98734E-01  0.12184E+00  0.12076E+00  0.10411E+00  0.81589E-01  0.59825E-01  0.41834E-01  0.28177E-01  0.18283E-01  0.11324E-01  0.65896E-02
 0.26000E+01  0.16611E-01 -0.33472E-01 -0.41368E-01 -0.68100E-02  0.47157E-01  0.93406E-01  0.11665E+00  0.11645E+00  0.10094E+00  0.79459E-01  0.58482E-01  0.41024E-01  0.27703E-01  0.18012E-01  0.11174E-01  0.65101E-02
 0.28000E+01  0.16967E-01 -0.32553E-01 -0.41329E-01 -0.86323E-02  0.43495E-01  0.88722E-01  0.11196E+00  0.11247E+00  0.97949E-01  0.77401E-01  0.57153E-01  0.40202E-01  0.27208E-01  0.17722E-01  0.11010E-01  0.64209E-02
 0.30000E+01  0.17202E-01 -0.31375E-01 -0.40949E-01 -0.10333E-01  0.39596E-01  0.83493E-01  0.10657E+00  0.10779E+00  0.94361E-01  0.74883E-01  0.55492E-01  0.39151E-01  0.26564E-01  0.17336E-01  0.10786E-01  0.62979E-02
 0.00000E+00  0.83016E+00  0.37589E+00  0.95042E-02 -0.16948E+00 -0.18119E+00 -0.10935E+00 -0.29934E-01  0.21134E-01  0.41264E-01  0.41723E-01  0.33891E-01  0.24608E-01  0.16697E-01  0.10770E-01  0.66022E-02  0.38014E-02
 0.20000E+00  0.21405E+00  0.32207E+00  0.33523E+00  0.26033E+00  0.14525E+00  0.41095E-01 -0.25081E-01 -0.52622E-01 -0.54522E-01 -0.44785E-01 -0.32595E-01 -0.22099E-01 -0.14317E-01 -0.89416E-02 -0.53575E-02 -0.30351E-02
 0.40000E+00  0.25826E-01  0.20349E+00  0.29540E+00  0.28308E+00  0.20216E+00  0.10590E+00  0.31253E-01 -0.10855E-01 -0.26762E-01 -0.27709E-01 -0.22629E-01 -0.16470E-01 -0.11197E-01 -0.72373E-02 -0.44450E-02 -0.25636E-02
 0.60000E+00 -0.28767E-01  0.14260E+00  0.24882E+00  0.26449E+00  0.21228E+00  0.13527E+00  0.67534E-01  0.22947E-01  0.46909E-04 -0.85571E-02 -0.98568E-02 -0.83175E-02 -0.61433E-02 -0.41829E-02 -0.26595E-02 -0.15705E-02
 0.80000E+00 -0.55088E-01  0.68007E-01  0.16524E+00  0.20940E+00  0.20198E+00  0.16328E+00  0.11588E+00  0.74449E-01  0.44355E-01  0.25031E-01  0.13638E-01  0.72911E-02  0.38656E-02  0.20369E-02  0.10585E-02  0.53363E-03
 0.10000E+01 -0.42396E-01  0.79076E-02  0.73713E-01  0.13315E+00  0.16795E+00  0.17231E+00  0.15264E+00  0.12097E+00  0.88063E-01  0.60232E-01  0.39459E-01  0.25130E-01  0.15682E-01  0.95751E-02  0.56586E-02  0.31782E-02
 0.12000E+01 -0.19273E-01 -0.21416E-01  0.14912E-01  0.75023E-01  0.13132E+00  0.16237E+00  0.16309E+00  0.14172E+00  0.11081E+00  0.80285E-01  0.55148E-01  0.36521E-01  0.23527E-01  0.14734E-01  0.88795E-02  0.50618E-02
 0.14000E+01 -0.33221E-02 -0.32424E-01 -0.14625E-01  0.40772E-01  0.10392E+00  0.14697E+00  0.15891E+00  0.14501E+00  0.11758E+00  0.87688E-01  0.61681E-01  0.41658E-01  0.27269E-01  0.17296E-01  0.10527E-01  0.60454E-02
 0.16000E+01  0.56343E-02 -0.35851E-01 -0.28588E-01  0.21595E-01  0.85355E-01  0.13290E+00  0.15051E+00  0.14146E+00  0.11723E+00  0.88971E-01  0.63501E-01  0.43411E-01  0.28700E-01  0.18348E-01  0.11235E-01  0.64819E-02
 0.18000E+01  0.10558E-01 -0.36471E-01 -0.35315E-01  0.10418E-01  0.72674E-01  0.12149E+00  0.14197E+00  0.13607E+00  0.11443E+00  0.87868E-01  0.63334E-01  0.43655E-01  0.29057E-01  0.18677E-01  0.11484E-01  0.66464E-02
 0.20000E+01  0.13356E-01 -0.36068E-01 -0.38661E-01  0.34546E-02  0.63621E-01  0.11236E+00  0.13434E+00  0.13058E+00  0.11096E+00  0.85939E-01  0.62389E-01  0.43263E-01  0.28939E-01  0.18674E-01  0.11518E-01  0.66810E-02
 0.22000E+01  0.15006E-01 -0.35295E-01 -0.40325E-01 -0.11710E-02  0.56831E-01  0.10494E+00  0.12768E+00  0.12545E+00  0.10746E+00  0.83773E-01  0.61154E-01  0.42603E-01  0.28607E-01  0.18516E-01  0.11447E-01  0.66516E-02
 0.24000E+01  0.16004E-01 -0.34398E-01 -0.41099E-01 -0.44200E-02  0.51504E-01  0.98734E-01  0.12184E+00  0.12076E+00  0.10411E+00  0.81589E-01  0.59825E-01  0.41834E-01  0.28177E-01  0.18283E-01  0.11324E-01  0.65896E-02
 0.26000E+01  0.16611E-01 -0.33472E-01 -0.41368E-01 -0.68100E-02  0.47157E-01  0.93406E-01  0.11665E+00  0.11645E+00  0.10094E+00  0.79459E-01  0.58482E-01  0.41024E-01  0.27703E-01  0.18012E-01  0.11174E-01  0.65101E-02
 0.28000E+01  0.16967E-01 -0.32553E-01 -0.41329E-01 -0.86323E-02  0.43495E-01  0.88722E-01  0.11196E+00  0.11247E+00  0.97949E-01  0.77401E-01  0.57153E-01  0.40202E-01  0.27208E-01  0.17722E-01  0.11010E-01  0.64209E-02
 0.30000E+01  0.17202E-01 -0.31375E-01 -0.40949E-01 -0.10333E-01  0.39596E-01  0.83493E-01  0.10657E+00  0.10779E+00  0.94361E-01  0.74883E-01  0.55492E-01  0.39151E-01  0.26564E-01  0.17336E-01  0.10786E-01  0.62979E-02
