 0.00000E+00  0.68935E+00  0.33733E+00  0.40065E-01 -0.12119E+00 -0.15474E+00 -0.11841E+00 -0.66767E-01 -0.27353E-01 -0.50651E-02  0.47884E-02  0.78054E-02  0.76893E-02  0.63741E-02  0.47608E-02  0.32531E-02  0.20271E-02
 0.20000E+00  0.42103E+00  0.42030E+00  0.34098E+00  0.21881E+00  0.10065E+00  0.16919E-01 -0.26856E-01 -0.41133E-01 -0.39647E-01 -0.32325E-01 -0.24263E-01 -0.17350E-01 -0.11953E-01 -0.79163E-02 -0.49835E-02 -0.29337E-02
 0.40000E+00 -0.78104E-02  0.18327E+00  0.29246E+00  0.29815E+00  0.23321E+00  0.14814E+00  0.77759E-01  0.32878E-01  0.92997E-02 -0.10958E-02 -0.47106E-02 -0.52590E-02 -0.45765E-02 -0.35067E-02 -0.24334E-02 -0.15315E-02
 0.60000E+00 -0.58389E-01  0.73779E-01  0.17312E+00  0.21311E+00  0.20002E+00  0.15849E+00  0.11210E+00  0.73741E-01  0.46547E-01  0.28789E-01  0.17627E-01  0.10709E-01  0.64342E-02  0.37936E-02  0.21674E-02  0.11794E-02
 0.80000E+00 -0.51354E-01  0.36079E-01  0.11428E+00  0.15950E+00  0.16677E+00  0.14679E+00  0.11511E+00  0.83542E-01  0.57717E-01  0.38710E-01  0.25495E-01  0.16559E-01  0.10584E-01  0.66040E-02  0.39668E-02  0.22522E-02
 0.10000E+01 -0.45667E-01  0.22915E-01  0.91175E-01  0.13702E+00  0.15148E+00  0.13980E+00  0.11416E+00  0.85717E-01  0.60883E-01  0.41759E-01  0.28013E-01  0.18480E-01  0.11971E-01  0.75549E-02  0.45812E-02  0.26210E-02
 0.12000E+01 -0.41693E-01  0.15648E-01  0.77828E-01  0.12382E+00  0.14235E+00  0.13549E+00  0.11342E+00  0.86848E-01  0.62640E-01  0.43482E-01  0.29450E-01  0.19582E-01  0.12770E-01  0.81049E-02  0.49376E-02  0.28353E-02
 0.14000E+01 -0.37645E-01  0.96785E-02  0.66224E-01  0.11202E+00  0.13390E+00  0.13118E+00  0.11226E+00  0.87422E-01  0.63866E-01  0.44770E-01  0.30558E-01  0.20447E-01  0.13405E-01  0.85457E-02  0.52249E-02  0.30088E-02
 0.16000E+01 -0.33514E-01  0.45190E-02  0.55613E-01  0.10089E+00  0.12558E+00  0.12656E+00  0.11057E+00  0.87423E-01  0.64592E-01  0.45666E-01  0.31377E-01  0.21108E-01  0.13900E-01  0.88942E-02  0.54544E-02  0.31485E-02
 0.18000E+01 -0.29175E-01 -0.14748E-03  0.45391E-01  0.89762E-01  0.11683E+00  0.12122E+00  0.10808E+00  0.86712E-01  0.64747E-01  0.46135E-01  0.31891E-01  0.21559E-01  0.14254E-01  0.91510E-02  0.56269E-02  0.32549E-02
 0.20000E+01 -0.24798E-01 -0.42850E-02  0.35699E-01  0.78758E-01  0.10770E+00  0.11514E+00  0.10473E+00  0.85196E-01  0.64244E-01  0.46107E-01  0.32047E-01  0.21760E-01  0.14439E-01  0.92974E-02  0.57307E-02  0.33212E-02
 0.22000E+01 -0.20690E-01 -0.77539E-02  0.26980E-01  0.68414E-01  0.98636E-01  0.10863E+00  0.10069E+00  0.82952E-01  0.63107E-01  0.45581E-01  0.31836E-01  0.21700E-01  0.14446E-01  0.93255E-02  0.57601E-02  0.33437E-02
 0.24000E+01 -0.17027E-01 -0.10546E-01  0.19422E-01  0.59032E-01  0.89980E-01  0.10199E+00  0.96198E-01  0.80162E-01  0.61462E-01  0.44643E-01  0.31313E-01  0.21415E-01  0.14295E-01  0.92491E-02  0.57232E-02  0.33269E-02
 0.26000E+01 -0.13872E-01 -0.12725E-01  0.13028E-01  0.50719E-01  0.81925E-01  0.95448E-01  0.91482E-01  0.77013E-01  0.59456E-01  0.43397E-01  0.30551E-01  0.20955E-01  0.14021E-01  0.90896E-02  0.56332E-02  0.32787E-02
 0.28000E+01 -0.11231E-01 -0.14374E-01  0.77255E-02  0.43478E-01  0.74563E-01  0.89166E-01  0.86713E-01  0.73663E-01  0.57213E-01  0.41938E-01  0.29618E-01  0.20367E-01  0.13655E-01  0.88674E-02  0.55030E-02  0.32062E-02
 0.30000E+01 -0.85635E-02 -0.15795E-01  0.24501E-02  0.35800E-01  0.66310E-01  0.81745E-01  0.80798E-01  0.69321E-01  0.54193E-01  0.39906E-01  0.28280E-01  0.19499E-01  0.13102E-01  0.85236E-02  0.52973E-02  0.30899E-02
 0.00000E+00  0.68935E+00  0.33733E+00  0.40065E-01 -0.12119E+00 -0.15474E+00 -0.11841E+00 -0.66767E-01 -0.27353E-01 -0.50651E-02  0.47884E-02  0.78054E-02  0.76893E-02  0.63741E-02  0.47608E-02  0.32531E-02  0.20271E-02
 0.20000E+00  0.42103E+00  0.42030E+00  0.34098E+00  0.21881E+00  0.10065E+00  0.16919E-01 -0.26856E-01 -0.41133E-01 -0.39647E-01 -0.32325E-01 -0.24263E-01 -0.17350E-01 -0.11953E-01 -0.79163E-02 -0.49835E-02 -0.29337E-02
 0.40000E+00 -0.78104E-02  0.18327E+00  0.29246E+00  0.29815E+00  0.23321E+00  0.14814E+00  0.77759E-01  0.32878E-01  0.92997E-02 -0.10958E-02 -0.47106E-02 -0.52590E-02 -0.45765E-02 -0.35067E-02 -0.24334E-02 -0.15315E-02
 0.60000E+00 -0.58389E-01  0.73779E-01  0.17312E+00  0.21311E+00  0.20002E+00  0.15849E+00  0.11210E+00  0.73741E-01  0.46547E-01  0.28789E-01  0.17627E-01  0.10709E-01  0.64342E-02  0.37936E-02  0.21674E-02  0.11794E-02
 0.80000E+00 -0.51354E-01  0.36079E-01  0.11428E+00  0.15950E+00  0.16677E+00  0.14679E+00  0.11511E+00  0.83542E-01  0.57717E-01  0.38710E-01  0.25495E-01  0.16559E-01  0.10584E-01  0.66040E-02  0.39668E-02  0.22522E-02
 0.10000E+01 -0.45667E-01  0.22915E-01  0.91175E-01  0.13702E+00  0.15148E+00  0.13980E+00  0.11416E+00  0.85717E-01  0.60883E-01  0.41759E-01  0.28013E-01  0.18480E-01  0.11971E-01  0.75549E-02  0.45812E-02  0.26210E-02
 0.12000E+01 -0.41693E-01  0.15648E-01  0.77828E-01  0.12382E+00  0.14235E+00  0.13549E+00  0.11342E+00  0.86848E-01  0.62640E-01  0.43482E-01  0.29450E-01  0.19582E-01  0.12770E-01  0.81049E-02  0.49376E-02  0.28353E-02
 0.14000E+01 -0.37645E-01  0.96785E-02  0.66224E-01  0.11202E+00  0.13390E+00  0.13118E+00  0.11226E+00  0.87422E-01  0.63866E-01  0.44770E-01  0.30558E-01  0.20447E-01  0.13405E-01  0.85457E-02  0.52249E-02  0.30088E-02
 0.16000E+01 -0.33514E-01  0.45190E-02  0.55613E-01  0.10089E+00  0.12558E+00  0.12656E+00  0.11057E+00  0.87423E-01  0.64592E-01  0.45666E-01  0.31377E-01  0.21108E-01  0.13900E-01  0.88942E-02  0.54544E-02  0.31485E-02
 0.18000E+01 -0.29175E-01 -0.14748E-03  0.45391E-01  0.89762E-01  0.11683E+00  0.12122E+00  0.10808E+00  0.86712E-01  0.64747E-01  0.46135E-01  0.31891E-01  0.21559E-01  0.14254E-01  0.91510E-02  0.56269E-02  0.32549E-02
 0.20000E+01 -0.24798E-01 -0.42850E-02  0.35699E-01  0.78758E-01  0.10770E+00  0.11514E+00  0.10473E+00  0.85196E-01  0.64244E-01  0.46107E-01  0.32047E-01  0.21760E-01  0.14439E-01  0.92974E-02  0.57307E-02  0.33212E-02
 0.22000E+01 -0.20690E-01 -0.77539E-02  0.26980E-01  0.68414E-01  0.98636E-01  0.10863E+00  0.10069E+00  0.82952E-01  0.63107E-01  0.45581E-01  0.31836E-01  0.21700E-01  0.14446E-01  0.93255E-02  0.57601E-02  0.33437E-02
 0.24000E+01 -0.17027E-01 -0.10546E-01  0.19422E-01  0.59032E-01  0.89980E-01  0.10199E+00  0.96198E-01  0.80162E-01  0.61462E-01  0.44643E-01  0.31313E-01  0.21415E-01  0.14295E-01  0.92491E-02  0.57232E-02  0.33269E-02
 0.26000E+01 -0.13872E-01 -0.12725E-01  0.13028E-01  0.50719E-01  0.81925E-01  0.95448E-01  0.91482E-01  0.77013E-01  0.59456E-01  0.43397E-01  0.30551E-01  0.20955E-01  0.14021E-01  0.90896E-02  0.56332E-02  0.32787E-02
 0.28000E+01 -0.11231E-01 -0.14374E-01  0.77255E-02  0.43478E-01  0.74563E-01  0.89166E-01  0.86713E-01  0.73663E-01  0.57213E-01  0.41938E-01  0.29618E-01  0.20367E-01  0.13655E-01  0.88674E-02  0.55030E-02  0.32062E-02
 0.30000E+01 -0.85635E-02 -0.15795E-01  0.24501E-02  0.35800E-01  0.66310E-01  0.81745E-01  0.80798E-01  0.69321E-01  0.54193E-01  0.39906E-01  0.28280E-01  0.19499E-01  0.13102E-01  0.85236E-02  0.52973E-02  0.30899E-02
