 0.00000E+00  0.87389E+00  0.26253E+00 -0.13132E+00 -0.23714E+00 -0.15391E+00 -0.24572E-01  0.63870E-01  0.95177E-01  0.89200E-01  0.69009E-01  0.48222E-01  0.31788E-01  0.20181E-01  0.12401E-01  0.73249E-02  0.40965E-02
 0.20000E+00  0.22333E+00  0.48069E+00  0.49694E+00  0.32184E+00  0.94268E-01 -0.72215E-01 -0.14345E+00 -0.14400E+00 -0.11291E+00 -0.77385E-01 -0.48943E-01 -0.29463E-01 -0.17158E-01 -0.97115E-02 -0.53157E-02 -0.27781E-02
 0.40000E+00 -0.64678E-01  0.22788E+00  0.37072E+00  0.34609E+00  0.22438E+00  0.92872E-01  0.19635E-02 -0.41141E-01 -0.51347E-01 -0.45738E-01 -0.35388E-01 -0.25396E-01 -0.17354E-01 -0.11357E-01 -0.70703E-02 -0.41252E-02
 0.60000E+00 -0.47147E-01  0.83685E-01  0.18778E+00  0.23193E+00  0.21660E+00  0.16634E+00  0.10907E+00  0.62196E-01  0.30818E-01  0.12721E-01  0.35425E-02 -0.48576E-03 -0.18458E-02 -0.19573E-02 -0.15721E-02 -0.10722E-02
 0.80000E+00 -0.20575E-01  0.23497E-01  0.92614E-01  0.15571E+00  0.18670E+00  0.18011E+00  0.14833E+00  0.10860E+00  0.73023E-01  0.46329E-01  0.28317E-01  0.16909E-01  0.99244E-02  0.57155E-02  0.31984E-02  0.17112E-02
 0.10000E+01 -0.51425E-02 -0.32687E-02  0.43867E-01  0.11015E+00  0.16056E+00  0.17623E+00  0.16044E+00  0.12815E+00  0.93484E-01  0.64210E-01  0.42460E-01  0.27403E-01  0.17344E-01  0.10721E-01  0.63943E-02  0.36134E-02
 0.12000E+01  0.40093E-02 -0.17129E-01  0.15307E-01  0.80012E-01  0.13931E+00  0.16768E+00  0.16264E+00  0.13668E+00  0.10423E+00  0.74531E-01  0.51133E-01  0.34120E-01  0.22243E-01  0.14103E-01  0.85898E-02  0.49363E-02
 0.14000E+01  0.97707E-02 -0.25062E-01 -0.32527E-02  0.58188E-01  0.12153E+00  0.15778E+00  0.16053E+00  0.13992E+00  0.11003E+00  0.80827E-01  0.56781E-01  0.38678E-01  0.25662E-01  0.16510E-01  0.10175E-01  0.59013E-02
 0.16000E+01  0.13443E-01 -0.29731E-01 -0.15904E-01  0.41660E-01  0.10642E+00  0.14769E+00  0.15624E+00  0.14018E+00  0.11288E+00  0.84608E-01  0.60477E-01  0.41807E-01  0.28082E-01  0.18249E-01  0.11336E-01  0.66151E-02
 0.18000E+01  0.15728E-01 -0.32416E-01 -0.24666E-01  0.28913E-01  0.93553E-01  0.13795E+00  0.15088E+00  0.13864E+00  0.11380E+00  0.86674E-01  0.62796E-01  0.43903E-01  0.29764E-01  0.19487E-01  0.12176E-01  0.71370E-02
 0.20000E+01  0.17071E-01 -0.33850E-01 -0.30751E-01  0.18995E-01  0.82625E-01  0.12887E+00  0.14509E+00  0.13603E+00  0.11344E+00  0.87538E-01  0.64114E-01  0.45228E-01  0.30887E-01  0.20340E-01  0.12767E-01  0.75088E-02
 0.22000E+01  0.17775E-01 -0.34487E-01 -0.34956E-01  0.11233E-01  0.73354E-01  0.12056E+00  0.13922E+00  0.13281E+00  0.11224E+00  0.87563E-01  0.64707E-01  0.45980E-01  0.31585E-01  0.20897E-01  0.13164E-01  0.77634E-02
 0.24000E+01  0.18057E-01 -0.34623E-01 -0.37847E-01  0.51066E-02  0.65466E-01  0.11303E+00  0.13352E+00  0.12929E+00  0.11053E+00  0.87017E-01  0.64784E-01  0.46313E-01  0.31968E-01  0.21232E-01  0.13414E-01  0.79286E-02
 0.26000E+01  0.18059E-01 -0.34443E-01 -0.39813E-01  0.21455E-03  0.58703E-01  0.10623E+00  0.12806E+00  0.12565E+00  0.10848E+00  0.86085E-01  0.64498E-01  0.46344E-01  0.32121E-01  0.21401E-01  0.13554E-01  0.80265E-02
 0.28000E+01  0.17870E-01 -0.34063E-01 -0.41116E-01 -0.37324E-02  0.52856E-01  0.10006E+00  0.12287E+00  0.12199E+00  0.10625E+00  0.84890E-01  0.63953E-01  0.46156E-01  0.32102E-01  0.21447E-01  0.13612E-01  0.80736E-02
 0.30000E+01  0.17462E-01 -0.33314E-01 -0.41941E-01 -0.75536E-02  0.46600E-01  0.93050E-01  0.11666E+00  0.11732E+00  0.10316E+00  0.83036E-01  0.62926E-01  0.45628E-01  0.31853E-01  0.21343E-01  0.13576E-01  0.80658E-02
 0.00000E+00  0.87389E+00  0.26253E+00 -0.13132E+00 -0.23714E+00 -0.15391E+00 -0.24572E-01  0.63870E-01  0.95177E-01  0.89200E-01  0.69009E-01  0.48222E-01  0.31788E-01  0.20181E-01  0.12401E-01  0.73249E-02  0.40965E-02
 0.20000E+00  0.22333E+00  0.48069E+00  0.49694E+00  0.32184E+00  0.94268E-01 -0.72215E-01 -0.14345E+00 -0.14400E+00 -0.11291E+00 -0.77385E-01 -0.48943E-01 -0.29463E-01 -0.17158E-01 -0.97115E-02 -0.53157E-02 -0.27781E-02
 0.40000E+00 -0.64678E-01  0.22788E+00  0.37072E+00  0.34609E+00  0.22438E+00  0.92872E-01  0.19635E-02 -0.41141E-01 -0.51347E-01 -0.45738E-01 -0.35388E-01 -0.25396E-01 -0.17354E-01 -0.11357E-01 -0.70703E-02 -0.41252E-02
 0.60000E+00 -0.47147E-01  0.83685E-01  0.18778E+00  0.23193E+00  0.21660E+00  0.16634E+00  0.10907E+00  0.62196E-01  0.30818E-01  0.12721E-01  0.35425E-02 -0.48576E-03 -0.18458E-02 -0.19573E-02 -0.15721E-02 -0.10722E-02
 0.80000E+00 -0.20575E-01  0.23497E-01  0.92614E-01  0.15571E+00  0.18670E+00  0.18011E+00  0.14833E+00  0.10860E+00  0.73023E-01  0.46329E-01  0.28317E-01  0.16909E-01  0.99244E-02  0.57155E-02  0.31984E-02  0.17112E-02
 0.10000E+01 -0.51425E-02 -0.32687E-02  0.43867E-01  0.11015E+00  0.16056E+00  0.17623E+00  0.16044E+00  0.12815E+00  0.93484E-01  0.64210E-01  0.42460E-01  0.27403E-01  0.17344E-01  0.10721E-01  0.63943E-02  0.36134E-02
 0.12000E+01  0.40093E-02 -0.17129E-01  0.15307E-01  0.80012E-01  0.13931E+00  0.16768E+00  0.16264E+00  0.13668E+00  0.10423E+00  0.74531E-01  0.51133E-01  0.34120E-01  0.22243E-01  0.14103E-01  0.85898E-02  0.49363E-02
 0.14000E+01  0.97707E-02 -0.25062E-01 -0.32527E-02  0.58188E-01  0.12153E+00  0.15778E+00  0.16053E+00  0.13992E+00  0.11003E+00  0.80827E-01  0.56781E-01  0.38678E-01  0.25662E-01  0.16510E-01  0.10175E-01  0.59013E-02
 0.16000E+01  0.13443E-01 -0.29731E-01 -0.15904E-01  0.41660E-01  0.10642E+00  0.14769E+00  0.15624E+00  0.14018E+00  0.11288E+00  0.84608E-01  0.60477E-01  0.41807E-01  0.28082E-01  0.18249E-01  0.11336E-01  0.66151E-02
 0.18000E+01  0.15728E-01 -0.32416E-01 -0.24666E-01  0.28913E-01  0.93553E-01  0.13795E+00  0.15088E+00  0.13864E+00  0.11380E+00  0.86674E-01  0.62796E-01  0.43903E-01  0.29764E-01  0.19487E-01  0.12176E-01  0.71370E-02
 0.20000E+01  0.17071E-01 -0.33850E-01 -0.30751E-01  0.18995E-01  0.82625E-01  0.12887E+00  0.14509E+00  0.13603E+00  0.11344E+00  0.87538E-01  0.64114E-01  0.45228E-01  0.30887E-01  0.20340E-01  0.12767E-01  0.75088E-02
 0.22000E+01  0.17775E-01 -0.34487E-01 -0.34956E-01  0.11233E-01  0.73354E-01  0.12056E+00  0.13922E+00  0.13281E+00  0.11224E+00  0.87563E-01  0.64707E-01  0.45980E-01  0.31585E-01  0.20897E-01  0.13164E-01  0.77634E-02
 0.24000E+01  0.18057E-01 -0.34623E-01 -0.37847E-01  0.51066E-02  0.65466E-01  0.11303E+00  0.13352E+00  0.12929E+00  0.11053E+00  0.87017E-01  0.64784E-01  0.46313E-01  0.31968E-01  0.21232E-01  0.13414E-01  0.79286E-02
 0.26000E+01  0.18059E-01 -0.34443E-01 -0.39813E-01  0.21455E-03  0.58703E-01  0.10623E+00  0.12806E+00  0.12565E+00  0.10848E+00  0.86085E-01  0.64498E-01  0.46344E-01  0.32121E-01  0.21401E-01  0.13554E-01  0.80265E-02
 0.28000E+01  0.17870E-01 -0.34063E-01 -0.41116E-01 -0.37324E-02  0.52856E-01  0.10006E+00  0.12287E+00  0.12199E+00  0.10625E+00  0.84890E-01  0.63953E-01  0.46156E-01  0.32102E-01  0.21447E-01  0.13612E-01  0.80736E-02
 0.30000E+01  0.17462E-01 -0.33314E-01 -0.41941E-01 -0.75536E-02  0.46600E-01  0.93050E-01  0.11666E+00  0.11732E+00  0.10316E+00  0.83036E-01  0.62926E-01  0.45628E-01  0.31853E-01  0.21343E-01  0.13576E-01  0.80658E-02
