 0.00000E+00  0.54635E+00  0.34337E+00  0.54964E-01 -0.82090E-01 -0.85947E-01 -0.48643E-01 -0.16762E-01  0.28983E-03  0.63977E-02  0.70465E-02  0.57578E-02  0.41494E-02  0.27843E-02  0.17712E-02  0.10489E-02  0.52858E-03
 0.20000E+00  0.45565E+00  0.44131E+00  0.27819E+00  0.11675E+00  0.24117E-01 -0.13472E-01 -0.22644E-01 -0.20486E-01 -0.15397E-01 -0.10636E-01 -0.70283E-02 -0.45227E-02 -0.28556E-02 -0.17663E-02 -0.10381E-02 -0.52395E-03
 0.40000E+00  0.81210E-01  0.24595E+00  0.31238E+00  0.24899E+00  0.14502E+00  0.63975E-01  0.17881E-01 -0.24322E-02 -0.86031E-02 -0.87110E-02 -0.69285E-02 -0.49639E-02 -0.33535E-02 -0.21684E-02 -0.13126E-02 -0.67514E-03
 0.60000E+00 -0.69987E-01  0.12152E+00  0.26716E+00  0.27011E+00  0.19526E+00  0.11695E+00  0.61934E-01  0.30043E-01  0.13715E-01  0.59996E-02  0.25222E-02  0.10029E-02  0.36097E-03  0.10336E-03  0.10406E-04 -0.12069E-04
 0.80000E+00 -0.13300E+00  0.30098E-01  0.19571E+00  0.24793E+00  0.21383E+00  0.15448E+00  0.10160E+00  0.63483E-01  0.38733E-01  0.23463E-01  0.14216E-01  0.86293E-02  0.52428E-02  0.31671E-02  0.18373E-02  0.92090E-03
 0.10000E+01 -0.12707E+00 -0.26447E-01  0.11622E+00  0.19977E+00  0.20893E+00  0.17703E+00  0.13347E+00  0.93484E-01  0.62473E-01  0.40561E-01  0.25868E-01  0.16298E-01  0.10167E-01  0.62534E-02  0.36701E-02  0.18528E-02
 0.12000E+01 -0.86065E-01 -0.52950E-01  0.48131E-01  0.14605E+00  0.19036E+00  0.18480E+00  0.15284E+00  0.11417E+00  0.79764E-01  0.53382E-01  0.34755E-01  0.22207E-01  0.13984E-01  0.86528E-02  0.50966E-02  0.25782E-02
 0.14000E+01 -0.44034E-01 -0.62467E-01  0.59725E-03  0.10208E+00  0.16894E+00  0.18256E+00  0.16047E+00  0.12451E+00  0.89147E-01  0.60641E-01  0.39923E-01  0.25712E-01  0.16287E-01  0.10123E-01  0.59834E-02  0.30345E-02
 0.16000E+01 -0.13166E-01 -0.64657E-01 -0.29184E-01  0.70653E-01  0.14977E+00  0.17542E+00  0.16050E+00  0.12747E+00  0.92624E-01  0.63635E-01  0.42195E-01  0.27329E-01  0.17394E-01  0.10859E-01  0.64447E-02  0.32789E-02
 0.18000E+01  0.66423E-02 -0.63939E-01 -0.46833E-01  0.49018E-01  0.13358E+00  0.16607E+00  0.15611E+00  0.12588E+00  0.92367E-01  0.63899E-01  0.42605E-01  0.27732E-01  0.17738E-01  0.11132E-01  0.66402E-02  0.33926E-02
 0.20000E+01  0.18300E-01 -0.61983E-01 -0.56660E-01  0.34088E-01  0.11977E+00  0.15571E+00  0.14916E+00  0.12155E+00  0.89819E-01  0.62480E-01  0.41868E-01  0.27391E-01  0.17619E-01  0.11126E-01  0.66801E-02  0.34313E-02
 0.22000E+01  0.24051E-01 -0.59508E-01 -0.61285E-01  0.23821E-01  0.10782E+00  0.14492E+00  0.14068E+00  0.11552E+00  0.85832E-01  0.60000E-01  0.40410E-01  0.26588E-01  0.17217E-01  0.10957E-01  0.66314E-02  0.34287E-02
 0.24000E+01  0.25627E-01 -0.56819E-01 -0.62411E-01  0.16796E-01  0.97269E-01  0.13398E+00  0.13130E+00  0.10842E+00  0.80936E-01  0.56850E-01  0.38500E-01  0.25500E-01  0.16644E-01  0.10692E-01  0.65331E-02  0.34043E-02
 0.26000E+01  0.24184E-01 -0.53971E-01 -0.61019E-01  0.12094E-01  0.87715E-01  0.12292E+00  0.12126E+00  0.10056E+00  0.75388E-01  0.53224E-01  0.36275E-01  0.24217E-01  0.15960E-01  0.10368E-01  0.64082E-02  0.33699E-02
 0.28000E+01  0.20223E-01 -0.51045E-01 -0.57631E-01  0.92152E-02  0.78901E-01  0.11171E+00  0.11063E+00  0.92035E-01  0.69288E-01  0.49202E-01  0.33791E-01  0.22779E-01  0.15192E-01  0.10004E-01  0.62675E-02  0.33310E-02
 0.30000E+01  0.17045E-01 -0.48180E-01 -0.54850E-01  0.58445E-02  0.69942E-01  0.10062E+00  0.10024E+00  0.83760E-01  0.63376E-01  0.45295E-01  0.31364E-01  0.21356E-01  0.14413E-01  0.96178E-02  0.61029E-02  0.32754E-02
