 0.00000E+00  0.57763E+00  0.34675E+00  0.30855E-01 -0.98535E-01 -0.81494E-01 -0.37589E-01 -0.10895E-01  0.93757E-04  0.32905E-02  0.34336E-02  0.26538E-02  0.17837E-02  0.10857E-02  0.59986E-03  0.29417E-03  0.12104E-03
 0.20000E+00  0.50554E+00  0.46561E+00  0.26558E+00  0.90701E-01  0.68865E-02 -0.18135E-01 -0.20278E-01 -0.16214E-01 -0.11561E-01 -0.77878E-02 -0.50625E-02 -0.32067E-02 -0.19870E-02 -0.12011E-02 -0.68831E-03 -0.33983E-03
 0.40000E+00 -0.52521E-02  0.22060E+00  0.34515E+00  0.28295E+00  0.15641E+00  0.64655E-01  0.19270E-01  0.14053E-02 -0.40625E-02 -0.47251E-02 -0.38506E-02 -0.27204E-02 -0.17616E-02 -0.10621E-02 -0.58809E-03 -0.27807E-03
 0.60000E+00 -0.12326E+00  0.90660E-01  0.27249E+00  0.28685E+00  0.20544E+00  0.12308E+00  0.68880E-01  0.37895E-01  0.20868E-01  0.11552E-01  0.64294E-02  0.35929E-02  0.20114E-02  0.11200E-02  0.60074E-03  0.28189E-03
 0.80000E+00 -0.10999E+00  0.28099E-01  0.18312E+00  0.23978E+00  0.21026E+00  0.15345E+00  0.10258E+00  0.65663E-01  0.41042E-01  0.25229E-01  0.15279E-01  0.91156E-02  0.53455E-02  0.30590E-02  0.16595E-02  0.78086E-03
 0.10000E+01 -0.78181E-01 -0.41625E-02  0.11570E+00  0.19351E+00  0.20040E+00  0.16488E+00  0.11977E+00  0.81219E-01  0.52929E-01  0.33582E-01  0.20856E-01  0.12706E-01  0.75900E-02  0.44199E-02  0.24387E-02  0.11648E-02
 0.12000E+01 -0.52043E-01 -0.21839E-01  0.69291E-01  0.15580E+00  0.18491E+00  0.16458E+00  0.12549E+00  0.87925E-01  0.58725E-01  0.38035E-01  0.24079E-01  0.14960E-01  0.91315E-02  0.54525E-02  0.30929E-02  0.15150E-02
 0.14000E+01 -0.33332E-01 -0.32168E-01  0.37342E-01  0.12634E+00  0.16873E+00  0.15903E+00  0.12536E+00  0.89859E-01  0.61108E-01  0.40227E-01  0.25885E-01  0.16367E-01  0.10194E-01  0.62319E-02  0.36261E-02  0.18163E-02
 0.16000E+01 -0.20681E-01 -0.38330E-01  0.15222E-01  0.10330E+00  0.15320E+00  0.15091E+00  0.12199E+00  0.89014E-01  0.61443E-01  0.41027E-01  0.26794E-01  0.17222E-01  0.10930E-01  0.68270E-02  0.40628E-02  0.20740E-02
 0.18000E+01 -0.13459E-01 -0.41464E-01  0.76004E-03  0.84990E-01  0.13762E+00  0.14024E+00  0.11570E+00  0.85805E-01  0.60126E-01  0.40772E-01  0.27080E-01  0.17739E-01  0.11503E-01  0.73606E-02  0.44886E-02  0.23371E-02
 0.20000E+01 -0.10014E-01 -0.42807E-01 -0.85485E-02  0.70295E-01  0.12270E+00  0.12849E+00  0.10793E+00  0.81316E-01  0.57876E-01  0.39898E-01  0.26983E-01  0.18033E-01  0.11956E-01  0.78368E-02  0.48913E-02  0.25934E-02
 0.22000E+01 -0.95274E-02 -0.42849E-01 -0.13948E-01  0.58381E-01  0.10831E+00  0.11598E+00  0.99098E-01  0.75916E-01  0.54975E-01  0.38605E-01  0.26639E-01  0.18195E-01  0.12349E-01  0.82929E-02  0.52935E-02  0.28542E-02
 0.24000E+01 -0.11187E-01 -0.41978E-01 -0.16499E-01  0.48579E-01  0.94451E-01  0.10307E+00  0.89611E-01  0.69946E-01  0.51667E-01  0.37055E-01  0.26147E-01  0.18282E-01  0.12712E-01  0.87440E-02  0.57016E-02  0.31218E-02
 0.26000E+01 -0.14495E-01 -0.40462E-01 -0.16940E-01  0.40355E-01  0.81008E-01  0.89866E-01  0.79663E-01  0.63580E-01  0.48085E-01  0.35339E-01  0.25569E-01  0.18334E-01  0.13068E-01  0.92041E-02  0.61230E-02  0.33998E-02
 0.28000E+01 -0.19222E-01 -0.38417E-01 -0.15645E-01  0.33364E-01  0.67791E-01  0.76325E-01  0.69268E-01  0.56857E-01  0.44273E-01  0.33498E-01  0.24938E-01  0.18378E-01  0.13441E-01  0.96893E-02  0.65693E-02  0.36946E-02
 0.30000E+01 -0.23000E-01 -0.36646E-01 -0.15216E-01  0.26052E-01  0.54973E-01  0.63453E-01  0.59443E-01  0.50498E-01  0.40641E-01  0.31711E-01  0.24285E-01  0.18360E-01  0.13738E-01  0.10101E-01  0.69551E-02  0.39514E-02
