 0.00000E+00  0.65483E+00  0.33127E+00 -0.32705E-01 -0.13715E+00 -0.79352E-01 -0.13169E-01  0.17131E-01  0.22850E-01  0.19173E-01  0.13760E-01  0.91695E-02  0.58521E-02  0.36219E-02  0.21786E-02  0.12431E-02  0.61302E-03
 0.20000E+00  0.45118E+00  0.46452E+00  0.30205E+00  0.11854E+00  0.10321E-01 -0.28874E-01 -0.33458E-01 -0.26720E-01 -0.18686E-01 -0.12299E-01 -0.78467E-02 -0.49129E-02 -0.30338E-02 -0.18440E-02 -0.10706E-02 -0.53658E-03
 0.40000E+00 -0.49336E-01  0.24791E+00  0.39977E+00  0.30737E+00  0.14372E+00  0.34520E-01 -0.10987E-01 -0.21614E-01 -0.19334E-01 -0.14195E-01 -0.95585E-02 -0.61303E-02 -0.38000E-02 -0.22840E-02 -0.13008E-02 -0.64034E-03
 0.60000E+00 -0.14646E+00  0.10313E+00  0.29868E+00  0.29989E+00  0.20187E+00  0.11074E+00  0.55385E-01  0.27110E-01  0.13526E-01  0.70005E-02  0.37732E-02  0.21173E-02  0.12347E-02  0.73991E-03  0.43427E-03  0.22062E-03
 0.80000E+00 -0.10006E+00  0.16904E-01  0.16291E+00  0.23153E+00  0.21716E+00  0.16650E+00  0.11452E+00  0.74229E-01  0.46622E-01  0.28792E-01  0.17602E-01  0.10679E-01  0.64288E-02  0.38222E-02  0.21759E-02  0.10732E-02
 0.10000E+01 -0.32165E-01 -0.26875E-01  0.59324E-01  0.16413E+00  0.21029E+00  0.19378E+00  0.14899E+00  0.10330E+00  0.67562E-01  0.42733E-01  0.26475E-01  0.16154E-01  0.97216E-02  0.57486E-02  0.32454E-02  0.15884E-02
 0.12000E+01  0.14997E-01 -0.46072E-01 -0.21391E-02  0.11613E+00  0.19451E+00  0.19894E+00  0.16098E+00  0.11474E+00  0.76219E-01  0.48641E-01  0.30284E-01  0.18519E-01  0.11145E-01  0.65783E-02  0.37033E-02  0.18077E-02
 0.14000E+01  0.41076E-01 -0.53343E-01 -0.34841E-01  0.84971E-01  0.17714E+00  0.19275E+00  0.16026E+00  0.11583E+00  0.77545E-01  0.49712E-01  0.31033E-01  0.19004E-01  0.11443E-01  0.67527E-02  0.37991E-02  0.18532E-02
 0.16000E+01  0.53556E-01 -0.54960E-01 -0.50939E-01  0.64705E-01  0.16041E+00  0.18131E+00  0.15311E+00  0.11154E+00  0.75011E-01  0.48232E-01  0.30178E-01  0.18517E-01  0.11170E-01  0.66043E-02  0.37229E-02  0.18192E-02
 0.18000E+01  0.57823E-01 -0.53716E-01 -0.57462E-01  0.51171E-01  0.14462E+00  0.16735E+00  0.14259E+00  0.10435E+00  0.70387E-01  0.45373E-01  0.28462E-01  0.17515E-01  0.10603E-01  0.62964E-02  0.35662E-02  0.17499E-02
 0.20000E+01  0.57760E-01 -0.51364E-01 -0.59163E-01  0.41594E-01  0.13023E+00  0.15302E+00  0.13110E+00  0.96212E-01  0.65042E-01  0.42025E-01  0.26435E-01  0.16325E-01  0.99277E-02  0.59287E-02  0.33789E-02  0.16670E-02
 0.22000E+01  0.54397E-01 -0.48127E-01 -0.57159E-01  0.34956E-01  0.11667E+00  0.13812E+00  0.11860E+00  0.87157E-01  0.59020E-01  0.38231E-01  0.24137E-01  0.14980E-01  0.91705E-02  0.55223E-02  0.31763E-02  0.15794E-02
 0.24000E+01  0.49215E-01 -0.44443E-01 -0.53019E-01  0.30247E-01  0.10401E+00  0.12333E+00  0.10586E+00  0.77811E-01  0.52766E-01  0.34280E-01  0.21742E-01  0.13582E-01  0.83871E-02  0.51054E-02  0.29710E-02  0.14920E-02
 0.26000E+01  0.42841E-01 -0.40660E-01 -0.47648E-01  0.26856E-01  0.92159E-01  0.10888E+00  0.93217E-01  0.68460E-01  0.46483E-01  0.30305E-01  0.19334E-01  0.12179E-01  0.76038E-02  0.46916E-02  0.27693E-02  0.14071E-02
 0.28000E+01  0.35690E-01 -0.36723E-01 -0.41318E-01  0.24471E-01  0.80937E-01  0.94690E-01  0.80637E-01  0.59099E-01  0.40176E-01  0.26312E-01  0.16917E-01  0.10774E-01  0.68235E-02  0.42827E-02  0.25726E-02  0.13255E-02
 0.30000E+01  0.30392E-01 -0.33455E-01 -0.37052E-01  0.20954E-01  0.70170E-01  0.81850E-01  0.69509E-01  0.50907E-01  0.34681E-01  0.22832E-01  0.14801E-01  0.95331E-02  0.61232E-02  0.39061E-02  0.23844E-02  0.12440E-02
