 0.00000E+00  0.66780E+00  0.39361E+00  0.13103E+00 -0.42598E-01 -0.11382E+00 -0.11451E+00 -0.85427E-01 -0.53662E-01 -0.29904E-01 -0.15093E-01 -0.68328E-02 -0.25949E-02 -0.61051E-03  0.18572E-03  0.39728E-03  0.35726E-03
 0.20000E+00  0.37781E+00  0.35267E+00  0.27910E+00  0.18523E+00  0.99824E-01  0.38893E-01  0.39889E-02 -0.11584E-01 -0.15936E-01 -0.15069E-01 -0.12381E-01 -0.94375E-02 -0.68235E-02 -0.46922E-02 -0.30428E-02 -0.18335E-02
 0.40000E+00  0.52650E-01  0.15569E+00  0.21522E+00  0.21852E+00  0.18078E+00  0.12802E+00  0.80238E-01  0.45666E-01  0.24017E-01  0.11719E-01  0.52011E-02  0.19503E-02  0.45234E-03 -0.14247E-03 -0.29845E-03 -0.26723E-03
 0.60000E+00 -0.22843E-01  0.84175E-01  0.16343E+00  0.19415E+00  0.18144E+00  0.14506E+00  0.10418E+00  0.69710E-01  0.44710E-01  0.28041E-01  0.17401E-01  0.10733E-01  0.65676E-02  0.39554E-02  0.23114E-02  0.12857E-02
 0.80000E+00 -0.41078E-01  0.54513E-01  0.13282E+00  0.17198E+00  0.17160E+00  0.14592E+00  0.11152E+00  0.79453E-01  0.54227E-01  0.36122E-01  0.23739E-01  0.15451E-01  0.99336E-02  0.62516E-02  0.37932E-02  0.21759E-02
 0.10000E+01 -0.45733E-01  0.39449E-01  0.11392E+00  0.15612E+00  0.16249E+00  0.14354E+00  0.11371E+00  0.83784E-01  0.58964E-01  0.40367E-01  0.27176E-01  0.18063E-01  0.11824E-01  0.75548E-02  0.46404E-02  0.26875E-02
 0.12000E+01 -0.46493E-01  0.29757E-01  0.10009E+00  0.14357E+00  0.15446E+00  0.14044E+00  0.11419E+00  0.86108E-01  0.61837E-01  0.43073E-01  0.29426E-01  0.19802E-01  0.13098E-01  0.84394E-02  0.52187E-02  0.30381E-02
 0.14000E+01 -0.45619E-01  0.22433E-01  0.88536E-01  0.13252E+00  0.14692E+00  0.13702E+00  0.11387E+00  0.87512E-01  0.63856E-01  0.45075E-01  0.31134E-01  0.21144E-01  0.14090E-01  0.91339E-02  0.56751E-02  0.33159E-02
 0.16000E+01 -0.43842E-01  0.16519E-01  0.78370E-01  0.12238E+00  0.13967E+00  0.13336E+00  0.11304E+00  0.88309E-01  0.65315E-01  0.46616E-01  0.32489E-01  0.22226E-01  0.14900E-01  0.97054E-02  0.60528E-02  0.35467E-02
 0.18000E+01 -0.41562E-01  0.11667E-01  0.69358E-01  0.11307E+00  0.13272E+00  0.12954E+00  0.11178E+00  0.88600E-01  0.66298E-01  0.47761E-01  0.33538E-01  0.23083E-01  0.15551E-01  0.10169E-01  0.63610E-02  0.37359E-02
 0.20000E+01 -0.39058E-01  0.76975E-02  0.61437E-01  0.10459E+00  0.12614E+00  0.12565E+00  0.11018E+00  0.88447E-01  0.66849E-01  0.48539E-01  0.34299E-01  0.23727E-01  0.16049E-01  0.10528E-01  0.66023E-02  0.38849E-02
 0.22000E+01 -0.36537E-01  0.44707E-02  0.54552E-01  0.96991E-01  0.12001E+00  0.12179E+00  0.10832E+00  0.87917E-01  0.67017E-01  0.48985E-01  0.34797E-01  0.24172E-01  0.16405E-01  0.10790E-01  0.67805E-02  0.39960E-02
 0.24000E+01 -0.34114E-01  0.18499E-02  0.48593E-01  0.90202E-01  0.11433E+00  0.11800E+00  0.10628E+00  0.87081E-01  0.66864E-01  0.49149E-01  0.35067E-01  0.24444E-01  0.16636E-01  0.10966E-01  0.69030E-02  0.40734E-02
 0.26000E+01 -0.31839E-01 -0.27809E-03  0.43436E-01  0.84141E-01  0.10908E+00  0.11431E+00  0.10410E+00  0.86000E-01  0.66445E-01  0.49074E-01  0.35143E-01  0.24570E-01  0.16760E-01  0.11069E-01  0.69773E-02  0.41216E-02
 0.28000E+01 -0.29736E-01 -0.20020E-02  0.38970E-01  0.78723E-01  0.10421E+00  0.11071E+00  0.10181E+00  0.84713E-01  0.65800E-01  0.48795E-01  0.35054E-01  0.24568E-01  0.16792E-01  0.11107E-01  0.70097E-02  0.41445E-02
 0.30000E+01 -0.27308E-01 -0.36662E-02  0.34235E-01  0.72752E-01  0.98633E-01  0.10639E+00  0.98873E-01  0.82899E-01  0.64756E-01  0.48226E-01  0.34759E-01  0.24425E-01  0.16729E-01  0.11083E-01  0.70034E-02  0.41447E-02
 0.00000E+00  0.66780E+00  0.39361E+00  0.13103E+00 -0.42598E-01 -0.11382E+00 -0.11451E+00 -0.85427E-01 -0.53662E-01 -0.29904E-01 -0.15093E-01 -0.68328E-02 -0.25949E-02 -0.61051E-03  0.18572E-03  0.39728E-03  0.35726E-03
 0.20000E+00  0.37781E+00  0.35267E+00  0.27910E+00  0.18523E+00  0.99824E-01  0.38893E-01  0.39889E-02 -0.11584E-01 -0.15936E-01 -0.15069E-01 -0.12381E-01 -0.94375E-02 -0.68235E-02 -0.46922E-02 -0.30428E-02 -0.18335E-02
 0.40000E+00  0.52650E-01  0.15569E+00  0.21522E+00  0.21852E+00  0.18078E+00  0.12802E+00  0.80238E-01  0.45666E-01  0.24017E-01  0.11719E-01  0.52011E-02  0.19503E-02  0.45234E-03 -0.14247E-03 -0.29845E-03 -0.26723E-03
 0.60000E+00 -0.22843E-01  0.84175E-01  0.16343E+00  0.19415E+00  0.18144E+00  0.14506E+00  0.10418E+00  0.69710E-01  0.44710E-01  0.28041E-01  0.17401E-01  0.10733E-01  0.65676E-02  0.39554E-02  0.23114E-02  0.12857E-02
 0.80000E+00 -0.41078E-01  0.54513E-01  0.13282E+00  0.17198E+00  0.17160E+00  0.14592E+00  0.11152E+00  0.79453E-01  0.54227E-01  0.36122E-01  0.23739E-01  0.15451E-01  0.99336E-02  0.62516E-02  0.37932E-02  0.21759E-02
 0.10000E+01 -0.45733E-01  0.39449E-01  0.11392E+00  0.15612E+00  0.16249E+00  0.14354E+00  0.11371E+00  0.83784E-01  0.58964E-01  0.40367E-01  0.27176E-01  0.18063E-01  0.11824E-01  0.75548E-02  0.46404E-02  0.26875E-02
 0.12000E+01 -0.46493E-01  0.29757E-01  0.10009E+00  0.14357E+00  0.15446E+00  0.14044E+00  0.11419E+00  0.86108E-01  0.61837E-01  0.43073E-01  0.29426E-01  0.19802E-01  0.13098E-01  0.84394E-02  0.52187E-02  0.30381E-02
 0.14000E+01 -0.45619E-01  0.22433E-01  0.88536E-01  0.13252E+00  0.14692E+00  0.13702E+00  0.11387E+00  0.87512E-01  0.63856E-01  0.45075E-01  0.31134E-01  0.21144E-01  0.14090E-01  0.91339E-02  0.56751E-02  0.33159E-02
 0.16000E+01 -0.43842E-01  0.16519E-01  0.78370E-01  0.12238E+00  0.13967E+00  0.13336E+00  0.11304E+00  0.88309E-01  0.65315E-01  0.46616E-01  0.32489E-01  0.22226E-01  0.14900E-01  0.97054E-02  0.60528E-02  0.35467E-02
 0.18000E+01 -0.41562E-01  0.11667E-01  0.69358E-01  0.11307E+00  0.13272E+00  0.12954E+00  0.11178E+00  0.88600E-01  0.66298E-01  0.47761E-01  0.33538E-01  0.23083E-01  0.15551E-01  0.10169E-01  0.63610E-02  0.37359E-02
 0.20000E+01 -0.39058E-01  0.76975E-02  0.61437E-01  0.10459E+00  0.12614E+00  0.12565E+00  0.11018E+00  0.88447E-01  0.66849E-01  0.48539E-01  0.34299E-01  0.23727E-01  0.16049E-01  0.10528E-01  0.66023E-02  0.38849E-02
 0.22000E+01 -0.36537E-01  0.44707E-02  0.54552E-01  0.96991E-01  0.12001E+00  0.12179E+00  0.10832E+00  0.87917E-01  0.67017E-01  0.48985E-01  0.34797E-01  0.24172E-01  0.16405E-01  0.10790E-01  0.67805E-02  0.39960E-02
 0.24000E+01 -0.34114E-01  0.18499E-02  0.48593E-01  0.90202E-01  0.11433E+00  0.11800E+00  0.10628E+00  0.87081E-01  0.66864E-01  0.49149E-01  0.35067E-01  0.24444E-01  0.16636E-01  0.10966E-01  0.69030E-02  0.40734E-02
 0.26000E+01 -0.31839E-01 -0.27809E-03  0.43436E-01  0.84141E-01  0.10908E+00  0.11431E+00  0.10410E+00  0.86000E-01  0.66445E-01  0.49074E-01  0.35143E-01  0.24570E-01  0.16760E-01  0.11069E-01  0.69773E-02  0.41216E-02
 0.28000E+01 -0.29736E-01 -0.20020E-02  0.38970E-01  0.78723E-01  0.10421E+00  0.11071E+00  0.10181E+00  0.84713E-01  0.65800E-01  0.48795E-01  0.35054E-01  0.24568E-01  0.16792E-01  0.11107E-01  0.70097E-02  0.41445E-02
 0.30000E+01 -0.27308E-01 -0.36662E-02  0.34235E-01  0.72752E-01  0.98633E-01  0.10639E+00  0.98873E-01  0.82899E-01  0.64756E-01  0.48226E-01  0.34759E-01  0.24425E-01  0.16729E-01  0.11083E-01  0.70034E-02  0.41447E-02
