 0.00000E+00  0.85281E+00  0.26773E+00 -0.11220E+00 -0.21607E+00 -0.13792E+00 -0.16230E-01  0.64620E-01  0.89909E-01  0.80336E-01  0.59023E-01  0.38949E-01  0.24183E-01  0.14484E-01  0.84401E-02  0.47626E-02  0.25652E-02
 0.20000E+00  0.26030E+00  0.46347E+00  0.45147E+00  0.27690E+00  0.67504E-01 -0.76943E-01 -0.13112E+00 -0.12245E+00 -0.89053E-01 -0.55682E-01 -0.31429E-01 -0.16459E-01 -0.80963E-02 -0.37369E-02 -0.15971E-02 -0.61636E-03
 0.40000E+00 -0.70700E-01  0.24409E+00  0.39221E+00  0.35671E+00  0.21834E+00  0.74972E-01 -0.18890E-01 -0.58171E-01 -0.62083E-01 -0.50896E-01 -0.36884E-01 -0.25014E-01 -0.16286E-01 -0.10246E-01 -0.61844E-02 -0.35251E-02
 0.60000E+00 -0.63984E-01  0.89844E-01  0.21019E+00  0.25777E+00  0.23451E+00  0.17146E+00  0.10306E+00  0.49952E-01  0.17122E-01  0.56449E-03 -0.59174E-02 -0.72530E-02 -0.64116E-02 -0.48932E-02 -0.33672E-02 -0.21034E-02
 0.80000E+00 -0.24894E-01  0.16859E-01  0.92117E-01  0.16470E+00  0.20170E+00  0.19458E+00  0.15744E+00  0.11128E+00  0.70937E-01  0.41926E-01  0.23507E-01  0.12717E-01  0.67005E-02  0.34436E-02  0.17159E-02  0.81908E-03
 0.10000E+01 -0.18354E-02 -0.12083E-01  0.32544E-01  0.10505E+00  0.16437E+00  0.18586E+00  0.17095E+00  0.13613E+00  0.98009E-01  0.65974E-01  0.42604E-01  0.26850E-01  0.16636E-01  0.10106E-01  0.59468E-02  0.33272E-02
 0.12000E+01  0.93281E-02 -0.23015E-01  0.30943E-02  0.68938E-01  0.13455E+00  0.16980E+00  0.16892E+00  0.14384E+00  0.11017E+00  0.78644E-01  0.53662E-01  0.35566E-01  0.23041E-01  0.14539E-01  0.88271E-02  0.50630E-02
 0.14000E+01  0.14650E-01 -0.26987E-01 -0.12304E-01  0.46275E-01  0.11228E+00  0.15423E+00  0.16224E+00  0.14451E+00  0.11515E+00  0.85157E-01  0.59948E-01  0.40815E-01  0.27044E-01  0.17380E-01  0.10705E-01  0.62085E-02
 0.16000E+01  0.17195E-01 -0.28183E-01 -0.20926E-01  0.31214E-01  0.95518E-01  0.14077E+00  0.15459E+00  0.14236E+00  0.11667E+00  0.88389E-01  0.63519E-01  0.43996E-01  0.29562E-01  0.19210E-01  0.11935E-01  0.69671E-02
 0.18000E+01  0.18365E-01 -0.28204E-01 -0.26025E-01  0.20664E-01  0.82584E-01  0.12939E+00  0.14714E+00  0.13908E+00  0.11645E+00  0.89810E-01  0.65506E-01  0.45927E-01  0.31161E-01  0.20405E-01  0.12751E-01  0.74765E-02
 0.20000E+01  0.18818E-01 -0.27706E-01 -0.29143E-01  0.12955E-01  0.72332E-01  0.11973E+00  0.14024E+00  0.13541E+00  0.11531E+00  0.90183E-01  0.66530E-01  0.47074E-01  0.32172E-01  0.21186E-01  0.13296E-01  0.78213E-02
 0.22000E+01  0.18871E-01 -0.26982E-01 -0.31081E-01  0.71255E-02  0.64005E-01  0.11145E+00  0.13392E+00  0.13165E+00  0.11368E+00  0.89913E-01  0.66935E-01  0.47704E-01  0.32789E-01  0.21687E-01  0.13656E-01  0.80531E-02
 0.24000E+01  0.18700E-01 -0.26171E-01 -0.32280E-01  0.25939E-02  0.57100E-01  0.10426E+00  0.12815E+00  0.12793E+00  0.11179E+00  0.89247E-01  0.66937E-01  0.47988E-01  0.33136E-01  0.21995E-01  0.13887E-01  0.82058E-02
 0.26000E+01  0.18399E-01 -0.25335E-01 -0.32999E-01 -0.10195E-02  0.51255E-01  0.97933E-01  0.12287E+00  0.12433E+00  0.10976E+00  0.88332E-01  0.66671E-01  0.48035E-01  0.33298E-01  0.22168E-01  0.14028E-01  0.83028E-02
 0.28000E+01  0.18020E-01 -0.24504E-01 -0.33397E-01 -0.39674E-02  0.46211E-01  0.92285E-01  0.11799E+00  0.12087E+00  0.10767E+00  0.87264E-01  0.66229E-01  0.47923E-01  0.33331E-01  0.22247E-01  0.14106E-01  0.83607E-02
 0.30000E+01  0.17478E-01 -0.23431E-01 -0.33501E-01 -0.69041E-02  0.40771E-01  0.85924E-01  0.11228E+00  0.11661E+00  0.10494E+00  0.85710E-01  0.65444E-01  0.47579E-01  0.33212E-01  0.22230E-01  0.14124E-01  0.83849E-02
 0.00000E+00  0.85281E+00  0.26773E+00 -0.11220E+00 -0.21607E+00 -0.13792E+00 -0.16230E-01  0.64620E-01  0.89909E-01  0.80336E-01  0.59023E-01  0.38949E-01  0.24183E-01  0.14484E-01  0.84401E-02  0.47626E-02  0.25652E-02
 0.20000E+00  0.26030E+00  0.46347E+00  0.45147E+00  0.27690E+00  0.67504E-01 -0.76943E-01 -0.13112E+00 -0.12245E+00 -0.89053E-01 -0.55682E-01 -0.31429E-01 -0.16459E-01 -0.80963E-02 -0.37369E-02 -0.15971E-02 -0.61636E-03
 0.40000E+00 -0.70700E-01  0.24409E+00  0.39221E+00  0.35671E+00  0.21834E+00  0.74972E-01 -0.18890E-01 -0.58171E-01 -0.62083E-01 -0.50896E-01 -0.36884E-01 -0.25014E-01 -0.16286E-01 -0.10246E-01 -0.61844E-02 -0.35251E-02
 0.60000E+00 -0.63984E-01  0.89844E-01  0.21019E+00  0.25777E+00  0.23451E+00  0.17146E+00  0.10306E+00  0.49952E-01  0.17122E-01  0.56449E-03 -0.59174E-02 -0.72530E-02 -0.64116E-02 -0.48932E-02 -0.33672E-02 -0.21034E-02
 0.80000E+00 -0.24894E-01  0.16859E-01  0.92117E-01  0.16470E+00  0.20170E+00  0.19458E+00  0.15744E+00  0.11128E+00  0.70937E-01  0.41926E-01  0.23507E-01  0.12717E-01  0.67005E-02  0.34436E-02  0.17159E-02  0.81908E-03
 0.10000E+01 -0.18354E-02 -0.12083E-01  0.32544E-01  0.10505E+00  0.16437E+00  0.18586E+00  0.17095E+00  0.13613E+00  0.98009E-01  0.65974E-01  0.42604E-01  0.26850E-01  0.16636E-01  0.10106E-01  0.59468E-02  0.33272E-02
 0.12000E+01  0.93281E-02 -0.23015E-01  0.30943E-02  0.68938E-01  0.13455E+00  0.16980E+00  0.16892E+00  0.14384E+00  0.11017E+00  0.78644E-01  0.53662E-01  0.35566E-01  0.23041E-01  0.14539E-01  0.88271E-02  0.50630E-02
 0.14000E+01  0.14650E-01 -0.26987E-01 -0.12304E-01  0.46275E-01  0.11228E+00  0.15423E+00  0.16224E+00  0.14451E+00  0.11515E+00  0.85157E-01  0.59948E-01  0.40815E-01  0.27044E-01  0.17380E-01  0.10705E-01  0.62085E-02
 0.16000E+01  0.17195E-01 -0.28183E-01 -0.20926E-01  0.31214E-01  0.95518E-01  0.14077E+00  0.15459E+00  0.14236E+00  0.11667E+00  0.88389E-01  0.63519E-01  0.43996E-01  0.29562E-01  0.19210E-01  0.11935E-01  0.69671E-02
 0.18000E+01  0.18365E-01 -0.28204E-01 -0.26025E-01  0.20664E-01  0.82584E-01  0.12939E+00  0.14714E+00  0.13908E+00  0.11645E+00  0.89810E-01  0.65506E-01  0.45927E-01  0.31161E-01  0.20405E-01  0.12751E-01  0.74765E-02
 0.20000E+01  0.18818E-01 -0.27706E-01 -0.29143E-01  0.12955E-01  0.72332E-01  0.11973E+00  0.14024E+00  0.13541E+00  0.11531E+00  0.90183E-01  0.66530E-01  0.47074E-01  0.32172E-01  0.21186E-01  0.13296E-01  0.78213E-02
 0.22000E+01  0.18871E-01 -0.26982E-01 -0.31081E-01  0.71255E-02  0.64005E-01  0.11145E+00  0.13392E+00  0.13165E+00  0.11368E+00  0.89913E-01  0.66935E-01  0.47704E-01  0.32789E-01  0.21687E-01  0.13656E-01  0.80531E-02
 0.24000E+01  0.18700E-01 -0.26171E-01 -0.32280E-01  0.25939E-02  0.57100E-01  0.10426E+00  0.12815E+00  0.12793E+00  0.11179E+00  0.89247E-01  0.66937E-01  0.47988E-01  0.33136E-01  0.21995E-01  0.13887E-01  0.82058E-02
 0.26000E+01  0.18399E-01 -0.25335E-01 -0.32999E-01 -0.10195E-02  0.51255E-01  0.97933E-01  0.12287E+00  0.12433E+00  0.10976E+00  0.88332E-01  0.66671E-01  0.48035E-01  0.33298E-01  0.22168E-01  0.14028E-01  0.83028E-02
 0.28000E+01  0.18020E-01 -0.24504E-01 -0.33397E-01 -0.39674E-02  0.46211E-01  0.92285E-01  0.11799E+00  0.12087E+00  0.10767E+00  0.87264E-01  0.66229E-01  0.47923E-01  0.33331E-01  0.22247E-01  0.14106E-01  0.83607E-02
 0.30000E+01  0.17478E-01 -0.23431E-01 -0.33501E-01 -0.69041E-02  0.40771E-01  0.85924E-01  0.11228E+00  0.11661E+00  0.10494E+00  0.85710E-01  0.65444E-01  0.47579E-01  0.33212E-01  0.22230E-01  0.14124E-01  0.83849E-02
