 0.00000E+00  0.85217E+00  0.29568E+00 -0.87268E-01 -0.21391E+00 -0.15710E+00 -0.42793E-01  0.43435E-01  0.78953E-01  0.77989E-01  0.61449E-01  0.42971E-01  0.28057E-01  0.17555E-01  0.10622E-01  0.61888E-02  0.34232E-02
 0.20000E+00  0.24327E+00  0.42606E+00  0.42863E+00  0.28528E+00  0.99123E-01 -0.41313E-01 -0.10596E+00 -0.11156E+00 -0.88876E-01 -0.60863E-01 -0.37988E-01 -0.22370E-01 -0.12685E-01 -0.69855E-02 -0.37281E-02 -0.19066E-02
 0.40000E+00 -0.42308E-01  0.23364E+00  0.36606E+00  0.33706E+00  0.21424E+00  0.82988E-01 -0.66156E-02 -0.47372E-01 -0.54737E-01 -0.46606E-01 -0.34569E-01 -0.23782E-01 -0.15607E-01 -0.98536E-02 -0.59528E-02 -0.33918E-02
 0.60000E+00 -0.62059E-01  0.10582E+00  0.22403E+00  0.25959E+00  0.22490E+00  0.15708E+00  0.90152E-01  0.41312E-01  0.12612E-01 -0.11379E-02 -0.61081E-02 -0.67965E-02 -0.57799E-02 -0.43092E-02 -0.29166E-02 -0.17993E-02
 0.80000E+00 -0.34639E-01  0.30491E-01  0.11085E+00  0.17441E+00  0.19927E+00  0.18492E+00  0.14678E+00  0.10311E+00  0.65890E-01  0.39207E-01  0.22158E-01  0.12075E-01  0.64031E-02  0.33114E-02  0.16622E-02  0.80098E-03
 0.10000E+01 -0.96535E-02 -0.68392E-02  0.41894E-01  0.11123E+00  0.16543E+00  0.18378E+00  0.16837E+00  0.13440E+00  0.97194E-01  0.65649E-01  0.42417E-01  0.26654E-01  0.16420E-01  0.99017E-02  0.57829E-02  0.32136E-02
 0.12000E+01  0.54069E-02 -0.23417E-01  0.42512E-02  0.70165E-01  0.13564E+00  0.17125E+00  0.17102E+00  0.14628E+00  0.11245E+00  0.80369E-01  0.54740E-01  0.36109E-01  0.23233E-01  0.14546E-01  0.87639E-02  0.49925E-02
 0.14000E+01  0.13511E-01 -0.30365E-01 -0.16075E-01  0.43898E-01  0.11224E+00  0.15646E+00  0.16589E+00  0.14853E+00  0.11870E+00  0.87809E-01  0.61669E-01  0.41786E-01  0.27507E-01  0.17549E-01  0.10733E-01  0.61851E-02
 0.16000E+01  0.17703E-01 -0.33014E-01 -0.27360E-01  0.26584E-01  0.94233E-01  0.14254E+00  0.15816E+00  0.14642E+00  0.12030E+00  0.91136E-01  0.65337E-01  0.45054E-01  0.30092E-01  0.19425E-01  0.11989E-01  0.69574E-02
 0.18000E+01  0.19764E-01 -0.33702E-01 -0.33804E-01  0.14704E-01  0.80206E-01  0.13023E+00  0.14989E+00  0.14242E+00  0.11950E+00  0.92154E-01  0.67068E-01  0.46831E-01  0.31602E-01  0.20566E-01  0.12774E-01  0.74480E-02
 0.20000E+01  0.20635E-01 -0.33469E-01 -0.37519E-01  0.62632E-02  0.69083E-01  0.11953E+00  0.14185E+00  0.13766E+00  0.11745E+00  0.91844E-01  0.67621E-01  0.47670E-01  0.32416E-01  0.21224E-01  0.13244E-01  0.77494E-02
 0.22000E+01  0.20826E-01 -0.32799E-01 -0.39610E-01  0.11076E-03  0.60124E-01  0.11027E+00  0.13433E+00  0.13269E+00  0.11477E+00  0.90759E-01  0.67442E-01  0.47902E-01  0.32771E-01  0.21559E-01  0.13501E-01  0.79214E-02
 0.24000E+01  0.20627E-01 -0.31937E-01 -0.40710E-01 -0.44719E-02  0.52799E-01  0.10223E+00  0.12742E+00  0.12777E+00  0.11179E+00  0.89228E-01  0.66807E-01  0.47742E-01  0.32821E-01  0.21674E-01  0.13613E-01  0.80042E-02
 0.26000E+01  0.20203E-01 -0.31003E-01 -0.41184E-01 -0.79520E-02  0.46713E-01  0.95205E-01  0.12109E+00  0.12301E+00  0.10870E+00  0.87442E-01  0.65886E-01  0.47325E-01  0.32666E-01  0.21639E-01  0.13624E-01  0.80248E-02
 0.28000E+01  0.19646E-01 -0.30056E-01 -0.41253E-01 -0.10632E-01  0.41587E-01  0.89009E-01  0.11530E+00  0.11848E+00  0.10559E+00  0.85516E-01  0.64785E-01  0.46736E-01  0.32370E-01  0.21500E-01  0.13564E-01  0.80016E-02
 0.30000E+01  0.18857E-01 -0.28813E-01 -0.40843E-01 -0.13055E-01  0.36267E-01  0.82180E-01  0.10861E+00  0.11299E+00  0.10162E+00  0.82889E-01  0.63153E-01  0.45766E-01  0.31811E-01  0.21188E-01  0.13395E-01  0.79143E-02
 0.00000E+00  0.85217E+00  0.29568E+00 -0.87268E-01 -0.21391E+00 -0.15710E+00 -0.42793E-01  0.43435E-01  0.78953E-01  0.77989E-01  0.61449E-01  0.42971E-01  0.28057E-01  0.17555E-01  0.10622E-01  0.61888E-02  0.34232E-02
 0.20000E+00  0.24327E+00  0.42606E+00  0.42863E+00  0.28528E+00  0.99123E-01 -0.41313E-01 -0.10596E+00 -0.11156E+00 -0.88876E-01 -0.60863E-01 -0.37988E-01 -0.22370E-01 -0.12685E-01 -0.69855E-02 -0.37281E-02 -0.19066E-02
 0.40000E+00 -0.42308E-01  0.23364E+00  0.36606E+00  0.33706E+00  0.21424E+00  0.82988E-01 -0.66156E-02 -0.47372E-01 -0.54737E-01 -0.46606E-01 -0.34569E-01 -0.23782E-01 -0.15607E-01 -0.98536E-02 -0.59528E-02 -0.33918E-02
 0.60000E+00 -0.62059E-01  0.10582E+00  0.22403E+00  0.25959E+00  0.22490E+00  0.15708E+00  0.90152E-01  0.41312E-01  0.12612E-01 -0.11379E-02 -0.61081E-02 -0.67965E-02 -0.57799E-02 -0.43092E-02 -0.29166E-02 -0.17993E-02
 0.80000E+00 -0.34639E-01  0.30491E-01  0.11085E+00  0.17441E+00  0.19927E+00  0.18492E+00  0.14678E+00  0.10311E+00  0.65890E-01  0.39207E-01  0.22158E-01  0.12075E-01  0.64031E-02  0.33114E-02  0.16622E-02  0.80098E-03
 0.10000E+01 -0.96535E-02 -0.68392E-02  0.41894E-01  0.11123E+00  0.16543E+00  0.18378E+00  0.16837E+00  0.13440E+00  0.97194E-01  0.65649E-01  0.42417E-01  0.26654E-01  0.16420E-01  0.99017E-02  0.57829E-02  0.32136E-02
 0.12000E+01  0.54069E-02 -0.23417E-01  0.42512E-02  0.70165E-01  0.13564E+00  0.17125E+00  0.17102E+00  0.14628E+00  0.11245E+00  0.80369E-01  0.54740E-01  0.36109E-01  0.23233E-01  0.14546E-01  0.87639E-02  0.49925E-02
 0.14000E+01  0.13511E-01 -0.30365E-01 -0.16075E-01  0.43898E-01  0.11224E+00  0.15646E+00  0.16589E+00  0.14853E+00  0.11870E+00  0.87809E-01  0.61669E-01  0.41786E-01  0.27507E-01  0.17549E-01  0.10733E-01  0.61851E-02
 0.16000E+01  0.17703E-01 -0.33014E-01 -0.27360E-01  0.26584E-01  0.94233E-01  0.14254E+00  0.15816E+00  0.14642E+00  0.12030E+00  0.91136E-01  0.65337E-01  0.45054E-01  0.30092E-01  0.19425E-01  0.11989E-01  0.69574E-02
 0.18000E+01  0.19764E-01 -0.33702E-01 -0.33804E-01  0.14704E-01  0.80206E-01  0.13023E+00  0.14989E+00  0.14242E+00  0.11950E+00  0.92154E-01  0.67068E-01  0.46831E-01  0.31602E-01  0.20566E-01  0.12774E-01  0.74480E-02
 0.20000E+01  0.20635E-01 -0.33469E-01 -0.37519E-01  0.62632E-02  0.69083E-01  0.11953E+00  0.14185E+00  0.13766E+00  0.11745E+00  0.91844E-01  0.67621E-01  0.47670E-01  0.32416E-01  0.21224E-01  0.13244E-01  0.77494E-02
 0.22000E+01  0.20826E-01 -0.32799E-01 -0.39610E-01  0.11076E-03  0.60124E-01  0.11027E+00  0.13433E+00  0.13269E+00  0.11477E+00  0.90759E-01  0.67442E-01  0.47902E-01  0.32771E-01  0.21559E-01  0.13501E-01  0.79214E-02
 0.24000E+01  0.20627E-01 -0.31937E-01 -0.40710E-01 -0.44719E-02  0.52799E-01  0.10223E+00  0.12742E+00  0.12777E+00  0.11179E+00  0.89228E-01  0.66807E-01  0.47742E-01  0.32821E-01  0.21674E-01  0.13613E-01  0.80042E-02
 0.26000E+01  0.20203E-01 -0.31003E-01 -0.41184E-01 -0.79520E-02  0.46713E-01  0.95205E-01  0.12109E+00  0.12301E+00  0.10870E+00  0.87442E-01  0.65886E-01  0.47325E-01  0.32666E-01  0.21639E-01  0.13624E-01  0.80248E-02
 0.28000E+01  0.19646E-01 -0.30056E-01 -0.41253E-01 -0.10632E-01  0.41587E-01  0.89009E-01  0.11530E+00  0.11848E+00  0.10559E+00  0.85516E-01  0.64785E-01  0.46736E-01  0.32370E-01  0.21500E-01  0.13564E-01  0.80016E-02
 0.30000E+01  0.18857E-01 -0.28813E-01 -0.40843E-01 -0.13055E-01  0.36267E-01  0.82180E-01  0.10861E+00  0.11299E+00  0.10162E+00  0.82889E-01  0.63153E-01  0.45766E-01  0.31811E-01  0.21188E-01  0.13395E-01  0.79143E-02
