 0.00000E+00  0.71514E+00  0.33230E+00 -0.49168E-01 -0.13882E+00 -0.80554E-01 -0.24167E-01  0.20378E-02  0.10134E-01  0.10538E-01  0.83371E-02  0.57213E-02  0.35199E-02  0.19369E-02  0.92282E-03  0.35695E-03  0.10265E-03
 0.20000E+00  0.39902E+00  0.45926E+00  0.32014E+00  0.13021E+00  0.14697E-01 -0.26756E-01 -0.32807E-01 -0.27389E-01 -0.19856E-01 -0.13214E-01 -0.81970E-02 -0.47360E-02 -0.25122E-02 -0.11818E-02 -0.46432E-03 -0.14083E-03
 0.40000E+00 -0.73259E-01  0.23250E+00  0.38463E+00  0.30129E+00  0.16004E+00  0.66426E-01  0.21141E-01  0.24212E-02 -0.39904E-02 -0.51605E-02 -0.43947E-02 -0.31639E-02 -0.20489E-02 -0.12185E-02 -0.66374E-03 -0.31221E-03
 0.60000E+00 -0.10559E+00  0.10766E+00  0.27585E+00  0.28272E+00  0.20437E+00  0.12592E+00  0.72298E-01  0.39927E-01  0.21254E-01  0.10751E-01  0.49962E-02  0.19585E-02  0.44601E-03 -0.22464E-03 -0.41476E-03 -0.32330E-03
 0.80000E+00 -0.80244E-01  0.41360E-01  0.18321E+00  0.23556E+00  0.20335E+00  0.14440E+00  0.93132E-01  0.57027E-01  0.33556E-01  0.18880E-01  0.99853E-02  0.47884E-02  0.18958E-02  0.40914E-03 -0.20599E-03 -0.28497E-03
 0.10000E+01 -0.54315E-01  0.16483E-02  0.11454E+00  0.18886E+00  0.18657E+00  0.14399E+00  0.98239E-01  0.62778E-01  0.38298E-01  0.22283E-01  0.12209E-01  0.61262E-02  0.26323E-02  0.77089E-03 -0.53960E-04 -0.23313E-03
 0.12000E+01 -0.32283E-01 -0.24622E-01  0.62022E-01  0.14736E+00  0.16567E+00  0.13650E+00  0.96850E-01  0.63619E-01  0.39671E-01  0.23533E-01  0.13145E-01  0.67513E-02  0.30134E-02  0.98388E-03  0.54021E-04 -0.18586E-03
 0.14000E+01 -0.14649E-01 -0.41953E-01  0.21795E-01  0.11101E+00  0.14321E+00  0.12496E+00  0.91490E-01  0.61365E-01  0.38884E-01  0.23385E-01  0.13237E-01  0.69041E-02  0.31559E-02  0.10944E-02  0.12949E-03 -0.14372E-03
 0.16000E+01 -0.16763E-02 -0.52467E-01 -0.82560E-02  0.79185E-01  0.11969E+00  0.11022E+00  0.82924E-01  0.56593E-01  0.36328E-01  0.22089E-01  0.12635E-01  0.66700E-02  0.31050E-02  0.11244E-02  0.18182E-03 -0.10336E-03
 0.18000E+01  0.65598E-02 -0.57461E-01 -0.29540E-01  0.51319E-01  0.95245E-01  0.92678E-01  0.71539E-01  0.49600E-01  0.32211E-01  0.19777E-01  0.11421E-01  0.60970E-02  0.28877E-02  0.10884E-02  0.21834E-03 -0.61508E-04
 0.20000E+01  0.10231E-01 -0.57934E-01 -0.43288E-01  0.26860E-01  0.69953E-01  0.72641E-01  0.57654E-01  0.40635E-01  0.26706E-01  0.16565E-01  0.96651E-02  0.52264E-02  0.25273E-02  0.99880E-03  0.24533E-03 -0.15373E-04
 0.22000E+01  0.99849E-02 -0.54983E-01 -0.50830E-01  0.56321E-02  0.44552E-01  0.51071E-01  0.42091E-01  0.30304E-01  0.20220E-01  0.12707E-01  0.75175E-02  0.41398E-02  0.20632E-02  0.87107E-03  0.26639E-03  0.34635E-04
 0.24000E+01  0.66149E-02 -0.49565E-01 -0.53487E-01 -0.12670E-01  0.19609E-01  0.28786E-01  0.25573E-01  0.19143E-01  0.13117E-01  0.84344E-02  0.51149E-02  0.29115E-02  0.15311E-02  0.71888E-03  0.28439E-03  0.87845E-04
 0.26000E+01  0.84127E-03 -0.42412E-01 -0.52428E-01 -0.28505E-01 -0.46414E-02  0.62648E-02  0.85566E-02  0.75020E-02  0.56417E-02  0.39042E-02  0.25514E-02  0.15933E-02  0.95617E-03  0.55205E-03  0.30153E-03  0.14389E-03
 0.28000E+01 -0.67400E-02 -0.34105E-01 -0.48594E-01 -0.42251E-01 -0.28023E-01 -0.16115E-01 -0.85967E-02 -0.43373E-02 -0.20115E-02 -0.75768E-03 -0.97704E-04  0.22624E-03  0.35819E-03  0.37796E-03  0.31913E-03  0.20220E-03
 0.30000E+01 -0.11075E-01 -0.29853E-01 -0.49083E-01 -0.54719E-01 -0.46185E-01 -0.32734E-01 -0.21069E-01 -0.12837E-01 -0.74561E-02 -0.40488E-02 -0.19529E-02 -0.72049E-03 -0.46968E-04  0.26908E-03  0.34188E-03  0.24947E-03
