 0.00000E+00  0.76275E+00  0.32274E+00 -0.67218E-01 -0.13743E+00 -0.74497E-01 -0.23961E-01 -0.29256E-02  0.30002E-02  0.32914E-02  0.19990E-02  0.64740E-03 -0.30802E-03 -0.83355E-03 -0.10135E-02 -0.91042E-03 -0.59217E-03
 0.20000E+00  0.33512E+00  0.46155E+00  0.34963E+00  0.14579E+00  0.17743E-01 -0.26221E-01 -0.31163E-01 -0.24539E-01 -0.16463E-01 -0.98720E-02 -0.52598E-02 -0.23412E-02 -0.65580E-03  0.19871E-03  0.48718E-03  0.39965E-03
 0.40000E+00 -0.63295E-01  0.23218E+00  0.36706E+00  0.28454E+00  0.15793E+00  0.75615E-01  0.34200E-01  0.14952E-01  0.63328E-02  0.26446E-02  0.11631E-02  0.61335E-03  0.42230E-03  0.34271E-03  0.26721E-03  0.16398E-03
 0.60000E+00 -0.79177E-01  0.11127E+00  0.26026E+00  0.26703E+00  0.19724E+00  0.12528E+00  0.74338E-01  0.42430E-01  0.23355E-01  0.12260E-01  0.59841E-02  0.25591E-02  0.78288E-03 -0.56062E-04 -0.34466E-03 -0.30163E-03
 0.80000E+00 -0.64885E-01  0.48609E-01  0.18238E+00  0.22974E+00  0.19516E+00  0.13624E+00  0.86217E-01  0.51534E-01  0.29348E-01  0.15773E-01  0.77843E-02  0.32903E-02  0.90862E-03 -0.22527E-03 -0.59583E-03 -0.49159E-03
 0.10000E+01 -0.52190E-01  0.11678E-01  0.12696E+00  0.19217E+00  0.17898E+00  0.13161E+00  0.85970E-01  0.52508E-01  0.30381E-01  0.16527E-01  0.82321E-02  0.35025E-02  0.96873E-03 -0.24784E-03 -0.64723E-03 -0.53351E-03
 0.12000E+01 -0.42729E-01 -0.11720E-01  0.86041E-01  0.15803E+00  0.15840E+00  0.12081E+00  0.80619E-01  0.49954E-01  0.29224E-01  0.16048E-01  0.80686E-02  0.34763E-02  0.99494E-03 -0.20779E-03 -0.61110E-03 -0.51021E-03
 0.14000E+01 -0.36470E-01 -0.26073E-01  0.55754E-01  0.12728E+00  0.13569E+00  0.10643E+00  0.72161E-01  0.45217E-01  0.26703E-01  0.14802E-01  0.75303E-02  0.33109E-02  0.10110E-02 -0.11785E-03 -0.51142E-03 -0.44061E-03
 0.16000E+01 -0.33400E-01 -0.33684E-01  0.33914E-01  0.99507E-01  0.11159E+00  0.89410E-01  0.61388E-01  0.38843E-01  0.23158E-01  0.12986E-01  0.67207E-02  0.30545E-02  0.10342E-02  0.23645E-04 -0.35249E-03 -0.32901E-03
 0.18000E+01 -0.33197E-01 -0.36159E-01  0.18805E-01  0.74263E-01  0.86572E-01  0.70448E-01  0.48872E-01  0.31230E-01  0.18841E-01  0.10743E-01  0.57154E-02  0.27413E-02  0.10756E-02  0.21627E-03 -0.13887E-03 -0.17947E-03
 0.20000E+01 -0.35388E-01 -0.34832E-01  0.89973E-02  0.51315E-01  0.61230E-01  0.50284E-01  0.35213E-01  0.22787E-01  0.14003E-01  0.82169E-02  0.45846E-02  0.23988E-02  0.11393E-02  0.45308E-03  0.11963E-03  0.70116E-06
 0.22000E+01 -0.39449E-01 -0.30767E-01  0.33243E-02  0.30534E-01  0.36139E-01  0.29615E-01  0.20969E-01  0.13893E-01  0.88746E-02  0.55330E-02  0.33889E-02  0.20482E-02  0.12254E-02  0.72460E-03  0.41164E-03  0.20333E-03
 0.24000E+01 -0.44908E-01 -0.24826E-01  0.79405E-03  0.11758E-01  0.11724E-01  0.89774E-02  0.65697E-02  0.48396E-02  0.36356E-02  0.27899E-02  0.21740E-02  0.17044E-02  0.13322E-02  0.10217E-02  0.72680E-03  0.42113E-03
 0.26000E+01 -0.51408E-01 -0.17618E-01  0.60772E-03 -0.53046E-02 -0.11890E-01 -0.11384E-01 -0.77653E-02 -0.42176E-02 -0.16185E-02  0.40364E-04  0.96438E-03  0.13745E-02  0.14576E-02  0.13381E-02  0.10585E-02  0.64952E-03
 0.28000E+01 -0.58720E-01 -0.95291E-02  0.22001E-02 -0.20946E-01 -0.34738E-01 -0.31400E-01 -0.21958E-01 -0.13218E-01 -0.68483E-02 -0.26940E-02 -0.23055E-03  0.10608E-02  0.15997E-02  0.16704E-02  0.14032E-02  0.88608E-03
 0.30000E+01 -0.63923E-01 -0.46297E-02  0.93383E-03 -0.35340E-01 -0.53967E-01 -0.47807E-01 -0.33457E-01 -0.20468E-01 -0.11048E-01 -0.48878E-02 -0.11913E-02  0.80465E-03  0.17081E-02  0.19314E-02  0.16753E-02  0.10731E-02
