 0.00000E+00  0.72259E+00  0.34418E+00  0.28903E-01 -0.13339E+00 -0.15337E+00 -0.98979E-01 -0.34757E-01  0.77353E-02  0.25441E-01  0.27309E-01  0.22474E-01  0.16336E-01  0.11065E-01  0.71256E-02  0.43643E-02  0.25123E-02
 0.20000E+00  0.35416E+00  0.36952E+00  0.31187E+00  0.20709E+00  0.97351E-01  0.15108E-01 -0.29412E-01 -0.43517E-01 -0.40508E-01 -0.31296E-01 -0.21890E-01 -0.14469E-01 -0.92345E-02 -0.57216E-02 -0.34156E-02 -0.19323E-02
 0.40000E+00  0.39837E-01  0.22164E+00  0.31289E+00  0.29491E+00  0.20643E+00  0.10452E+00  0.27808E-01 -0.13626E-01 -0.27903E-01 -0.27524E-01 -0.21801E-01 -0.15525E-01 -0.10397E-01 -0.66530E-02 -0.40602E-02 -0.23324E-02
 0.60000E+00 -0.72314E-01  0.11495E+00  0.24174E+00  0.27452E+00  0.23155E+00  0.15651E+00  0.86596E-01  0.38441E-01  0.12009E-01  0.36152E-03 -0.34200E-02 -0.38234E-02 -0.31115E-02 -0.22145E-02 -0.14414E-02 -0.86303E-03
 0.80000E+00 -0.77662E-01  0.38833E-01  0.14148E+00  0.19898E+00  0.20547E+00  0.17599E+00  0.13206E+00  0.89986E-01  0.57327E-01  0.35021E-01  0.20951E-01  0.12451E-01  0.73887E-02  0.43546E-02  0.25110E-02  0.13865E-02
 0.10000E+01 -0.46094E-01  0.12035E-02  0.66484E-01  0.12697E+00  0.16273E+00  0.16717E+00  0.14714E+00  0.11543E+00  0.83162E-01  0.56433E-01  0.36832E-01  0.23472E-01  0.14704E-01  0.90288E-02  0.53673E-02  0.30306E-02
 0.12000E+01 -0.21539E-01 -0.13441E-01  0.26139E-01  0.81446E-01  0.12793E+00  0.14891E+00  0.14297E+00  0.11961E+00  0.90517E-01  0.63817E-01  0.42909E-01  0.27979E-01  0.17836E-01  0.11096E-01  0.66596E-02  0.37867E-02
 0.14000E+01 -0.79920E-02 -0.18513E-01  0.64668E-02  0.55678E-01  0.10419E+00  0.13172E+00  0.13297E+00  0.11514E+00  0.89389E-01  0.64273E-01  0.43886E-01  0.28962E-01  0.18635E-01  0.11675E-01  0.70443E-02  0.40210E-02
 0.16000E+01 -0.91727E-03 -0.20064E-01 -0.33233E-02  0.40801E-01  0.88332E-01  0.11806E+00  0.12295E+00  0.10869E+00  0.85678E-01  0.62337E-01  0.42966E-01  0.28567E-01  0.18489E-01  0.11635E-01  0.70441E-02  0.40309E-02
 0.18000E+01  0.29028E-02 -0.20348E-01 -0.85307E-02  0.31623E-01  0.77350E-01  0.10753E+00  0.11435E+00  0.10248E+00  0.81600E-01  0.59840E-01  0.41506E-01  0.27737E-01  0.18024E-01  0.11378E-01  0.69047E-02  0.39580E-02
 0.20000E+01  0.50816E-02 -0.20169E-01 -0.11514E-01  0.25520E-01  0.69343E-01  0.99286E-01  0.10718E+00  0.97000E-01  0.77792E-01  0.57372E-01  0.39978E-01  0.26816E-01  0.17477E-01  0.11058E-01  0.67221E-02  0.38584E-02
 0.22000E+01  0.63892E-02 -0.19817E-01 -0.13330E-01  0.21193E-01  0.63217E-01  0.92639E-01  0.10116E+00  0.92235E-01  0.74377E-01  0.55092E-01  0.38526E-01  0.25916E-01  0.16929E-01  0.10731E-01  0.65322E-02  0.37531E-02
 0.24000E+01  0.72052E-02 -0.19403E-01 -0.14489E-01  0.17949E-01  0.58322E-01  0.87113E-01  0.96010E-01  0.88060E-01  0.71323E-01  0.53015E-01  0.37179E-01  0.25069E-01  0.16407E-01  0.10415E-01  0.63469E-02  0.36497E-02
 0.26000E+01  0.77267E-02 -0.18973E-01 -0.15254E-01  0.15404E-01  0.54261E-01  0.82382E-01  0.91504E-01  0.84345E-01  0.68565E-01  0.51115E-01  0.35933E-01  0.24276E-01  0.15913E-01  0.10114E-01  0.61694E-02  0.35502E-02
 0.28000E+01  0.80581E-02 -0.18543E-01 -0.15767E-01  0.13331E-01  0.50785E-01  0.78226E-01  0.87476E-01  0.80978E-01  0.66038E-01  0.49356E-01  0.34769E-01  0.23530E-01  0.15446E-01  0.98279E-02  0.59997E-02  0.34547E-02
 0.30000E+01  0.83006E-02 -0.17979E-01 -0.16132E-01  0.11226E-01  0.47026E-01  0.73595E-01  0.82901E-01  0.77101E-01  0.63095E-01  0.47288E-01  0.33389E-01  0.22640E-01  0.14884E-01  0.94818E-02  0.57938E-02  0.33384E-02
 0.00000E+00  0.72259E+00  0.34418E+00  0.28903E-01 -0.13339E+00 -0.15337E+00 -0.98979E-01 -0.34757E-01  0.77353E-02  0.25441E-01  0.27309E-01  0.22474E-01  0.16336E-01  0.11065E-01  0.71256E-02  0.43643E-02  0.25123E-02
 0.20000E+00  0.35416E+00  0.36952E+00  0.31187E+00  0.20709E+00  0.97351E-01  0.15108E-01 -0.29412E-01 -0.43517E-01 -0.40508E-01 -0.31296E-01 -0.21890E-01 -0.14469E-01 -0.92345E-02 -0.57216E-02 -0.34156E-02 -0.19323E-02
 0.40000E+00  0.39837E-01  0.22164E+00  0.31289E+00  0.29491E+00  0.20643E+00  0.10452E+00  0.27808E-01 -0.13626E-01 -0.27903E-01 -0.27524E-01 -0.21801E-01 -0.15525E-01 -0.10397E-01 -0.66530E-02 -0.40602E-02 -0.23324E-02
 0.60000E+00 -0.72314E-01  0.11495E+00  0.24174E+00  0.27452E+00  0.23155E+00  0.15651E+00  0.86596E-01  0.38441E-01  0.12009E-01  0.36152E-03 -0.34200E-02 -0.38234E-02 -0.31115E-02 -0.22145E-02 -0.14414E-02 -0.86303E-03
 0.80000E+00 -0.77662E-01  0.38833E-01  0.14148E+00  0.19898E+00  0.20547E+00  0.17599E+00  0.13206E+00  0.89986E-01  0.57327E-01  0.35021E-01  0.20951E-01  0.12451E-01  0.73887E-02  0.43546E-02  0.25110E-02  0.13865E-02
 0.10000E+01 -0.46094E-01  0.12035E-02  0.66484E-01  0.12697E+00  0.16273E+00  0.16717E+00  0.14714E+00  0.11543E+00  0.83162E-01  0.56433E-01  0.36832E-01  0.23472E-01  0.14704E-01  0.90288E-02  0.53673E-02  0.30306E-02
 0.12000E+01 -0.21539E-01 -0.13441E-01  0.26139E-01  0.81446E-01  0.12793E+00  0.14891E+00  0.14297E+00  0.11961E+00  0.90517E-01  0.63817E-01  0.42909E-01  0.27979E-01  0.17836E-01  0.11096E-01  0.66596E-02  0.37867E-02
 0.14000E+01 -0.79920E-02 -0.18513E-01  0.64668E-02  0.55678E-01  0.10419E+00  0.13172E+00  0.13297E+00  0.11514E+00  0.89389E-01  0.64273E-01  0.43886E-01  0.28962E-01  0.18635E-01  0.11675E-01  0.70443E-02  0.40210E-02
 0.16000E+01 -0.91727E-03 -0.20064E-01 -0.33233E-02  0.40801E-01  0.88332E-01  0.11806E+00  0.12295E+00  0.10869E+00  0.85678E-01  0.62337E-01  0.42966E-01  0.28567E-01  0.18489E-01  0.11635E-01  0.70441E-02  0.40309E-02
 0.18000E+01  0.29028E-02 -0.20348E-01 -0.85307E-02  0.31623E-01  0.77350E-01  0.10753E+00  0.11435E+00  0.10248E+00  0.81600E-01  0.59840E-01  0.41506E-01  0.27737E-01  0.18024E-01  0.11378E-01  0.69047E-02  0.39580E-02
 0.20000E+01  0.50816E-02 -0.20169E-01 -0.11514E-01  0.25520E-01  0.69343E-01  0.99286E-01  0.10718E+00  0.97000E-01  0.77792E-01  0.57372E-01  0.39978E-01  0.26816E-01  0.17477E-01  0.11058E-01  0.67221E-02  0.38584E-02
 0.22000E+01  0.63892E-02 -0.19817E-01 -0.13330E-01  0.21193E-01  0.63217E-01  0.92639E-01  0.10116E+00  0.92235E-01  0.74377E-01  0.55092E-01  0.38526E-01  0.25916E-01  0.16929E-01  0.10731E-01  0.65322E-02  0.37531E-02
 0.24000E+01  0.72052E-02 -0.19403E-01 -0.14489E-01  0.17949E-01  0.58322E-01  0.87113E-01  0.96010E-01  0.88060E-01  0.71323E-01  0.53015E-01  0.37179E-01  0.25069E-01  0.16407E-01  0.10415E-01  0.63469E-02  0.36497E-02
 0.26000E+01  0.77267E-02 -0.18973E-01 -0.15254E-01  0.15404E-01  0.54261E-01  0.82382E-01  0.91504E-01  0.84345E-01  0.68565E-01  0.51115E-01  0.35933E-01  0.24276E-01  0.15913E-01  0.10114E-01  0.61694E-02  0.35502E-02
 0.28000E+01  0.80581E-02 -0.18543E-01 -0.15767E-01  0.13331E-01  0.50785E-01  0.78226E-01  0.87476E-01  0.80978E-01  0.66038E-01  0.49356E-01  0.34769E-01  0.23530E-01  0.15446E-01  0.98279E-02  0.59997E-02  0.34547E-02
 0.30000E+01  0.83006E-02 -0.17979E-01 -0.16132E-01  0.11226E-01  0.47026E-01  0.73595E-01  0.82901E-01  0.77101E-01  0.63095E-01  0.47288E-01  0.33389E-01  0.22640E-01  0.14884E-01  0.94818E-02  0.57938E-02  0.33384E-02
