 0.00000E+00  0.81561E+00  0.28263E+00 -0.87756E-01 -0.21541E+00 -0.16710E+00 -0.60212E-01  0.24564E-01  0.64290E-01  0.69997E-01  0.59505E-01  0.44956E-01  0.31799E-01  0.21522E-01  0.13990E-01  0.86655E-02  0.50362E-02
 0.20000E+00  0.30413E+00  0.46525E+00  0.45115E+00  0.29922E+00  0.10909E+00 -0.35743E-01 -0.10716E+00 -0.12037E+00 -0.10356E+00 -0.78227E-01 -0.55006E-01 -0.37072E-01 -0.24235E-01 -0.15355E-01 -0.93306E-02 -0.53466E-02
 0.40000E+00 -0.70226E-01  0.21642E+00  0.36259E+00  0.34758E+00  0.23612E+00  0.11126E+00  0.22231E-01 -0.22634E-01 -0.36410E-01 -0.34687E-01 -0.27706E-01 -0.20290E-01 -0.14074E-01 -0.93181E-02 -0.58520E-02 -0.34366E-02
 0.60000E+00 -0.55516E-01  0.77703E-01  0.17893E+00  0.22012E+00  0.20644E+00  0.16271E+00  0.11360E+00  0.73046E-01  0.44648E-01  0.26567E-01  0.15623E-01  0.91403E-02  0.53184E-02  0.30574E-02  0.17144E-02  0.92082E-03
 0.80000E+00 -0.28580E-01  0.26396E-01  0.94244E-01  0.14918E+00  0.17350E+00  0.16620E+00  0.13867E+00  0.10476E+00  0.73889E-01  0.49844E-01  0.32714E-01  0.21089E-01  0.13376E-01  0.82952E-02  0.49638E-02  0.28131E-02
 0.10000E+01 -0.14610E-01  0.57002E-02  0.56407E-01  0.11415E+00  0.15285E+00  0.16094E+00  0.14369E+00  0.11413E+00  0.83592E-01  0.58051E-01  0.38982E-01  0.25597E-01  0.16481E-01  0.10348E-01  0.62533E-02  0.35713E-02
 0.12000E+01 -0.62623E-02 -0.53736E-02  0.34709E-01  0.92598E-01  0.13832E+00  0.15474E+00  0.14361E+00  0.11714E+00  0.87471E-01  0.61632E-01  0.41856E-01  0.27734E-01  0.17989E-01  0.11362E-01  0.68986E-02  0.39543E-02
 0.14000E+01 -0.30755E-03 -0.12694E-01  0.19420E-01  0.76418E-01  0.12620E+00  0.14812E+00  0.14142E+00  0.11755E+00  0.88959E-01  0.63311E-01  0.43332E-01  0.28891E-01  0.18835E-01  0.11945E-01  0.72765E-02  0.41815E-02
 0.16000E+01  0.41831E-02 -0.17873E-01  0.78127E-02  0.63286E-01  0.11537E+00  0.14112E+00  0.13787E+00  0.11631E+00  0.88948E-01  0.63799E-01  0.43933E-01  0.29437E-01  0.19267E-01  0.12259E-01  0.74868E-02  0.43109E-02
 0.18000E+01  0.75356E-02 -0.21513E-01 -0.10604E-02  0.52481E-01  0.10561E+00  0.13393E+00  0.13340E+00  0.11391E+00  0.87858E-01  0.63421E-01  0.43891E-01  0.29527E-01  0.19390E-01  0.12370E-01  0.75706E-02  0.43662E-02
 0.20000E+01  0.99651E-02 -0.23988E-01 -0.77646E-02  0.43626E-01  0.96886E-01  0.12684E+00  0.12839E+00  0.11075E+00  0.86022E-01  0.62424E-01  0.43381E-01  0.29283E-01  0.19282E-01  0.12329E-01  0.75586E-02  0.43652E-02
 0.22000E+01  0.11663E-01 -0.25591E-01 -0.12757E-01  0.36410E-01  0.89166E-01  0.12003E+00  0.12318E+00  0.10715E+00  0.83717E-01  0.61021E-01  0.42554E-01  0.28806E-01  0.19012E-01  0.12179E-01  0.74779E-02  0.43236E-02
 0.24000E+01  0.12810E-01 -0.26569E-01 -0.16449E-01  0.30525E-01  0.82374E-01  0.11364E+00  0.11799E+00  0.10338E+00  0.81168E-01  0.59384E-01  0.41536E-01  0.28184E-01  0.18639E-01  0.11959E-01  0.73519E-02  0.42549E-02
 0.26000E+01  0.13553E-01 -0.27108E-01 -0.19172E-01  0.25694E-01  0.76392E-01  0.10771E+00  0.11297E+00  0.99584E-01  0.78522E-01  0.57632E-01  0.40413E-01  0.27479E-01  0.18204E-01  0.11695E-01  0.71980E-02  0.41693E-02
 0.28000E+01  0.13996E-01 -0.27336E-01 -0.21169E-01  0.21698E-01  0.71106E-01  0.10223E+00  0.10817E+00  0.95859E-01  0.75863E-01  0.55835E-01  0.39240E-01  0.26730E-01  0.17733E-01  0.11407E-01  0.70270E-02  0.40732E-02
 0.30000E+01  0.14254E-01 -0.27264E-01 -0.22849E-01  0.17647E-01  0.65296E-01  0.95915E-01  0.10246E+00  0.91309E-01  0.72546E-01  0.53555E-01  0.37727E-01  0.25749E-01  0.17110E-01  0.11020E-01  0.67959E-02  0.39424E-02
 0.00000E+00  0.81561E+00  0.28263E+00 -0.87756E-01 -0.21541E+00 -0.16710E+00 -0.60212E-01  0.24564E-01  0.64290E-01  0.69997E-01  0.59505E-01  0.44956E-01  0.31799E-01  0.21522E-01  0.13990E-01  0.86655E-02  0.50362E-02
 0.20000E+00  0.30413E+00  0.46525E+00  0.45115E+00  0.29922E+00  0.10909E+00 -0.35743E-01 -0.10716E+00 -0.12037E+00 -0.10356E+00 -0.78227E-01 -0.55006E-01 -0.37072E-01 -0.24235E-01 -0.15355E-01 -0.93306E-02 -0.53466E-02
 0.40000E+00 -0.70226E-01  0.21642E+00  0.36259E+00  0.34758E+00  0.23612E+00  0.11126E+00  0.22231E-01 -0.22634E-01 -0.36410E-01 -0.34687E-01 -0.27706E-01 -0.20290E-01 -0.14074E-01 -0.93181E-02 -0.58520E-02 -0.34366E-02
 0.60000E+00 -0.55516E-01  0.77703E-01  0.17893E+00  0.22012E+00  0.20644E+00  0.16271E+00  0.11360E+00  0.73046E-01  0.44648E-01  0.26567E-01  0.15623E-01  0.91403E-02  0.53184E-02  0.30574E-02  0.17144E-02  0.92082E-03
 0.80000E+00 -0.28580E-01  0.26396E-01  0.94244E-01  0.14918E+00  0.17350E+00  0.16620E+00  0.13867E+00  0.10476E+00  0.73889E-01  0.49844E-01  0.32714E-01  0.21089E-01  0.13376E-01  0.82952E-02  0.49638E-02  0.28131E-02
 0.10000E+01 -0.14610E-01  0.57002E-02  0.56407E-01  0.11415E+00  0.15285E+00  0.16094E+00  0.14369E+00  0.11413E+00  0.83592E-01  0.58051E-01  0.38982E-01  0.25597E-01  0.16481E-01  0.10348E-01  0.62533E-02  0.35713E-02
 0.12000E+01 -0.62623E-02 -0.53736E-02  0.34709E-01  0.92598E-01  0.13832E+00  0.15474E+00  0.14361E+00  0.11714E+00  0.87471E-01  0.61632E-01  0.41856E-01  0.27734E-01  0.17989E-01  0.11362E-01  0.68986E-02  0.39543E-02
 0.14000E+01 -0.30755E-03 -0.12694E-01  0.19420E-01  0.76418E-01  0.12620E+00  0.14812E+00  0.14142E+00  0.11755E+00  0.88959E-01  0.63311E-01  0.43332E-01  0.28891E-01  0.18835E-01  0.11945E-01  0.72765E-02  0.41815E-02
 0.16000E+01  0.41831E-02 -0.17873E-01  0.78127E-02  0.63286E-01  0.11537E+00  0.14112E+00  0.13787E+00  0.11631E+00  0.88948E-01  0.63799E-01  0.43933E-01  0.29437E-01  0.19267E-01  0.12259E-01  0.74868E-02  0.43109E-02
 0.18000E+01  0.75356E-02 -0.21513E-01 -0.10604E-02  0.52481E-01  0.10561E+00  0.13393E+00  0.13340E+00  0.11391E+00  0.87858E-01  0.63421E-01  0.43891E-01  0.29527E-01  0.19390E-01  0.12370E-01  0.75706E-02  0.43662E-02
 0.20000E+01  0.99651E-02 -0.23988E-01 -0.77646E-02  0.43626E-01  0.96886E-01  0.12684E+00  0.12839E+00  0.11075E+00  0.86022E-01  0.62424E-01  0.43381E-01  0.29283E-01  0.19282E-01  0.12329E-01  0.75586E-02  0.43652E-02
 0.22000E+01  0.11663E-01 -0.25591E-01 -0.12757E-01  0.36410E-01  0.89166E-01  0.12003E+00  0.12318E+00  0.10715E+00  0.83717E-01  0.61021E-01  0.42554E-01  0.28806E-01  0.19012E-01  0.12179E-01  0.74779E-02  0.43236E-02
 0.24000E+01  0.12810E-01 -0.26569E-01 -0.16449E-01  0.30525E-01  0.82374E-01  0.11364E+00  0.11799E+00  0.10338E+00  0.81168E-01  0.59384E-01  0.41536E-01  0.28184E-01  0.18639E-01  0.11959E-01  0.73519E-02  0.42549E-02
 0.26000E+01  0.13553E-01 -0.27108E-01 -0.19172E-01  0.25694E-01  0.76392E-01  0.10771E+00  0.11297E+00  0.99584E-01  0.78522E-01  0.57632E-01  0.40413E-01  0.27479E-01  0.18204E-01  0.11695E-01  0.71980E-02  0.41693E-02
 0.28000E+01  0.13996E-01 -0.27336E-01 -0.21169E-01  0.21698E-01  0.71106E-01  0.10223E+00  0.10817E+00  0.95859E-01  0.75863E-01  0.55835E-01  0.39240E-01  0.26730E-01  0.17733E-01  0.11407E-01  0.70270E-02  0.40732E-02
 0.30000E+01  0.14254E-01 -0.27264E-01 -0.22849E-01  0.17647E-01  0.65296E-01  0.95915E-01  0.10246E+00  0.91309E-01  0.72546E-01  0.53555E-01  0.37727E-01  0.25749E-01  0.17110E-01  0.11020E-01  0.67959E-02  0.39424E-02
