 0.00000E+00  0.69577E+00  0.32226E+00 -0.56454E-01 -0.13852E+00 -0.66638E-01 -0.37329E-02  0.19479E-01  0.21099E-01  0.16031E-01  0.10494E-01  0.62417E-02  0.34000E-02  0.16569E-02  0.66920E-03  0.17826E-03  0.14035E-05
 0.20000E+00  0.42548E+00  0.47149E+00  0.31953E+00  0.12194E+00  0.21717E-02 -0.38483E-01 -0.40290E-01 -0.30621E-01 -0.20469E-01 -0.12748E-01 -0.75499E-02 -0.42711E-02 -0.22954E-02 -0.11533E-02 -0.52454E-03 -0.20299E-03
 0.40000E+00 -0.85940E-01  0.24875E+00  0.41321E+00  0.30801E+00  0.13892E+00  0.35156E-01 -0.50879E-02 -0.14270E-01 -0.12737E-01 -0.89023E-02 -0.54793E-02 -0.30418E-02 -0.14941E-02 -0.59997E-03 -0.15279E-03  0.55339E-05
 0.60000E+00 -0.12564E+00  0.10049E+00  0.28070E+00  0.28769E+00  0.20401E+00  0.12251E+00  0.69078E-01  0.38263E-01  0.21127E-01  0.11659E-01  0.64222E-02  0.35220E-02  0.19160E-02  0.10255E-02  0.52409E-03  0.23442E-03
 0.80000E+00 -0.70740E-01  0.17965E-01  0.15214E+00  0.22913E+00  0.22199E+00  0.17141E+00  0.11669E+00  0.73878E-01  0.44662E-01  0.26076E-01  0.14739E-01  0.80302E-02  0.41691E-02  0.20153E-02  0.86879E-03  0.31157E-03
 0.10000E+01 -0.22164E-01 -0.23866E-01  0.67933E-01  0.17746E+00  0.21547E+00  0.18719E+00  0.13605E+00  0.89426E-01  0.55253E-01  0.32641E-01  0.18521E-01  0.10049E-01  0.51395E-02  0.24029E-02  0.97000E-03  0.31062E-03
 0.12000E+01  0.72964E-02 -0.43588E-01  0.18565E-01  0.13815E+00  0.19804E+00  0.18369E+00  0.13781E+00  0.92144E-01  0.57482E-01  0.34135E-01  0.19408E-01  0.10518E-01  0.53495E-02  0.24686E-02  0.96919E-03  0.29385E-03
 0.14000E+01  0.22002E-01 -0.51408E-01 -0.86163E-02  0.10871E+00  0.17625E+00  0.17009E+00  0.12991E+00  0.87682E-01  0.55009E-01  0.32789E-01  0.18693E-01  0.10152E-01  0.51733E-02  0.23924E-02  0.94253E-03  0.28772E-03
 0.16000E+01  0.26924E-01 -0.52573E-01 -0.22013E-01  0.86311E-01  0.15298E+00  0.15130E+00  0.11677E+00  0.79276E-01  0.49941E-01  0.29883E-01  0.17112E-01  0.93496E-02  0.48095E-02  0.22616E-02  0.92054E-03  0.29917E-03
 0.18000E+01  0.25651E-01 -0.50023E-01 -0.26875E-01  0.68952E-01  0.12982E+00  0.13023E+00  0.10109E+00  0.68883E-01  0.43555E-01  0.26187E-01  0.15100E-01  0.83391E-02  0.43656E-02  0.21177E-02  0.91281E-03  0.32695E-03
 0.20000E+01  0.20417E-01 -0.45303E-01 -0.26267E-01  0.55260E-01  0.10736E+00  0.10828E+00  0.84225E-01  0.57519E-01  0.36514E-01  0.22101E-01  0.12882E-01  0.72362E-02  0.38942E-02  0.19791E-02  0.92166E-03  0.36875E-03
 0.22000E+01  0.12516E-01 -0.39192E-01 -0.21895E-01  0.44350E-01  0.85793E-01  0.86115E-01  0.66817E-01  0.45671E-01  0.29140E-01  0.17821E-01  0.10567E-01  0.60973E-02  0.34207E-02  0.18541E-02  0.94789E-03  0.42321E-03
 0.24000E+01  0.30801E-02 -0.32404E-01 -0.15234E-01  0.35561E-01  0.65429E-01  0.64443E-01  0.49562E-01  0.33852E-01  0.21766E-01  0.13542E-01  0.82614E-02  0.49738E-02  0.29650E-02  0.17465E-02  0.98825E-03  0.48650E-03
 0.26000E+01 -0.71770E-02 -0.25379E-01 -0.72527E-02  0.28372E-01  0.46346E-01  0.43615E-01  0.32817E-01  0.22333E-01  0.14570E-01  0.93703E-02  0.60213E-02  0.38916E-02  0.25360E-02  0.16564E-02  0.10397E-02  0.55573E-03
 0.28000E+01 -0.18027E-01 -0.18209E-01  0.16956E-02  0.22417E-01  0.28290E-01  0.23485E-01  0.16505E-01  0.11075E-01  0.75304E-02  0.52944E-02  0.38419E-02  0.28486E-02  0.21330E-02  0.15837E-02  0.11023E-02  0.63108E-03
 0.30000E+01 -0.26067E-01 -0.12716E-01  0.75172E-02  0.15834E-01  0.12193E-01  0.61616E-02  0.26539E-02  0.15789E-02  0.16169E-02  0.18802E-02  0.20206E-02  0.19794E-02  0.17988E-02  0.15250E-02  0.11561E-02  0.69491E-03
