 0.00000E+00  0.71665E+00  0.31798E+00 -0.68746E-01 -0.14213E+00 -0.64529E-01 -0.15090E-02  0.21007E-01  0.22647E-01  0.17837E-01  0.12399E-01  0.80325E-02  0.49475E-02  0.29159E-02  0.16408E-02  0.86405E-03  0.39560E-03
 0.20000E+00  0.40844E+00  0.47447E+00  0.33220E+00  0.13020E+00  0.45551E-02 -0.39069E-01 -0.42265E-01 -0.33261E-01 -0.23247E-01 -0.15299E-01 -0.96977E-02 -0.59773E-02 -0.35963E-02 -0.21077E-02 -0.11737E-02 -0.56750E-03
 0.40000E+00 -0.97741E-01  0.24827E+00  0.41434E+00  0.30562E+00  0.13755E+00  0.36713E-01 -0.26011E-02 -0.12587E-01 -0.12214E-01 -0.92152E-02 -0.62148E-02 -0.39031E-02 -0.23132E-02 -0.12939E-02 -0.67173E-03 -0.30287E-03
 0.60000E+00 -0.11564E+00  0.10046E+00  0.26983E+00  0.27511E+00  0.19689E+00  0.12137E+00  0.71347E-01  0.41604E-01  0.24319E-01  0.14271E-01  0.84018E-02  0.49580E-02  0.29286E-02  0.17210E-02  0.97319E-03  0.47777E-03
 0.80000E+00 -0.60977E-01  0.21367E-01  0.14748E+00  0.21997E+00  0.21292E+00  0.16561E+00  0.11489E+00  0.75047E-01  0.47369E-01  0.29236E-01  0.17734E-01  0.10588E-01  0.62207E-02  0.35784E-02  0.19613E-02  0.93543E-03
 0.10000E+01 -0.18283E-01 -0.19288E-01  0.71137E-01  0.17594E+00  0.20973E+00  0.18145E+00  0.13337E+00  0.90045E-01  0.57970E-01  0.36206E-01  0.22103E-01  0.13224E-01  0.77536E-02  0.44337E-02  0.24092E-02  0.11396E-02
 0.12000E+01  0.80467E-02 -0.40374E-01  0.25210E-01  0.14325E+00  0.19855E+00  0.18233E+00  0.13793E+00  0.94584E-01  0.61460E-01  0.38610E-01  0.23656E-01  0.14182E-01  0.83205E-02  0.47553E-02  0.25805E-02  0.12190E-02
 0.14000E+01  0.22648E-01 -0.50770E-01 -0.20318E-02  0.11862E+00  0.18382E+00  0.17514E+00  0.13472E+00  0.93234E-01  0.60939E-01  0.38450E-01  0.23644E-01  0.14224E-01  0.83752E-02  0.48059E-02  0.26197E-02  0.12427E-02
 0.16000E+01  0.29533E-01 -0.54975E-01 -0.17601E-01  0.99624E-01  0.16771E+00  0.16365E+00  0.12722E+00  0.88575E-01  0.58157E-01  0.36847E-01  0.22758E-01  0.13760E-01  0.81531E-02  0.47152E-02  0.25937E-02  0.12407E-02
 0.18000E+01  0.31366E-01 -0.55473E-01 -0.25682E-01  0.84679E-01  0.15133E+00  0.14996E+00  0.11737E+00  0.82087E-01  0.54115E-01  0.34439E-01  0.21386E-01  0.13019E-01  0.77817E-02  0.45510E-02  0.25356E-02  0.12271E-02
 0.20000E+01  0.29654E-01 -0.53511E-01 -0.28560E-01  0.72736E-01  0.13504E+00  0.13500E+00  0.10609E+00  0.74451E-01  0.49283E-01  0.31532E-01  0.19718E-01  0.12113E-01  0.73267E-02  0.43496E-02  0.24645E-02  0.12105E-02
 0.22000E+01  0.25529E-01 -0.49959E-01 -0.27856E-01  0.63086E-01  0.11915E+00  0.11947E+00  0.94061E-01  0.66196E-01  0.44019E-01  0.28352E-01  0.17890E-01  0.11123E-01  0.68318E-02  0.41335E-02  0.23910E-02  0.11953E-02
 0.24000E+01  0.19832E-01 -0.45454E-01 -0.24768E-01  0.55206E-01  0.10389E+00  0.10392E+00  0.81800E-01  0.57711E-01  0.38586E-01  0.25064E-01  0.16002E-01  0.10102E-01  0.63254E-02  0.39160E-02  0.23201E-02  0.11828E-02
 0.26000E+01  0.13078E-01 -0.40335E-01 -0.20027E-01  0.48674E-01  0.89266E-01  0.88530E-01  0.69513E-01  0.49160E-01  0.33097E-01  0.21740E-01  0.14096E-01  0.90756E-02  0.58202E-02  0.37030E-02  0.22542E-02  0.11738E-02
 0.28000E+01  0.55348E-02 -0.34803E-01 -0.14078E-01  0.43181E-01  0.75171E-01  0.73321E-01  0.57257E-01  0.40595E-01  0.27590E-01  0.18407E-01  0.12187E-01  0.80522E-02  0.53210E-02  0.34968E-02  0.21942E-02  0.11687E-02
 0.30000E+01  0.45363E-03 -0.30917E-01 -0.11157E-01  0.36823E-01  0.62490E-01  0.60317E-01  0.46981E-01  0.33472E-01  0.23018E-01  0.15630E-01  0.10584E-01  0.71778E-02  0.48801E-02  0.33010E-02  0.21248E-02  0.11523E-02
