 0.00000E+00  0.69689E+00  0.30992E+00 -0.78274E-01 -0.14937E+00 -0.58174E-01  0.13988E-01  0.35792E-01  0.32867E-01  0.24183E-01  0.16402E-01  0.10742E-01  0.69104E-02  0.43968E-02  0.27610E-02  0.16553E-02  0.85098E-03
 0.20000E+00  0.43972E+00  0.48192E+00  0.32161E+00  0.11645E+00 -0.57159E-02 -0.43879E-01 -0.42338E-01 -0.30978E-01 -0.20637E-01 -0.13291E-01 -0.84559E-02 -0.53545E-02 -0.33825E-02 -0.21214E-02 -0.12740E-02 -0.65627E-03
 0.40000E+00 -0.11302E+00  0.26651E+00  0.45675E+00  0.33003E+00  0.12660E+00  0.73322E-02 -0.31030E-01 -0.33105E-01 -0.25554E-01 -0.17750E-01 -0.11792E-01 -0.76566E-02 -0.49015E-02 -0.30908E-02 -0.18585E-02 -0.95777E-03
 0.60000E+00 -0.15595E+00  0.96036E-01  0.29999E+00  0.30441E+00  0.20415E+00  0.11152E+00  0.56432E-01  0.28594E-01  0.14981E-01  0.81392E-02  0.45559E-02  0.26109E-02  0.15241E-02  0.89714E-03  0.51154E-03  0.25282E-03
 0.80000E+00 -0.57757E-01  0.45947E-03  0.12341E+00  0.21653E+00  0.22715E+00  0.18284E+00  0.12743E+00  0.82701E-01  0.52075E-01  0.32422E-01  0.20097E-01  0.12426E-01  0.76620E-02  0.46860E-02  0.27465E-02  0.13874E-02
 0.10000E+01  0.16838E-01 -0.39783E-01  0.19317E-01  0.14850E+00  0.22045E+00  0.20935E+00  0.15984E+00  0.10943E+00  0.71170E-01  0.45206E-01  0.28366E-01  0.17657E-01  0.10916E-01  0.66727E-02  0.39028E-02  0.19679E-02
 0.12000E+01  0.52234E-01 -0.53687E-01 -0.29353E-01  0.10730E+00  0.20368E+00  0.20977E+00  0.16665E+00  0.11668E+00  0.76913E-01  0.49254E-01  0.31053E-01  0.19374E-01  0.11982E-01  0.73159E-02  0.42712E-02  0.21504E-02
 0.14000E+01  0.66986E-01 -0.57812E-01 -0.51672E-01  0.82270E-01  0.18651E+00  0.20114E+00  0.16328E+00  0.11572E+00  0.76845E-01  0.49432E-01  0.31248E-01  0.19520E-01  0.12075E-01  0.73683E-02  0.42975E-02  0.21619E-02
 0.16000E+01  0.72235E-01 -0.58192E-01 -0.61945E-01  0.65861E-01  0.17070E+00  0.18945E+00  0.15579E+00  0.11121E+00  0.74180E-01  0.47855E-01  0.30307E-01  0.18955E-01  0.11733E-01  0.71616E-02  0.41776E-02  0.21019E-02
 0.18000E+01  0.73008E-01 -0.57091E-01 -0.66476E-01  0.54143E-01  0.15630E+00  0.17689E+00  0.14666E+00  0.10517E+00  0.70345E-01  0.45471E-01  0.28841E-01  0.18062E-01  0.11194E-01  0.68407E-02  0.39951E-02  0.20121E-02
 0.20000E+01  0.71490E-01 -0.55335E-01 -0.67952E-01  0.45268E-01  0.14316E+00  0.16429E+00  0.13695E+00  0.98480E-01  0.65995E-01  0.42723E-01  0.27138E-01  0.17022E-01  0.10567E-01  0.64706E-02  0.37868E-02  0.19106E-02
 0.22000E+01  0.68430E-01 -0.53214E-01 -0.67389E-01  0.38353E-01  0.13086E+00  0.15157E+00  0.12669E+00  0.91214E-01  0.61181E-01  0.39650E-01  0.25223E-01  0.15852E-01  0.98654E-02  0.60593E-02  0.35575E-02  0.17997E-02
 0.24000E+01  0.64723E-01 -0.50990E-01 -0.65824E-01  0.32703E-01  0.11949E+00  0.13932E+00  0.11660E+00  0.83970E-01  0.56343E-01  0.36549E-01  0.23287E-01  0.14668E-01  0.91573E-02  0.56457E-02  0.33282E-02  0.16894E-02
 0.26000E+01  0.60536E-01 -0.48733E-01 -0.63545E-01  0.27984E-01  0.10878E+00  0.12735E+00  0.10655E+00  0.76670E-01  0.51435E-01  0.33389E-01  0.21312E-01  0.13462E-01  0.84373E-02  0.52273E-02  0.30975E-02  0.15789E-02
 0.28000E+01  0.55949E-01 -0.46389E-01 -0.60643E-01  0.23982E-01  0.98512E-01  0.11552E+00  0.96466E-01  0.69282E-01  0.46443E-01  0.30170E-01  0.19298E-01  0.12235E-01  0.77066E-02  0.48045E-02  0.28658E-02  0.14687E-02
 0.30000E+01  0.52047E-01 -0.44304E-01 -0.58798E-01  0.19140E-01  0.88242E-01  0.10436E+00  0.87269E-01  0.62696E-01  0.42058E-01  0.27366E-01  0.17552E-01  0.11169E-01  0.70689E-02  0.44322E-02  0.26595E-02  0.13696E-02
