 0.00000E+00  0.81090E+00  0.32735E+00 -0.36462E-01 -0.19412E+00 -0.18582E+00 -0.10523E+00 -0.25626E-01  0.23860E-01  0.44379E-01  0.46934E-01  0.41181E-01  0.32807E-01  0.24479E-01  0.17225E-01  0.11361E-01  0.69320E-02
 0.20000E+00  0.27537E+00  0.42419E+00  0.42962E+00  0.31463E+00  0.15579E+00  0.22546E-01 -0.56177E-01 -0.86182E-01 -0.86438E-01 -0.73636E-01 -0.57620E-01 -0.42760E-01 -0.30422E-01 -0.20707E-01 -0.13340E-01 -0.80046E-02
 0.40000E+00 -0.24200E-01  0.18480E+00  0.29666E+00  0.29379E+00  0.21785E+00  0.12550E+00  0.52896E-01  0.93780E-02 -0.11046E-01 -0.17710E-01 -0.17677E-01 -0.14987E-01 -0.11596E-01 -0.83523E-02 -0.55964E-02 -0.34519E-02
 0.60000E+00 -0.40027E-01  0.80207E-01  0.16764E+00  0.20034E+00  0.18577E+00  0.14667E+00  0.10393E+00  0.68678E-01  0.43566E-01  0.27056E-01  0.16629E-01  0.10151E-01  0.61425E-02  0.36555E-02  0.21107E-02  0.11608E-02
 0.80000E+00 -0.34114E-01  0.44231E-01  0.11563E+00  0.15833E+00  0.16664E+00  0.14912E+00  0.11952E+00  0.88931E-01  0.63075E-01  0.43448E-01  0.29391E-01  0.19606E-01  0.12868E-01  0.82349E-02  0.50628E-02  0.29334E-02
 0.10000E+01 -0.28734E-01  0.25868E-01  0.87428E-01  0.13468E+00  0.15498E+00  0.14916E+00  0.12692E+00  0.99139E-01  0.73132E-01  0.52002E-01  0.36102E-01  0.24605E-01  0.16437E-01  0.10672E-01  0.66373E-02  0.38802E-02
 0.12000E+01 -0.22401E-01  0.10595E-01  0.62684E-01  0.11331E+00  0.14384E+00  0.14827E+00  0.13263E+00  0.10752E+00  0.81561E-01  0.59249E-01  0.41829E-01  0.28892E-01  0.19510E-01  0.12778E-01  0.80008E-02  0.47017E-02
 0.14000E+01 -0.15875E-01 -0.22542E-02  0.40953E-01  0.94017E-01  0.13323E+00  0.14658E+00  0.13684E+00  0.11424E+00  0.88494E-01  0.65288E-01  0.46640E-01  0.32515E-01  0.22119E-01  0.14571E-01  0.91649E-02  0.54044E-02
 0.16000E+01 -0.95858E-02 -0.13024E-01  0.22050E-01  0.76800E-01  0.12325E+00  0.14427E+00  0.13971E+00  0.11944E+00  0.94041E-01  0.70197E-01  0.50589E-01  0.35509E-01  0.24286E-01  0.16066E-01  0.10138E-01  0.59933E-02
 0.18000E+01 -0.37513E-02 -0.22020E-01  0.57156E-02  0.61535E-01  0.11395E+00  0.14147E+00  0.14144E+00  0.12330E+00  0.98353E-01  0.74092E-01  0.53760E-01  0.37934E-01  0.26050E-01  0.17289E-01  0.10937E-01  0.64780E-02
 0.20000E+01  0.15204E-02 -0.29488E-01 -0.82978E-02  0.48088E-01  0.10533E+00  0.13831E+00  0.14218E+00  0.12599E+00  0.10157E+00  0.77084E-01  0.56236E-01  0.39846E-01  0.27453E-01  0.18266E-01  0.11579E-01  0.68682E-02
 0.22000E+01  0.61698E-02 -0.35618E-01 -0.20189E-01  0.36346E-01  0.97405E-01  0.13488E+00  0.14207E+00  0.12765E+00  0.10382E+00  0.79268E-01  0.58086E-01  0.41297E-01  0.28529E-01  0.19022E-01  0.12077E-01  0.71726E-02
 0.24000E+01  0.10229E-01 -0.40638E-01 -0.30265E-01  0.26096E-01  0.90122E-01  0.13127E+00  0.14130E+00  0.12848E+00  0.10527E+00  0.80783E-01  0.59416E-01  0.42363E-01  0.29330E-01  0.19590E-01  0.12455E-01  0.74046E-02
 0.26000E+01  0.13758E-01 -0.44744E-01 -0.38815E-01  0.17119E-01  0.83410E-01  0.12756E+00  0.14000E+00  0.12862E+00  0.10606E+00  0.81744E-01  0.60314E-01  0.43108E-01  0.29903E-01  0.20003E-01  0.12732E-01  0.75761E-02
 0.28000E+01  0.16789E-01 -0.48062E-01 -0.46019E-01  0.92788E-02  0.77223E-01  0.12376E+00  0.13824E+00  0.12817E+00  0.10628E+00  0.82224E-01  0.60836E-01  0.43572E-01  0.30275E-01  0.20278E-01  0.12921E-01  0.76943E-02
 0.30000E+01  0.19930E-01 -0.51206E-01 -0.53307E-01  0.92572E-03  0.70151E-01  0.11891E+00  0.13545E+00  0.12684E+00  0.10581E+00  0.82198E-01  0.60998E-01  0.43789E-01  0.30481E-01  0.20445E-01  0.13041E-01  0.77728E-02
 0.00000E+00  0.81090E+00  0.32735E+00 -0.36462E-01 -0.19412E+00 -0.18582E+00 -0.10523E+00 -0.25626E-01  0.23860E-01  0.44379E-01  0.46934E-01  0.41181E-01  0.32807E-01  0.24479E-01  0.17225E-01  0.11361E-01  0.69320E-02
 0.20000E+00  0.27537E+00  0.42419E+00  0.42962E+00  0.31463E+00  0.15579E+00  0.22546E-01 -0.56177E-01 -0.86182E-01 -0.86438E-01 -0.73636E-01 -0.57620E-01 -0.42760E-01 -0.30422E-01 -0.20707E-01 -0.13340E-01 -0.80046E-02
 0.40000E+00 -0.24200E-01  0.18480E+00  0.29666E+00  0.29379E+00  0.21785E+00  0.12550E+00  0.52896E-01  0.93780E-02 -0.11046E-01 -0.17710E-01 -0.17677E-01 -0.14987E-01 -0.11596E-01 -0.83523E-02 -0.55964E-02 -0.34519E-02
 0.60000E+00 -0.40027E-01  0.80207E-01  0.16764E+00  0.20034E+00  0.18577E+00  0.14667E+00  0.10393E+00  0.68678E-01  0.43566E-01  0.27056E-01  0.16629E-01  0.10151E-01  0.61425E-02  0.36555E-02  0.21107E-02  0.11608E-02
 0.80000E+00 -0.34114E-01  0.44231E-01  0.11563E+00  0.15833E+00  0.16664E+00  0.14912E+00  0.11952E+00  0.88931E-01  0.63075E-01  0.43448E-01  0.29391E-01  0.19606E-01  0.12868E-01  0.82349E-02  0.50628E-02  0.29334E-02
 0.10000E+01 -0.28734E-01  0.25868E-01  0.87428E-01  0.13468E+00  0.15498E+00  0.14916E+00  0.12692E+00  0.99139E-01  0.73132E-01  0.52002E-01  0.36102E-01  0.24605E-01  0.16437E-01  0.10672E-01  0.66373E-02  0.38802E-02
 0.12000E+01 -0.22401E-01  0.10595E-01  0.62684E-01  0.11331E+00  0.14384E+00  0.14827E+00  0.13263E+00  0.10752E+00  0.81561E-01  0.59249E-01  0.41829E-01  0.28892E-01  0.19510E-01  0.12778E-01  0.80008E-02  0.47017E-02
 0.14000E+01 -0.15875E-01 -0.22542E-02  0.40953E-01  0.94017E-01  0.13323E+00  0.14658E+00  0.13684E+00  0.11424E+00  0.88494E-01  0.65288E-01  0.46640E-01  0.32515E-01  0.22119E-01  0.14571E-01  0.91649E-02  0.54044E-02
 0.16000E+01 -0.95858E-02 -0.13024E-01  0.22050E-01  0.76800E-01  0.12325E+00  0.14427E+00  0.13971E+00  0.11944E+00  0.94041E-01  0.70197E-01  0.50589E-01  0.35509E-01  0.24286E-01  0.16066E-01  0.10138E-01  0.59933E-02
 0.18000E+01 -0.37513E-02 -0.22020E-01  0.57156E-02  0.61535E-01  0.11395E+00  0.14147E+00  0.14144E+00  0.12330E+00  0.98353E-01  0.74092E-01  0.53760E-01  0.37934E-01  0.26050E-01  0.17289E-01  0.10937E-01  0.64780E-02
 0.20000E+01  0.15204E-02 -0.29488E-01 -0.82978E-02  0.48088E-01  0.10533E+00  0.13831E+00  0.14218E+00  0.12599E+00  0.10157E+00  0.77084E-01  0.56236E-01  0.39846E-01  0.27453E-01  0.18266E-01  0.11579E-01  0.68682E-02
 0.22000E+01  0.61698E-02 -0.35618E-01 -0.20189E-01  0.36346E-01  0.97405E-01  0.13488E+00  0.14207E+00  0.12765E+00  0.10382E+00  0.79268E-01  0.58086E-01  0.41297E-01  0.28529E-01  0.19022E-01  0.12077E-01  0.71726E-02
 0.24000E+01  0.10229E-01 -0.40638E-01 -0.30265E-01  0.26096E-01  0.90122E-01  0.13127E+00  0.14130E+00  0.12848E+00  0.10527E+00  0.80783E-01  0.59416E-01  0.42363E-01  0.29330E-01  0.19590E-01  0.12455E-01  0.74046E-02
 0.26000E+01  0.13758E-01 -0.44744E-01 -0.38815E-01  0.17119E-01  0.83410E-01  0.12756E+00  0.14000E+00  0.12862E+00  0.10606E+00  0.81744E-01  0.60314E-01  0.43108E-01  0.29903E-01  0.20003E-01  0.12732E-01  0.75761E-02
 0.28000E+01  0.16789E-01 -0.48062E-01 -0.46019E-01  0.92788E-02  0.77223E-01  0.12376E+00  0.13824E+00  0.12817E+00  0.10628E+00  0.82224E-01  0.60836E-01  0.43572E-01  0.30275E-01  0.20278E-01  0.12921E-01  0.76943E-02
 0.30000E+01  0.19930E-01 -0.51206E-01 -0.53307E-01  0.92572E-03  0.70151E-01  0.11891E+00  0.13545E+00  0.12684E+00  0.10581E+00  0.82198E-01  0.60998E-01  0.43789E-01  0.30481E-01  0.20445E-01  0.13041E-01  0.77728E-02
