 0.00000E+00  0.68953E+00  0.31597E+00 -0.68471E-01 -0.14844E+00 -0.64277E-01  0.81378E-02  0.32864E-01  0.31947E-01  0.24026E-01  0.16399E-01  0.10710E-01  0.68323E-02  0.42922E-02  0.26527E-02  0.15643E-02  0.79367E-03
 0.20000E+00  0.43989E+00  0.47613E+00  0.31754E+00  0.11866E+00 -0.10035E-02 -0.40747E-01 -0.41315E-01 -0.31030E-01 -0.20958E-01 -0.13566E-01 -0.86230E-02 -0.54336E-02 -0.34055E-02 -0.21146E-02 -0.12571E-02 -0.64243E-03
 0.40000E+00 -0.96622E-01  0.26177E+00  0.44253E+00  0.32521E+00  0.13150E+00  0.13598E-01 -0.27256E-01 -0.31414E-01 -0.24811E-01 -0.17328E-01 -0.11470E-01 -0.73816E-02 -0.46655E-02 -0.28961E-02 -0.17137E-02 -0.87196E-03
 0.60000E+00 -0.15605E+00  0.99611E-01  0.30300E+00  0.30500E+00  0.20349E+00  0.11043E+00  0.55227E-01  0.27518E-01  0.14166E-01  0.75860E-02  0.42049E-02  0.23975E-02  0.13988E-02  0.82644E-03  0.47417E-03  0.23579E-03
 0.80000E+00 -0.69826E-01  0.52742E-02  0.13485E+00  0.22115E+00  0.22513E+00  0.17940E+00  0.12494E+00  0.81162E-01  0.51051E-01  0.31666E-01  0.19514E-01  0.11977E-01  0.73214E-02  0.44343E-02  0.25741E-02  0.12904E-02
 0.10000E+01  0.68397E-02 -0.37469E-01  0.26880E-01  0.15103E+00  0.21832E+00  0.20690E+00  0.15861E+00  0.10892E+00  0.70795E-01  0.44780E-01  0.27913E-01  0.17232E-01  0.10550E-01  0.63785E-02  0.36900E-02  0.18443E-02
 0.12000E+01  0.47350E-01 -0.53745E-01 -0.27346E-01  0.10702E+00  0.20206E+00  0.20919E+00  0.16728E+00  0.11755E+00  0.77425E-01  0.49350E-01  0.30887E-01  0.19097E-01  0.11686E-01  0.70503E-02  0.40667E-02  0.20275E-02
 0.14000E+01  0.65071E-01 -0.58920E-01 -0.52603E-01  0.80218E-01  0.18452E+00  0.20070E+00  0.16407E+00  0.11667E+00  0.77372E-01  0.49514E-01  0.31058E-01  0.19220E-01  0.11760E-01  0.70877E-02  0.40826E-02  0.20331E-02
 0.16000E+01  0.71485E-01 -0.59612E-01 -0.63970E-01  0.62914E-01  0.16805E+00  0.18838E+00  0.15598E+00  0.11167E+00  0.74356E-01  0.47704E-01  0.29971E-01  0.18566E-01  0.11366E-01  0.68523E-02  0.39475E-02  0.19661E-02
 0.18000E+01  0.72272E-01 -0.58381E-01 -0.68408E-01  0.50959E-01  0.15295E+00  0.17485E+00  0.14591E+00  0.10488E+00  0.70007E-01  0.44994E-01  0.28310E-01  0.17561E-01  0.10766E-01  0.64997E-02  0.37500E-02  0.18701E-02
 0.20000E+01  0.70050E-01 -0.56280E-01 -0.69117E-01  0.42213E-01  0.13907E+00  0.16106E+00  0.13502E+00  0.97274E-01  0.65027E-01  0.41850E-01  0.26372E-01  0.16388E-01  0.10069E-01  0.60951E-02  0.35265E-02  0.17629E-02
 0.22000E+01  0.66153E-01 -0.53763E-01 -0.67672E-01  0.35552E-01  0.12622E+00  0.14742E+00  0.12387E+00  0.89321E-01  0.59757E-01  0.38503E-01  0.24304E-01  0.15139E-01  0.93296E-02  0.56692E-02  0.32936E-02  0.16522E-02
 0.24000E+01  0.61272E-01 -0.51051E-01 -0.64899E-01  0.30343E-01  0.11427E+00  0.13410E+00  0.11271E+00  0.81258E-01  0.54373E-01  0.35069E-01  0.22180E-01  0.13857E-01  0.85744E-02  0.52369E-02  0.30593E-02  0.15417E-02
 0.26000E+01  0.55776E-01 -0.48256E-01 -0.61282E-01  0.26156E-01  0.10304E+00  0.12112E+00  0.10166E+00  0.73193E-01  0.48959E-01  0.31608E-01  0.20038E-01  0.12566E-01  0.78166E-02  0.48058E-02  0.28273E-02  0.14330E-02
 0.28000E+01  0.49885E-01 -0.45443E-01 -0.57121E-01  0.22698E-01  0.92378E-01  0.10846E+00  0.90758E-01  0.65180E-01  0.43561E-01  0.28152E-01  0.17899E-01  0.11279E-01  0.70636E-02  0.43794E-02  0.25993E-02  0.13269E-02
 0.30000E+01  0.45033E-01 -0.42966E-01 -0.54225E-01  0.18417E-01  0.81919E-01  0.96699E-01  0.80911E-01  0.58075E-01  0.38826E-01  0.25136E-01  0.16034E-01  0.10153E-01  0.63983E-02  0.39971E-02  0.23911E-02  0.12284E-02
