 0.00000E+00  0.70874E+00  0.32284E+00 -0.59944E-01 -0.14204E+00 -0.70553E-01 -0.62427E-02  0.19415E-01  0.22867E-01  0.18640E-01  0.13241E-01  0.87518E-02  0.55218E-02  0.33581E-02  0.19662E-02  0.10813E-02  0.51289E-03
 0.20000E+00  0.40074E+00  0.46518E+00  0.33100E+00  0.13771E+00  0.13183E-01 -0.33911E-01 -0.40277E-01 -0.32906E-01 -0.23532E-01 -0.15782E-01 -0.10204E-01 -0.64411E-02 -0.39898E-02 -0.24193E-02 -0.13944E-02 -0.69248E-03
 0.40000E+00 -0.71973E-01  0.24999E+00  0.40173E+00  0.29871E+00  0.13776E+00  0.37449E-01 -0.35242E-02 -0.14356E-01 -0.13989E-01 -0.10686E-01 -0.73534E-02 -0.47640E-02 -0.29545E-02 -0.17579E-02 -0.98057E-03 -0.47087E-03
 0.60000E+00 -0.11667E+00  0.10832E+00  0.27671E+00  0.27501E+00  0.19177E+00  0.11454E+00  0.64980E-01  0.36679E-01  0.20919E-01  0.12085E-01  0.70625E-02  0.41675E-02  0.24767E-02  0.14712E-02  0.84296E-03  0.41877E-03
 0.80000E+00 -0.70983E-01  0.24709E-01  0.15327E+00  0.21928E+00  0.20887E+00  0.16253E+00  0.11365E+00  0.74996E-01  0.47881E-01  0.29942E-01  0.18449E-01  0.11231E-01  0.67550E-02  0.39923E-02  0.22489E-02  0.10963E-02
 0.10000E+01 -0.24232E-01 -0.20461E-01  0.68627E-01  0.17063E+00  0.20712E+00  0.18388E+00  0.13873E+00  0.95828E-01  0.62960E-01  0.40108E-01  0.25013E-01  0.15342E-01  0.92643E-02  0.54811E-02  0.30843E-02  0.15010E-02
 0.12000E+01  0.69179E-02 -0.44229E-01  0.16647E-01  0.13500E+00  0.19770E+00  0.18931E+00  0.14836E+00  0.10470E+00  0.69710E-01  0.44797E-01  0.28106E-01  0.17311E-01  0.10484E-01  0.62151E-02  0.35019E-02  0.17056E-02
 0.14000E+01  0.24304E-01 -0.56204E-01 -0.13779E-01  0.10938E+00  0.18477E+00  0.18534E+00  0.14847E+00  0.10613E+00  0.71283E-01  0.46131E-01  0.29129E-01  0.18057E-01  0.11013E-01  0.65804E-02  0.37395E-02  0.18352E-02
 0.16000E+01  0.32636E-01 -0.61658E-01 -0.31068E-01  0.90570E-01  0.17060E+00  0.17640E+00  0.14333E+00  0.10338E+00  0.69947E-01  0.45597E-01  0.29020E-01  0.18154E-01  0.11193E-01  0.67757E-02  0.39059E-02  0.19411E-02
 0.18000E+01  0.34957E-01 -0.63271E-01 -0.40039E-01  0.76345E-01  0.15598E+00  0.16457E+00  0.13502E+00  0.98089E-01  0.66844E-01  0.43935E-01  0.28241E-01  0.17880E-01  0.11185E-01  0.68902E-02  0.40470E-02  0.20438E-02
 0.20000E+01  0.33449E-01 -0.62598E-01 -0.43726E-01  0.65325E-01  0.14152E+00  0.15130E+00  0.12501E+00  0.91383E-01  0.62745E-01  0.41638E-01  0.27086E-01  0.17400E-01  0.11078E-01  0.69651E-02  0.41790E-02  0.21481E-02
 0.22000E+01  0.29367E-01 -0.60560E-01 -0.43927E-01  0.56660E-01  0.12751E+00  0.13742E+00  0.11411E+00  0.83916E-01  0.58103E-01  0.38995E-01  0.25730E-01  0.16815E-01  0.10923E-01  0.70257E-02  0.43122E-02  0.22570E-02
 0.24000E+01  0.23729E-01 -0.57559E-01 -0.41777E-01  0.49651E-01  0.11392E+00  0.12324E+00  0.10272E+00  0.76011E-01  0.53149E-01  0.36159E-01  0.24270E-01  0.16183E-01  0.10755E-01  0.70905E-02  0.44558E-02  0.23747E-02
 0.26000E+01  0.16885E-01 -0.53919E-01 -0.37937E-01  0.43859E-01  0.10067E+00  0.10886E+00  0.90978E-01  0.67798E-01  0.47982E-01  0.33199E-01  0.22750E-01  0.15531E-01  0.10590E-01  0.71693E-02  0.46153E-02  0.25037E-02
 0.28000E+01  0.91011E-02 -0.49732E-01 -0.32750E-01  0.38965E-01  0.87557E-01  0.94204E-01  0.78865E-01  0.59275E-01  0.42610E-01  0.30124E-01  0.21178E-01  0.14867E-01  0.10434E-01  0.72662E-02  0.47935E-02  0.26456E-02
 0.30000E+01  0.19198E-02 -0.46030E-01 -0.28479E-01  0.33694E-01  0.74729E-01  0.80112E-01  0.67281E-01  0.51118E-01  0.37430E-01  0.27110E-01  0.19585E-01  0.14140E-01  0.10199E-01  0.72849E-02  0.49071E-02  0.27469E-02
