 0.00000E+00  0.84774E+00  0.34569E+00 -0.32177E-01 -0.19557E+00 -0.18643E+00 -0.10304E+00 -0.22462E-01  0.25198E-01  0.42279E-01  0.41530E-01  0.33724E-01  0.24804E-01  0.17129E-01  0.11237E-01  0.69803E-02  0.40564E-02
 0.20000E+00  0.21434E+00  0.38400E+00  0.40988E+00  0.30832E+00  0.15514E+00  0.23283E-01 -0.54445E-01 -0.82230E-01 -0.79575E-01 -0.64403E-01 -0.47338E-01 -0.32810E-01 -0.21809E-01 -0.13945E-01 -0.85121E-02 -0.48869E-02
 0.40000E+00 -0.86179E-02  0.19074E+00  0.29562E+00  0.28921E+00  0.21216E+00  0.12005E+00  0.48684E-01  0.71994E-02 -0.10886E-01 -0.15535E-01 -0.14237E-01 -0.11113E-01 -0.79505E-02 -0.53381E-02 -0.33698E-02 -0.19806E-02
 0.60000E+00 -0.32787E-01  0.10446E+00  0.19788E+00  0.22512E+00  0.19888E+00  0.14820E+00  0.97674E-01  0.59024E-01  0.33710E-01  0.18645E-01  0.10163E-01  0.55146E-02  0.29869E-02  0.16084E-02  0.85168E-03  0.43587E-03
 0.80000E+00 -0.30973E-01  0.54439E-01  0.13000E+00  0.17291E+00  0.17823E+00  0.15620E+00  0.12211E+00  0.88032E-01  0.60022E-01  0.39454E-01  0.25338E-01  0.16017E-01  0.99774E-02  0.60886E-02  0.35931E-02  0.20132E-02
 0.10000E+01 -0.24149E-01  0.22465E-01  0.81707E-01  0.13199E+00  0.15725E+00  0.15487E+00  0.13318E+00  0.10372E+00  0.75215E-01  0.51903E-01  0.34626E-01  0.22551E-01  0.14379E-01  0.89350E-02  0.53468E-02  0.30274E-02
 0.12000E+01 -0.17463E-01  0.22389E-02  0.48451E-01  0.10134E+00  0.13839E+00  0.14876E+00  0.13591E+00  0.11053E+00  0.82734E-01  0.58446E-01  0.39685E-01  0.26194E-01  0.16875E-01  0.10569E-01  0.63628E-02  0.36189E-02
 0.14000E+01 -0.12189E-01 -0.10460E-01  0.25868E-01  0.78771E-01  0.12228E+00  0.14060E+00  0.13389E+00  0.11193E+00  0.85416E-01  0.61189E-01  0.41980E-01  0.27928E-01  0.18100E-01  0.11390E-01  0.68809E-02  0.39238E-02
 0.16000E+01 -0.83284E-02 -0.18467E-01  0.10424E-01  0.62002E-01  0.10870E+00  0.13185E+00  0.12939E+00  0.11027E+00  0.85250E-01  0.61645E-01  0.42588E-01  0.28483E-01  0.18535E-01  0.11700E-01  0.70854E-02  0.40477E-02
 0.18000E+01 -0.55987E-02 -0.23527E-01 -0.26786E-03  0.49333E-01  0.97235E-01  0.12320E+00  0.12371E+00  0.10692E+00  0.83455E-01  0.60759E-01  0.42189E-01  0.28325E-01  0.18488E-01  0.11697E-01  0.70963E-02  0.40594E-02
 0.20000E+01 -0.37205E-02 -0.26690E-01 -0.77388E-02  0.39605E-01  0.87489E-01  0.11496E+00  0.11755E+00  0.10271E+00  0.80756E-01  0.59100E-01  0.41197E-01  0.27741E-01  0.18149E-01  0.11504E-01  0.69887E-02  0.40020E-02
 0.22000E+01 -0.24720E-02 -0.28605E-01 -0.12976E-01  0.32037E-01  0.79165E-01  0.10729E+00  0.11133E+00  0.98128E-01  0.77595E-01  0.57021E-01  0.39870E-01  0.26912E-01  0.17640E-01  0.11197E-01  0.68100E-02  0.39030E-02
 0.24000E+01 -0.16765E-02 -0.29699E-01 -0.16660E-01  0.26062E-01  0.72008E-01  0.10024E+00  0.10529E+00  0.93459E-01  0.74250E-01  0.54745E-01  0.38374E-01  0.25953E-01  0.17037E-01  0.10828E-01  0.65916E-02  0.37806E-02
 0.26000E+01 -0.12059E-02 -0.30247E-01 -0.19253E-01  0.21274E-01  0.65798E-01  0.93768E-01  0.99518E-01  0.88862E-01  0.70872E-01  0.52400E-01  0.36808E-01  0.24935E-01  0.16390E-01  0.10427E-01  0.63527E-02  0.36457E-02
 0.28000E+01 -0.97813E-03 -0.30421E-01 -0.21055E-01  0.17388E-01  0.60356E-01  0.87827E-01  0.94046E-01  0.84399E-01  0.67534E-01  0.50049E-01  0.35219E-01  0.23892E-01  0.15722E-01  0.10011E-01  0.61031E-02  0.35043E-02
 0.30000E+01 -0.89469E-03 -0.30226E-01 -0.22463E-01  0.13511E-01  0.54419E-01  0.81030E-01  0.87595E-01  0.79027E-01  0.63454E-01  0.47142E-01  0.33235E-01  0.22579E-01  0.14875E-01  0.94807E-02  0.57843E-02  0.33232E-02
 0.00000E+00  0.84774E+00  0.34569E+00 -0.32177E-01 -0.19557E+00 -0.18643E+00 -0.10304E+00 -0.22462E-01  0.25198E-01  0.42279E-01  0.41530E-01  0.33724E-01  0.24804E-01  0.17129E-01  0.11237E-01  0.69803E-02  0.40564E-02
 0.20000E+00  0.21434E+00  0.38400E+00  0.40988E+00  0.30832E+00  0.15514E+00  0.23283E-01 -0.54445E-01 -0.82230E-01 -0.79575E-01 -0.64403E-01 -0.47338E-01 -0.32810E-01 -0.21809E-01 -0.13945E-01 -0.85121E-02 -0.48869E-02
 0.40000E+00 -0.86179E-02  0.19074E+00  0.29562E+00  0.28921E+00  0.21216E+00  0.12005E+00  0.48684E-01  0.71994E-02 -0.10886E-01 -0.15535E-01 -0.14237E-01 -0.11113E-01 -0.79505E-02 -0.53381E-02 -0.33698E-02 -0.19806E-02
 0.60000E+00 -0.32787E-01  0.10446E+00  0.19788E+00  0.22512E+00  0.19888E+00  0.14820E+00  0.97674E-01  0.59024E-01  0.33710E-01  0.18645E-01  0.10163E-01  0.55146E-02  0.29869E-02  0.16084E-02  0.85168E-03  0.43587E-03
 0.80000E+00 -0.30973E-01  0.54439E-01  0.13000E+00  0.17291E+00  0.17823E+00  0.15620E+00  0.12211E+00  0.88032E-01  0.60022E-01  0.39454E-01  0.25338E-01  0.16017E-01  0.99774E-02  0.60886E-02  0.35931E-02  0.20132E-02
 0.10000E+01 -0.24149E-01  0.22465E-01  0.81707E-01  0.13199E+00  0.15725E+00  0.15487E+00  0.13318E+00  0.10372E+00  0.75215E-01  0.51903E-01  0.34626E-01  0.22551E-01  0.14379E-01  0.89350E-02  0.53468E-02  0.30274E-02
 0.12000E+01 -0.17463E-01  0.22389E-02  0.48451E-01  0.10134E+00  0.13839E+00  0.14876E+00  0.13591E+00  0.11053E+00  0.82734E-01  0.58446E-01  0.39685E-01  0.26194E-01  0.16875E-01  0.10569E-01  0.63628E-02  0.36189E-02
 0.14000E+01 -0.12189E-01 -0.10460E-01  0.25868E-01  0.78771E-01  0.12228E+00  0.14060E+00  0.13389E+00  0.11193E+00  0.85416E-01  0.61189E-01  0.41980E-01  0.27928E-01  0.18100E-01  0.11390E-01  0.68809E-02  0.39238E-02
 0.16000E+01 -0.83284E-02 -0.18467E-01  0.10424E-01  0.62002E-01  0.10870E+00  0.13185E+00  0.12939E+00  0.11027E+00  0.85250E-01  0.61645E-01  0.42588E-01  0.28483E-01  0.18535E-01  0.11700E-01  0.70854E-02  0.40477E-02
 0.18000E+01 -0.55987E-02 -0.23527E-01 -0.26786E-03  0.49333E-01  0.97235E-01  0.12320E+00  0.12371E+00  0.10692E+00  0.83455E-01  0.60759E-01  0.42189E-01  0.28325E-01  0.18488E-01  0.11697E-01  0.70963E-02  0.40594E-02
 0.20000E+01 -0.37205E-02 -0.26690E-01 -0.77388E-02  0.39605E-01  0.87489E-01  0.11496E+00  0.11755E+00  0.10271E+00  0.80756E-01  0.59100E-01  0.41197E-01  0.27741E-01  0.18149E-01  0.11504E-01  0.69887E-02  0.40020E-02
 0.22000E+01 -0.24720E-02 -0.28605E-01 -0.12976E-01  0.32037E-01  0.79165E-01  0.10729E+00  0.11133E+00  0.98128E-01  0.77595E-01  0.57021E-01  0.39870E-01  0.26912E-01  0.17640E-01  0.11197E-01  0.68100E-02  0.39030E-02
 0.24000E+01 -0.16765E-02 -0.29699E-01 -0.16660E-01  0.26062E-01  0.72008E-01  0.10024E+00  0.10529E+00  0.93459E-01  0.74250E-01  0.54745E-01  0.38374E-01  0.25953E-01  0.17037E-01  0.10828E-01  0.65916E-02  0.37806E-02
 0.26000E+01 -0.12059E-02 -0.30247E-01 -0.19253E-01  0.21274E-01  0.65798E-01  0.93768E-01  0.99518E-01  0.88862E-01  0.70872E-01  0.52400E-01  0.36808E-01  0.24935E-01  0.16390E-01  0.10427E-01  0.63527E-02  0.36457E-02
 0.28000E+01 -0.97813E-03 -0.30421E-01 -0.21055E-01  0.17388E-01  0.60356E-01  0.87827E-01  0.94046E-01  0.84399E-01  0.67534E-01  0.50049E-01  0.35219E-01  0.23892E-01  0.15722E-01  0.10011E-01  0.61031E-02  0.35043E-02
 0.30000E+01 -0.89469E-03 -0.30226E-01 -0.22463E-01  0.13511E-01  0.54419E-01  0.81030E-01  0.87595E-01  0.79027E-01  0.63454E-01  0.47142E-01  0.33235E-01  0.22579E-01  0.14875E-01  0.94807E-02  0.57843E-02  0.33232E-02
