 0.00000E+00  0.74374E+00  0.32614E+00 -0.43819E-02 -0.15707E+00 -0.15562E+00 -0.82429E-01 -0.89570E-02  0.34025E-01  0.47472E-01  0.43846E-01  0.34110E-01  0.24203E-01  0.16228E-01  0.10409E-01  0.63650E-02  0.36611E-02
 0.20000E+00  0.36529E+00  0.39424E+00  0.33471E+00  0.21612E+00  0.90120E-01 -0.30743E-02 -0.51054E-01 -0.63179E-01 -0.55875E-01 -0.42256E-01 -0.29282E-01 -0.19281E-01 -0.12285E-01 -0.76025E-02 -0.45317E-02 -0.25592E-02
 0.40000E+00 -0.47184E-02  0.22442E+00  0.34144E+00  0.32305E+00  0.21847E+00  0.98904E-01  0.11297E-01 -0.33292E-01 -0.45757E-01 -0.41638E-01 -0.32099E-01 -0.22670E-01 -0.15172E-01 -0.97288E-02 -0.59517E-02 -0.34256E-02
 0.60000E+00 -0.87283E-01  0.10786E+00  0.24080E+00  0.27630E+00  0.23324E+00  0.15695E+00  0.85832E-01  0.36974E-01  0.10285E-01 -0.13374E-02 -0.49344E-02 -0.50745E-02 -0.40765E-02 -0.29095E-02 -0.19062E-02 -0.11486E-02
 0.80000E+00 -0.67146E-01  0.35312E-01  0.13091E+00  0.18928E+00  0.20116E+00  0.17737E+00  0.13698E+00  0.96008E-01  0.62829E-01  0.39330E-01  0.24014E-01  0.14490E-01  0.86818E-02  0.51411E-02  0.29683E-02  0.16379E-02
 0.10000E+01 -0.32058E-01 -0.89408E-03  0.56832E-01  0.11910E+00  0.16158E+00  0.17256E+00  0.15620E+00  0.12521E+00  0.91831E-01  0.63288E-01  0.41868E-01  0.26983E-01  0.17050E-01  0.10533E-01  0.62848E-02  0.35563E-02
 0.12000E+01 -0.84336E-02 -0.16657E-01  0.16388E-01  0.75279E-01  0.13020E+00  0.15869E+00  0.15652E+00  0.13337E+00  0.10241E+00  0.73135E-01  0.49757E-01  0.32783E-01  0.21078E-01  0.13197E-01  0.79560E-02  0.45368E-02
 0.14000E+01  0.46772E-02 -0.23153E-01 -0.45621E-02  0.49440E-01  0.10798E+00  0.14425E+00  0.14979E+00  0.13205E+00  0.10394E+00  0.75651E-01  0.52245E-01  0.34834E-01  0.22607E-01  0.14258E-01  0.86440E-02  0.49499E-02
 0.16000E+01  0.11727E-01 -0.25729E-01 -0.15684E-01  0.33754E-01  0.92318E-01  0.13175E+00  0.14150E+00  0.12745E+00  0.10188E+00  0.75045E-01  0.52319E-01  0.35149E-01  0.22950E-01  0.14543E-01  0.88484E-02  0.50807E-02
 0.18000E+01  0.15580E-01 -0.26627E-01 -0.21884E-01  0.23673E-01  0.80907E-01  0.12139E+00  0.13351E+00  0.12206E+00  0.98620E-01  0.73244E-01  0.51403E-01  0.34718E-01  0.22766E-01  0.14474E-01  0.88294E-02  0.50796E-02
 0.20000E+01  0.17728E-01 -0.26771E-01 -0.25501E-01  0.16800E-01  0.72245E-01  0.11277E+00  0.12628E+00  0.11673E+00  0.95071E-01  0.71046E-01  0.50109E-01  0.33980E-01  0.22354E-01  0.14248E-01  0.87085E-02  0.50174E-02
 0.22000E+01  0.18919E-01 -0.26560E-01 -0.27675E-01  0.11869E-01  0.65413E-01  0.10550E+00  0.11983E+00  0.11174E+00  0.91570E-01  0.68764E-01  0.48690E-01  0.33124E-01  0.21846E-01  0.13953E-01  0.85410E-02  0.49267E-02
 0.24000E+01  0.19551E-01 -0.26176E-01 -0.28999E-01  0.81729E-02  0.59837E-01  0.99245E-01  0.11406E+00  0.10711E+00  0.88232E-01  0.66522E-01  0.47255E-01  0.32233E-01  0.21303E-01  0.13629E-01  0.83534E-02  0.48231E-02
 0.26000E+01  0.19838E-01 -0.25706E-01 -0.29794E-01  0.52970E-02  0.55147E-01  0.93752E-01  0.10884E+00  0.10283E+00  0.85071E-01  0.64358E-01  0.45844E-01  0.31341E-01  0.20751E-01  0.13295E-01  0.81574E-02  0.47138E-02
 0.28000E+01  0.19898E-01 -0.25190E-01 -0.30238E-01  0.29925E-02  0.51098E-01  0.88833E-01  0.10405E+00  0.98826E-01  0.82070E-01  0.62272E-01  0.44467E-01  0.30459E-01  0.20199E-01  0.12957E-01  0.79582E-02  0.46020E-02
 0.30000E+01  0.19752E-01 -0.24469E-01 -0.30402E-01  0.71695E-03  0.46696E-01  0.83255E-01  0.98472E-01  0.94077E-01  0.78454E-01  0.59726E-01  0.42763E-01  0.29356E-01  0.19502E-01  0.12528E-01  0.77027E-02  0.44579E-02
 0.00000E+00  0.74374E+00  0.32614E+00 -0.43819E-02 -0.15707E+00 -0.15562E+00 -0.82429E-01 -0.89570E-02  0.34025E-01  0.47472E-01  0.43846E-01  0.34110E-01  0.24203E-01  0.16228E-01  0.10409E-01  0.63650E-02  0.36611E-02
 0.20000E+00  0.36529E+00  0.39424E+00  0.33471E+00  0.21612E+00  0.90120E-01 -0.30743E-02 -0.51054E-01 -0.63179E-01 -0.55875E-01 -0.42256E-01 -0.29282E-01 -0.19281E-01 -0.12285E-01 -0.76025E-02 -0.45317E-02 -0.25592E-02
 0.40000E+00 -0.47184E-02  0.22442E+00  0.34144E+00  0.32305E+00  0.21847E+00  0.98904E-01  0.11297E-01 -0.33292E-01 -0.45757E-01 -0.41638E-01 -0.32099E-01 -0.22670E-01 -0.15172E-01 -0.97288E-02 -0.59517E-02 -0.34256E-02
 0.60000E+00 -0.87283E-01  0.10786E+00  0.24080E+00  0.27630E+00  0.23324E+00  0.15695E+00  0.85832E-01  0.36974E-01  0.10285E-01 -0.13374E-02 -0.49344E-02 -0.50745E-02 -0.40765E-02 -0.29095E-02 -0.19062E-02 -0.11486E-02
 0.80000E+00 -0.67146E-01  0.35312E-01  0.13091E+00  0.18928E+00  0.20116E+00  0.17737E+00  0.13698E+00  0.96008E-01  0.62829E-01  0.39330E-01  0.24014E-01  0.14490E-01  0.86818E-02  0.51411E-02  0.29683E-02  0.16379E-02
 0.10000E+01 -0.32058E-01 -0.89408E-03  0.56832E-01  0.11910E+00  0.16158E+00  0.17256E+00  0.15620E+00  0.12521E+00  0.91831E-01  0.63288E-01  0.41868E-01  0.26983E-01  0.17050E-01  0.10533E-01  0.62848E-02  0.35563E-02
 0.12000E+01 -0.84336E-02 -0.16657E-01  0.16388E-01  0.75279E-01  0.13020E+00  0.15869E+00  0.15652E+00  0.13337E+00  0.10241E+00  0.73135E-01  0.49757E-01  0.32783E-01  0.21078E-01  0.13197E-01  0.79560E-02  0.45368E-02
 0.14000E+01  0.46772E-02 -0.23153E-01 -0.45621E-02  0.49440E-01  0.10798E+00  0.14425E+00  0.14979E+00  0.13205E+00  0.10394E+00  0.75651E-01  0.52245E-01  0.34834E-01  0.22607E-01  0.14258E-01  0.86440E-02  0.49499E-02
 0.16000E+01  0.11727E-01 -0.25729E-01 -0.15684E-01  0.33754E-01  0.92318E-01  0.13175E+00  0.14150E+00  0.12745E+00  0.10188E+00  0.75045E-01  0.52319E-01  0.35149E-01  0.22950E-01  0.14543E-01  0.88484E-02  0.50807E-02
 0.18000E+01  0.15580E-01 -0.26627E-01 -0.21884E-01  0.23673E-01  0.80907E-01  0.12139E+00  0.13351E+00  0.12206E+00  0.98620E-01  0.73244E-01  0.51403E-01  0.34718E-01  0.22766E-01  0.14474E-01  0.88294E-02  0.50796E-02
 0.20000E+01  0.17728E-01 -0.26771E-01 -0.25501E-01  0.16800E-01  0.72245E-01  0.11277E+00  0.12628E+00  0.11673E+00  0.95071E-01  0.71046E-01  0.50109E-01  0.33980E-01  0.22354E-01  0.14248E-01  0.87085E-02  0.50174E-02
 0.22000E+01  0.18919E-01 -0.26560E-01 -0.27675E-01  0.11869E-01  0.65413E-01  0.10550E+00  0.11983E+00  0.11174E+00  0.91570E-01  0.68764E-01  0.48690E-01  0.33124E-01  0.21846E-01  0.13953E-01  0.85410E-02  0.49267E-02
 0.24000E+01  0.19551E-01 -0.26176E-01 -0.28999E-01  0.81729E-02  0.59837E-01  0.99245E-01  0.11406E+00  0.10711E+00  0.88232E-01  0.66522E-01  0.47255E-01  0.32233E-01  0.21303E-01  0.13629E-01  0.83534E-02  0.48231E-02
 0.26000E+01  0.19838E-01 -0.25706E-01 -0.29794E-01  0.52970E-02  0.55147E-01  0.93752E-01  0.10884E+00  0.10283E+00  0.85071E-01  0.64358E-01  0.45844E-01  0.31341E-01  0.20751E-01  0.13295E-01  0.81574E-02  0.47138E-02
 0.28000E+01  0.19898E-01 -0.25190E-01 -0.30238E-01  0.29925E-02  0.51098E-01  0.88833E-01  0.10405E+00  0.98826E-01  0.82070E-01  0.62272E-01  0.44467E-01  0.30459E-01  0.20199E-01  0.12957E-01  0.79582E-02  0.46020E-02
 0.30000E+01  0.19752E-01 -0.24469E-01 -0.30402E-01  0.71695E-03  0.46696E-01  0.83255E-01  0.98472E-01  0.94077E-01  0.78454E-01  0.59726E-01  0.42763E-01  0.29356E-01  0.19502E-01  0.12528E-01  0.77027E-02  0.44579E-02
