 0.00000E+00  0.84059E+00  0.28396E+00 -0.94363E-01 -0.21509E+00 -0.15463E+00 -0.39858E-01  0.45119E-01  0.79486E-01  0.78237E-01  0.62050E-01  0.44040E-01  0.29385E-01  0.18871E-01  0.11733E-01  0.70124E-02  0.39654E-02
 0.20000E+00  0.26660E+00  0.44569E+00  0.43896E+00  0.28584E+00  0.93552E-01 -0.48796E-01 -0.11303E+00 -0.11780E+00 -0.94632E-01 -0.66304E-01 -0.42968E-01 -0.26639E-01 -0.16079E-01 -0.94832E-02 -0.54228E-02 -0.29579E-02
 0.40000E+00 -0.57392E-01  0.23513E+00  0.37646E+00  0.34806E+00  0.22152E+00  0.86451E-01 -0.53421E-02 -0.46976E-01 -0.54713E-01 -0.46873E-01 -0.35091E-01 -0.24450E-01 -0.16288E-01 -0.10443E-01 -0.64001E-02 -0.36916E-02
 0.60000E+00 -0.62278E-01  0.93886E-01  0.20879E+00  0.24915E+00  0.22312E+00  0.16324E+00  0.10114E+00  0.53829E-01  0.24328E-01  0.86110E-02  0.13800E-02 -0.13761E-02 -0.20432E-02 -0.18521E-02 -0.13860E-02 -0.90808E-03
 0.80000E+00 -0.29624E-01  0.24324E-01  0.98397E-01  0.16188E+00  0.19105E+00  0.18246E+00  0.14930E+00  0.10883E+00  0.72969E-01  0.46259E-01  0.28350E-01  0.17053E-01  0.10134E-01  0.59327E-02  0.33818E-02  0.18428E-02
 0.10000E+01 -0.80083E-02 -0.57503E-02  0.40958E-01  0.10751E+00  0.15942E+00  0.17697E+00  0.16242E+00  0.13036E+00  0.95250E-01  0.65368E-01  0.43138E-01  0.27789E-01  0.17576E-01  0.10872E-01  0.64950E-02  0.36783E-02
 0.12000E+01  0.36146E-02 -0.18823E-01  0.11338E-01  0.74900E-01  0.13503E+00  0.16530E+00  0.16191E+00  0.13666E+00  0.10418E+00  0.74203E-01  0.50595E-01  0.33535E-01  0.21732E-01  0.13717E-01  0.83290E-02  0.47776E-02
 0.14000E+01  0.98934E-02 -0.24822E-01 -0.50326E-02  0.54247E-01  0.11675E+00  0.15340E+00  0.15691E+00  0.13681E+00  0.10712E+00  0.78060E-01  0.54284E-01  0.36588E-01  0.24044E-01  0.15350E-01  0.94050E-02  0.54323E-02
 0.16000E+01  0.13418E-01 -0.27664E-01 -0.14782E-01  0.40251E-01  0.10269E+00  0.14263E+00  0.15064E+00  0.13445E+00  0.10729E+00  0.79454E-01  0.56014E-01  0.38190E-01  0.25335E-01  0.16297E-01  0.10045E-01  0.58284E-02
 0.18000E+01  0.15434E-01 -0.28964E-01 -0.20931E-01  0.30217E-01  0.91535E-01  0.13310E+00  0.14419E+00  0.13105E+00  0.10611E+00  0.79547E-01  0.56658E-01  0.38961E-01  0.26027E-01  0.16836E-01  0.10422E-01  0.60672E-02
 0.20000E+01  0.16571E-01 -0.29448E-01 -0.24949E-01  0.22728E-01  0.82450E-01  0.12472E+00  0.13795E+00  0.12725E+00  0.10425E+00  0.78914E-01  0.56666E-01  0.39229E-01  0.26349E-01  0.17118E-01  0.10632E-01  0.62055E-02
 0.22000E+01  0.17170E-01 -0.29475E-01 -0.27624E-01  0.16975E-01  0.74912E-01  0.11732E+00  0.13209E+00  0.12335E+00  0.10205E+00  0.77869E-01  0.56289E-01  0.39181E-01  0.26433E-01  0.17233E-01  0.10733E-01  0.62768E-02
 0.24000E+01  0.17431E-01 -0.29245E-01 -0.29423E-01  0.12445E-01  0.68553E-01  0.11077E+00  0.12664E+00  0.11952E+00  0.99698E-01  0.76593E-01  0.55677E-01  0.38932E-01  0.26363E-01  0.17237E-01  0.10759E-01  0.63030E-02
 0.26000E+01  0.17474E-01 -0.28868E-01 -0.30634E-01  0.87982E-02  0.63100E-01  0.10491E+00  0.12159E+00  0.11582E+00  0.97305E-01  0.75193E-01  0.54923E-01  0.38555E-01  0.26189E-01  0.17166E-01  0.10735E-01  0.62982E-02
 0.28000E+01  0.17373E-01 -0.28406E-01 -0.31438E-01  0.58046E-02  0.58353E-01  0.99628E-01  0.11690E+00  0.11227E+00  0.94926E-01  0.73733E-01  0.54084E-01  0.38097E-01  0.25949E-01  0.17045E-01  0.10678E-01  0.62723E-02
 0.30000E+01  0.17118E-01 -0.27702E-01 -0.31967E-01  0.27947E-02  0.53193E-01  0.93640E-01  0.11140E+00  0.10797E+00  0.91942E-01  0.71825E-01  0.52930E-01  0.37425E-01  0.25569E-01  0.16835E-01  0.10565E-01  0.62149E-02
 0.00000E+00  0.84059E+00  0.28396E+00 -0.94363E-01 -0.21509E+00 -0.15463E+00 -0.39858E-01  0.45119E-01  0.79486E-01  0.78237E-01  0.62050E-01  0.44040E-01  0.29385E-01  0.18871E-01  0.11733E-01  0.70124E-02  0.39654E-02
 0.20000E+00  0.26660E+00  0.44569E+00  0.43896E+00  0.28584E+00  0.93552E-01 -0.48796E-01 -0.11303E+00 -0.11780E+00 -0.94632E-01 -0.66304E-01 -0.42968E-01 -0.26639E-01 -0.16079E-01 -0.94832E-02 -0.54228E-02 -0.29579E-02
 0.40000E+00 -0.57392E-01  0.23513E+00  0.37646E+00  0.34806E+00  0.22152E+00  0.86451E-01 -0.53421E-02 -0.46976E-01 -0.54713E-01 -0.46873E-01 -0.35091E-01 -0.24450E-01 -0.16288E-01 -0.10443E-01 -0.64001E-02 -0.36916E-02
 0.60000E+00 -0.62278E-01  0.93886E-01  0.20879E+00  0.24915E+00  0.22312E+00  0.16324E+00  0.10114E+00  0.53829E-01  0.24328E-01  0.86110E-02  0.13800E-02 -0.13761E-02 -0.20432E-02 -0.18521E-02 -0.13860E-02 -0.90808E-03
 0.80000E+00 -0.29624E-01  0.24324E-01  0.98397E-01  0.16188E+00  0.19105E+00  0.18246E+00  0.14930E+00  0.10883E+00  0.72969E-01  0.46259E-01  0.28350E-01  0.17053E-01  0.10134E-01  0.59327E-02  0.33818E-02  0.18428E-02
 0.10000E+01 -0.80083E-02 -0.57503E-02  0.40958E-01  0.10751E+00  0.15942E+00  0.17697E+00  0.16242E+00  0.13036E+00  0.95250E-01  0.65368E-01  0.43138E-01  0.27789E-01  0.17576E-01  0.10872E-01  0.64950E-02  0.36783E-02
 0.12000E+01  0.36146E-02 -0.18823E-01  0.11338E-01  0.74900E-01  0.13503E+00  0.16530E+00  0.16191E+00  0.13666E+00  0.10418E+00  0.74203E-01  0.50595E-01  0.33535E-01  0.21732E-01  0.13717E-01  0.83290E-02  0.47776E-02
 0.14000E+01  0.98934E-02 -0.24822E-01 -0.50326E-02  0.54247E-01  0.11675E+00  0.15340E+00  0.15691E+00  0.13681E+00  0.10712E+00  0.78060E-01  0.54284E-01  0.36588E-01  0.24044E-01  0.15350E-01  0.94050E-02  0.54323E-02
 0.16000E+01  0.13418E-01 -0.27664E-01 -0.14782E-01  0.40251E-01  0.10269E+00  0.14263E+00  0.15064E+00  0.13445E+00  0.10729E+00  0.79454E-01  0.56014E-01  0.38190E-01  0.25335E-01  0.16297E-01  0.10045E-01  0.58284E-02
 0.18000E+01  0.15434E-01 -0.28964E-01 -0.20931E-01  0.30217E-01  0.91535E-01  0.13310E+00  0.14419E+00  0.13105E+00  0.10611E+00  0.79547E-01  0.56658E-01  0.38961E-01  0.26027E-01  0.16836E-01  0.10422E-01  0.60672E-02
 0.20000E+01  0.16571E-01 -0.29448E-01 -0.24949E-01  0.22728E-01  0.82450E-01  0.12472E+00  0.13795E+00  0.12725E+00  0.10425E+00  0.78914E-01  0.56666E-01  0.39229E-01  0.26349E-01  0.17118E-01  0.10632E-01  0.62055E-02
 0.22000E+01  0.17170E-01 -0.29475E-01 -0.27624E-01  0.16975E-01  0.74912E-01  0.11732E+00  0.13209E+00  0.12335E+00  0.10205E+00  0.77869E-01  0.56289E-01  0.39181E-01  0.26433E-01  0.17233E-01  0.10733E-01  0.62768E-02
 0.24000E+01  0.17431E-01 -0.29245E-01 -0.29423E-01  0.12445E-01  0.68553E-01  0.11077E+00  0.12664E+00  0.11952E+00  0.99698E-01  0.76593E-01  0.55677E-01  0.38932E-01  0.26363E-01  0.17237E-01  0.10759E-01  0.63030E-02
 0.26000E+01  0.17474E-01 -0.28868E-01 -0.30634E-01  0.87982E-02  0.63100E-01  0.10491E+00  0.12159E+00  0.11582E+00  0.97305E-01  0.75193E-01  0.54923E-01  0.38555E-01  0.26189E-01  0.17166E-01  0.10735E-01  0.62982E-02
 0.28000E+01  0.17373E-01 -0.28406E-01 -0.31438E-01  0.58046E-02  0.58353E-01  0.99628E-01  0.11690E+00  0.11227E+00  0.94926E-01  0.73733E-01  0.54084E-01  0.38097E-01  0.25949E-01  0.17045E-01  0.10678E-01  0.62723E-02
 0.30000E+01  0.17118E-01 -0.27702E-01 -0.31967E-01  0.27947E-02  0.53193E-01  0.93640E-01  0.11140E+00  0.10797E+00  0.91942E-01  0.71825E-01  0.52930E-01  0.37425E-01  0.25569E-01  0.16835E-01  0.10565E-01  0.62149E-02
