 0.00000E+00  0.69184E+00  0.33607E+00  0.35282E-01 -0.12315E+00 -0.14603E+00 -0.95727E-01 -0.33421E-01  0.95798E-02  0.28840E-01  0.31958E-01  0.27488E-01  0.20915E-01  0.14768E-01  0.98398E-02  0.61839E-02  0.36255E-02
 0.20000E+00  0.41640E+00  0.39767E+00  0.31233E+00  0.19385E+00  0.82694E-01  0.46867E-02 -0.35524E-01 -0.47355E-01 -0.43694E-01 -0.34389E-01 -0.24793E-01 -0.16942E-01 -0.11146E-01 -0.70762E-02 -0.43002E-02 -0.24627E-02
 0.40000E+00  0.89808E-02  0.20601E+00  0.31267E+00  0.30492E+00  0.21958E+00  0.11512E+00  0.33104E-01 -0.13724E-01 -0.31876E-01 -0.33405E-01 -0.27952E-01 -0.20939E-01 -0.14650E-01 -0.97087E-02 -0.60818E-02 -0.35588E-02
 0.60000E+00 -0.80375E-01  0.96709E-01  0.22115E+00  0.25917E+00  0.22500E+00  0.15777E+00  0.92186E-01  0.44879E-01  0.17186E-01  0.36436E-02 -0.17621E-02 -0.32213E-02 -0.30559E-02 -0.23696E-02 -0.16295E-02 -0.10116E-02
 0.80000E+00 -0.71063E-01  0.39487E-01  0.13577E+00  0.18886E+00  0.19428E+00  0.16683E+00  0.12649E+00  0.87903E-01  0.57621E-01  0.36438E-01  0.22590E-01  0.13859E-01  0.84295E-02  0.50529E-02  0.29443E-02  0.16356E-02
 0.10000E+01 -0.46034E-01  0.99305E-02  0.77132E-01  0.13329E+00  0.16265E+00  0.16277E+00  0.14197E+00  0.11200E+00  0.82136E-01  0.57222E-01  0.38489E-01  0.25254E-01  0.16220E-01  0.10152E-01  0.61167E-02  0.34850E-02
 0.12000E+01 -0.24535E-01 -0.59340E-02  0.39178E-01  0.94105E-01  0.13692E+00  0.15438E+00  0.14691E+00  0.12375E+00  0.95402E-01  0.69057E-01  0.47837E-01  0.32109E-01  0.20986E-01  0.13311E-01  0.81013E-02  0.46501E-02
 0.14000E+01 -0.87742E-02 -0.14728E-01  0.14611E-01  0.66817E-01  0.11682E+00  0.14491E+00  0.14631E+00  0.12830E+00  0.10179E+00  0.75261E-01  0.52975E-01  0.35995E-01  0.23748E-01  0.15172E-01  0.92843E-02  0.53507E-02
 0.16000E+01  0.21755E-02 -0.19653E-01 -0.14021E-02  0.47684E-01  0.10117E+00  0.13559E+00  0.14286E+00  0.12872E+00  0.10406E+00  0.77993E-01  0.55467E-01  0.37989E-01  0.25219E-01  0.16188E-01  0.99416E-02  0.57448E-02
 0.18000E+01  0.95823E-02 -0.22375E-01 -0.11897E-01  0.34125E-01  0.88909E-01  0.12695E+00  0.13807E+00  0.12683E+00  0.10389E+00  0.78619E-01  0.56320E-01  0.38792E-01  0.25866E-01  0.16661E-01  0.10259E-01  0.59396E-02
 0.20000E+01  0.14520E-01 -0.23813E-01 -0.18813E-01  0.24377E-01  0.79192E-01  0.11914E+00  0.13277E+00  0.12374E+00  0.10235E+00  0.78002E-01  0.56182E-01  0.38862E-01  0.26000E-01  0.16791E-01  0.10359E-01  0.60069E-02
 0.22000E+01  0.17771E-01 -0.24487E-01 -0.23382E-01  0.17253E-01  0.71378E-01  0.11217E+00  0.12741E+00  0.12006E+00  0.10005E+00  0.76670E-01  0.55455E-01  0.38486E-01  0.25816E-01  0.16706E-01  0.10324E-01  0.59933E-02
 0.24000E+01  0.19886E-01 -0.24707E-01 -0.26409E-01  0.11939E-01  0.64978E-01  0.10594E+00  0.12220E+00  0.11617E+00  0.97381E-01  0.74947E-01  0.54391E-01  0.37848E-01  0.25442E-01  0.16492E-01  0.10204E-01  0.59296E-02
 0.26000E+01  0.21234E-01 -0.24647E-01 -0.28404E-01  0.78913E-02  0.59633E-01  0.10036E+00  0.11723E+00  0.11225E+00  0.94543E-01  0.73020E-01  0.53138E-01  0.37058E-01  0.24954E-01  0.16198E-01  0.10033E-01  0.58349E-02
 0.28000E+01  0.22045E-01 -0.24409E-01 -0.29679E-01  0.47666E-02  0.55102E-01  0.95311E-01  0.11253E+00  0.10838E+00  0.91648E-01  0.70991E-01  0.51781E-01  0.36177E-01  0.24397E-01  0.15855E-01  0.98293E-02  0.57203E-02
 0.30000E+01  0.22508E-01 -0.23839E-01 -0.30393E-01  0.19404E-02  0.50355E-01  0.89581E-01  0.10688E+00  0.10354E+00  0.87901E-01  0.68287E-01  0.49922E-01  0.34942E-01  0.23599E-01  0.15354E-01  0.95274E-02  0.55484E-02
 0.00000E+00  0.69184E+00  0.33607E+00  0.35282E-01 -0.12315E+00 -0.14603E+00 -0.95727E-01 -0.33421E-01  0.95798E-02  0.28840E-01  0.31958E-01  0.27488E-01  0.20915E-01  0.14768E-01  0.98398E-02  0.61839E-02  0.36255E-02
 0.20000E+00  0.41640E+00  0.39767E+00  0.31233E+00  0.19385E+00  0.82694E-01  0.46867E-02 -0.35524E-01 -0.47355E-01 -0.43694E-01 -0.34389E-01 -0.24793E-01 -0.16942E-01 -0.11146E-01 -0.70762E-02 -0.43002E-02 -0.24627E-02
 0.40000E+00  0.89808E-02  0.20601E+00  0.31267E+00  0.30492E+00  0.21958E+00  0.11512E+00  0.33104E-01 -0.13724E-01 -0.31876E-01 -0.33405E-01 -0.27952E-01 -0.20939E-01 -0.14650E-01 -0.97087E-02 -0.60818E-02 -0.35588E-02
 0.60000E+00 -0.80375E-01  0.96709E-01  0.22115E+00  0.25917E+00  0.22500E+00  0.15777E+00  0.92186E-01  0.44879E-01  0.17186E-01  0.36436E-02 -0.17621E-02 -0.32213E-02 -0.30559E-02 -0.23696E-02 -0.16295E-02 -0.10116E-02
 0.80000E+00 -0.71063E-01  0.39487E-01  0.13577E+00  0.18886E+00  0.19428E+00  0.16683E+00  0.12649E+00  0.87903E-01  0.57621E-01  0.36438E-01  0.22590E-01  0.13859E-01  0.84295E-02  0.50529E-02  0.29443E-02  0.16356E-02
 0.10000E+01 -0.46034E-01  0.99305E-02  0.77132E-01  0.13329E+00  0.16265E+00  0.16277E+00  0.14197E+00  0.11200E+00  0.82136E-01  0.57222E-01  0.38489E-01  0.25254E-01  0.16220E-01  0.10152E-01  0.61167E-02  0.34850E-02
 0.12000E+01 -0.24535E-01 -0.59340E-02  0.39178E-01  0.94105E-01  0.13692E+00  0.15438E+00  0.14691E+00  0.12375E+00  0.95402E-01  0.69057E-01  0.47837E-01  0.32109E-01  0.20986E-01  0.13311E-01  0.81013E-02  0.46501E-02
 0.14000E+01 -0.87742E-02 -0.14728E-01  0.14611E-01  0.66817E-01  0.11682E+00  0.14491E+00  0.14631E+00  0.12830E+00  0.10179E+00  0.75261E-01  0.52975E-01  0.35995E-01  0.23748E-01  0.15172E-01  0.92843E-02  0.53507E-02
 0.16000E+01  0.21755E-02 -0.19653E-01 -0.14021E-02  0.47684E-01  0.10117E+00  0.13559E+00  0.14286E+00  0.12872E+00  0.10406E+00  0.77993E-01  0.55467E-01  0.37989E-01  0.25219E-01  0.16188E-01  0.99416E-02  0.57448E-02
 0.18000E+01  0.95823E-02 -0.22375E-01 -0.11897E-01  0.34125E-01  0.88909E-01  0.12695E+00  0.13807E+00  0.12683E+00  0.10389E+00  0.78619E-01  0.56320E-01  0.38792E-01  0.25866E-01  0.16661E-01  0.10259E-01  0.59396E-02
 0.20000E+01  0.14520E-01 -0.23813E-01 -0.18813E-01  0.24377E-01  0.79192E-01  0.11914E+00  0.13277E+00  0.12374E+00  0.10235E+00  0.78002E-01  0.56182E-01  0.38862E-01  0.26000E-01  0.16791E-01  0.10359E-01  0.60069E-02
 0.22000E+01  0.17771E-01 -0.24487E-01 -0.23382E-01  0.17253E-01  0.71378E-01  0.11217E+00  0.12741E+00  0.12006E+00  0.10005E+00  0.76670E-01  0.55455E-01  0.38486E-01  0.25816E-01  0.16706E-01  0.10324E-01  0.59933E-02
 0.24000E+01  0.19886E-01 -0.24707E-01 -0.26409E-01  0.11939E-01  0.64978E-01  0.10594E+00  0.12220E+00  0.11617E+00  0.97381E-01  0.74947E-01  0.54391E-01  0.37848E-01  0.25442E-01  0.16492E-01  0.10204E-01  0.59296E-02
 0.26000E+01  0.21234E-01 -0.24647E-01 -0.28404E-01  0.78913E-02  0.59633E-01  0.10036E+00  0.11723E+00  0.11225E+00  0.94543E-01  0.73020E-01  0.53138E-01  0.37058E-01  0.24954E-01  0.16198E-01  0.10033E-01  0.58349E-02
 0.28000E+01  0.22045E-01 -0.24409E-01 -0.29679E-01  0.47666E-02  0.55102E-01  0.95311E-01  0.11253E+00  0.10838E+00  0.91648E-01  0.70991E-01  0.51781E-01  0.36177E-01  0.24397E-01  0.15855E-01  0.98293E-02  0.57203E-02
 0.30000E+01  0.22508E-01 -0.23839E-01 -0.30393E-01  0.19404E-02  0.50355E-01  0.89581E-01  0.10688E+00  0.10354E+00  0.87901E-01  0.68287E-01  0.49922E-01  0.34942E-01  0.23599E-01  0.15354E-01  0.95274E-02  0.55484E-02
