 0.00000E+00  0.75839E+00  0.33053E+00 -0.57070E-01 -0.13667E+00 -0.82102E-01 -0.32932E-01 -0.91268E-02  0.53064E-04  0.26385E-02  0.25874E-02  0.17155E-02  0.79595E-03  0.10531E-03 -0.29655E-03 -0.41714E-03 -0.31367E-03
 0.20000E+00  0.33673E+00  0.45309E+00  0.34049E+00  0.14597E+00  0.25321E-01 -0.18183E-01 -0.26356E-01 -0.22988E-01 -0.16943E-01 -0.11256E-01 -0.68172E-02 -0.37000E-02 -0.16915E-02 -0.52359E-03  0.26046E-04  0.15204E-03
 0.40000E+00 -0.55009E-01  0.22505E+00  0.35738E+00  0.28467E+00  0.16548E+00  0.83973E-01  0.40131E-01  0.18182E-01  0.75997E-02  0.27437E-02  0.68881E-03 -0.60607E-04 -0.24981E-03 -0.23376E-03 -0.16492E-03 -0.93033E-04
 0.60000E+00 -0.77943E-01  0.11471E+00  0.26353E+00  0.26762E+00  0.19555E+00  0.12329E+00  0.73209E-01  0.42167E-01  0.23582E-01  0.12655E-01  0.63577E-02  0.28298E-02  0.94099E-03  0.15346E-04 -0.32352E-03 -0.29980E-03
 0.80000E+00 -0.71287E-01  0.58432E-01  0.19362E+00  0.22924E+00  0.18620E+00  0.12670E+00  0.79793E-01  0.48299E-01  0.28255E-01  0.15845E-01  0.83539E-02  0.39722E-02  0.15234E-02  0.26201E-03 -0.25057E-03 -0.29249E-03
 0.10000E+01 -0.62292E-01  0.21295E-01  0.13961E+00  0.19195E+00  0.16919E+00  0.12120E+00  0.79158E-01  0.49332E-01  0.29614E-01  0.17032E-01  0.92402E-02  0.45749E-02  0.19055E-02  0.49009E-03 -0.12359E-03 -0.23110E-03
 0.12000E+01 -0.53046E-01 -0.55639E-02  0.96293E-01  0.15864E+00  0.15115E+00  0.11309E+00  0.76050E-01  0.48510E-01  0.29734E-01  0.17461E-01  0.97013E-02  0.49650E-02  0.22011E-02  0.69897E-03  0.12549E-04 -0.15692E-03
 0.14000E+01 -0.45059E-01 -0.24281E-01  0.61829E-01  0.12827E+00  0.13171E+00  0.10234E+00  0.70554E-01  0.45914E-01  0.28669E-01  0.17163E-01  0.97571E-02  0.51578E-02  0.24239E-02  0.90193E-03  0.16928E-03 -0.62457E-04
 0.16000E+01 -0.38769E-01 -0.36612E-01  0.34711E-01  0.10053E+00  0.11131E+00  0.89571E-01  0.63186E-01  0.41914E-01  0.26659E-01  0.16285E-01  0.94887E-02  0.51945E-02  0.25922E-02  0.11049E-02  0.34698E-03  0.51258E-04
 0.18000E+01 -0.34454E-01 -0.43755E-01  0.13845E-01  0.75078E-01  0.90152E-01  0.75132E-01  0.54261E-01  0.36738E-01  0.23854E-01  0.14914E-01  0.89460E-02  0.51009E-02  0.27179E-02  0.13123E-02  0.54680E-03  0.18426E-03
 0.20000E+01 -0.32348E-01 -0.46359E-01 -0.14842E-02  0.51469E-01  0.68063E-01  0.58999E-01  0.43805E-01  0.30414E-01  0.20273E-01  0.13061E-01  0.81349E-02  0.48815E-02  0.28053E-02  0.15288E-02  0.77279E-03  0.33924E-03
 0.22000E+01 -0.32461E-01 -0.45108E-01 -0.11960E-01  0.29501E-01  0.45193E-01  0.41420E-01  0.32034E-01  0.23096E-01  0.16011E-01  0.10783E-01  0.70845E-02  0.45494E-02  0.28591E-02  0.17548E-02  0.10239E-02  0.51518E-03
 0.24000E+01 -0.34507E-01 -0.40925E-01 -0.18429E-01  0.92308E-02  0.22129E-01  0.23031E-01  0.19452E-01  0.15137E-01  0.11296E-01  0.82145E-02  0.58686E-02  0.41388E-02  0.28899E-02  0.19883E-02  0.12938E-02  0.70673E-03
 0.26000E+01 -0.38149E-01 -0.34528E-01 -0.21699E-01 -0.95085E-02 -0.85204E-03  0.42024E-02  0.63690E-02  0.67587E-02  0.62752E-02  0.54448E-02  0.45352E-02  0.36716E-02  0.29038E-02  0.22276E-02  0.15777E-02  0.90993E-03
 0.28000E+01 -0.43136E-01 -0.26481E-01 -0.22435E-01 -0.26916E-01 -0.23607E-01 -0.14835E-01 -0.70095E-02 -0.18862E-02  0.10501E-02  0.25364E-02  0.31194E-02  0.31644E-02  0.29063E-02  0.24719E-02  0.18727E-02  0.11223E-02
 0.30000E+01 -0.45910E-01 -0.22868E-01 -0.26623E-01 -0.42360E-01 -0.41620E-01 -0.29302E-01 -0.16961E-01 -0.82297E-02 -0.27467E-02  0.44046E-03  0.21092E-02  0.28108E-02  0.29189E-02  0.26569E-02  0.20920E-02  0.12794E-02
