 0.00000E+00  0.58466E+00  0.34564E+00  0.25490E-01 -0.10249E+00 -0.82358E-01 -0.36012E-01 -0.82304E-02  0.27460E-02  0.54550E-02  0.50654E-02  0.38493E-02  0.26464E-02  0.17012E-02  0.10329E-02  0.58274E-03  0.28205E-03
 0.20000E+00  0.49755E+00  0.46421E+00  0.27032E+00  0.95746E-01  0.91329E-02 -0.18153E-01 -0.21236E-01 -0.17310E-01 -0.12500E-01 -0.85229E-02 -0.56208E-02 -0.36232E-02 -0.22935E-02 -0.14228E-02 -0.83931E-03 -0.42523E-03
 0.40000E+00 -0.46632E-02  0.22438E+00  0.34808E+00  0.28310E+00  0.15442E+00  0.61521E-01  0.15982E-01 -0.13405E-02 -0.60798E-02 -0.61399E-02 -0.48392E-02 -0.34125E-02 -0.22455E-02 -0.13986E-02 -0.81116E-03 -0.40252E-03
 0.60000E+00 -0.12467E+00  0.92720E-01  0.27436E+00  0.28627E+00  0.20321E+00  0.12045E+00  0.66713E-01  0.36482E-01  0.20109E-01  0.11232E-01  0.63605E-02  0.36514E-02  0.21241E-02  0.12443E-02  0.70758E-03  0.35009E-03
 0.80000E+00 -0.11132E+00  0.26746E-01  0.18089E+00  0.23721E+00  0.20859E+00  0.15314E+00  0.10336E+00  0.66995E-01  0.42489E-01  0.26579E-01  0.16452E-01  0.10085E-01  0.61189E-02  0.36560E-02  0.20859E-02  0.10291E-02
 0.10000E+01 -0.75232E-01 -0.66362E-02  0.10951E+00  0.18862E+00  0.19926E+00  0.16687E+00  0.12326E+00  0.84874E-01  0.56086E-01  0.36104E-01  0.22805E-01  0.14178E-01  0.86829E-02  0.52157E-02  0.29833E-02  0.14737E-02
 0.12000E+01 -0.44955E-01 -0.24488E-01  0.61035E-01  0.15074E+00  0.18597E+00  0.16966E+00  0.13169E+00  0.93451E-01  0.62963E-01  0.41075E-01  0.26198E-01  0.16408E-01  0.10106E-01  0.60985E-02  0.35015E-02  0.17348E-02
 0.14000E+01 -0.23828E-01 -0.34358E-01  0.28947E-01  0.12227E+00  0.17179E+00  0.16612E+00  0.13297E+00  0.96080E-01  0.65520E-01  0.43131E-01  0.27719E-01  0.17483E-01  0.10844E-01  0.65929E-02  0.38142E-02  0.19019E-02
 0.16000E+01 -0.10029E-01 -0.39789E-01  0.77412E-02  0.10069E+00  0.15779E+00  0.15906E+00  0.12998E+00  0.95087E-01  0.65419E-01  0.43386E-01  0.28081E-01  0.17843E-01  0.11159E-01  0.68488E-02  0.40015E-02  0.20121E-02
 0.18000E+01 -0.16299E-02 -0.42545E-01 -0.61167E-02  0.83989E-01  0.14423E+00  0.14988E+00  0.12431E+00  0.91803E-01  0.63635E-01  0.42505E-01  0.27718E-01  0.17763E-01  0.11221E-01  0.69665E-02  0.41201E-02  0.20929E-02
 0.20000E+01  0.28283E-02 -0.43605E-01 -0.14865E-01  0.70869E-01  0.13124E+00  0.13949E+00  0.11698E+00  0.87060E-01  0.60773E-01  0.40895E-01  0.26893E-01  0.17404E-01  0.11123E-01  0.70001E-02  0.41981E-02  0.21572E-02
 0.22000E+01  0.41866E-02 -0.43390E-01 -0.19651E-01  0.60562E-01  0.11873E+00  0.12818E+00  0.10839E+00  0.81219E-01  0.57106E-01  0.38750E-01  0.25735E-01  0.16851E-01  0.10921E-01  0.69828E-02  0.42555E-02  0.22150E-02
 0.24000E+01  0.32214E-02 -0.42288E-01 -0.21516E-01  0.52410E-01  0.10671E+00  0.11634E+00  0.98988E-01  0.74650E-01  0.52904E-01  0.36250E-01  0.24361E-01  0.16177E-01  0.10656E-01  0.69393E-02  0.43050E-02  0.22721E-02
 0.26000E+01  0.58590E-03 -0.40600E-01 -0.21301E-01  0.45879E-01  0.95171E-01  0.10425E+00  0.89109E-01  0.67643E-01  0.48376E-01  0.33535E-01  0.22855E-01  0.15429E-01  0.10357E-01  0.68818E-02  0.43517E-02  0.23300E-02
 0.28000E+01 -0.34221E-02 -0.38434E-01 -0.19389E-01  0.40659E-01  0.84007E-01  0.91942E-01  0.78829E-01  0.60267E-01  0.43578E-01  0.30644E-01  0.21245E-01  0.14626E-01  0.10031E-01  0.68162E-02  0.43986E-02  0.23903E-02
 0.30000E+01 -0.61098E-02 -0.36652E-01 -0.18815E-01  0.34714E-01  0.73120E-01  0.80422E-01  0.69368E-01  0.53527E-01  0.39198E-01  0.27996E-01  0.19757E-01  0.13867E-01  0.97069E-02  0.67311E-02  0.44209E-02  0.24324E-02
