 0.00000E+00  0.77374E+00  0.36045E+00  0.19489E-01 -0.15306E+00 -0.16996E+00 -0.10554E+00 -0.30613E-01  0.19395E-01  0.40301E-01  0.41849E-01  0.34706E-01  0.25636E-01  0.17630E-01  0.11484E-01  0.70866E-02  0.40973E-02
 0.20000E+00  0.29297E+00  0.34981E+00  0.32504E+00  0.23473E+00  0.12227E+00  0.28193E-01 -0.28819E-01 -0.51270E-01 -0.51605E-01 -0.42138E-01 -0.30742E-01 -0.20954E-01 -0.13649E-01 -0.85598E-02 -0.51420E-02 -0.29168E-02
 0.40000E+00  0.27822E-01  0.20637E+00  0.29998E+00  0.28851E+00  0.20659E+00  0.10782E+00  0.30347E-01 -0.13890E-01 -0.30819E-01 -0.31816E-01 -0.26190E-01 -0.19250E-01 -0.13205E-01 -0.85930E-02 -0.53018E-02 -0.30662E-02
 0.60000E+00 -0.49646E-01  0.12712E+00  0.24246E+00  0.26691E+00  0.22000E+00  0.14418E+00  0.74854E-01  0.27679E-01  0.24489E-02 -0.77365E-02 -0.98876E-02 -0.86894E-02 -0.65721E-02 -0.45437E-02 -0.29173E-02 -0.17334E-02
 0.80000E+00 -0.70180E-01  0.57467E-01  0.16063E+00  0.20974E+00  0.20502E+00  0.16695E+00  0.11904E+00  0.76771E-01  0.45927E-01  0.26044E-01  0.14264E-01  0.76595E-02  0.40714E-02  0.21461E-02  0.11135E-02  0.55980E-03
 0.10000E+01 -0.50374E-01  0.78298E-02  0.78145E-01  0.13769E+00  0.16982E+00  0.17123E+00  0.14992E+00  0.11806E+00  0.85827E-01  0.58840E-01  0.38719E-01  0.24779E-01  0.15524E-01  0.95027E-02  0.56223E-02  0.31585E-02
 0.12000E+01 -0.21953E-01 -0.18290E-01  0.20572E-01  0.79665E-01  0.13309E+00  0.16150E+00  0.16095E+00  0.13963E+00  0.10945E+00  0.79687E-01  0.55061E-01  0.36665E-01  0.23719E-01  0.14892E-01  0.89855E-02  0.51232E-02
 0.14000E+01 -0.14199E-02 -0.29612E-01 -0.12000E-01  0.42484E-01  0.10467E+00  0.14724E+00  0.15930E+00  0.14586E+00  0.11890E+00  0.89232E-01  0.63169E-01  0.42900E-01  0.28196E-01  0.17927E-01  0.10922E-01  0.62727E-02
 0.16000E+01  0.10749E-01 -0.33919E-01 -0.29097E-01  0.20281E-01  0.84726E-01  0.13367E+00  0.15267E+00  0.14454E+00  0.12066E+00  0.92233E-01  0.66274E-01  0.45562E-01  0.30244E-01  0.19382E-01  0.11881E-01  0.68550E-02
 0.18000E+01  0.17618E-01 -0.35233E-01 -0.38040E-01  0.68568E-02  0.70777E-01  0.12220E+00  0.14493E+00  0.14033E+00  0.11902E+00  0.92124E-01  0.66872E-01  0.46362E-01  0.30988E-01  0.19968E-01  0.12292E-01  0.71153E-02
 0.20000E+01  0.21505E-01 -0.35279E-01 -0.42781E-01 -0.16140E-02  0.60706E-01  0.11272E+00  0.13746E+00  0.13527E+00  0.11606E+00  0.90646E-01  0.66291E-01  0.46244E-01  0.31066E-01  0.20100E-01  0.12413E-01  0.72022E-02
 0.22000E+01  0.23707E-01 -0.34781E-01 -0.45279E-01 -0.72109E-02  0.53136E-01  0.10483E+00  0.13062E+00  0.13013E+00  0.11264E+00  0.88582E-01  0.65153E-01  0.45668E-01  0.30800E-01  0.19991E-01  0.12375E-01  0.71939E-02
 0.24000E+01  0.24938E-01 -0.34049E-01 -0.46525E-01 -0.11069E-01  0.47222E-01  0.98151E-01  0.12443E+00  0.12520E+00  0.10912E+00  0.86296E-01  0.63764E-01  0.44866E-01  0.30355E-01  0.19752E-01  0.12252E-01  0.71326E-02
 0.26000E+01  0.25585E-01 -0.33217E-01 -0.47037E-01 -0.13829E-01  0.42431E-01  0.92365E-01  0.11881E+00  0.12052E+00  0.10566E+00  0.83944E-01  0.62264E-01  0.43951E-01  0.29815E-01  0.19441E-01  0.12079E-01  0.70407E-02
 0.28000E+01  0.25852E-01 -0.32349E-01 -0.47091E-01 -0.15855E-01  0.38433E-01  0.87248E-01  0.11365E+00  0.11610E+00  0.10229E+00  0.81586E-01  0.60715E-01  0.42976E-01  0.29220E-01  0.19088E-01  0.11876E-01  0.69300E-02
 0.30000E+01  0.25817E-01 -0.31190E-01 -0.46652E-01 -0.17619E-01  0.34236E-01  0.81498E-01  0.10761E+00  0.11075E+00  0.98099E-01  0.78577E-01  0.58682E-01  0.41660E-01  0.28395E-01  0.18585E-01  0.11581E-01  0.67656E-02
 0.00000E+00  0.77374E+00  0.36045E+00  0.19489E-01 -0.15306E+00 -0.16996E+00 -0.10554E+00 -0.30613E-01  0.19395E-01  0.40301E-01  0.41849E-01  0.34706E-01  0.25636E-01  0.17630E-01  0.11484E-01  0.70866E-02  0.40973E-02
 0.20000E+00  0.29297E+00  0.34981E+00  0.32504E+00  0.23473E+00  0.12227E+00  0.28193E-01 -0.28819E-01 -0.51270E-01 -0.51605E-01 -0.42138E-01 -0.30742E-01 -0.20954E-01 -0.13649E-01 -0.85598E-02 -0.51420E-02 -0.29168E-02
 0.40000E+00  0.27822E-01  0.20637E+00  0.29998E+00  0.28851E+00  0.20659E+00  0.10782E+00  0.30347E-01 -0.13890E-01 -0.30819E-01 -0.31816E-01 -0.26190E-01 -0.19250E-01 -0.13205E-01 -0.85930E-02 -0.53018E-02 -0.30662E-02
 0.60000E+00 -0.49646E-01  0.12712E+00  0.24246E+00  0.26691E+00  0.22000E+00  0.14418E+00  0.74854E-01  0.27679E-01  0.24489E-02 -0.77365E-02 -0.98876E-02 -0.86894E-02 -0.65721E-02 -0.45437E-02 -0.29173E-02 -0.17334E-02
 0.80000E+00 -0.70180E-01  0.57467E-01  0.16063E+00  0.20974E+00  0.20502E+00  0.16695E+00  0.11904E+00  0.76771E-01  0.45927E-01  0.26044E-01  0.14264E-01  0.76595E-02  0.40714E-02  0.21461E-02  0.11135E-02  0.55980E-03
 0.10000E+01 -0.50374E-01  0.78298E-02  0.78145E-01  0.13769E+00  0.16982E+00  0.17123E+00  0.14992E+00  0.11806E+00  0.85827E-01  0.58840E-01  0.38719E-01  0.24779E-01  0.15524E-01  0.95027E-02  0.56223E-02  0.31585E-02
 0.12000E+01 -0.21953E-01 -0.18290E-01  0.20572E-01  0.79665E-01  0.13309E+00  0.16150E+00  0.16095E+00  0.13963E+00  0.10945E+00  0.79687E-01  0.55061E-01  0.36665E-01  0.23719E-01  0.14892E-01  0.89855E-02  0.51232E-02
 0.14000E+01 -0.14199E-02 -0.29612E-01 -0.12000E-01  0.42484E-01  0.10467E+00  0.14724E+00  0.15930E+00  0.14586E+00  0.11890E+00  0.89232E-01  0.63169E-01  0.42900E-01  0.28196E-01  0.17927E-01  0.10922E-01  0.62727E-02
 0.16000E+01  0.10749E-01 -0.33919E-01 -0.29097E-01  0.20281E-01  0.84726E-01  0.13367E+00  0.15267E+00  0.14454E+00  0.12066E+00  0.92233E-01  0.66274E-01  0.45562E-01  0.30244E-01  0.19382E-01  0.11881E-01  0.68550E-02
 0.18000E+01  0.17618E-01 -0.35233E-01 -0.38040E-01  0.68568E-02  0.70777E-01  0.12220E+00  0.14493E+00  0.14033E+00  0.11902E+00  0.92124E-01  0.66872E-01  0.46362E-01  0.30988E-01  0.19968E-01  0.12292E-01  0.71153E-02
 0.20000E+01  0.21505E-01 -0.35279E-01 -0.42781E-01 -0.16140E-02  0.60706E-01  0.11272E+00  0.13746E+00  0.13527E+00  0.11606E+00  0.90646E-01  0.66291E-01  0.46244E-01  0.31066E-01  0.20100E-01  0.12413E-01  0.72022E-02
 0.22000E+01  0.23707E-01 -0.34781E-01 -0.45279E-01 -0.72109E-02  0.53136E-01  0.10483E+00  0.13062E+00  0.13013E+00  0.11264E+00  0.88582E-01  0.65153E-01  0.45668E-01  0.30800E-01  0.19991E-01  0.12375E-01  0.71939E-02
 0.24000E+01  0.24938E-01 -0.34049E-01 -0.46525E-01 -0.11069E-01  0.47222E-01  0.98151E-01  0.12443E+00  0.12520E+00  0.10912E+00  0.86296E-01  0.63764E-01  0.44866E-01  0.30355E-01  0.19752E-01  0.12252E-01  0.71326E-02
 0.26000E+01  0.25585E-01 -0.33217E-01 -0.47037E-01 -0.13829E-01  0.42431E-01  0.92365E-01  0.11881E+00  0.12052E+00  0.10566E+00  0.83944E-01  0.62264E-01  0.43951E-01  0.29815E-01  0.19441E-01  0.12079E-01  0.70407E-02
 0.28000E+01  0.25852E-01 -0.32349E-01 -0.47091E-01 -0.15855E-01  0.38433E-01  0.87248E-01  0.11365E+00  0.11610E+00  0.10229E+00  0.81586E-01  0.60715E-01  0.42976E-01  0.29220E-01  0.19088E-01  0.11876E-01  0.69300E-02
 0.30000E+01  0.25817E-01 -0.31190E-01 -0.46652E-01 -0.17619E-01  0.34236E-01  0.81498E-01  0.10761E+00  0.11075E+00  0.98099E-01  0.78577E-01  0.58682E-01  0.41660E-01  0.28395E-01  0.18585E-01  0.11581E-01  0.67656E-02
