 0.00000E+00  0.66187E+00  0.35015E+00 -0.78581E-02 -0.12576E+00 -0.92533E-01 -0.42772E-01 -0.14568E-01 -0.27545E-02  0.11503E-02  0.18686E-02  0.15253E-02  0.97550E-03  0.51184E-03  0.20092E-03  0.35158E-04 -0.18758E-04
 0.20000E+00  0.44075E+00  0.44785E+00  0.28891E+00  0.11893E+00  0.23630E-01 -0.10728E-01 -0.17142E-01 -0.14486E-01 -0.10149E-01 -0.64189E-02 -0.37474E-02 -0.20109E-02 -0.95996E-03 -0.36961E-03 -0.80804E-04  0.15945E-04
 0.40000E+00 -0.39385E-01  0.21960E+00  0.35669E+00  0.29167E+00  0.16654E+00  0.77641E-01  0.31864E-01  0.11425E-01  0.30995E-02  0.99757E-04 -0.71674E-03 -0.73470E-03 -0.52938E-03 -0.31705E-03 -0.16282E-03 -0.69916E-04
 0.60000E+00 -0.11367E+00  0.10476E+00  0.27670E+00  0.28293E+00  0.20266E+00  0.12327E+00  0.69751E-01  0.37985E-01  0.20029E-01  0.10144E-01  0.48318E-02  0.20618E-02  0.67976E-03  0.43347E-04 -0.18299E-03 -0.17629E-03
 0.80000E+00 -0.10080E+00  0.45481E-01  0.19588E+00  0.23934E+00  0.19918E+00  0.13784E+00  0.86741E-01  0.51579E-01  0.29344E-01  0.15938E-01  0.81440E-02  0.37789E-02  0.14434E-02  0.28258E-03 -0.18515E-03 -0.23712E-03
 0.10000E+01 -0.75856E-01  0.12967E-01  0.13417E+00  0.19416E+00  0.18079E+00  0.13532E+00  0.89912E-01  0.55600E-01  0.32601E-01  0.18156E-01  0.94919E-02  0.45127E-02  0.17871E-02  0.40165E-03 -0.17444E-03 -0.25680E-03
 0.12000E+01 -0.53454E-01 -0.55432E-02  0.88853E-01  0.15392E+00  0.15729E+00  0.12443E+00  0.85584E-01  0.54165E-01  0.32304E-01  0.18236E-01  0.96474E-02  0.46427E-02  0.18703E-02  0.44516E-03 -0.15641E-03 -0.25123E-03
 0.14000E+01 -0.35806E-01 -0.15943E-01  0.55669E-01  0.11928E+00  0.13250E+00  0.10948E+00  0.77219E-01  0.49665E-01  0.29961E-01  0.17065E-01  0.90980E-02  0.44126E-02  0.17971E-02  0.44277E-03 -0.13433E-03 -0.23066E-03
 0.16000E+01 -0.22748E-01 -0.21205E-01  0.31489E-01  0.89586E-01  0.10779E+00  0.92398E-01  0.66488E-01  0.43296E-01  0.26345E-01  0.15106E-01  0.81010E-02  0.39531E-02  0.16244E-02  0.41202E-03 -0.10858E-03 -0.19972E-03
 0.18000E+01 -0.13622E-01 -0.23021E-01  0.14111E-01  0.64079E-01  0.83732E-01  0.74225E-01  0.54339E-01  0.35754E-01  0.21913E-01  0.12636E-01  0.68115E-02  0.33436E-02  0.13873E-02  0.36388E-03 -0.79139E-04 -0.16105E-03
 0.20000E+01 -0.77330E-02 -0.22484E-01  0.19051E-02  0.42064E-01  0.60598E-01  0.55600E-01  0.41387E-01  0.27499E-01  0.16968E-01  0.98395E-02  0.53340E-02  0.26376E-02  0.11094E-02  0.30571E-03 -0.46077E-04 -0.11652E-03
 0.22000E+01 -0.44149E-02 -0.20373E-01 -0.63439E-02  0.23080E-01  0.38693E-01  0.37104E-01  0.28172E-01  0.18931E-01  0.11775E-01  0.68761E-02  0.37575E-02  0.18801E-02  0.80999E-03  0.24277E-03 -0.10334E-04 -0.68288E-04
 0.24000E+01 -0.30387E-02 -0.17245E-01 -0.11608E-01  0.67214E-02  0.18222E-01  0.19177E-01  0.15110E-01  0.10360E-01  0.65373E-02  0.38702E-02  0.21513E-02  0.11060E-02  0.50351E-03  0.17868E-03  0.26936E-04 -0.18320E-04
 0.26000E+01 -0.32058E-02 -0.13449E-01 -0.14611E-01 -0.75135E-02 -0.97300E-03  0.18513E-02  0.22884E-02  0.18700E-02  0.13175E-02  0.86157E-03  0.53914E-03  0.32799E-03  0.19591E-03  0.11553E-03  0.65991E-04  0.33114E-04
 0.28000E+01 -0.45568E-02 -0.92146E-02 -0.15891E-01 -0.19996E-01 -0.18998E-01 -0.14834E-01 -0.10214E-01 -0.64694E-02 -0.38337E-02 -0.21169E-02 -0.10600E-02 -0.44417E-03 -0.10859E-03  0.54448E-04  0.10654E-03  0.85468E-04
 0.30000E+01 -0.50518E-02 -0.61346E-02 -0.18198E-01 -0.31610E-01 -0.34833E-01 -0.29196E-01 -0.20867E-01 -0.13532E-01 -0.81760E-02 -0.46170E-02 -0.23952E-02 -0.10834E-02 -0.35561E-03  0.10550E-04  0.14632E-03  0.13300E-03
