 0.00000E+00  0.71642E+00  0.30869E+00 -0.85431E-01 -0.15116E+00 -0.57517E-01  0.14590E-01  0.36440E-01  0.33506E-01  0.24545E-01  0.16431E-01  0.10541E-01  0.66028E-02  0.40677E-02  0.24617E-02  0.14217E-02  0.70924E-03
 0.20000E+00  0.41683E+00  0.48031E+00  0.33368E+00  0.12588E+00 -0.38762E-02 -0.46966E-01 -0.46909E-01 -0.35021E-01 -0.23528E-01 -0.15131E-01 -0.95430E-02 -0.59599E-02 -0.36984E-02 -0.22720E-02 -0.13369E-02 -0.67775E-03
 0.40000E+00 -0.11232E+00  0.26585E+00  0.44955E+00  0.32341E+00  0.12701E+00  0.11941E-01 -0.26470E-01 -0.29829E-01 -0.23248E-01 -0.16021E-01 -0.10446E-01 -0.66069E-02 -0.40935E-02 -0.24847E-02 -0.14374E-02 -0.71805E-03
 0.60000E+00 -0.14181E+00  0.10055E+00  0.29228E+00  0.29527E+00  0.20157E+00  0.11429E+00  0.60665E-01  0.32207E-01  0.17567E-01  0.98824E-02  0.57070E-02  0.33646E-02  0.20153E-02  0.12147E-02  0.70789E-03  0.35646E-03
 0.80000E+00 -0.56126E-01  0.48061E-02  0.12798E+00  0.21796E+00  0.22596E+00  0.18143E+00  0.12667E+00  0.82244E-01  0.51557E-01  0.31794E-01  0.19441E-01  0.11819E-01  0.71453E-02  0.42735E-02  0.24493E-02  0.12150E-02
 0.10000E+01  0.11944E-01 -0.39616E-01  0.26625E-01  0.15529E+00  0.22169E+00  0.20711E+00  0.15697E+00  0.10678E+00  0.68756E-01  0.43037E-01  0.26506E-01  0.16140E-01  0.97281E-02  0.57782E-02  0.32824E-02  0.16157E-02
 0.12000E+01  0.46874E-01 -0.57122E-01 -0.24336E-01  0.11480E+00  0.20644E+00  0.20828E+00  0.16378E+00  0.11366E+00  0.74006E-01  0.46596E-01  0.28765E-01  0.17510E-01  0.10525E-01  0.62215E-02  0.35133E-02  0.17203E-02
 0.14000E+01  0.61331E-01 -0.62661E-01 -0.47878E-01  0.89178E-01  0.18856E+00  0.19850E+00  0.15910E+00  0.11155E+00  0.73048E-01  0.46135E-01  0.28518E-01  0.17360E-01  0.10422E-01  0.61473E-02  0.34617E-02  0.16909E-02
 0.16000E+01  0.65418E-01 -0.63176E-01 -0.57931E-01  0.72185E-01  0.17112E+00  0.18470E+00  0.14961E+00  0.10548E+00  0.69296E-01  0.43851E-01  0.27139E-01  0.16532E-01  0.99295E-02  0.58574E-02  0.32984E-02  0.16111E-02
 0.18000E+01  0.64422E-01 -0.61493E-01 -0.61234E-01  0.60191E-01  0.15487E+00  0.16970E+00  0.13826E+00  0.97765E-01  0.64347E-01  0.40778E-01  0.25273E-01  0.15419E-01  0.92772E-02  0.54842E-02  0.30955E-02  0.15151E-02
 0.20000E+01  0.60747E-01 -0.58824E-01 -0.60935E-01  0.51236E-01  0.13977E+00  0.15448E+00  0.12619E+00  0.89335E-01  0.58853E-01  0.37343E-01  0.23185E-01  0.14179E-01  0.85591E-02  0.50807E-02  0.28809E-02  0.14158E-02
 0.22000E+01  0.55687E-01 -0.55715E-01 -0.58651E-01  0.44245E-01  0.12573E+00  0.13955E+00  0.11402E+00  0.80698E-01  0.53178E-01  0.33782E-01  0.21021E-01  0.12899E-01  0.78232E-02  0.46721E-02  0.26672E-02  0.13184E-02
 0.24000E+01  0.49724E-01 -0.52398E-01 -0.55067E-01  0.38696E-01  0.11262E+00  0.12499E+00  0.10191E+00  0.72008E-01  0.47434E-01  0.30170E-01  0.18827E-01  0.11607E-01  0.70855E-02  0.42672E-02  0.24587E-02  0.12250E-02
 0.26000E+01  0.43384E-01 -0.49007E-01 -0.50786E-01  0.34101E-01  0.10029E+00  0.11091E+00  0.90051E-01  0.63434E-01  0.41746E-01  0.26589E-01  0.16654E-01  0.10330E-01  0.63603E-02  0.38724E-02  0.22576E-02  0.11359E-02
 0.28000E+01  0.36739E-01 -0.45622E-01 -0.46018E-01  0.30248E-01  0.88620E-01  0.97263E-01  0.78426E-01  0.54984E-01  0.36125E-01  0.23046E-01  0.14507E-01  0.90711E-02  0.56485E-02  0.34877E-02  0.20637E-02  0.10509E-02
 0.30000E+01  0.31251E-01 -0.42719E-01 -0.42674E-01  0.25631E-01  0.77359E-01  0.84716E-01  0.67994E-01  0.47506E-01  0.31184E-01  0.19938E-01  0.12616E-01  0.79540E-02  0.50076E-02  0.31333E-02  0.18793E-02  0.96746E-03
