 0.00000E+00  0.77380E+00  0.38638E+00  0.54279E-01 -0.12854E+00 -0.16621E+00 -0.12155E+00 -0.58313E-01 -0.11128E-01  0.12920E-01  0.20122E-01  0.18788E-01  0.14593E-01  0.10285E-01  0.67891E-02  0.42235E-02  0.24557E-02
 0.20000E+00  0.25110E+00  0.31323E+00  0.30398E+00  0.23330E+00  0.13721E+00  0.52000E-01 -0.35719E-02 -0.29307E-01 -0.34701E-01 -0.30134E-01 -0.22668E-01 -0.15727E-01 -0.10367E-01 -0.65621E-02 -0.39732E-02 -0.22692E-02
 0.40000E+00  0.53227E-01  0.19578E+00  0.27037E+00  0.26122E+00  0.19514E+00  0.11405E+00  0.48339E-01  0.82832E-02 -0.99398E-02 -0.14802E-01 -0.13516E-01 -0.10360E-01 -0.72438E-02 -0.47594E-02 -0.29530E-02 -0.17144E-02
 0.60000E+00 -0.11156E-01  0.13929E+00  0.23444E+00  0.25097E+00  0.20691E+00  0.13888E+00  0.76920E-01  0.34184E-01  0.10428E-01 -0.21509E-03 -0.36961E-02 -0.40076E-02 -0.32450E-02 -0.23056E-02 -0.14985E-02 -0.89578E-03
 0.80000E+00 -0.54562E-01  0.71145E-01  0.16827E+00  0.21023E+00  0.20029E+00  0.16016E+00  0.11277E+00  0.72258E-01  0.43291E-01  0.24850E-01  0.13967E-01  0.78164E-02  0.43930E-02  0.24726E-02  0.13744E-02  0.73789E-03
 0.10000E+01 -0.56620E-01  0.14357E-01  0.88978E-01  0.14451E+00  0.16891E+00  0.16371E+00  0.13916E+00  0.10721E+00  0.76666E-01  0.51929E-01  0.33892E-01  0.21592E-01  0.13513E-01  0.82847E-02  0.49175E-02  0.27733E-02
 0.12000E+01 -0.38488E-01 -0.13069E-01  0.35550E-01  0.90948E-01  0.13328E+00  0.15079E+00  0.14387E+00  0.12115E+00  0.92886E-01  0.66455E-01  0.45274E-01  0.29820E-01  0.19142E-01  0.11961E-01  0.71995E-02  0.41014E-02
 0.14000E+01 -0.23301E-01 -0.23201E-01  0.79608E-02  0.58592E-01  0.10665E+00  0.13452E+00  0.13734E+00  0.12119E+00  0.96171E-01  0.70642E-01  0.49128E-01  0.32885E-01  0.21376E-01  0.13485E-01  0.81745E-02  0.46811E-02
 0.16000E+01 -0.13965E-01 -0.26409E-01 -0.55156E-02  0.40213E-01  0.88829E-01  0.12065E+00  0.12837E+00  0.11639E+00  0.94198E-01  0.70250E-01  0.49447E-01  0.33420E-01  0.21889E-01  0.13891E-01  0.84579E-02  0.48593E-02
 0.18000E+01 -0.84135E-02 -0.27129E-01 -0.12371E-01  0.29328E-01  0.76790E-01  0.10985E+00  0.12006E+00  0.11075E+00  0.90766E-01  0.68356E-01  0.48495E-01  0.32986E-01  0.21716E-01  0.13836E-01  0.84504E-02  0.48659E-02
 0.20000E+01 -0.49691E-02 -0.26961E-01 -0.16094E-01  0.22406E-01  0.68270E-01  0.10145E+00  0.11298E+00  0.10548E+00  0.87197E-01  0.66119E-01  0.47171E-01  0.32233E-01  0.21299E-01  0.13610E-01  0.83307E-02  0.48050E-02
 0.22000E+01 -0.27076E-02 -0.26472E-01 -0.18238E-01  0.17691E-01  0.61918E-01  0.94750E-01  0.10701E+00  0.10079E+00  0.83858E-01  0.63914E-01  0.45790E-01  0.31399E-01  0.20807E-01  0.13325E-01  0.81702E-02  0.47184E-02
 0.24000E+01 -0.11401E-02 -0.25873E-01 -0.19527E-01  0.14280E-01  0.56953E-01  0.89241E-01  0.10190E+00  0.96637E-01  0.80814E-01  0.61842E-01  0.44455E-01  0.30568E-01  0.20302E-01  0.13025E-01  0.79973E-02  0.46234E-02
 0.26000E+01 -0.47663E-06 -0.25245E-01 -0.20320E-01  0.11686E-01  0.52910E-01  0.84569E-01  0.97436E-01  0.92929E-01  0.78036E-01  0.59916E-01  0.43189E-01  0.29766E-01  0.19807E-01  0.12726E-01  0.78231E-02  0.45265E-02
 0.28000E+01  0.85780E-03 -0.24618E-01 -0.20807E-01  0.96312E-02  0.49505E-01  0.80504E-01  0.93467E-01  0.89570E-01  0.75482E-01  0.58120E-01  0.41994E-01  0.29000E-01  0.19328E-01  0.12435E-01  0.76518E-02  0.44307E-02
 0.30000E+01  0.16953E-02 -0.23804E-01 -0.21093E-01  0.76050E-02  0.45878E-01  0.76013E-01  0.88978E-01  0.85705E-01  0.72500E-01  0.55995E-01  0.40563E-01  0.28073E-01  0.18744E-01  0.12076E-01  0.74392E-02  0.43112E-02
 0.00000E+00  0.77380E+00  0.38638E+00  0.54279E-01 -0.12854E+00 -0.16621E+00 -0.12155E+00 -0.58313E-01 -0.11128E-01  0.12920E-01  0.20122E-01  0.18788E-01  0.14593E-01  0.10285E-01  0.67891E-02  0.42235E-02  0.24557E-02
 0.20000E+00  0.25110E+00  0.31323E+00  0.30398E+00  0.23330E+00  0.13721E+00  0.52000E-01 -0.35719E-02 -0.29307E-01 -0.34701E-01 -0.30134E-01 -0.22668E-01 -0.15727E-01 -0.10367E-01 -0.65621E-02 -0.39732E-02 -0.22692E-02
 0.40000E+00  0.53227E-01  0.19578E+00  0.27037E+00  0.26122E+00  0.19514E+00  0.11405E+00  0.48339E-01  0.82832E-02 -0.99398E-02 -0.14802E-01 -0.13516E-01 -0.10360E-01 -0.72438E-02 -0.47594E-02 -0.29530E-02 -0.17144E-02
 0.60000E+00 -0.11156E-01  0.13929E+00  0.23444E+00  0.25097E+00  0.20691E+00  0.13888E+00  0.76920E-01  0.34184E-01  0.10428E-01 -0.21509E-03 -0.36961E-02 -0.40076E-02 -0.32450E-02 -0.23056E-02 -0.14985E-02 -0.89578E-03
 0.80000E+00 -0.54562E-01  0.71145E-01  0.16827E+00  0.21023E+00  0.20029E+00  0.16016E+00  0.11277E+00  0.72258E-01  0.43291E-01  0.24850E-01  0.13967E-01  0.78164E-02  0.43930E-02  0.24726E-02  0.13744E-02  0.73789E-03
 0.10000E+01 -0.56620E-01  0.14357E-01  0.88978E-01  0.14451E+00  0.16891E+00  0.16371E+00  0.13916E+00  0.10721E+00  0.76666E-01  0.51929E-01  0.33892E-01  0.21592E-01  0.13513E-01  0.82847E-02  0.49175E-02  0.27733E-02
 0.12000E+01 -0.38488E-01 -0.13069E-01  0.35550E-01  0.90948E-01  0.13328E+00  0.15079E+00  0.14387E+00  0.12115E+00  0.92886E-01  0.66455E-01  0.45274E-01  0.29820E-01  0.19142E-01  0.11961E-01  0.71995E-02  0.41014E-02
 0.14000E+01 -0.23301E-01 -0.23201E-01  0.79608E-02  0.58592E-01  0.10665E+00  0.13452E+00  0.13734E+00  0.12119E+00  0.96171E-01  0.70642E-01  0.49128E-01  0.32885E-01  0.21376E-01  0.13485E-01  0.81745E-02  0.46811E-02
 0.16000E+01 -0.13965E-01 -0.26409E-01 -0.55156E-02  0.40213E-01  0.88829E-01  0.12065E+00  0.12837E+00  0.11639E+00  0.94198E-01  0.70250E-01  0.49447E-01  0.33420E-01  0.21889E-01  0.13891E-01  0.84579E-02  0.48593E-02
 0.18000E+01 -0.84135E-02 -0.27129E-01 -0.12371E-01  0.29328E-01  0.76790E-01  0.10985E+00  0.12006E+00  0.11075E+00  0.90766E-01  0.68356E-01  0.48495E-01  0.32986E-01  0.21716E-01  0.13836E-01  0.84504E-02  0.48659E-02
 0.20000E+01 -0.49691E-02 -0.26961E-01 -0.16094E-01  0.22406E-01  0.68270E-01  0.10145E+00  0.11298E+00  0.10548E+00  0.87197E-01  0.66119E-01  0.47171E-01  0.32233E-01  0.21299E-01  0.13610E-01  0.83307E-02  0.48050E-02
 0.22000E+01 -0.27076E-02 -0.26472E-01 -0.18238E-01  0.17691E-01  0.61918E-01  0.94750E-01  0.10701E+00  0.10079E+00  0.83858E-01  0.63914E-01  0.45790E-01  0.31399E-01  0.20807E-01  0.13325E-01  0.81702E-02  0.47184E-02
 0.24000E+01 -0.11401E-02 -0.25873E-01 -0.19527E-01  0.14280E-01  0.56953E-01  0.89241E-01  0.10190E+00  0.96637E-01  0.80814E-01  0.61842E-01  0.44455E-01  0.30568E-01  0.20302E-01  0.13025E-01  0.79973E-02  0.46234E-02
 0.26000E+01 -0.47663E-06 -0.25245E-01 -0.20320E-01  0.11686E-01  0.52910E-01  0.84569E-01  0.97436E-01  0.92929E-01  0.78036E-01  0.59916E-01  0.43189E-01  0.29766E-01  0.19807E-01  0.12726E-01  0.78231E-02  0.45265E-02
 0.28000E+01  0.85780E-03 -0.24618E-01 -0.20807E-01  0.96312E-02  0.49505E-01  0.80504E-01  0.93467E-01  0.89570E-01  0.75482E-01  0.58120E-01  0.41994E-01  0.29000E-01  0.19328E-01  0.12435E-01  0.76518E-02  0.44307E-02
 0.30000E+01  0.16953E-02 -0.23804E-01 -0.21093E-01  0.76050E-02  0.45878E-01  0.76013E-01  0.88978E-01  0.85705E-01  0.72500E-01  0.55995E-01  0.40563E-01  0.28073E-01  0.18744E-01  0.12076E-01  0.74392E-02  0.43112E-02
