 0.00000E+00  0.67003E+00  0.38403E+00  0.11281E+00 -0.62941E-01 -0.12972E+00 -0.12230E+00 -0.85252E-01 -0.48267E-01 -0.22623E-01 -0.83594E-02 -0.17550E-02  0.71793E-03  0.13107E-02  0.11868E-02  0.86528E-03  0.55113E-03
 0.20000E+00  0.32858E+00  0.32433E+00  0.27302E+00  0.19463E+00  0.11495E+00  0.52416E-01  0.13085E-01 -0.63807E-02 -0.12932E-01 -0.12902E-01 -0.10422E-01 -0.75807E-02 -0.51721E-02 -0.33573E-02 -0.20694E-02 -0.11965E-02
 0.40000E+00  0.92493E-01  0.18851E+00  0.23787E+00  0.23005E+00  0.18203E+00  0.12128E+00  0.68796E-01  0.32908E-01  0.12504E-01  0.27462E-02 -0.10436E-02 -0.20166E-02 -0.18827E-02 -0.14277E-02 -0.96179E-03 -0.58732E-03
 0.60000E+00  0.53334E-02  0.12308E+00  0.20256E+00  0.22336E+00  0.19547E+00  0.14453E+00  0.93595E-01  0.54516E-01  0.29223E-01  0.14723E-01  0.71098E-02  0.33465E-02  0.15534E-02  0.71401E-03  0.32342E-03  0.14256E-03
 0.80000E+00 -0.47194E-01  0.66751E-01  0.15615E+00  0.19637E+00  0.18941E+00  0.15424E+00  0.11142E+00  0.73914E-01  0.46313E-01  0.28057E-01  0.16736E-01  0.99449E-02  0.59054E-02  0.34824E-02  0.20086E-02  0.11091E-02
 0.10000E+01 -0.63907E-01  0.26637E-01  0.10781E+00  0.15615E+00  0.16659E+00  0.14904E+00  0.11834E+00  0.86359E-01  0.59393E-01  0.39248E-01  0.25282E-01  0.16022E-01  0.10015E-01  0.61428E-02  0.36478E-02  0.20574E-02
 0.12000E+01 -0.59513E-01  0.50098E-02  0.71214E-01  0.11923E+00  0.13979E+00  0.13544E+00  0.11549E+00  0.89775E-01  0.65204E-01  0.45090E-01  0.30124E-01  0.19638E-01  0.12541E-01  0.78134E-02  0.46928E-02  0.26683E-02
 0.14000E+01 -0.50517E-01 -0.53156E-02  0.47826E-01  0.92496E-01  0.11754E+00  0.12106E+00  0.10844E+00  0.87748E-01  0.65824E-01  0.46695E-01  0.31819E-01  0.21059E-01  0.13600E-01  0.85440E-02  0.51626E-02  0.29481E-02
 0.16000E+01 -0.42793E-01 -0.10219E-01  0.33466E-01  0.74473E-01  0.10106E+00  0.10884E+00  0.10083E+00  0.83731E-01  0.64083E-01  0.46169E-01  0.31838E-01  0.21263E-01  0.13826E-01  0.87300E-02  0.52946E-02  0.30317E-02
 0.18000E+01 -0.37044E-01 -0.12647E-01  0.24395E-01  0.62192E-01  0.88976E-01  0.99059E-01  0.93949E-01  0.79394E-01  0.61574E-01  0.44815E-01  0.31146E-01  0.20925E-01  0.13669E-01  0.86602E-02  0.52656E-02  0.30206E-02
 0.20000E+01 -0.32811E-01 -0.13900E-01  0.18356E-01  0.53468E-01  0.79883E-01  0.91210E-01  0.88006E-01  0.75305E-01  0.58952E-01  0.43213E-01  0.30198E-01  0.20375E-01  0.13353E-01  0.84809E-02  0.51661E-02  0.29675E-02
 0.22000E+01 -0.29614E-01 -0.14554E-01  0.14117E-01  0.46979E-01  0.72787E-01  0.84782E-01  0.82887E-01  0.71592E-01  0.56436E-01  0.41589E-01  0.29183E-01  0.19753E-01  0.12977E-01  0.82579E-02  0.50373E-02  0.28966E-02
 0.24000E+01 -0.27113E-01 -0.14880E-01  0.10995E-01  0.41940E-01  0.67049E-01  0.79385E-01  0.78427E-01  0.68241E-01  0.54088E-01  0.40024E-01  0.28175E-01  0.19119E-01  0.12585E-01  0.80205E-02  0.48980E-02  0.28189E-02
 0.26000E+01 -0.25087E-01 -0.15016E-01  0.85968E-02  0.37873E-01  0.62254E-01  0.74733E-01  0.74475E-01  0.65194E-01  0.51903E-01  0.38537E-01  0.27200E-01  0.18495E-01  0.12194E-01  0.77809E-02  0.47562E-02  0.27392E-02
 0.28000E+01 -0.23400E-01 -0.15037E-01  0.66909E-02  0.34487E-01  0.58136E-01  0.70636E-01  0.70915E-01  0.62395E-01  0.49860E-01  0.37126E-01  0.26262E-01  0.17888E-01  0.11810E-01  0.75440E-02  0.46151E-02  0.26595E-02
 0.30000E+01 -0.21592E-01 -0.14907E-01  0.48289E-02  0.30945E-01  0.53658E-01  0.66045E-01  0.66828E-01  0.59114E-01  0.47423E-01  0.35416E-01  0.25111E-01  0.17136E-01  0.11330E-01  0.72454E-02  0.44363E-02  0.25581E-02
 0.00000E+00  0.67003E+00  0.38403E+00  0.11281E+00 -0.62941E-01 -0.12972E+00 -0.12230E+00 -0.85252E-01 -0.48267E-01 -0.22623E-01 -0.83594E-02 -0.17550E-02  0.71793E-03  0.13107E-02  0.11868E-02  0.86528E-03  0.55113E-03
 0.20000E+00  0.32858E+00  0.32433E+00  0.27302E+00  0.19463E+00  0.11495E+00  0.52416E-01  0.13085E-01 -0.63807E-02 -0.12932E-01 -0.12902E-01 -0.10422E-01 -0.75807E-02 -0.51721E-02 -0.33573E-02 -0.20694E-02 -0.11965E-02
 0.40000E+00  0.92493E-01  0.18851E+00  0.23787E+00  0.23005E+00  0.18203E+00  0.12128E+00  0.68796E-01  0.32908E-01  0.12504E-01  0.27462E-02 -0.10436E-02 -0.20166E-02 -0.18827E-02 -0.14277E-02 -0.96179E-03 -0.58732E-03
 0.60000E+00  0.53334E-02  0.12308E+00  0.20256E+00  0.22336E+00  0.19547E+00  0.14453E+00  0.93595E-01  0.54516E-01  0.29223E-01  0.14723E-01  0.71098E-02  0.33465E-02  0.15534E-02  0.71401E-03  0.32342E-03  0.14256E-03
 0.80000E+00 -0.47194E-01  0.66751E-01  0.15615E+00  0.19637E+00  0.18941E+00  0.15424E+00  0.11142E+00  0.73914E-01  0.46313E-01  0.28057E-01  0.16736E-01  0.99449E-02  0.59054E-02  0.34824E-02  0.20086E-02  0.11091E-02
 0.10000E+01 -0.63907E-01  0.26637E-01  0.10781E+00  0.15615E+00  0.16659E+00  0.14904E+00  0.11834E+00  0.86359E-01  0.59393E-01  0.39248E-01  0.25282E-01  0.16022E-01  0.10015E-01  0.61428E-02  0.36478E-02  0.20574E-02
 0.12000E+01 -0.59513E-01  0.50098E-02  0.71214E-01  0.11923E+00  0.13979E+00  0.13544E+00  0.11549E+00  0.89775E-01  0.65204E-01  0.45090E-01  0.30124E-01  0.19638E-01  0.12541E-01  0.78134E-02  0.46928E-02  0.26683E-02
 0.14000E+01 -0.50517E-01 -0.53156E-02  0.47826E-01  0.92496E-01  0.11754E+00  0.12106E+00  0.10844E+00  0.87748E-01  0.65824E-01  0.46695E-01  0.31819E-01  0.21059E-01  0.13600E-01  0.85440E-02  0.51626E-02  0.29481E-02
 0.16000E+01 -0.42793E-01 -0.10219E-01  0.33466E-01  0.74473E-01  0.10106E+00  0.10884E+00  0.10083E+00  0.83731E-01  0.64083E-01  0.46169E-01  0.31838E-01  0.21263E-01  0.13826E-01  0.87300E-02  0.52946E-02  0.30317E-02
 0.18000E+01 -0.37044E-01 -0.12647E-01  0.24395E-01  0.62192E-01  0.88976E-01  0.99059E-01  0.93949E-01  0.79394E-01  0.61574E-01  0.44815E-01  0.31146E-01  0.20925E-01  0.13669E-01  0.86602E-02  0.52656E-02  0.30206E-02
 0.20000E+01 -0.32811E-01 -0.13900E-01  0.18356E-01  0.53468E-01  0.79883E-01  0.91210E-01  0.88006E-01  0.75305E-01  0.58952E-01  0.43213E-01  0.30198E-01  0.20375E-01  0.13353E-01  0.84809E-02  0.51661E-02  0.29675E-02
 0.22000E+01 -0.29614E-01 -0.14554E-01  0.14117E-01  0.46979E-01  0.72787E-01  0.84782E-01  0.82887E-01  0.71592E-01  0.56436E-01  0.41589E-01  0.29183E-01  0.19753E-01  0.12977E-01  0.82579E-02  0.50373E-02  0.28966E-02
 0.24000E+01 -0.27113E-01 -0.14880E-01  0.10995E-01  0.41940E-01  0.67049E-01  0.79385E-01  0.78427E-01  0.68241E-01  0.54088E-01  0.40024E-01  0.28175E-01  0.19119E-01  0.12585E-01  0.80205E-02  0.48980E-02  0.28189E-02
 0.26000E+01 -0.25087E-01 -0.15016E-01  0.85968E-02  0.37873E-01  0.62254E-01  0.74733E-01  0.74475E-01  0.65194E-01  0.51903E-01  0.38537E-01  0.27200E-01  0.18495E-01  0.12194E-01  0.77809E-02  0.47562E-02  0.27392E-02
 0.28000E+01 -0.23400E-01 -0.15037E-01  0.66909E-02  0.34487E-01  0.58136E-01  0.70636E-01  0.70915E-01  0.62395E-01  0.49860E-01  0.37126E-01  0.26262E-01  0.17888E-01  0.11810E-01  0.75440E-02  0.46151E-02  0.26595E-02
 0.30000E+01 -0.21592E-01 -0.14907E-01  0.48289E-02  0.30945E-01  0.53658E-01  0.66045E-01  0.66828E-01  0.59114E-01  0.47423E-01  0.35416E-01  0.25111E-01  0.17136E-01  0.11330E-01  0.72454E-02  0.44363E-02  0.25581E-02
