 0.00000E+00  0.85059E+00  0.29597E+00 -0.89915E-01 -0.22388E+00 -0.17449E+00 -0.62981E-01  0.26512E-01  0.69177E-01  0.75737E-01  0.64635E-01  0.48843E-01  0.34419E-01  0.23133E-01  0.14907E-01  0.91498E-02  0.52736E-02
 0.20000E+00  0.23898E+00  0.44238E+00  0.45996E+00  0.32107E+00  0.12835E+00 -0.26142E-01 -0.10686E+00 -0.12558E+00 -0.11050E+00 -0.84548E-01 -0.59802E-01 -0.40319E-01 -0.26263E-01 -0.16543E-01 -0.99860E-02 -0.56862E-02
 0.40000E+00 -0.43050E-01  0.21391E+00  0.34280E+00  0.32604E+00  0.22223E+00  0.10625E+00  0.22797E-01 -0.20079E-01 -0.33856E-01 -0.32718E-01 -0.26274E-01 -0.19228E-01 -0.13270E-01 -0.87217E-02 -0.54332E-02 -0.31663E-02
 0.60000E+00 -0.46306E-01  0.91010E-01  0.19017E+00  0.22525E+00  0.20508E+00  0.15700E+00  0.10615E+00  0.65749E-01  0.38435E-01  0.21703E-01  0.12024E-01  0.65900E-02  0.35806E-02  0.19217E-02  0.10092E-02  0.51090E-03
 0.80000E+00 -0.28045E-01  0.34881E-01  0.10552E+00  0.15843E+00  0.17859E+00  0.16757E+00  0.13780E+00  0.10295E+00  0.71882E-01  0.47974E-01  0.31104E-01  0.19778E-01  0.12364E-01  0.75598E-02  0.44658E-02  0.25032E-02
 0.10000E+01 -0.14930E-01  0.72310E-02  0.59389E-01  0.11805E+00  0.15727E+00  0.16553E+00  0.14805E+00  0.11785E+00  0.86410E-01  0.59928E-01  0.40068E-01  0.26123E-01  0.16668E-01  0.10363E-01  0.62034E-02  0.35131E-02
 0.12000E+01 -0.60700E-02 -0.86424E-02  0.30811E-01  0.90868E-01  0.14008E+00  0.15959E+00  0.15007E+00  0.12365E+00  0.92969E-01  0.65720E-01  0.44603E-01  0.29432E-01  0.18963E-01  0.11882E-01  0.71569E-02  0.40723E-02
 0.14000E+01  0.18516E-03 -0.18782E-01  0.11166E-01  0.70625E-01  0.12533E+00  0.15197E+00  0.14811E+00  0.12493E+00  0.95516E-01  0.68375E-01  0.46865E-01  0.31170E-01  0.20212E-01  0.12730E-01  0.76986E-02  0.43941E-02
 0.16000E+01  0.46067E-02 -0.25452E-01 -0.28700E-02  0.54863E-01  0.11230E+00  0.14347E+00  0.14377E+00  0.12343E+00  0.95553E-01  0.69045E-01  0.47674E-01  0.31897E-01  0.20783E-01  0.13141E-01  0.79709E-02  0.45601E-02
 0.18000E+01  0.76153E-02 -0.29744E-01 -0.12882E-01  0.42473E-01  0.10076E+00  0.13463E+00  0.13798E+00  0.12012E+00  0.93902E-01  0.68353E-01  0.47471E-01  0.31910E-01  0.20871E-01  0.13237E-01  0.80485E-02  0.46129E-02
 0.20000E+01  0.95343E-02 -0.32360E-01 -0.19902E-01  0.32755E-01  0.90635E-01  0.12590E+00  0.13143E+00  0.11571E+00  0.91165E-01  0.66754E-01  0.46578E-01  0.31429E-01  0.20621E-01  0.13110E-01  0.79872E-02  0.45846E-02
 0.22000E+01  0.10641E-01 -0.33808E-01 -0.24713E-01  0.25159E-01  0.81836E-01  0.11757E+00  0.12463E+00  0.11074E+00  0.87803E-01  0.64604E-01  0.45251E-01  0.30629E-01  0.20147E-01  0.12835E-01  0.78321E-02  0.45011E-02
 0.24000E+01  0.11174E-01 -0.34476E-01 -0.27944E-01  0.19203E-01  0.74220E-01  0.10982E+00  0.11792E+00  0.10558E+00  0.84155E-01  0.62168E-01  0.43684E-01  0.29645E-01  0.19541E-01  0.12470E-01  0.76196E-02  0.43835E-02
 0.26000E+01  0.11312E-01 -0.34631E-01 -0.30059E-01  0.14495E-01  0.67614E-01  0.10269E+00  0.11149E+00  0.10046E+00  0.80432E-01  0.59618E-01  0.42004E-01  0.28568E-01  0.18864E-01  0.12056E-01  0.73745E-02  0.42461E-02
 0.28000E+01  0.11172E-01 -0.34448E-01 -0.31378E-01  0.10746E-01  0.61857E-01  0.96163E-01  0.10540E+00  0.95493E-01  0.76743E-01  0.57046E-01  0.40283E-01  0.27448E-01  0.18152E-01  0.11615E-01  0.71116E-02  0.40977E-02
 0.30000E+01  0.10767E-01 -0.33858E-01 -0.32185E-01  0.71126E-02  0.55650E-01  0.88763E-01  0.98275E-01  0.89556E-01  0.72257E-01  0.53872E-01  0.38133E-01  0.26033E-01  0.17244E-01  0.11048E-01  0.67713E-02  0.39047E-02
 0.00000E+00  0.85059E+00  0.29597E+00 -0.89915E-01 -0.22388E+00 -0.17449E+00 -0.62981E-01  0.26512E-01  0.69177E-01  0.75737E-01  0.64635E-01  0.48843E-01  0.34419E-01  0.23133E-01  0.14907E-01  0.91498E-02  0.52736E-02
 0.20000E+00  0.23898E+00  0.44238E+00  0.45996E+00  0.32107E+00  0.12835E+00 -0.26142E-01 -0.10686E+00 -0.12558E+00 -0.11050E+00 -0.84548E-01 -0.59802E-01 -0.40319E-01 -0.26263E-01 -0.16543E-01 -0.99860E-02 -0.56862E-02
 0.40000E+00 -0.43050E-01  0.21391E+00  0.34280E+00  0.32604E+00  0.22223E+00  0.10625E+00  0.22797E-01 -0.20079E-01 -0.33856E-01 -0.32718E-01 -0.26274E-01 -0.19228E-01 -0.13270E-01 -0.87217E-02 -0.54332E-02 -0.31663E-02
 0.60000E+00 -0.46306E-01  0.91010E-01  0.19017E+00  0.22525E+00  0.20508E+00  0.15700E+00  0.10615E+00  0.65749E-01  0.38435E-01  0.21703E-01  0.12024E-01  0.65900E-02  0.35806E-02  0.19217E-02  0.10092E-02  0.51090E-03
 0.80000E+00 -0.28045E-01  0.34881E-01  0.10552E+00  0.15843E+00  0.17859E+00  0.16757E+00  0.13780E+00  0.10295E+00  0.71882E-01  0.47974E-01  0.31104E-01  0.19778E-01  0.12364E-01  0.75598E-02  0.44658E-02  0.25032E-02
 0.10000E+01 -0.14930E-01  0.72310E-02  0.59389E-01  0.11805E+00  0.15727E+00  0.16553E+00  0.14805E+00  0.11785E+00  0.86410E-01  0.59928E-01  0.40068E-01  0.26123E-01  0.16668E-01  0.10363E-01  0.62034E-02  0.35131E-02
 0.12000E+01 -0.60700E-02 -0.86424E-02  0.30811E-01  0.90868E-01  0.14008E+00  0.15959E+00  0.15007E+00  0.12365E+00  0.92969E-01  0.65720E-01  0.44603E-01  0.29432E-01  0.18963E-01  0.11882E-01  0.71569E-02  0.40723E-02
 0.14000E+01  0.18516E-03 -0.18782E-01  0.11166E-01  0.70625E-01  0.12533E+00  0.15197E+00  0.14811E+00  0.12493E+00  0.95516E-01  0.68375E-01  0.46865E-01  0.31170E-01  0.20212E-01  0.12730E-01  0.76986E-02  0.43941E-02
 0.16000E+01  0.46067E-02 -0.25452E-01 -0.28700E-02  0.54863E-01  0.11230E+00  0.14347E+00  0.14377E+00  0.12343E+00  0.95553E-01  0.69045E-01  0.47674E-01  0.31897E-01  0.20783E-01  0.13141E-01  0.79709E-02  0.45601E-02
 0.18000E+01  0.76153E-02 -0.29744E-01 -0.12882E-01  0.42473E-01  0.10076E+00  0.13463E+00  0.13798E+00  0.12012E+00  0.93902E-01  0.68353E-01  0.47471E-01  0.31910E-01  0.20871E-01  0.13237E-01  0.80485E-02  0.46129E-02
 0.20000E+01  0.95343E-02 -0.32360E-01 -0.19902E-01  0.32755E-01  0.90635E-01  0.12590E+00  0.13143E+00  0.11571E+00  0.91165E-01  0.66754E-01  0.46578E-01  0.31429E-01  0.20621E-01  0.13110E-01  0.79872E-02  0.45846E-02
 0.22000E+01  0.10641E-01 -0.33808E-01 -0.24713E-01  0.25159E-01  0.81836E-01  0.11757E+00  0.12463E+00  0.11074E+00  0.87803E-01  0.64604E-01  0.45251E-01  0.30629E-01  0.20147E-01  0.12835E-01  0.78321E-02  0.45011E-02
 0.24000E+01  0.11174E-01 -0.34476E-01 -0.27944E-01  0.19203E-01  0.74220E-01  0.10982E+00  0.11792E+00  0.10558E+00  0.84155E-01  0.62168E-01  0.43684E-01  0.29645E-01  0.19541E-01  0.12470E-01  0.76196E-02  0.43835E-02
 0.26000E+01  0.11312E-01 -0.34631E-01 -0.30059E-01  0.14495E-01  0.67614E-01  0.10269E+00  0.11149E+00  0.10046E+00  0.80432E-01  0.59618E-01  0.42004E-01  0.28568E-01  0.18864E-01  0.12056E-01  0.73745E-02  0.42461E-02
 0.28000E+01  0.11172E-01 -0.34448E-01 -0.31378E-01  0.10746E-01  0.61857E-01  0.96163E-01  0.10540E+00  0.95493E-01  0.76743E-01  0.57046E-01  0.40283E-01  0.27448E-01  0.18152E-01  0.11615E-01  0.71116E-02  0.40977E-02
 0.30000E+01  0.10767E-01 -0.33858E-01 -0.32185E-01  0.71126E-02  0.55650E-01  0.88763E-01  0.98275E-01  0.89556E-01  0.72257E-01  0.53872E-01  0.38133E-01  0.26033E-01  0.17244E-01  0.11048E-01  0.67713E-02  0.39047E-02
