 0.00000E+00  0.70036E+00  0.32032E+00 -0.63938E-01 -0.14581E+00 -0.68960E-01 -0.83692E-03  0.24943E-01  0.26876E-01  0.21140E-01  0.14706E-01  0.95976E-02  0.60174E-02  0.36599E-02  0.21606E-02  0.12092E-02  0.58668E-03
 0.20000E+00  0.42127E+00  0.47119E+00  0.32476E+00  0.12884E+00  0.65150E-02 -0.37441E-01 -0.41274E-01 -0.32458E-01 -0.22540E-01 -0.14752E-01 -0.93391E-02 -0.57858E-02 -0.35251E-02 -0.21080E-02 -0.12029E-02 -0.59423E-03
 0.40000E+00 -0.86278E-01  0.25352E+00  0.41990E+00  0.31140E+00  0.13643E+00  0.28344E-01 -0.13054E-01 -0.21384E-01 -0.18441E-01 -0.13298E-01 -0.88194E-02 -0.55616E-02 -0.33786E-02 -0.19809E-02 -0.10973E-02 -0.52736E-03
 0.60000E+00 -0.13376E+00  0.10369E+00  0.28668E+00  0.28720E+00  0.19754E+00  0.11444E+00  0.62436E-01  0.33916E-01  0.18732E-01  0.10562E-01  0.60689E-02  0.35446E-02  0.20985E-02  0.12492E-02  0.71953E-03  0.35906E-03
 0.80000E+00 -0.72996E-01  0.16103E-01  0.14718E+00  0.22236E+00  0.21777E+00  0.17120E+00  0.11937E+00  0.77962E-01  0.49118E-01  0.30288E-01  0.18400E-01  0.11044E-01  0.65507E-02  0.38222E-02  0.21311E-02  0.10323E-02
 0.10000E+01 -0.14142E-01 -0.28329E-01  0.53364E-01  0.16569E+00  0.21410E+00  0.19429E+00  0.14669E+00  0.10029E+00  0.64909E-01  0.40658E-01  0.24908E-01  0.14994E-01  0.88795E-02  0.51512E-02  0.28483E-02  0.13690E-02
 0.12000E+01  0.22689E-01 -0.48790E-01 -0.32369E-03  0.12586E+00  0.20105E+00  0.19725E+00  0.15453E+00  0.10775E+00  0.70510E-01  0.44446E-01  0.27319E-01  0.16463E-01  0.97423E-02  0.56380E-02  0.31065E-02  0.14882E-02
 0.14000E+01  0.42483E-01 -0.57105E-01 -0.29251E-01  0.98544E-01  0.18482E+00  0.18991E+00  0.15181E+00  0.10696E+00  0.70410E-01  0.44545E-01  0.27443E-01  0.16562E-01  0.98090E-02  0.56786E-02  0.31292E-02  0.14991E-02
 0.16000E+01  0.51426E-01 -0.59180E-01 -0.43697E-01  0.79424E-01  0.16789E+00  0.17750E+00  0.14357E+00  0.10177E+00  0.67252E-01  0.42670E-01  0.26356E-01  0.15949E-01  0.94745E-02  0.55047E-02  0.30455E-02  0.14643E-02
 0.18000E+01  0.54004E-01 -0.57948E-01 -0.49796E-01  0.65496E-01  0.15121E+00  0.16277E+00  0.13259E+00  0.94348E-01  0.62527E-01  0.39784E-01  0.24655E-01  0.14980E-01  0.89453E-02  0.52314E-02  0.29159E-02  0.14114E-02
 0.20000E+01  0.52402E-01 -0.54790E-01 -0.50577E-01  0.55110E-01  0.13501E+00  0.14683E+00  0.12005E+00  0.85621E-01  0.56881E-01  0.36310E-01  0.22602E-01  0.13816E-01  0.83156E-02  0.49125E-02  0.27697E-02  0.13543E-02
 0.22000E+01  0.48463E-01 -0.50693E-01 -0.48314E-01  0.47154E-01  0.11972E+00  0.13083E+00  0.10711E+00  0.76492E-01  0.50933E-01  0.32636E-01  0.20430E-01  0.12586E-01  0.76542E-02  0.45811E-02  0.26203E-02  0.12974E-02
 0.24000E+01  0.42882E-01 -0.46055E-01 -0.43987E-01  0.40985E-01  0.10526E+00  0.11495E+00  0.94028E-01  0.67175E-01  0.44835E-01  0.28866E-01  0.18205E-01  0.11332E-01  0.69855E-02  0.42513E-02  0.24758E-02  0.12445E-02
 0.26000E+01  0.36342E-01 -0.41088E-01 -0.38328E-01  0.36104E-01  0.91541E-01  0.99383E-01  0.81029E-01  0.57860E-01  0.38722E-01  0.25085E-01  0.15977E-01  0.10081E-01  0.63228E-02  0.39288E-02  0.23377E-02  0.11958E-02
 0.28000E+01  0.29119E-01 -0.35988E-01 -0.31796E-01  0.32195E-01  0.78506E-01  0.84195E-01  0.68220E-01  0.48639E-01  0.32659E-01  0.21333E-01  0.13768E-01  0.88441E-02  0.56718E-02  0.36152E-02  0.22061E-02  0.11509E-02
 0.30000E+01  0.23919E-01 -0.31936E-01 -0.27672E-01  0.27300E-01  0.66356E-01  0.70734E-01  0.57092E-01  0.40702E-01  0.27456E-01  0.18109E-01  0.11858E-01  0.77614E-02  0.50891E-02  0.33233E-02  0.20747E-02  0.11009E-02
