 0.00000E+00  0.70426E+00  0.31416E+00 -0.74144E-01 -0.14829E+00 -0.62663E-01  0.76986E-02  0.31348E-01  0.30572E-01  0.22999E-01  0.15575E-01  0.99921E-02  0.61987E-02  0.37486E-02  0.22083E-02  0.12359E-02  0.59972E-03
 0.20000E+00  0.42541E+00  0.47679E+00  0.32659E+00  0.12492E+00  0.28621E-03 -0.42338E-01 -0.43942E-01 -0.33581E-01 -0.22921E-01 -0.14862E-01 -0.93811E-02 -0.58265E-02 -0.35762E-02 -0.21635E-02 -0.12515E-02 -0.62553E-03
 0.40000E+00 -0.10262E+00  0.26022E+00  0.43890E+00  0.32047E+00  0.13172E+00  0.18606E-01 -0.21348E-01 -0.26760E-01 -0.21564E-01 -0.15054E-01 -0.98156E-02 -0.61446E-02 -0.37332E-02 -0.22026E-02 -0.12325E-02 -0.59798E-03
 0.60000E+00 -0.14034E+00  0.10097E+00  0.29022E+00  0.29203E+00  0.19948E+00  0.11398E+00  0.61322E-01  0.33031E-01  0.18225E-01  0.10337E-01  0.60075E-02  0.35629E-02  0.21483E-02  0.13049E-02  0.76671E-03  0.38882E-03
 0.80000E+00 -0.63351E-01  0.96272E-02  0.13558E+00  0.21884E+00  0.22183E+00  0.17710E+00  0.12404E+00  0.81013E-01  0.51010E-01  0.31481E-01  0.19184E-01  0.11579E-01  0.69250E-02  0.40846E-02  0.23056E-02  0.11290E-02
 0.10000E+01  0.10556E-02 -0.34295E-01  0.37939E-01  0.15934E+00  0.21842E+00  0.20199E+00  0.15308E+00  0.10447E+00  0.67427E-01  0.42176E-01  0.25856E-01  0.15612E-01  0.92967E-02  0.54363E-02  0.30344E-02  0.14709E-02
 0.12000E+01  0.36917E-01 -0.53353E-01 -0.14303E-01  0.11967E+00  0.20493E+00  0.20451E+00  0.16057E+00  0.11161E+00  0.72758E-01  0.45738E-01  0.28089E-01  0.16947E-01  0.10060E-01  0.58515E-02  0.32445E-02  0.15632E-02
 0.14000E+01  0.53432E-01 -0.60468E-01 -0.40263E-01  0.93629E-01  0.18816E+00  0.19598E+00  0.15672E+00  0.10997E+00  0.72053E-01  0.45423E-01  0.27933E-01  0.16858E-01  0.10002E-01  0.58092E-02  0.32147E-02  0.15461E-02
 0.16000E+01  0.59218E-01 -0.61990E-01 -0.52231E-01  0.75931E-01  0.17113E+00  0.18282E+00  0.14770E+00  0.10417E+00  0.68470E-01  0.43259E-01  0.26650E-01  0.16111E-01  0.95755E-02  0.55727E-02  0.30905E-02  0.14893E-02
 0.18000E+01  0.58871E-01 -0.60695E-01 -0.56368E-01  0.63384E-01  0.15460E+00  0.16761E+00  0.13615E+00  0.96299E-01  0.63425E-01  0.40156E-01  0.24801E-01  0.15041E-01  0.89755E-02  0.52505E-02  0.29288E-02  0.14187E-02
 0.20000E+01  0.55022E-01 -0.57860E-01 -0.55929E-01  0.54114E-01  0.13876E+00  0.15154E+00  0.12336E+00  0.87347E-01  0.57614E-01  0.36563E-01  0.22662E-01  0.13812E-01  0.82967E-02  0.48948E-02  0.27568E-02  0.13468E-02
 0.22000E+01  0.49301E-01 -0.54347E-01 -0.52978E-01  0.47053E-01  0.12394E+00  0.13563E+00  0.11037E+00  0.78144E-01  0.51602E-01  0.32838E-01  0.20446E-01  0.12543E-01  0.76015E-02  0.45354E-02  0.25866E-02  0.12775E-02
 0.24000E+01  0.42362E-01 -0.50441E-01 -0.48352E-01  0.41600E-01  0.11000E+00  0.12000E+00  0.97374E-01  0.68852E-01  0.45507E-01  0.29058E-01  0.18202E-01  0.11265E-01  0.69075E-02  0.41825E-02  0.24237E-02  0.12133E-02
 0.26000E+01  0.34707E-01 -0.46333E-01 -0.42683E-01  0.37281E-01  0.96814E-01  0.10474E+00  0.84522E-01  0.59606E-01  0.39425E-01  0.25285E-01  0.15966E-01  0.99968E-02  0.62248E-02  0.38401E-02  0.22692E-02  0.11543E-02
 0.28000E+01  0.26616E-01 -0.42130E-01 -0.36330E-01  0.33815E-01  0.84299E-01  0.89896E-01  0.71894E-01  0.50480E-01  0.33410E-01  0.21553E-01  0.13758E-01  0.87491E-02  0.55571E-02  0.35090E-02  0.21228E-02  0.10999E-02
 0.30000E+01  0.20265E-01 -0.38730E-01 -0.32024E-01  0.29438E-01  0.72525E-01  0.76605E-01  0.60829E-01  0.42566E-01  0.28214E-01  0.18323E-01  0.11832E-01  0.76447E-02  0.49509E-02  0.31951E-02  0.19738E-02  0.10391E-02
