 0.00000E+00  0.74759E+00  0.35720E+00  0.35475E-01 -0.13316E+00 -0.16265E+00 -0.11815E+00 -0.59055E-01 -0.14810E-01  0.94695E-02  0.19056E-01  0.20393E-01  0.17963E-01  0.14239E-01  0.10425E-01  0.70643E-02  0.43921E-02
 0.20000E+00  0.33967E+00  0.40103E+00  0.36502E+00  0.25770E+00  0.13233E+00  0.32185E-01 -0.27104E-01 -0.51558E-01 -0.54692E-01 -0.48001E-01 -0.38337E-01 -0.28892E-01 -0.20801E-01 -0.14289E-01 -0.92704E-02 -0.55921E-02
 0.40000E+00 -0.27690E-02  0.16525E+00  0.26067E+00  0.26570E+00  0.20906E+00  0.13407E+00  0.70774E-01  0.29147E-01  0.64142E-02 -0.39557E-02 -0.75181E-02 -0.77808E-02 -0.66491E-02 -0.50781E-02 -0.35321E-02 -0.22335E-02
 0.60000E+00 -0.40203E-01  0.77151E-01  0.16405E+00  0.19814E+00  0.18554E+00  0.14789E+00  0.10571E+00  0.70376E-01  0.44898E-01  0.27996E-01  0.17253E-01  0.10552E-01  0.63943E-02  0.38100E-02  0.22022E-02  0.12122E-02
 0.80000E+00 -0.42180E-01  0.49434E-01  0.12700E+00  0.16823E+00  0.17100E+00  0.14794E+00  0.11496E+00  0.83241E-01  0.57694E-01  0.38986E-01  0.25955E-01  0.17084E-01  0.11088E-01  0.70314E-02  0.42913E-02  0.24722E-02
 0.10000E+01 -0.40282E-01  0.33044E-01  0.10300E+00  0.14783E+00  0.16017E+00  0.14665E+00  0.11991E+00  0.90851E-01  0.65515E-01  0.45815E-01  0.31416E-01  0.21212E-01  0.14068E-01  0.90834E-02  0.56253E-02  0.32782E-02
 0.12000E+01 -0.36402E-01  0.19461E-01  0.81530E-01  0.12884E+00  0.14942E+00  0.14447E+00  0.12352E+00  0.97063E-01  0.72108E-01  0.51663E-01  0.36138E-01  0.24803E-01  0.16673E-01  0.10884E-01  0.67987E-02  0.39885E-02
 0.14000E+01 -0.31602E-01  0.80946E-02  0.62427E-01  0.11137E+00  0.13901E+00  0.14163E+00  0.12595E+00  0.10198E+00  0.77530E-01  0.56558E-01  0.40131E-01  0.27861E-01  0.18902E-01  0.12430E-01  0.78091E-02  0.46014E-02
 0.16000E+01 -0.26496E-01 -0.14165E-02  0.45595E-01  0.95531E-01  0.12911E+00  0.13833E+00  0.12735E+00  0.10572E+00  0.81863E-01  0.60553E-01  0.43429E-01  0.30406E-01  0.20768E-01  0.13729E-01  0.86605E-02  0.51190E-02
 0.18000E+01 -0.21434E-01 -0.93702E-02  0.30859E-01  0.81278E-01  0.11979E+00  0.13471E+00  0.12790E+00  0.10842E+00  0.85219E-01  0.63733E-01  0.46093E-01  0.32481E-01  0.22298E-01  0.14799E-01  0.93648E-02  0.55481E-02
 0.20000E+01 -0.16621E-01 -0.15998E-01  0.18041E-01  0.68546E-01  0.11110E+00  0.13087E+00  0.12771E+00  0.11022E+00  0.87709E-01  0.66182E-01  0.48184E-01  0.34130E-01  0.23524E-01  0.15662E-01  0.99345E-02  0.58964E-02
 0.22000E+01 -0.12184E-01 -0.21474E-01  0.70008E-02  0.57275E-01  0.10308E+00  0.12691E+00  0.12692E+00  0.11123E+00  0.89426E-01  0.67974E-01  0.49758E-01  0.35392E-01  0.24473E-01  0.16335E-01  0.10381E-01  0.61705E-02
 0.24000E+01 -0.81557E-02 -0.26000E-01 -0.25063E-02  0.47300E-01  0.95672E-01  0.12290E+00  0.12565E+00  0.11159E+00  0.90506E-01  0.69219E-01  0.50900E-01  0.36330E-01  0.25189E-01  0.16847E-01  0.10724E-01  0.63818E-02
 0.26000E+01 -0.45195E-02 -0.29747E-01 -0.10716E-01  0.38444E-01  0.88826E-01  0.11889E+00  0.12400E+00  0.11143E+00  0.91063E-01  0.70013E-01  0.51683E-01  0.36997E-01  0.25709E-01  0.17226E-01  0.10979E-01  0.65406E-02
 0.28000E+01 -0.12693E-02 -0.32827E-01 -0.17780E-01  0.30590E-01  0.82496E-01  0.11489E+00  0.12205E+00  0.11081E+00  0.91167E-01  0.70414E-01  0.52153E-01  0.37427E-01  0.26059E-01  0.17486E-01  0.11159E-01  0.66531E-02
 0.30000E+01  0.24032E-02 -0.35897E-01 -0.25336E-01  0.21830E-01  0.75048E-01  0.10978E+00  0.11912E+00  0.10943E+00  0.90698E-01  0.70407E-01  0.52338E-01  0.37664E-01  0.26281E-01  0.17665E-01  0.11287E-01  0.67360E-02
 0.00000E+00  0.74759E+00  0.35720E+00  0.35475E-01 -0.13316E+00 -0.16265E+00 -0.11815E+00 -0.59055E-01 -0.14810E-01  0.94695E-02  0.19056E-01  0.20393E-01  0.17963E-01  0.14239E-01  0.10425E-01  0.70643E-02  0.43921E-02
 0.20000E+00  0.33967E+00  0.40103E+00  0.36502E+00  0.25770E+00  0.13233E+00  0.32185E-01 -0.27104E-01 -0.51558E-01 -0.54692E-01 -0.48001E-01 -0.38337E-01 -0.28892E-01 -0.20801E-01 -0.14289E-01 -0.92704E-02 -0.55921E-02
 0.40000E+00 -0.27690E-02  0.16525E+00  0.26067E+00  0.26570E+00  0.20906E+00  0.13407E+00  0.70774E-01  0.29147E-01  0.64142E-02 -0.39557E-02 -0.75181E-02 -0.77808E-02 -0.66491E-02 -0.50781E-02 -0.35321E-02 -0.22335E-02
 0.60000E+00 -0.40203E-01  0.77151E-01  0.16405E+00  0.19814E+00  0.18554E+00  0.14789E+00  0.10571E+00  0.70376E-01  0.44898E-01  0.27996E-01  0.17253E-01  0.10552E-01  0.63943E-02  0.38100E-02  0.22022E-02  0.12122E-02
 0.80000E+00 -0.42180E-01  0.49434E-01  0.12700E+00  0.16823E+00  0.17100E+00  0.14794E+00  0.11496E+00  0.83241E-01  0.57694E-01  0.38986E-01  0.25955E-01  0.17084E-01  0.11088E-01  0.70314E-02  0.42913E-02  0.24722E-02
 0.10000E+01 -0.40282E-01  0.33044E-01  0.10300E+00  0.14783E+00  0.16017E+00  0.14665E+00  0.11991E+00  0.90851E-01  0.65515E-01  0.45815E-01  0.31416E-01  0.21212E-01  0.14068E-01  0.90834E-02  0.56253E-02  0.32782E-02
 0.12000E+01 -0.36402E-01  0.19461E-01  0.81530E-01  0.12884E+00  0.14942E+00  0.14447E+00  0.12352E+00  0.97063E-01  0.72108E-01  0.51663E-01  0.36138E-01  0.24803E-01  0.16673E-01  0.10884E-01  0.67987E-02  0.39885E-02
 0.14000E+01 -0.31602E-01  0.80946E-02  0.62427E-01  0.11137E+00  0.13901E+00  0.14163E+00  0.12595E+00  0.10198E+00  0.77530E-01  0.56558E-01  0.40131E-01  0.27861E-01  0.18902E-01  0.12430E-01  0.78091E-02  0.46014E-02
 0.16000E+01 -0.26496E-01 -0.14165E-02  0.45595E-01  0.95531E-01  0.12911E+00  0.13833E+00  0.12735E+00  0.10572E+00  0.81863E-01  0.60553E-01  0.43429E-01  0.30406E-01  0.20768E-01  0.13729E-01  0.86605E-02  0.51190E-02
 0.18000E+01 -0.21434E-01 -0.93702E-02  0.30859E-01  0.81278E-01  0.11979E+00  0.13471E+00  0.12790E+00  0.10842E+00  0.85219E-01  0.63733E-01  0.46093E-01  0.32481E-01  0.22298E-01  0.14799E-01  0.93648E-02  0.55481E-02
 0.20000E+01 -0.16621E-01 -0.15998E-01  0.18041E-01  0.68546E-01  0.11110E+00  0.13087E+00  0.12771E+00  0.11022E+00  0.87709E-01  0.66182E-01  0.48184E-01  0.34130E-01  0.23524E-01  0.15662E-01  0.99345E-02  0.58964E-02
 0.22000E+01 -0.12184E-01 -0.21474E-01  0.70008E-02  0.57275E-01  0.10308E+00  0.12691E+00  0.12692E+00  0.11123E+00  0.89426E-01  0.67974E-01  0.49758E-01  0.35392E-01  0.24473E-01  0.16335E-01  0.10381E-01  0.61705E-02
 0.24000E+01 -0.81557E-02 -0.26000E-01 -0.25063E-02  0.47300E-01  0.95672E-01  0.12290E+00  0.12565E+00  0.11159E+00  0.90506E-01  0.69219E-01  0.50900E-01  0.36330E-01  0.25189E-01  0.16847E-01  0.10724E-01  0.63818E-02
 0.26000E+01 -0.45195E-02 -0.29747E-01 -0.10716E-01  0.38444E-01  0.88826E-01  0.11889E+00  0.12400E+00  0.11143E+00  0.91063E-01  0.70013E-01  0.51683E-01  0.36997E-01  0.25709E-01  0.17226E-01  0.10979E-01  0.65406E-02
 0.28000E+01 -0.12693E-02 -0.32827E-01 -0.17780E-01  0.30590E-01  0.82496E-01  0.11489E+00  0.12205E+00  0.11081E+00  0.91167E-01  0.70414E-01  0.52153E-01  0.37427E-01  0.26059E-01  0.17486E-01  0.11159E-01  0.66531E-02
 0.30000E+01  0.24032E-02 -0.35897E-01 -0.25336E-01  0.21830E-01  0.75048E-01  0.10978E+00  0.11912E+00  0.10943E+00  0.90698E-01  0.70407E-01  0.52338E-01  0.37664E-01  0.26281E-01  0.17665E-01  0.11287E-01  0.67360E-02
