 0.00000E+00  0.73436E+00  0.30502E+00 -0.92354E-01 -0.15200E+00 -0.55080E-01  0.18252E-01  0.39635E-01  0.35181E-01  0.24810E-01  0.15856E-01  0.96099E-02  0.56119E-02  0.31697E-02  0.17220E-02  0.87747E-03  0.38864E-03
 0.20000E+00  0.38177E+00  0.47900E+00  0.35218E+00  0.13805E+00 -0.43112E-02 -0.53676E-01 -0.53685E-01 -0.39566E-01 -0.25968E-01 -0.16199E-01 -0.98520E-02 -0.58986E-02 -0.34883E-02 -0.20309E-02 -0.11308E-02 -0.54720E-03
 0.40000E+00 -0.88293E-01  0.27205E+00  0.43425E+00  0.30760E+00  0.12129E+00  0.12260E-01 -0.24263E-01 -0.27103E-01 -0.20499E-01 -0.13537E-01 -0.83554E-02 -0.49306E-02 -0.27995E-02 -0.15226E-02 -0.77464E-03 -0.34245E-03
 0.60000E+00 -0.13672E+00  0.10499E+00  0.29187E+00  0.29435E+00  0.20289E+00  0.11594E+00  0.61356E-01  0.32180E-01  0.17291E-01  0.95975E-02  0.54903E-02  0.32223E-02  0.19312E-02  0.11699E-02  0.68701E-03  0.34848E-03
 0.80000E+00 -0.60221E-01  0.73549E-03  0.12920E+00  0.22488E+00  0.23474E+00  0.18832E+00  0.13015E+00  0.82864E-01  0.50578E-01  0.30208E-01  0.17796E-01  0.10362E-01  0.59598E-02  0.33660E-02  0.18137E-02  0.85162E-03
 0.10000E+01  0.11468E-01 -0.47476E-01  0.23254E-01  0.16081E+00  0.23164E+00  0.21636E+00  0.16255E+00  0.10850E+00  0.67919E-01  0.41010E-01  0.24161E-01  0.13932E-01  0.78542E-02  0.42982E-02  0.22223E-02  0.10009E-02
 0.12000E+01  0.47183E-01 -0.64360E-01 -0.28111E-01  0.11782E+00  0.21269E+00  0.21424E+00  0.16700E+00  0.11369E+00  0.71895E-01  0.43574E-01  0.25638E-01  0.14691E-01  0.81843E-02  0.43946E-02  0.22133E-02  0.96910E-03
 0.14000E+01  0.58991E-01 -0.67863E-01 -0.49078E-01  0.90676E-01  0.18976E+00  0.19874E+00  0.15768E+00  0.10837E+00  0.68891E-01  0.41866E-01  0.24655E-01  0.14119E-01  0.78474E-02  0.41958E-02  0.21000E-02  0.91306E-03
 0.16000E+01  0.59273E-01 -0.66229E-01 -0.55854E-01  0.72695E-01  0.16744E+00  0.17908E+00  0.14334E+00  0.98983E-01  0.63113E-01  0.38440E-01  0.22682E-01  0.13017E-01  0.72535E-02  0.38916E-02  0.19565E-02  0.85490E-03
 0.18000E+01  0.54169E-01 -0.62618E-01 -0.55857E-01  0.60061E-01  0.14678E+00  0.15860E+00  0.12739E+00  0.88133E-01  0.56301E-01  0.34378E-01  0.20360E-01  0.11748E-01  0.65989E-02  0.35816E-02  0.18290E-02  0.81287E-03
 0.20000E+01  0.45999E-01 -0.58005E-01 -0.51920E-01  0.50816E-01  0.12742E+00  0.13782E+00  0.11055E+00  0.76434E-01  0.48884E-01  0.29954E-01  0.17854E-01  0.10407E-01  0.59353E-02  0.32925E-02  0.17300E-02  0.79195E-03
 0.22000E+01  0.36345E-01 -0.53065E-01 -0.45933E-01  0.43820E-01  0.10946E+00  0.11757E+00  0.93745E-01  0.64613E-01  0.41353E-01  0.25464E-01  0.15328E-01  0.90770E-02  0.52970E-02  0.30332E-02  0.16572E-02  0.78801E-03
 0.24000E+01  0.26233E-01 -0.48231E-01 -0.39110E-01  0.38381E-01  0.93089E-01  0.98517E-01  0.77714E-01  0.53257E-01  0.34095E-01  0.21139E-01  0.12904E-01  0.78105E-02  0.47001E-02  0.28010E-02  0.16015E-02  0.79321E-03
 0.26000E+01  0.15970E-01 -0.43465E-01 -0.31754E-01  0.34048E-01  0.77906E-01  0.80381E-01  0.62273E-01  0.42253E-01  0.27047E-01  0.16942E-01  0.10561E-01  0.65983E-02  0.41403E-02  0.25943E-02  0.15626E-02  0.80762E-03
 0.28000E+01  0.55522E-02 -0.38823E-01 -0.24058E-01  0.30522E-01  0.63613E-01  0.62935E-01  0.47276E-01  0.31516E-01  0.20159E-01  0.12844E-01  0.82823E-02  0.54300E-02  0.36110E-02  0.24091E-02  0.15380E-02  0.83005E-03
 0.30000E+01 -0.33282E-02 -0.34837E-01 -0.18115E-01  0.26202E-01  0.50013E-01  0.46990E-01  0.33819E-01  0.21969E-01  0.14052E-01  0.92025E-02  0.62405E-02  0.43634E-02  0.31083E-02  0.22136E-02  0.14911E-02  0.83448E-03
