 0.00000E+00  0.78141E+00  0.30712E+00 -0.90553E-01 -0.14174E+00 -0.61857E-01 -0.58894E-02  0.13290E-01  0.14737E-01  0.10508E-01  0.57422E-02  0.21368E-02 -0.90564E-04 -0.12289E-02 -0.16214E-02 -0.14816E-02 -0.96865E-03
 0.20000E+00  0.32054E+00  0.47756E+00  0.37059E+00  0.14782E+00  0.38616E-02 -0.44841E-01 -0.47563E-01 -0.36223E-01 -0.23486E-01 -0.13377E-01 -0.65334E-02 -0.23920E-02 -0.14402E-03  0.88235E-03  0.11039E-02  0.79941E-03
 0.40000E+00 -0.77900E-01  0.24368E+00  0.38482E+00  0.28831E+00  0.14913E+00  0.62801E-01  0.22670E-01  0.65312E-02  0.10319E-02 -0.24204E-03 -0.12828E-03  0.25038E-03  0.53179E-03  0.64216E-03  0.57936E-03  0.37739E-03
 0.60000E+00 -0.79524E-01  0.10879E+00  0.25863E+00  0.26793E+00  0.19987E+00  0.12838E+00  0.77002E-01  0.44191E-01  0.24211E-01  0.12474E-01  0.58466E-02  0.22774E-02  0.47540E-03 -0.33087E-03 -0.55518E-03 -0.42819E-03
 0.80000E+00 -0.55570E-01  0.36532E-01  0.16758E+00  0.22878E+00  0.20548E+00  0.14989E+00  0.98229E-01  0.60094E-01  0.34494E-01  0.18362E-01  0.87685E-02  0.34015E-02  0.61687E-03 -0.64650E-03 -0.98304E-03 -0.74425E-03
 0.10000E+01 -0.36016E-01 -0.74822E-02  0.10313E+00  0.19086E+00  0.19575E+00  0.15335E+00  0.10493E+00  0.66086E-01  0.38750E-01  0.20986E-01  0.10190E-01  0.40473E-02  0.81326E-03 -0.67801E-03 -0.10939E-02 -0.83816E-03
 0.12000E+01 -0.22202E-01 -0.34917E-01  0.56971E-01  0.15665E+00  0.17911E+00  0.14742E+00  0.10374E+00  0.66559E-01  0.39593E-01  0.21732E-01  0.10725E-01  0.43910E-02  0.10164E-02 -0.56656E-03 -0.10375E-02 -0.81314E-03
 0.14000E+01 -0.15065E-01 -0.49166E-01  0.26050E-01  0.12523E+00  0.15609E+00  0.13307E+00  0.95515E-01  0.62186E-01  0.37509E-01  0.20944E-01  0.10623E-01  0.46118E-02  0.13572E-02 -0.21662E-03 -0.74799E-03 -0.63177E-03
 0.16000E+01 -0.14375E-01 -0.53107E-01  0.77449E-02  0.96485E-01  0.12821E+00  0.11206E+00  0.81730E-01  0.53994E-01  0.33161E-01  0.19024E-01  0.10110E-01  0.48311E-02  0.18959E-02  0.39838E-03 -0.21575E-03 -0.29152E-03
 0.18000E+01 -0.18852E-01 -0.49914E-01 -0.99781E-03  0.70716E-01  0.97931E-01  0.87139E-01  0.64531E-01  0.43434E-01  0.27418E-01  0.16430E-01  0.93858E-02  0.51003E-02  0.26075E-02  0.12226E-02  0.50195E-03  0.16857E-03
 0.20000E+01 -0.27190E-01 -0.41840E-01 -0.27337E-02  0.47659E-01  0.66614E-01  0.59975E-01  0.45295E-01  0.31451E-01  0.20855E-01  0.13470E-01  0.85869E-02  0.54556E-02  0.34774E-02  0.22203E-02  0.13682E-02  0.72318E-03
 0.22000E+01 -0.38014E-01 -0.30802E-01  0.29469E-03  0.27150E-01  0.35575E-01  0.32156E-01  0.25305E-01  0.18914E-01  0.13983E-01  0.10401E-01  0.78094E-02  0.59025E-02  0.44664E-02  0.33368E-02  0.23322E-02  0.13390E-02
 0.24000E+01 -0.50445E-01 -0.18058E-01  0.65133E-02  0.88637E-02  0.54441E-02  0.45370E-02  0.52778E-02  0.63156E-02  0.70985E-02  0.73720E-02  0.71089E-02  0.64432E-02  0.55505E-02  0.45391E-02  0.33636E-02  0.19960E-02
 0.26000E+01 -0.63711E-01 -0.44515E-02  0.14741E-01 -0.75393E-02 -0.23435E-01 -0.22357E-01 -0.14342E-01 -0.60450E-02  0.36596E-03  0.44529E-02  0.64947E-02  0.70545E-02  0.66927E-02  0.57881E-02  0.44293E-02  0.26733E-02
 0.28000E+01 -0.77543E-01  0.95679E-02  0.24291E-01 -0.22446E-01 -0.51127E-01 -0.48442E-01 -0.33439E-01 -0.18069E-01 -0.61440E-02  0.16877E-02  0.59915E-02  0.77486E-02  0.78977E-02  0.70844E-02  0.55284E-02  0.33699E-02
 0.30000E+01 -0.88157E-01  0.19473E-01  0.29580E-01 -0.36406E-01 -0.74514E-01 -0.69911E-01 -0.48952E-01 -0.27738E-01 -0.11315E-01 -0.45319E-03  0.56675E-02  0.83769E-02  0.89242E-02  0.81717E-02  0.64444E-02  0.39488E-02
