 0.00000E+00  0.78961E+00  0.31704E+00 -0.80084E-01 -0.13701E+00 -0.64134E-01 -0.10941E-01  0.88728E-02  0.12356E-01  0.10328E-01  0.72496E-02  0.45999E-02  0.26859E-02  0.14259E-02  0.65483E-03  0.23047E-03  0.46566E-04
 0.20000E+00  0.29830E+00  0.45857E+00  0.36674E+00  0.15933E+00  0.22080E-01 -0.27342E-01 -0.33906E-01 -0.27143E-01 -0.18580E-01 -0.11623E-01 -0.67692E-02 -0.36498E-02 -0.17599E-02 -0.68315E-03 -0.14233E-03  0.42078E-04
 0.40000E+00 -0.64596E-01  0.22756E+00  0.35028E+00  0.26172E+00  0.13944E+00  0.64476E-01  0.28955E-01  0.13410E-01  0.67190E-02  0.37947E-02  0.24419E-02  0.17426E-02  0.13208E-02  0.10159E-02  0.73475E-03  0.43300E-03
 0.60000E+00 -0.70212E-01  0.10742E+00  0.23865E+00  0.24135E+00  0.18068E+00  0.11949E+00  0.75429E-01  0.46678E-01  0.28541E-01  0.17279E-01  0.10354E-01  0.61268E-02  0.35652E-02  0.20204E-02  0.10812E-02  0.50063E-03
 0.80000E+00 -0.46611E-01  0.47455E-01  0.16461E+00  0.21392E+00  0.19150E+00  0.14261E+00  0.96921E-01  0.62668E-01  0.39215E-01  0.23911E-01  0.14228E-01  0.82388E-02  0.46072E-02  0.24476E-02  0.11928E-02  0.49561E-03
 0.10000E+01 -0.23966E-01  0.16491E-01  0.11745E+00  0.18957E+00  0.18962E+00  0.14991E+00  0.10531E+00  0.69398E-01  0.43891E-01  0.26897E-01  0.16014E-01  0.92395E-02  0.51214E-02  0.26767E-02  0.12700E-02  0.50924E-03
 0.12000E+01 -0.62352E-02  0.16215E-02  0.87852E-01  0.16896E+00  0.18133E+00  0.14833E+00  0.10616E+00  0.70776E-01  0.45141E-01  0.27862E-01  0.16709E-01  0.97230E-02  0.54520E-02  0.28996E-02  0.14129E-02  0.58654E-03
 0.14000E+01  0.70897E-02 -0.34072E-02  0.69925E-01  0.15140E+00  0.16942E+00  0.14136E+00  0.10237E+00  0.68886E-01  0.44355E-01  0.27690E-01  0.16855E-01  0.10012E-01  0.57849E-02  0.32191E-02  0.16741E-02  0.75089E-03
 0.16000E+01  0.16242E-01 -0.22527E-02  0.60088E-01  0.13619E+00  0.15519E+00  0.13077E+00  0.95473E-01  0.64862E-01  0.42315E-01  0.26902E-01  0.16792E-01  0.10326E-01  0.62625E-02  0.37266E-02  0.21100E-02  0.10318E-02
 0.18000E+01  0.22459E-01  0.24688E-02  0.55396E-01  0.12289E+00  0.14002E+00  0.11832E+00  0.86919E-01  0.59693E-01  0.39610E-01  0.25801E-01  0.16641E-01  0.10682E-01  0.68440E-02  0.43582E-02  0.26578E-02  0.13864E-02
 0.20000E+01  0.26424E-01  0.95311E-02  0.54223E-01  0.11086E+00  0.12412E+00  0.10454E+00  0.77194E-01  0.53751E-01  0.36499E-01  0.24559E-01  0.16513E-01  0.11148E-01  0.75720E-02  0.51399E-02  0.33326E-02  0.18223E-02
 0.22000E+01  0.28690E-01  0.18041E-01  0.55395E-01  0.99720E-01  0.10775E+00  0.89869E-01  0.66716E-01  0.47339E-01  0.33177E-01  0.23291E-01  0.16468E-01  0.11751E-01  0.84549E-02  0.60701E-02  0.41291E-02  0.23350E-02
 0.24000E+01  0.29297E-01  0.27352E-01  0.58231E-01  0.89257E-01  0.91090E-01  0.74589E-01  0.55728E-01  0.40632E-01  0.29760E-01  0.22065E-01  0.16545E-01  0.12510E-01  0.94996E-02  0.71496E-02  0.50458E-02  0.29226E-02
 0.26000E+01  0.28969E-01  0.37369E-01  0.62203E-01  0.79110E-01  0.74028E-01  0.58739E-01  0.44303E-01  0.33701E-01  0.26301E-01  0.20919E-01  0.16768E-01  0.13441E-01  0.10717E-01  0.83858E-02  0.60871E-02  0.35877E-02
 0.28000E+01  0.27471E-01  0.48060E-01  0.67222E-01  0.68983E-01  0.56182E-01  0.41972E-01  0.32186E-01  0.26374E-01  0.22691E-01  0.19789E-01  0.17101E-01  0.14526E-01  0.12099E-01  0.97753E-02  0.72525E-02  0.43304E-02
 0.30000E+01  0.25999E-01  0.58426E-01  0.71802E-01  0.58576E-01  0.38242E-01  0.25213E-01  0.20107E-01  0.19085E-01  0.19110E-01  0.18677E-01  0.17445E-01  0.15616E-01  0.13482E-01  0.11165E-01  0.84173E-02  0.50726E-02
