 0.00000E+00  0.69486E+00  0.31542E+00 -0.70320E-01 -0.14880E+00 -0.63498E-01  0.95527E-02  0.34168E-01  0.32547E-01  0.23896E-01  0.15826E-01  0.99796E-02  0.61168E-02  0.36695E-02  0.21511E-02  0.12004E-02  0.58126E-03
 0.20000E+00  0.43040E+00  0.47521E+00  0.32223E+00  0.12188E+00 -0.14686E-02 -0.43207E-01 -0.43800E-01 -0.32687E-01 -0.21787E-01 -0.13846E-01 -0.86127E-02 -0.52975E-02 -0.32321E-02 -0.19490E-02 -0.11258E-02 -0.56226E-03
 0.40000E+00 -0.90550E-01  0.26338E+00  0.43844E+00  0.32098E+00  0.12995E+00  0.13570E-01 -0.26720E-01 -0.30441E-01 -0.23511E-01 -0.15934E-01 -0.10182E-01 -0.62956E-02 -0.37995E-02 -0.22369E-02 -0.12527E-02 -0.60852E-03
 0.60000E+00 -0.15461E+00  0.10115E+00  0.30342E+00  0.30546E+00  0.20463E+00  0.11153E+00  0.55898E-01  0.27900E-01  0.14441E-01  0.78224E-02  0.44100E-02  0.25674E-02  0.15339E-02  0.92985E-03  0.54725E-03  0.27806E-03
 0.80000E+00 -0.71436E-01  0.41326E-02  0.13590E+00  0.22419E+00  0.22862E+00  0.18207E+00  0.12626E+00  0.81262E-01  0.50370E-01  0.30661E-01  0.18487E-01  0.11072E-01  0.65837E-02  0.38661E-02  0.21744E-02  0.10615E-02
 0.10000E+01  0.69038E-02 -0.40111E-01  0.25818E-01  0.15319E+00  0.22195E+00  0.21011E+00  0.16032E+00  0.10890E+00  0.69544E-01  0.42982E-01  0.26072E-01  0.15603E-01  0.92160E-02  0.53467E-02  0.29613E-02  0.14255E-02
 0.12000E+01  0.48586E-01 -0.56674E-01 -0.29522E-01  0.10807E+00  0.20492E+00  0.21205E+00  0.16883E+00  0.11731E+00  0.75794E-01  0.47083E-01  0.28575E-01  0.17048E-01  0.10002E-01  0.57427E-02  0.31400E-02  0.14937E-02
 0.14000E+01  0.64389E-01 -0.60782E-01 -0.52869E-01  0.80962E-01  0.18471E+00  0.20006E+00  0.16249E+00  0.11407E+00  0.74112E-01  0.46168E-01  0.28051E-01  0.16733E-01  0.98043E-02  0.56154E-02  0.30604E-02  0.14513E-02
 0.16000E+01  0.68107E-01 -0.60223E-01 -0.61681E-01  0.63759E-01  0.16559E+00  0.18408E+00  0.15111E+00  0.10665E+00  0.69505E-01  0.43379E-01  0.26389E-01  0.15755E-01  0.92376E-02  0.52937E-02  0.28866E-02  0.13695E-02
 0.18000E+01  0.65394E-01 -0.57556E-01 -0.62860E-01  0.52265E-01  0.14764E+00  0.16634E+00  0.13717E+00  0.97025E-01  0.63331E-01  0.39595E-01  0.24141E-01  0.14454E-01  0.85083E-02  0.49008E-02  0.26886E-02  0.12828E-02
 0.20000E+01  0.60194E-01 -0.54348E-01 -0.60958E-01  0.43880E-01  0.13147E+00  0.14920E+00  0.12324E+00  0.87216E-01  0.56979E-01  0.35686E-01  0.21817E-01  0.13115E-01  0.77628E-02  0.45044E-02  0.24925E-02  0.11987E-02
 0.22000E+01  0.53342E-01 -0.50757E-01 -0.56926E-01  0.37638E-01  0.11647E+00  0.13235E+00  0.10915E+00  0.77151E-01  0.50417E-01  0.31641E-01  0.19420E-01  0.11744E-01  0.70094E-02  0.41127E-02  0.23051E-02  0.11215E-02
 0.24000E+01  0.45621E-01 -0.47032E-01 -0.51678E-01  0.32871E-01  0.10252E+00  0.11603E+00  0.95252E-01  0.67128E-01  0.43853E-01  0.27592E-01  0.17026E-01  0.10382E-01  0.62695E-02  0.37348E-02  0.21294E-02  0.10516E-02
 0.26000E+01  0.37470E-01 -0.43361E-01 -0.45830E-01  0.29083E-01  0.89491E-01  0.10034E+00  0.81721E-01  0.57306E-01  0.37403E-01  0.23613E-01  0.14678E-01  0.90528E-02  0.55530E-02  0.33742E-02  0.19655E-02  0.98849E-03
 0.28000E+01  0.29167E-01 -0.39700E-01 -0.39568E-01  0.26065E-01  0.77269E-01  0.85277E-01  0.68608E-01  0.47740E-01  0.31107E-01  0.19727E-01  0.12389E-01  0.77608E-02  0.48607E-02  0.30292E-02  0.18115E-02  0.93061E-03
 0.30000E+01  0.22214E-01 -0.36581E-01 -0.34899E-01  0.22202E-01  0.65493E-01  0.71414E-01  0.56787E-01  0.39210E-01  0.25518E-01  0.16277E-01  0.10346E-01  0.65961E-02  0.42255E-02  0.27029E-02  0.16584E-02  0.86899E-03
