 0.00000E+00  0.75608E+00  0.29877E+00 -0.10352E+00 -0.15036E+00 -0.51279E-01  0.15797E-01  0.34210E-01  0.30983E-01  0.22780E-01  0.15352E-01  0.98750E-02  0.61615E-02  0.37552E-02  0.22339E-02  0.12634E-02  0.61841E-03
 0.20000E+00  0.36972E+00  0.48729E+00  0.36362E+00  0.14123E+00 -0.39980E-02 -0.52638E-01 -0.53230E-01 -0.40538E-01 -0.27843E-01 -0.18253E-01 -0.11673E-01 -0.73498E-02 -0.45761E-02 -0.28106E-02 -0.16503E-02 -0.83482E-03
 0.40000E+00 -0.11510E+00  0.26572E+00  0.43635E+00  0.30752E+00  0.12554E+00  0.23146E-01 -0.12428E-01 -0.18538E-01 -0.15611E-01 -0.11196E-01 -0.74523E-02 -0.47420E-02 -0.29210E-02 -0.17458E-02 -0.98898E-03 -0.48469E-03
 0.60000E+00 -0.10980E+00  0.10061E+00  0.26574E+00  0.27161E+00  0.19534E+00  0.12087E+00  0.71278E-01  0.41832E-01  0.24752E-01  0.14791E-01  0.89159E-02  0.54122E-02  0.33021E-02  0.20109E-02  0.11784E-02  0.59576E-03
 0.80000E+00 -0.42214E-01  0.10427E-01  0.12710E+00  0.21287E+00  0.21816E+00  0.17424E+00  0.12220E+00  0.80274E-01  0.51028E-01  0.31865E-01  0.19670E-01  0.12032E-01  0.72980E-02  0.43708E-02  0.25056E-02  0.12429E-02
 0.10000E+01  0.36977E-02 -0.33091E-01  0.46694E-01  0.16821E+00  0.21737E+00  0.19338E+00  0.14350E+00  0.97272E-01  0.62941E-01  0.39682E-01  0.24591E-01  0.15031E-01  0.90749E-02  0.53909E-02  0.30598E-02  0.15046E-02
 0.12000E+01  0.27805E-01 -0.53265E-01  0.32166E-02  0.13710E+00  0.20675E+00  0.19448E+00  0.14821E+00  0.10189E+00  0.66455E-01  0.42072E-01  0.26113E-01  0.15953E-01  0.96085E-02  0.56847E-02  0.32104E-02  0.15717E-02
 0.14000E+01  0.38543E-01 -0.62265E-01 -0.20033E-01  0.11508E+00  0.19280E+00  0.18726E+00  0.14479E+00  0.10032E+00  0.65712E-01  0.41706E-01  0.25917E-01  0.15839E-01  0.95341E-02  0.56335E-02  0.31762E-02  0.15526E-02
 0.16000E+01  0.41804E-01 -0.65587E-01 -0.32141E-01  0.98752E-01  0.17782E+00  0.17606E+00  0.13725E+00  0.95508E-01  0.62735E-01  0.39897E-01  0.24836E-01  0.15203E-01  0.91672E-02  0.54271E-02  0.30659E-02  0.15013E-02
 0.18000E+01  0.41090E-01 -0.66127E-01 -0.38242E-01  0.86058E-01  0.16313E+00  0.16345E+00  0.12803E+00  0.89319E-01  0.58783E-01  0.37455E-01  0.23366E-01  0.14341E-01  0.86765E-02  0.51574E-02  0.29266E-02  0.14386E-02
 0.20000E+01  0.37590E-01 -0.64700E-01 -0.40050E-01  0.75981E-01  0.14859E+00  0.14972E+00  0.11747E+00  0.82036E-01  0.54064E-01  0.34522E-01  0.21605E-01  0.13319E-01  0.81058E-02  0.48539E-02  0.27767E-02  0.13744E-02
 0.22000E+01  0.32506E-01 -0.62259E-01 -0.39359E-01  0.67709E-01  0.13456E+00  0.13572E+00  0.10642E+00  0.74309E-01  0.49022E-01  0.31381E-01  0.19722E-01  0.12233E-01  0.75057E-02  0.45406E-02  0.26262E-02  0.13120E-02
 0.24000E+01  0.26519E-01 -0.59247E-01 -0.37096E-01  0.60775E-01  0.12116E+00  0.12184E+00  0.95272E-01  0.66442E-01  0.43868E-01  0.28167E-01  0.17799E-01  0.11129E-01  0.69023E-02  0.42309E-02  0.24814E-02  0.12540E-02
 0.26000E+01  0.20021E-01 -0.55949E-01 -0.33863E-01  0.54849E-01  0.10842E+00  0.10830E+00  0.84282E-01  0.58645E-01  0.38745E-01  0.24970E-01  0.15888E-01  0.10035E-01  0.63073E-02  0.39283E-02  0.23419E-02  0.11992E-02
 0.28000E+01  0.13102E-01 -0.52456E-01 -0.29897E-01  0.49683E-01  0.96176E-01  0.94990E-01  0.73370E-01  0.50867E-01  0.33624E-01  0.21774E-01  0.13981E-01  0.89480E-02  0.57199E-02  0.36333E-02  0.22088E-02  0.11483E-02
 0.30000E+01  0.72657E-02 -0.49801E-01 -0.27542E-01  0.43903E-01  0.84573E-01  0.82896E-01  0.63650E-01  0.44006E-01  0.29122E-01  0.18957E-01  0.12284E-01  0.79636E-02  0.51722E-02  0.33443E-02  0.20679E-02  0.10890E-02
