 0.00000E+00  0.78031E+00  0.34741E+00  0.52815E-02 -0.16035E+00 -0.17444E+00 -0.11432E+00 -0.45592E-01  0.19708E-02  0.25526E-01  0.32604E-01  0.31036E-01  0.25936E-01  0.19980E-01  0.14383E-01  0.96482E-02  0.59622E-02
 0.20000E+00  0.30515E+00  0.41001E+00  0.39604E+00  0.28711E+00  0.14686E+00  0.30751E-01 -0.38929E-01 -0.67464E-01 -0.70420E-01 -0.61530E-01 -0.49100E-01 -0.37021E-01 -0.26684E-01 -0.18358E-01 -0.11931E-01 -0.72091E-02
 0.40000E+00 -0.12183E-01  0.16825E+00  0.26883E+00  0.27200E+00  0.21026E+00  0.13066E+00  0.64886E-01  0.22732E-01  0.61174E-03 -0.87159E-02 -0.11203E-01 -0.10522E-01 -0.86181E-02 -0.64369E-02 -0.44214E-02 -0.27759E-02
 0.60000E+00 -0.38476E-01  0.77860E-01  0.16356E+00  0.19682E+00  0.18397E+00  0.14655E+00  0.10479E+00  0.69837E-01  0.44631E-01  0.27887E-01  0.17225E-01  0.10559E-01  0.64120E-02  0.38270E-02  0.22146E-02  0.12197E-02
 0.80000E+00 -0.38321E-01  0.50280E-01  0.12590E+00  0.16668E+00  0.17002E+00  0.14785E+00  0.11556E+00  0.84181E-01  0.58697E-01  0.39893E-01  0.26702E-01  0.17663E-01  0.11514E-01  0.73286E-02  0.44865E-02  0.25909E-02
 0.10000E+01 -0.35060E-01  0.32222E-01  0.99127E-01  0.14423E+00  0.15870E+00  0.14746E+00  0.12220E+00  0.93683E-01  0.68256E-01  0.48162E-01  0.33284E-01  0.22625E-01  0.15092E-01  0.97920E-02  0.60881E-02  0.35590E-02
 0.12000E+01 -0.30019E-01  0.17052E-01  0.75073E-01  0.12333E+00  0.14750E+00  0.14611E+00  0.12735E+00  0.10162E+00  0.76437E-01  0.55328E-01  0.39033E-01  0.26982E-01  0.18247E-01  0.11971E-01  0.75084E-02  0.44191E-02
 0.14000E+01 -0.24240E-01  0.42610E-02  0.53689E-01  0.10420E+00  0.13669E+00  0.14402E+00  0.13115E+00  0.10807E+00  0.83270E-01  0.61394E-01  0.43939E-01  0.30722E-01  0.20967E-01  0.13855E-01  0.87395E-02  0.51661E-02
 0.16000E+01 -0.18320E-01 -0.65005E-02  0.34882E-01  0.86930E-01  0.12647E+00  0.14138E+00  0.13376E+00  0.11315E+00  0.88836E-01  0.66412E-01  0.48035E-01  0.33865E-01  0.23263E-01  0.15451E-01  0.97851E-02  0.58018E-02
 0.18000E+01 -0.12589E-01 -0.15536E-01  0.18459E-01  0.71467E-01  0.11690E+00  0.13833E+00  0.13535E+00  0.11702E+00  0.93257E-01  0.70475E-01  0.51389E-01  0.36457E-01  0.25166E-01  0.16780E-01  0.10658E-01  0.63337E-02
 0.20000E+01 -0.72342E-02 -0.23086E-01  0.42222E-02  0.57725E-01  0.10801E+00  0.13500E+00  0.13606E+00  0.11981E+00  0.96656E-01  0.73678E-01  0.54071E-01  0.38548E-01  0.26712E-01  0.17864E-01  0.11373E-01  0.67704E-02
 0.22000E+01 -0.23719E-02 -0.29334E-01 -0.79896E-02  0.45632E-01  0.99832E-01  0.13148E+00  0.13603E+00  0.12165E+00  0.99138E-01  0.76106E-01  0.56142E-01  0.40184E-01  0.27931E-01  0.18724E-01  0.11942E-01  0.71195E-02
 0.24000E+01  0.19909E-02 -0.34508E-01 -0.18466E-01  0.34987E-01  0.92321E-01  0.12786E+00  0.13541E+00  0.12272E+00  0.10087E+00  0.77889E-01  0.57706E-01  0.41438E-01  0.28876E-01  0.19395E-01  0.12390E-01  0.73948E-02
 0.26000E+01  0.59551E-02 -0.38864E-01 -0.27608E-01  0.25457E-01  0.85320E-01  0.12415E+00  0.13432E+00  0.12318E+00  0.10201E+00  0.79170E-01  0.58871E-01  0.42394E-01  0.29606E-01  0.19920E-01  0.12742E-01  0.76126E-02
 0.28000E+01  0.97739E-02 -0.42692E-01 -0.35989E-01  0.16487E-01  0.78472E-01  0.12022E+00  0.13281E+00  0.12316E+00  0.10269E+00  0.80072E-01  0.59744E-01  0.43133E-01  0.30183E-01  0.20340E-01  0.13027E-01  0.77902E-02
 0.30000E+01  0.14416E-01 -0.46723E-01 -0.45464E-01  0.59200E-02  0.69940E-01  0.11481E+00  0.13012E+00  0.12228E+00  0.10278E+00  0.80580E-01  0.60360E-01  0.43709E-01  0.30659E-01  0.20699E-01  0.13276E-01  0.79485E-02
 0.00000E+00  0.78031E+00  0.34741E+00  0.52815E-02 -0.16035E+00 -0.17444E+00 -0.11432E+00 -0.45592E-01  0.19708E-02  0.25526E-01  0.32604E-01  0.31036E-01  0.25936E-01  0.19980E-01  0.14383E-01  0.96482E-02  0.59622E-02
 0.20000E+00  0.30515E+00  0.41001E+00  0.39604E+00  0.28711E+00  0.14686E+00  0.30751E-01 -0.38929E-01 -0.67464E-01 -0.70420E-01 -0.61530E-01 -0.49100E-01 -0.37021E-01 -0.26684E-01 -0.18358E-01 -0.11931E-01 -0.72091E-02
 0.40000E+00 -0.12183E-01  0.16825E+00  0.26883E+00  0.27200E+00  0.21026E+00  0.13066E+00  0.64886E-01  0.22732E-01  0.61174E-03 -0.87159E-02 -0.11203E-01 -0.10522E-01 -0.86181E-02 -0.64369E-02 -0.44214E-02 -0.27759E-02
 0.60000E+00 -0.38476E-01  0.77860E-01  0.16356E+00  0.19682E+00  0.18397E+00  0.14655E+00  0.10479E+00  0.69837E-01  0.44631E-01  0.27887E-01  0.17225E-01  0.10559E-01  0.64120E-02  0.38270E-02  0.22146E-02  0.12197E-02
 0.80000E+00 -0.38321E-01  0.50280E-01  0.12590E+00  0.16668E+00  0.17002E+00  0.14785E+00  0.11556E+00  0.84181E-01  0.58697E-01  0.39893E-01  0.26702E-01  0.17663E-01  0.11514E-01  0.73286E-02  0.44865E-02  0.25909E-02
 0.10000E+01 -0.35060E-01  0.32222E-01  0.99127E-01  0.14423E+00  0.15870E+00  0.14746E+00  0.12220E+00  0.93683E-01  0.68256E-01  0.48162E-01  0.33284E-01  0.22625E-01  0.15092E-01  0.97920E-02  0.60881E-02  0.35590E-02
 0.12000E+01 -0.30019E-01  0.17052E-01  0.75073E-01  0.12333E+00  0.14750E+00  0.14611E+00  0.12735E+00  0.10162E+00  0.76437E-01  0.55328E-01  0.39033E-01  0.26982E-01  0.18247E-01  0.11971E-01  0.75084E-02  0.44191E-02
 0.14000E+01 -0.24240E-01  0.42610E-02  0.53689E-01  0.10420E+00  0.13669E+00  0.14402E+00  0.13115E+00  0.10807E+00  0.83270E-01  0.61394E-01  0.43939E-01  0.30722E-01  0.20967E-01  0.13855E-01  0.87395E-02  0.51661E-02
 0.16000E+01 -0.18320E-01 -0.65005E-02  0.34882E-01  0.86930E-01  0.12647E+00  0.14138E+00  0.13376E+00  0.11315E+00  0.88836E-01  0.66412E-01  0.48035E-01  0.33865E-01  0.23263E-01  0.15451E-01  0.97851E-02  0.58018E-02
 0.18000E+01 -0.12589E-01 -0.15536E-01  0.18459E-01  0.71467E-01  0.11690E+00  0.13833E+00  0.13535E+00  0.11702E+00  0.93257E-01  0.70475E-01  0.51389E-01  0.36457E-01  0.25166E-01  0.16780E-01  0.10658E-01  0.63337E-02
 0.20000E+01 -0.72342E-02 -0.23086E-01  0.42222E-02  0.57725E-01  0.10801E+00  0.13500E+00  0.13606E+00  0.11981E+00  0.96656E-01  0.73678E-01  0.54071E-01  0.38548E-01  0.26712E-01  0.17864E-01  0.11373E-01  0.67704E-02
 0.22000E+01 -0.23719E-02 -0.29334E-01 -0.79896E-02  0.45632E-01  0.99832E-01  0.13148E+00  0.13603E+00  0.12165E+00  0.99138E-01  0.76106E-01  0.56142E-01  0.40184E-01  0.27931E-01  0.18724E-01  0.11942E-01  0.71195E-02
 0.24000E+01  0.19909E-02 -0.34508E-01 -0.18466E-01  0.34987E-01  0.92321E-01  0.12786E+00  0.13541E+00  0.12272E+00  0.10087E+00  0.77889E-01  0.57706E-01  0.41438E-01  0.28876E-01  0.19395E-01  0.12390E-01  0.73948E-02
 0.26000E+01  0.59551E-02 -0.38864E-01 -0.27608E-01  0.25457E-01  0.85320E-01  0.12415E+00  0.13432E+00  0.12318E+00  0.10201E+00  0.79170E-01  0.58871E-01  0.42394E-01  0.29606E-01  0.19920E-01  0.12742E-01  0.76126E-02
 0.28000E+01  0.97739E-02 -0.42692E-01 -0.35989E-01  0.16487E-01  0.78472E-01  0.12022E+00  0.13281E+00  0.12316E+00  0.10269E+00  0.80072E-01  0.59744E-01  0.43133E-01  0.30183E-01  0.20340E-01  0.13027E-01  0.77902E-02
 0.30000E+01  0.14416E-01 -0.46723E-01 -0.45464E-01  0.59200E-02  0.69940E-01  0.11481E+00  0.13012E+00  0.12228E+00  0.10278E+00  0.80580E-01  0.60360E-01  0.43709E-01  0.30659E-01  0.20699E-01  0.13276E-01  0.79485E-02
