 0.00000E+00  0.58003E+00  0.34957E+00  0.38820E-01 -0.99179E-01 -0.98134E-01 -0.60435E-01 -0.29564E-01 -0.11293E-01 -0.20986E-02  0.18203E-02  0.30257E-02  0.29964E-02  0.25054E-02  0.19074E-02  0.13099E-02  0.73405E-03
 0.20000E+00  0.45290E+00  0.43696E+00  0.27604E+00  0.12055E+00  0.33063E-01 -0.35790E-02 -0.15271E-01 -0.16575E-01 -0.14179E-01 -0.10946E-01 -0.79812E-02 -0.56125E-02 -0.38482E-02 -0.25755E-02 -0.16278E-02 -0.86976E-03
 0.40000E+00  0.41832E-01  0.23063E+00  0.32209E+00  0.26723E+00  0.16391E+00  0.82604E-01  0.34418E-01  0.97193E-02 -0.14061E-02 -0.54613E-02 -0.61669E-02 -0.54898E-02 -0.43933E-02 -0.32838E-02 -0.22426E-02 -0.12570E-02
 0.60000E+00 -0.82861E-01  0.11979E+00  0.27183E+00  0.27200E+00  0.19499E+00  0.11877E+00  0.66168E-01  0.34389E-01  0.16481E-01  0.69375E-02  0.21557E-02 -0.39052E-04 -0.89486E-03 -0.10862E-02 -0.93075E-03 -0.58515E-03
 0.80000E+00 -0.12188E+00  0.48623E-01  0.20680E+00  0.24189E+00  0.19645E+00  0.13625E+00  0.87801E-01  0.54232E-01  0.32459E-01  0.18889E-01  0.10682E-01  0.58437E-02  0.30634E-02  0.15116E-02  0.68038E-03  0.26309E-03
 0.10000E+01 -0.12509E+00 -0.78467E-04  0.14306E+00  0.20126E+00  0.18564E+00  0.14392E+00  0.10262E+00  0.69680E-01  0.45743E-01  0.29259E-01  0.18319E-01  0.11253E-01  0.67874E-02  0.40069E-02  0.22554E-02  0.11027E-02
 0.12000E+01 -0.11254E+00 -0.34772E-01  0.84750E-01  0.15793E+00  0.16831E+00  0.14457E+00  0.11145E+00  0.80561E-01  0.55761E-01  0.37396E-01  0.24477E-01  0.15708E-01  0.99098E-02  0.61315E-02  0.36134E-02  0.18328E-02
 0.14000E+01 -0.93915E-01 -0.60052E-01  0.33397E-01  0.11575E+00  0.14771E+00  0.14024E+00  0.11537E+00  0.87347E-01  0.62664E-01  0.43294E-01  0.29088E-01  0.19125E-01  0.12351E-01  0.78194E-02  0.47062E-02  0.24254E-02
 0.16000E+01 -0.74018E-01 -0.78666E-01 -0.10729E-01  0.76566E-01  0.12585E+00  0.13250E+00  0.11545E+00  0.90739E-01  0.66887E-01  0.47213E-01  0.32304E-01  0.21588E-01  0.14156E-01  0.90942E-02  0.55450E-02  0.28852E-02
 0.18000E+01 -0.55234E-01 -0.92436E-01 -0.48001E-01  0.41149E-01  0.10389E+00  0.12247E+00  0.11261E+00  0.91407E-01  0.68895E-01  0.49467E-01  0.34326E-01  0.23226E-01  0.15406E-01  0.10004E-01  0.61576E-02  0.32260E-02
 0.20000E+01 -0.38746E-01 -0.10265E+00 -0.79046E-01  0.97160E-02  0.82555E-01  0.11099E+00  0.10760E+00  0.89935E-01  0.69117E-01  0.50351E-01  0.35355E-01  0.24170E-01  0.16183E-01  0.10602E-01  0.65754E-02  0.34638E-02
 0.22000E+01 -0.24974E-01 -0.11014E+00 -0.10450E+00 -0.17738E-01  0.62330E-01  0.98724E-01  0.10104E+00  0.86848E-01  0.67946E-01  0.50149E-01  0.35586E-01  0.24549E-01  0.16574E-01  0.10942E-01  0.68314E-02  0.36157E-02
 0.24000E+01 -0.13850E-01 -0.11549E+00 -0.12507E+00 -0.41486E-01  0.43415E-01  0.86104E-01  0.93407E-01  0.82554E-01  0.65703E-01  0.49093E-01  0.35180E-01  0.24475E-01  0.16652E-01  0.11071E-01  0.69540E-02  0.36965E-02
 0.26000E+01 -0.51602E-02 -0.11922E+00 -0.14154E+00 -0.61957E-01  0.25824E-01  0.73401E-01  0.85046E-01  0.77372E-01  0.62647E-01  0.47380E-01  0.34279E-01  0.24044E-01  0.16480E-01  0.11031E-01  0.69696E-02  0.37200E-02
 0.28000E+01  0.13072E-02 -0.12173E+00 -0.15457E+00 -0.79545E-01  0.95472E-02  0.60830E-01  0.76244E-01  0.71576E-01  0.59001E-01  0.45178E-01  0.33003E-01  0.23340E-01  0.16116E-01  0.10862E-01  0.69019E-02  0.36989E-02
 0.30000E+01  0.46562E-02 -0.12488E+00 -0.16505E+00 -0.93048E-01 -0.28256E-02  0.51280E-01  0.69541E-01  0.67145E-01  0.56201E-01  0.43478E-01  0.32011E-01  0.22787E-01  0.15826E-01  0.10723E-01  0.68441E-02  0.36792E-02
