 0.00000E+00  0.63275E+00  0.36301E+00  0.34280E-01 -0.98883E-01 -0.95546E-01 -0.61635E-01 -0.35450E-01 -0.20113E-01 -0.11754E-01 -0.71803E-02 -0.46142E-02 -0.31391E-02 -0.22543E-02 -0.16651E-02 -0.11729E-02 -0.67954E-03
 0.20000E+00  0.41047E+00  0.42176E+00  0.28598E+00  0.13592E+00  0.44335E-01  0.42495E-02 -0.83624E-02 -0.96362E-02 -0.75176E-02 -0.50734E-02 -0.31322E-02 -0.17647E-02 -0.86810E-03 -0.32786E-03 -0.53075E-04  0.33944E-04
 0.40000E+00  0.38839E-01  0.22248E+00  0.30221E+00  0.24549E+00  0.15272E+00  0.83918E-01  0.44207E-01  0.23378E-01  0.12717E-01  0.71870E-02  0.42592E-02  0.26841E-02  0.18112E-02  0.12819E-02  0.88058E-03  0.50340E-03
 0.60000E+00 -0.63795E-01  0.12223E+00  0.25176E+00  0.24714E+00  0.18105E+00  0.11713E+00  0.71952E-01  0.43163E-01  0.25613E-01  0.15134E-01  0.89360E-02  0.52875E-02  0.31441E-02  0.18739E-02  0.10825E-02  0.54338E-03
 0.80000E+00 -0.10452E+00  0.54941E-01  0.19861E+00  0.23153E+00  0.19343E+00  0.13948E+00  0.92680E-01  0.58216E-01  0.35193E-01  0.20743E-01  0.11966E-01  0.67145E-02  0.36111E-02  0.18158E-02  0.81838E-03  0.30825E-03
 0.10000E+01 -0.11623E+00  0.11221E-01  0.15233E+00  0.20888E+00  0.19324E+00  0.14958E+00  0.10390E+00  0.66776E-01  0.40675E-01  0.23894E-01  0.13586E-01  0.73789E-02  0.37057E-02  0.16092E-02  0.51890E-03  0.77732E-04
 0.12000E+01 -0.11432E+00 -0.13097E-01  0.11747E+00  0.18345E+00  0.18098E+00  0.14562E+00  0.10356E+00  0.67547E-01  0.41534E-01  0.24542E-01  0.13992E-01  0.75895E-02  0.37827E-02  0.16078E-02  0.48560E-03  0.47132E-04
 0.14000E+01 -0.10910E+00 -0.25369E-01  0.93149E-01  0.15925E+00  0.16236E+00  0.13287E+00  0.95626E-01  0.63108E-01  0.39302E-01  0.23539E-01  0.13626E-01  0.75485E-02  0.39047E-02  0.17996E-02  0.67750E-03  0.18052E-03
 0.16000E+01 -0.10365E+00 -0.31563E-01  0.75684E-01  0.13789E+00  0.14277E+00  0.11753E+00  0.85110E-01  0.56727E-01  0.35804E-01  0.21782E-01  0.12847E-01  0.73103E-02  0.39598E-02  0.19961E-02  0.90251E-03  0.34392E-03
 0.18000E+01 -0.98496E-01 -0.34537E-01  0.62582E-01  0.11939E+00  0.12433E+00  0.10236E+00  0.74338E-01  0.49944E-01  0.31906E-01  0.19696E-01  0.11823E-01  0.68965E-02  0.38896E-02  0.21022E-02  0.10644E-02  0.47046E-03
 0.20000E+01 -0.94319E-01 -0.35104E-01  0.53252E-01  0.10347E+00  0.10687E+00  0.87262E-01  0.63274E-01  0.42795E-01  0.27688E-01  0.17369E-01  0.10635E-01  0.63764E-02  0.37525E-02  0.21667E-02  0.12010E-02  0.58344E-03
 0.22000E+01 -0.91952E-01 -0.33466E-01  0.47795E-01  0.89870E-01  0.89678E-01  0.71356E-01  0.51240E-01  0.34918E-01  0.23032E-01  0.14819E-01  0.93572E-02  0.58478E-02  0.36526E-02  0.22892E-02  0.13956E-02  0.73642E-03
 0.24000E+01 -0.91766E-01 -0.30005E-01  0.45941E-01  0.78378E-01  0.72491E-01  0.54381E-01  0.38069E-01  0.26264E-01  0.17973E-01  0.12115E-01  0.80664E-02  0.53821E-02  0.36544E-02  0.25265E-02  0.16932E-02  0.95767E-03
 0.26000E+01 -0.93440E-01 -0.25203E-01  0.46977E-01  0.68715E-01  0.55499E-01  0.36727E-01  0.24127E-01  0.17094E-01  0.12667E-01  0.93407E-02  0.68011E-02  0.49911E-02  0.37543E-02  0.28670E-02  0.20809E-02  0.12379E-02
 0.28000E+01 -0.97231E-01 -0.19465E-01  0.50537E-01  0.60635E-01  0.38528E-01  0.18266E-01  0.93506E-02  0.74080E-02  0.71535E-02  0.65464E-02  0.56100E-02  0.47178E-02  0.39894E-02  0.33423E-02  0.25834E-02  0.15924E-02
 0.30000E+01 -0.99590E-01 -0.15102E-01  0.52065E-01  0.52053E-01  0.22440E-01  0.11846E-02 -0.40734E-02 -0.11443E-02  0.25058E-02  0.43677E-02  0.48337E-02  0.47163E-02  0.44017E-02  0.39343E-02  0.31611E-02  0.19887E-02
