 0.00000E+00  0.81072E+00  0.30182E+00 -0.59402E-01 -0.18813E+00 -0.14410E+00 -0.41959E-01  0.36995E-01  0.69672E-01  0.68630E-01  0.53436E-01  0.36842E-01  0.23781E-01  0.14798E-01  0.89656E-02  0.52569E-02  0.29340E-02
 0.20000E+00  0.29917E+00  0.41021E+00  0.37924E+00  0.24102E+00  0.79247E-01 -0.37632E-01 -0.89021E-01 -0.91437E-01 -0.71505E-01 -0.48285E-01 -0.29967E-01 -0.17785E-01 -0.10335E-01 -0.59243E-02 -0.33253E-02 -0.17946E-02
 0.40000E+00 -0.33208E-01  0.24859E+00  0.37886E+00  0.34006E+00  0.20551E+00  0.66955E-01 -0.23155E-01 -0.59590E-01 -0.61333E-01 -0.48766E-01 -0.34215E-01 -0.22460E-01 -0.14197E-01 -0.87190E-02 -0.51691E-02 -0.29098E-02
 0.60000E+00 -0.88103E-01  0.11022E+00  0.24685E+00  0.28409E+00  0.23965E+00  0.15980E+00  0.84975E-01  0.33724E-01  0.62769E-02 -0.49706E-02 -0.77281E-02 -0.70162E-02 -0.53410E-02 -0.36950E-02 -0.23726E-02 -0.14106E-02
 0.80000E+00 -0.46430E-01  0.20493E-01  0.10816E+00  0.18118E+00  0.21305E+00  0.20074E+00  0.16040E+00  0.11277E+00  0.71951E-01  0.42885E-01  0.24540E-01  0.13791E-01  0.77171E-02  0.43060E-02  0.23693E-02  0.12597E-02
 0.10000E+01 -0.80964E-02 -0.15834E-01  0.30036E-01  0.10470E+00  0.16762E+00  0.19249E+00  0.17895E+00  0.14322E+00  0.10298E+00  0.68824E-01  0.43968E-01  0.27399E-01  0.16826E-01  0.10167E-01  0.59712E-02  0.33422E-02
 0.12000E+01  0.94986E-02 -0.25915E-01 -0.29883E-02  0.62334E-01  0.13037E+00  0.16886E+00  0.16982E+00  0.14458E+00  0.10965E+00  0.76868E-01  0.51237E-01  0.33118E-01  0.20960E-01  0.12971E-01  0.77574E-02  0.44011E-02
 0.14000E+01  0.16030E-01 -0.27345E-01 -0.15946E-01  0.39948E-01  0.10491E+00  0.14687E+00  0.15483E+00  0.13667E+00  0.10688E+00  0.76976E-01  0.52521E-01  0.34621E-01  0.22261E-01  0.13945E-01  0.84176E-02  0.48081E-02
 0.16000E+01  0.18148E-01 -0.26468E-01 -0.21077E-01  0.27506E-01  0.87919E-01  0.12981E+00  0.14114E+00  0.12753E+00  0.10171E+00  0.74510E-01  0.51585E-01  0.34417E-01  0.22344E-01  0.14102E-01  0.85593E-02  0.49090E-02
 0.18000E+01  0.18603E-01 -0.25142E-01 -0.23122E-01  0.20028E-01  0.76218E-01  0.11697E+00  0.12997E+00  0.11935E+00  0.96490E-01  0.71509E-01  0.49998E-01  0.33630E-01  0.21974E-01  0.13937E-01  0.84910E-02  0.48830E-02
 0.20000E+01  0.18429E-01 -0.23854E-01 -0.23878E-01  0.15170E-01  0.67770E-01  0.10714E+00  0.12098E+00  0.11243E+00  0.91804E-01  0.68615E-01  0.48319E-01  0.32692E-01  0.21461E-01  0.13660E-01  0.83443E-02  0.48081E-02
 0.22000E+01  0.18018E-01 -0.22705E-01 -0.24056E-01  0.11796E-01  0.61376E-01  0.99365E-01  0.11364E+00  0.10660E+00  0.87710E-01  0.65983E-01  0.46721E-01  0.31753E-01  0.20918E-01  0.13351E-01  0.81721E-02  0.47158E-02
 0.24000E+01  0.17524E-01 -0.21698E-01 -0.23959E-01  0.93169E-02  0.56330E-01  0.93028E-01  0.10750E+00  0.10161E+00  0.84125E-01  0.63619E-01  0.45246E-01  0.30861E-01  0.20388E-01  0.13041E-01  0.79954E-02  0.46194E-02
 0.26000E+01  0.17008E-01 -0.20807E-01 -0.23725E-01  0.74070E-02  0.52195E-01  0.87698E-01  0.10224E+00  0.97257E-01  0.80944E-01  0.61483E-01  0.43887E-01  0.30024E-01  0.19883E-01  0.12741E-01  0.78218E-02  0.45236E-02
 0.28000E+01  0.16494E-01 -0.20009E-01 -0.23419E-01  0.58760E-02  0.48695E-01  0.83089E-01  0.97624E-01  0.93387E-01  0.78077E-01  0.59532E-01  0.42630E-01  0.29240E-01  0.19403E-01  0.12453E-01  0.76540E-02  0.44303E-02
 0.30000E+01  0.15870E-01 -0.19080E-01 -0.22939E-01  0.43631E-02  0.44973E-01  0.78062E-01  0.92505E-01  0.89035E-01  0.74812E-01  0.57282E-01  0.41162E-01  0.28313E-01  0.18830E-01  0.12106E-01  0.74507E-02  0.43167E-02
 0.00000E+00  0.81072E+00  0.30182E+00 -0.59402E-01 -0.18813E+00 -0.14410E+00 -0.41959E-01  0.36995E-01  0.69672E-01  0.68630E-01  0.53436E-01  0.36842E-01  0.23781E-01  0.14798E-01  0.89656E-02  0.52569E-02  0.29340E-02
 0.20000E+00  0.29917E+00  0.41021E+00  0.37924E+00  0.24102E+00  0.79247E-01 -0.37632E-01 -0.89021E-01 -0.91437E-01 -0.71505E-01 -0.48285E-01 -0.29967E-01 -0.17785E-01 -0.10335E-01 -0.59243E-02 -0.33253E-02 -0.17946E-02
 0.40000E+00 -0.33208E-01  0.24859E+00  0.37886E+00  0.34006E+00  0.20551E+00  0.66955E-01 -0.23155E-01 -0.59590E-01 -0.61333E-01 -0.48766E-01 -0.34215E-01 -0.22460E-01 -0.14197E-01 -0.87190E-02 -0.51691E-02 -0.29098E-02
 0.60000E+00 -0.88103E-01  0.11022E+00  0.24685E+00  0.28409E+00  0.23965E+00  0.15980E+00  0.84975E-01  0.33724E-01  0.62769E-02 -0.49706E-02 -0.77281E-02 -0.70162E-02 -0.53410E-02 -0.36950E-02 -0.23726E-02 -0.14106E-02
 0.80000E+00 -0.46430E-01  0.20493E-01  0.10816E+00  0.18118E+00  0.21305E+00  0.20074E+00  0.16040E+00  0.11277E+00  0.71951E-01  0.42885E-01  0.24540E-01  0.13791E-01  0.77171E-02  0.43060E-02  0.23693E-02  0.12597E-02
 0.10000E+01 -0.80964E-02 -0.15834E-01  0.30036E-01  0.10470E+00  0.16762E+00  0.19249E+00  0.17895E+00  0.14322E+00  0.10298E+00  0.68824E-01  0.43968E-01  0.27399E-01  0.16826E-01  0.10167E-01  0.59712E-02  0.33422E-02
 0.12000E+01  0.94986E-02 -0.25915E-01 -0.29883E-02  0.62334E-01  0.13037E+00  0.16886E+00  0.16982E+00  0.14458E+00  0.10965E+00  0.76868E-01  0.51237E-01  0.33118E-01  0.20960E-01  0.12971E-01  0.77574E-02  0.44011E-02
 0.14000E+01  0.16030E-01 -0.27345E-01 -0.15946E-01  0.39948E-01  0.10491E+00  0.14687E+00  0.15483E+00  0.13667E+00  0.10688E+00  0.76976E-01  0.52521E-01  0.34621E-01  0.22261E-01  0.13945E-01  0.84176E-02  0.48081E-02
 0.16000E+01  0.18148E-01 -0.26468E-01 -0.21077E-01  0.27506E-01  0.87919E-01  0.12981E+00  0.14114E+00  0.12753E+00  0.10171E+00  0.74510E-01  0.51585E-01  0.34417E-01  0.22344E-01  0.14102E-01  0.85593E-02  0.49090E-02
 0.18000E+01  0.18603E-01 -0.25142E-01 -0.23122E-01  0.20028E-01  0.76218E-01  0.11697E+00  0.12997E+00  0.11935E+00  0.96490E-01  0.71509E-01  0.49998E-01  0.33630E-01  0.21974E-01  0.13937E-01  0.84910E-02  0.48830E-02
 0.20000E+01  0.18429E-01 -0.23854E-01 -0.23878E-01  0.15170E-01  0.67770E-01  0.10714E+00  0.12098E+00  0.11243E+00  0.91804E-01  0.68615E-01  0.48319E-01  0.32692E-01  0.21461E-01  0.13660E-01  0.83443E-02  0.48081E-02
 0.22000E+01  0.18018E-01 -0.22705E-01 -0.24056E-01  0.11796E-01  0.61376E-01  0.99365E-01  0.11364E+00  0.10660E+00  0.87710E-01  0.65983E-01  0.46721E-01  0.31753E-01  0.20918E-01  0.13351E-01  0.81721E-02  0.47158E-02
 0.24000E+01  0.17524E-01 -0.21698E-01 -0.23959E-01  0.93169E-02  0.56330E-01  0.93028E-01  0.10750E+00  0.10161E+00  0.84125E-01  0.63619E-01  0.45246E-01  0.30861E-01  0.20388E-01  0.13041E-01  0.79954E-02  0.46194E-02
 0.26000E+01  0.17008E-01 -0.20807E-01 -0.23725E-01  0.74070E-02  0.52195E-01  0.87698E-01  0.10224E+00  0.97257E-01  0.80944E-01  0.61483E-01  0.43887E-01  0.30024E-01  0.19883E-01  0.12741E-01  0.78218E-02  0.45236E-02
 0.28000E+01  0.16494E-01 -0.20009E-01 -0.23419E-01  0.58760E-02  0.48695E-01  0.83089E-01  0.97624E-01  0.93387E-01  0.78077E-01  0.59532E-01  0.42630E-01  0.29240E-01  0.19403E-01  0.12453E-01  0.76540E-02  0.44303E-02
 0.30000E+01  0.15870E-01 -0.19080E-01 -0.22939E-01  0.43631E-02  0.44973E-01  0.78062E-01  0.92505E-01  0.89035E-01  0.74812E-01  0.57282E-01  0.41162E-01  0.28313E-01  0.18830E-01  0.12106E-01  0.74507E-02  0.43167E-02
