 0.00000E+00  0.59240E+00  0.37555E+00  0.15122E+00 -0.11397E-01 -0.90974E-01 -0.10611E+00 -0.88447E-01 -0.62475E-01 -0.40136E-01 -0.24449E-01 -0.14499E-01 -0.84950E-02 -0.49412E-02 -0.28417E-02 -0.15962E-02 -0.85961E-03
 0.20000E+00  0.41001E+00  0.35555E+00  0.26412E+00  0.16748E+00  0.89360E-01  0.38182E-01  0.10489E-01 -0.16977E-02 -0.55901E-02 -0.58345E-02 -0.48317E-02 -0.36147E-02 -0.25440E-02 -0.17020E-02 -0.10770E-02 -0.63604E-03
 0.40000E+00  0.96348E-01  0.16919E+00  0.20858E+00  0.20598E+00  0.17225E+00  0.12646E+00  0.84002E-01  0.51895E-01  0.30575E-01  0.17542E-01  0.99462E-02  0.56189E-02  0.31670E-02  0.17713E-02  0.97089E-03  0.51205E-03
 0.60000E+00 -0.26339E-02  0.94549E-01  0.16641E+00  0.19361E+00  0.18020E+00  0.14415E+00  0.10357E+00  0.69135E-01  0.44076E-01  0.27407E-01  0.16852E-01  0.10312E-01  0.62752E-02  0.37679E-02  0.21995E-02  0.12237E-02
 0.80000E+00 -0.36699E-01  0.59387E-01  0.13685E+00  0.17394E+00  0.17091E+00  0.14283E+00  0.10683E+00  0.74141E-01  0.49087E-01  0.31637E-01  0.20108E-01  0.12675E-01  0.79162E-02  0.48587E-02  0.28877E-02  0.16294E-02
 0.10000E+01 -0.48641E-01  0.40300E-01  0.11560E+00  0.15564E+00  0.15844E+00  0.13633E+00  0.10477E+00  0.74609E-01  0.50608E-01  0.33349E-01  0.21615E-01  0.13858E-01  0.87793E-02  0.54518E-02  0.32704E-02  0.18587E-02
 0.12000E+01 -0.52059E-01  0.28755E-01  0.99629E-01  0.13991E+00  0.14622E+00  0.12862E+00  0.10087E+00  0.73211E-01  0.50536E-01  0.33823E-01  0.22219E-01  0.14408E-01  0.92127E-02  0.57640E-02  0.34782E-02  0.19857E-02
 0.14000E+01 -0.51875E-01  0.21235E-01  0.87189E-01  0.12655E+00  0.13505E+00  0.12091E+00  0.96362E-01  0.70991E-01  0.49664E-01  0.33630E-01  0.22313E-01  0.14587E-01  0.93903E-02  0.59066E-02  0.35790E-02  0.20497E-02
 0.16000E+01 -0.50132E-01  0.16082E-01  0.77258E-01  0.11520E+00  0.12508E+00  0.11362E+00  0.91763E-01  0.68420E-01  0.48378E-01  0.33060E-01  0.22103E-01  0.14541E-01  0.94078E-02  0.59413E-02  0.36112E-02  0.20730E-02
 0.18000E+01 -0.47765E-01  0.12416E-01  0.69182E-01  0.10552E+00  0.11625E+00  0.10691E+00  0.87299E-01  0.65739E-01  0.46886E-01  0.32276E-01  0.21710E-01  0.14353E-01  0.93231E-02  0.59061E-02  0.35984E-02  0.20694E-02
 0.20000E+01 -0.45224E-01  0.97270E-02  0.62516E-01  0.97219E-01  0.10845E+00  0.10079E+00  0.83071E-01  0.63074E-01  0.45307E-01  0.31377E-01  0.21209E-01  0.14078E-01  0.91732E-02  0.58256E-02  0.35562E-02  0.20481E-02
 0.22000E+01 -0.42728E-01  0.77049E-02  0.56947E-01  0.90061E-01  0.10156E+00  0.95237E-01  0.79123E-01  0.60495E-01  0.43714E-01  0.30424E-01  0.20648E-01  0.13750E-01  0.89830E-02  0.57163E-02  0.34949E-02  0.20151E-02
 0.24000E+01 -0.40373E-01  0.61428E-02  0.52228E-01  0.83834E-01  0.95438E-01  0.90203E-01  0.75455E-01  0.58035E-01  0.42149E-01  0.29457E-01  0.20060E-01  0.13395E-01  0.87693E-02  0.55897E-02  0.34218E-02  0.19749E-02
 0.26000E+01 -0.38184E-01  0.49048E-02  0.48165E-01  0.78350E-01  0.89952E-01  0.85609E-01  0.72042E-01  0.55696E-01  0.40625E-01  0.28494E-01  0.19460E-01  0.13024E-01  0.85419E-02  0.54524E-02  0.33414E-02  0.19301E-02
 0.28000E+01 -0.36159E-01  0.39050E-02  0.44618E-01  0.73467E-01  0.84987E-01  0.81384E-01  0.68848E-01  0.53467E-01  0.39146E-01  0.27541E-01  0.18856E-01  0.12644E-01  0.83060E-02  0.53083E-02  0.32561E-02  0.18821E-02
 0.30000E+01 -0.33801E-01  0.29354E-02  0.40781E-01  0.68053E-01  0.79387E-01  0.76536E-01  0.65121E-01  0.50820E-01  0.37360E-01  0.26371E-01  0.18103E-01  0.12165E-01  0.80044E-02  0.51221E-02  0.31450E-02  0.18192E-02
 0.00000E+00  0.59240E+00  0.37555E+00  0.15122E+00 -0.11397E-01 -0.90974E-01 -0.10611E+00 -0.88447E-01 -0.62475E-01 -0.40136E-01 -0.24449E-01 -0.14499E-01 -0.84950E-02 -0.49412E-02 -0.28417E-02 -0.15962E-02 -0.85961E-03
 0.20000E+00  0.41001E+00  0.35555E+00  0.26412E+00  0.16748E+00  0.89360E-01  0.38182E-01  0.10489E-01 -0.16977E-02 -0.55901E-02 -0.58345E-02 -0.48317E-02 -0.36147E-02 -0.25440E-02 -0.17020E-02 -0.10770E-02 -0.63604E-03
 0.40000E+00  0.96348E-01  0.16919E+00  0.20858E+00  0.20598E+00  0.17225E+00  0.12646E+00  0.84002E-01  0.51895E-01  0.30575E-01  0.17542E-01  0.99462E-02  0.56189E-02  0.31670E-02  0.17713E-02  0.97089E-03  0.51205E-03
 0.60000E+00 -0.26339E-02  0.94549E-01  0.16641E+00  0.19361E+00  0.18020E+00  0.14415E+00  0.10357E+00  0.69135E-01  0.44076E-01  0.27407E-01  0.16852E-01  0.10312E-01  0.62752E-02  0.37679E-02  0.21995E-02  0.12237E-02
 0.80000E+00 -0.36699E-01  0.59387E-01  0.13685E+00  0.17394E+00  0.17091E+00  0.14283E+00  0.10683E+00  0.74141E-01  0.49087E-01  0.31637E-01  0.20108E-01  0.12675E-01  0.79162E-02  0.48587E-02  0.28877E-02  0.16294E-02
 0.10000E+01 -0.48641E-01  0.40300E-01  0.11560E+00  0.15564E+00  0.15844E+00  0.13633E+00  0.10477E+00  0.74609E-01  0.50608E-01  0.33349E-01  0.21615E-01  0.13858E-01  0.87793E-02  0.54518E-02  0.32704E-02  0.18587E-02
 0.12000E+01 -0.52059E-01  0.28755E-01  0.99629E-01  0.13991E+00  0.14622E+00  0.12862E+00  0.10087E+00  0.73211E-01  0.50536E-01  0.33823E-01  0.22219E-01  0.14408E-01  0.92127E-02  0.57640E-02  0.34782E-02  0.19857E-02
 0.14000E+01 -0.51875E-01  0.21235E-01  0.87189E-01  0.12655E+00  0.13505E+00  0.12091E+00  0.96362E-01  0.70991E-01  0.49664E-01  0.33630E-01  0.22313E-01  0.14587E-01  0.93903E-02  0.59066E-02  0.35790E-02  0.20497E-02
 0.16000E+01 -0.50132E-01  0.16082E-01  0.77258E-01  0.11520E+00  0.12508E+00  0.11362E+00  0.91763E-01  0.68420E-01  0.48378E-01  0.33060E-01  0.22103E-01  0.14541E-01  0.94078E-02  0.59413E-02  0.36112E-02  0.20730E-02
 0.18000E+01 -0.47765E-01  0.12416E-01  0.69182E-01  0.10552E+00  0.11625E+00  0.10691E+00  0.87299E-01  0.65739E-01  0.46886E-01  0.32276E-01  0.21710E-01  0.14353E-01  0.93231E-02  0.59061E-02  0.35984E-02  0.20694E-02
 0.20000E+01 -0.45224E-01  0.97270E-02  0.62516E-01  0.97219E-01  0.10845E+00  0.10079E+00  0.83071E-01  0.63074E-01  0.45307E-01  0.31377E-01  0.21209E-01  0.14078E-01  0.91732E-02  0.58256E-02  0.35562E-02  0.20481E-02
 0.22000E+01 -0.42728E-01  0.77049E-02  0.56947E-01  0.90061E-01  0.10156E+00  0.95237E-01  0.79123E-01  0.60495E-01  0.43714E-01  0.30424E-01  0.20648E-01  0.13750E-01  0.89830E-02  0.57163E-02  0.34949E-02  0.20151E-02
 0.24000E+01 -0.40373E-01  0.61428E-02  0.52228E-01  0.83834E-01  0.95438E-01  0.90203E-01  0.75455E-01  0.58035E-01  0.42149E-01  0.29457E-01  0.20060E-01  0.13395E-01  0.87693E-02  0.55897E-02  0.34218E-02  0.19749E-02
 0.26000E+01 -0.38184E-01  0.49048E-02  0.48165E-01  0.78350E-01  0.89952E-01  0.85609E-01  0.72042E-01  0.55696E-01  0.40625E-01  0.28494E-01  0.19460E-01  0.13024E-01  0.85419E-02  0.54524E-02  0.33414E-02  0.19301E-02
 0.28000E+01 -0.36159E-01  0.39050E-02  0.44618E-01  0.73467E-01  0.84987E-01  0.81384E-01  0.68848E-01  0.53467E-01  0.39146E-01  0.27541E-01  0.18856E-01  0.12644E-01  0.83060E-02  0.53083E-02  0.32561E-02  0.18821E-02
 0.30000E+01 -0.33801E-01  0.29354E-02  0.40781E-01  0.68053E-01  0.79387E-01  0.76536E-01  0.65121E-01  0.50820E-01  0.37360E-01  0.26371E-01  0.18103E-01  0.12165E-01  0.80044E-02  0.51221E-02  0.31450E-02  0.18192E-02
