 0.00000E+00  0.90623E+00  0.29278E+00 -0.11858E+00 -0.24862E+00 -0.18314E+00 -0.57510E-01  0.39301E-01  0.83583E-01  0.88550E-01  0.74551E-01  0.55716E-01  0.38728E-01  0.25587E-01  0.16178E-01  0.97486E-02  0.55284E-02
 0.20000E+00  0.15212E+00  0.45231E+00  0.51478E+00  0.37087E+00  0.15000E+00 -0.30640E-01 -0.12501E+00 -0.14614E+00 -0.12738E+00 -0.95978E-01 -0.66343E-01 -0.43375E-01 -0.27245E-01 -0.16516E-01 -0.96137E-02 -0.53038E-02
 0.40000E+00 -0.28622E-01  0.19677E+00  0.31186E+00  0.30074E+00  0.21229E+00  0.10989E+00  0.32676E-01 -0.10447E-01 -0.27437E-01 -0.29610E-01 -0.25377E-01 -0.19419E-01 -0.13818E-01 -0.92672E-02 -0.58482E-02 -0.34362E-02
 0.60000E+00 -0.28474E-01  0.92213E-01  0.18131E+00  0.21433E+00  0.19681E+00  0.15190E+00  0.10256E+00  0.62077E-01  0.34104E-01  0.16978E-01  0.74618E-02  0.26425E-02  0.46660E-03 -0.33987E-03 -0.50435E-03 -0.41659E-03
 0.80000E+00 -0.20129E-01  0.46324E-01  0.11665E+00  0.16547E+00  0.17986E+00  0.16373E+00  0.13081E+00  0.94767E-01  0.63869E-01  0.40856E-01  0.25185E-01  0.15118E-01  0.88880E-02  0.51146E-02  0.28583E-02  0.15283E-02
 0.10000E+01 -0.12081E-01  0.17071E-01  0.72318E-01  0.12920E+00  0.16372E+00  0.16724E+00  0.14669E+00  0.11520E+00  0.83562E-01  0.57328E-01  0.37834E-01  0.24280E-01  0.15220E-01  0.92951E-02  0.54748E-02  0.30590E-02
 0.12000E+01 -0.39117E-02 -0.66119E-02  0.33903E-01  0.95261E-01  0.14550E+00  0.16580E+00  0.15689E+00  0.13069E+00  0.99629E-01  0.71421E-01  0.49049E-01  0.32634E-01  0.21123E-01  0.13261E-01  0.79898E-02  0.45450E-02
 0.14000E+01  0.35419E-02 -0.24742E-01  0.19703E-02  0.64391E-01  0.12571E+00  0.15953E+00  0.16118E+00  0.14081E+00  0.11155E+00  0.82645E-01  0.58419E-01  0.39862E-01  0.26368E-01  0.16855E-01  0.10303E-01  0.59262E-02
 0.16000E+01  0.92866E-02 -0.36561E-01 -0.21299E-01  0.39288E-01  0.10663E+00  0.14974E+00  0.15984E+00  0.14508E+00  0.11845E+00  0.90012E-01  0.65032E-01  0.45214E-01  0.30384E-01  0.19674E-01  0.12149E-01  0.70428E-02
 0.18000E+01  0.13083E-01 -0.43115E-01 -0.36463E-01  0.20598E-01  0.89927E-01  0.13846E+00  0.15463E+00  0.14467E+00  0.12095E+00  0.93740E-01  0.68869E-01  0.48566E-01  0.33024E-01  0.21588E-01  0.13431E-01  0.78300E-02
 0.20000E+01  0.15254E-01 -0.46159E-01 -0.45606E-01  0.73369E-02  0.76137E-01  0.12727E+00  0.14749E+00  0.14137E+00  0.12041E+00  0.94770E-01  0.70533E-01  0.50282E-01  0.34499E-01  0.22715E-01  0.14212E-01  0.83201E-02
 0.22000E+01  0.16289E-01 -0.47141E-01 -0.50779E-01 -0.18855E-02  0.65070E-01  0.11703E+00  0.13979E+00  0.13662E+00  0.11810E+00  0.94079E-01  0.70729E-01  0.50849E-01  0.35129E-01  0.23259E-01  0.14614E-01  0.85835E-02
 0.24000E+01  0.16615E-01 -0.47005E-01 -0.53496E-01 -0.82963E-02  0.56250E-01  0.10800E+00  0.13229E+00  0.13134E+00  0.11489E+00  0.92412E-01  0.70035E-01  0.50685E-01  0.35207E-01  0.23411E-01  0.14760E-01  0.86909E-02
 0.26000E+01  0.16522E-01 -0.46291E-01 -0.54725E-01 -0.12788E-01  0.49186E-01  0.10016E+00  0.12530E+00  0.12602E+00  0.11131E+00  0.90239E-01  0.68832E-01  0.50081E-01  0.34939E-01  0.23314E-01  0.14738E-01  0.86956E-02
 0.28000E+01  0.16190E-01 -0.45297E-01 -0.55044E-01 -0.15948E-01  0.43492E-01  0.93385E-01  0.11893E+00  0.12092E+00  0.10766E+00  0.87842E-01  0.67357E-01  0.49221E-01  0.34461E-01  0.23060E-01  0.14609E-01  0.86339E-02
 0.30000E+01  0.15690E-01 -0.43633E-01 -0.54354E-01 -0.18342E-01  0.37961E-01  0.86141E-01  0.11165E+00  0.11470E+00  0.10292E+00  0.84489E-01  0.65112E-01  0.47777E-01  0.33562E-01  0.22518E-01  0.14295E-01  0.84615E-02
 0.00000E+00  0.90623E+00  0.29278E+00 -0.11858E+00 -0.24862E+00 -0.18314E+00 -0.57510E-01  0.39301E-01  0.83583E-01  0.88550E-01  0.74551E-01  0.55716E-01  0.38728E-01  0.25587E-01  0.16178E-01  0.97486E-02  0.55284E-02
 0.20000E+00  0.15212E+00  0.45231E+00  0.51478E+00  0.37087E+00  0.15000E+00 -0.30640E-01 -0.12501E+00 -0.14614E+00 -0.12738E+00 -0.95978E-01 -0.66343E-01 -0.43375E-01 -0.27245E-01 -0.16516E-01 -0.96137E-02 -0.53038E-02
 0.40000E+00 -0.28622E-01  0.19677E+00  0.31186E+00  0.30074E+00  0.21229E+00  0.10989E+00  0.32676E-01 -0.10447E-01 -0.27437E-01 -0.29610E-01 -0.25377E-01 -0.19419E-01 -0.13818E-01 -0.92672E-02 -0.58482E-02 -0.34362E-02
 0.60000E+00 -0.28474E-01  0.92213E-01  0.18131E+00  0.21433E+00  0.19681E+00  0.15190E+00  0.10256E+00  0.62077E-01  0.34104E-01  0.16978E-01  0.74618E-02  0.26425E-02  0.46660E-03 -0.33987E-03 -0.50435E-03 -0.41659E-03
 0.80000E+00 -0.20129E-01  0.46324E-01  0.11665E+00  0.16547E+00  0.17986E+00  0.16373E+00  0.13081E+00  0.94767E-01  0.63869E-01  0.40856E-01  0.25185E-01  0.15118E-01  0.88880E-02  0.51146E-02  0.28583E-02  0.15283E-02
 0.10000E+01 -0.12081E-01  0.17071E-01  0.72318E-01  0.12920E+00  0.16372E+00  0.16724E+00  0.14669E+00  0.11520E+00  0.83562E-01  0.57328E-01  0.37834E-01  0.24280E-01  0.15220E-01  0.92951E-02  0.54748E-02  0.30590E-02
 0.12000E+01 -0.39117E-02 -0.66119E-02  0.33903E-01  0.95261E-01  0.14550E+00  0.16580E+00  0.15689E+00  0.13069E+00  0.99629E-01  0.71421E-01  0.49049E-01  0.32634E-01  0.21123E-01  0.13261E-01  0.79898E-02  0.45450E-02
 0.14000E+01  0.35419E-02 -0.24742E-01  0.19703E-02  0.64391E-01  0.12571E+00  0.15953E+00  0.16118E+00  0.14081E+00  0.11155E+00  0.82645E-01  0.58419E-01  0.39862E-01  0.26368E-01  0.16855E-01  0.10303E-01  0.59262E-02
 0.16000E+01  0.92866E-02 -0.36561E-01 -0.21299E-01  0.39288E-01  0.10663E+00  0.14974E+00  0.15984E+00  0.14508E+00  0.11845E+00  0.90012E-01  0.65032E-01  0.45214E-01  0.30384E-01  0.19674E-01  0.12149E-01  0.70428E-02
 0.18000E+01  0.13083E-01 -0.43115E-01 -0.36463E-01  0.20598E-01  0.89927E-01  0.13846E+00  0.15463E+00  0.14467E+00  0.12095E+00  0.93740E-01  0.68869E-01  0.48566E-01  0.33024E-01  0.21588E-01  0.13431E-01  0.78300E-02
 0.20000E+01  0.15254E-01 -0.46159E-01 -0.45606E-01  0.73369E-02  0.76137E-01  0.12727E+00  0.14749E+00  0.14137E+00  0.12041E+00  0.94770E-01  0.70533E-01  0.50282E-01  0.34499E-01  0.22715E-01  0.14212E-01  0.83201E-02
 0.22000E+01  0.16289E-01 -0.47141E-01 -0.50779E-01 -0.18855E-02  0.65070E-01  0.11703E+00  0.13979E+00  0.13662E+00  0.11810E+00  0.94079E-01  0.70729E-01  0.50849E-01  0.35129E-01  0.23259E-01  0.14614E-01  0.85835E-02
 0.24000E+01  0.16615E-01 -0.47005E-01 -0.53496E-01 -0.82963E-02  0.56250E-01  0.10800E+00  0.13229E+00  0.13134E+00  0.11489E+00  0.92412E-01  0.70035E-01  0.50685E-01  0.35207E-01  0.23411E-01  0.14760E-01  0.86909E-02
 0.26000E+01  0.16522E-01 -0.46291E-01 -0.54725E-01 -0.12788E-01  0.49186E-01  0.10016E+00  0.12530E+00  0.12602E+00  0.11131E+00  0.90239E-01  0.68832E-01  0.50081E-01  0.34939E-01  0.23314E-01  0.14738E-01  0.86956E-02
 0.28000E+01  0.16190E-01 -0.45297E-01 -0.55044E-01 -0.15948E-01  0.43492E-01  0.93385E-01  0.11893E+00  0.12092E+00  0.10766E+00  0.87842E-01  0.67357E-01  0.49221E-01  0.34461E-01  0.23060E-01  0.14609E-01  0.86339E-02
 0.30000E+01  0.15690E-01 -0.43633E-01 -0.54354E-01 -0.18342E-01  0.37961E-01  0.86141E-01  0.11165E+00  0.11470E+00  0.10292E+00  0.84489E-01  0.65112E-01  0.47777E-01  0.33562E-01  0.22518E-01  0.14295E-01  0.84615E-02
