 0.00000E+00  0.77717E+00  0.33237E+00 -0.15393E-01 -0.17142E+00 -0.16339E+00 -0.80746E-01 -0.24153E-03  0.45575E-01  0.58469E-01  0.52589E-01  0.40289E-01  0.28229E-01  0.18704E-01  0.11864E-01  0.71842E-02  0.40988E-02
 0.20000E+00  0.32205E+00  0.37953E+00  0.34094E+00  0.23014E+00  0.10143E+00  0.15064E-02 -0.52010E-01 -0.66610E-01 -0.59326E-01 -0.44627E-01 -0.30487E-01 -0.19664E-01 -0.12229E-01 -0.73832E-02 -0.43021E-02 -0.23830E-02
 0.40000E+00  0.46549E-05  0.22620E+00  0.34017E+00  0.31934E+00  0.21305E+00  0.92375E-01  0.43449E-02 -0.39873E-01 -0.51293E-01 -0.45804E-01 -0.34942E-01 -0.24459E-01 -0.16226E-01 -0.10317E-01 -0.62637E-02 -0.35824E-02
 0.60000E+00 -0.83332E-01  0.11973E+00  0.25411E+00  0.28460E+00  0.23324E+00  0.14916E+00  0.73150E-01  0.22764E-01 -0.29167E-02 -0.12219E-01 -0.13191E-01 -0.10976E-01 -0.81016E-02 -0.55374E-02 -0.35375E-02 -0.20980E-02
 0.80000E+00 -0.71772E-01  0.40216E-01  0.14156E+00  0.20028E+00  0.20831E+00  0.17906E+00  0.13387E+00  0.89903E-01  0.55617E-01  0.32397E-01  0.18113E-01  0.98704E-02  0.52936E-02  0.27996E-02  0.14503E-02  0.72540E-03
 0.10000E+01 -0.31954E-01 -0.41254E-02  0.53829E-01  0.11952E+00  0.16641E+00  0.18047E+00  0.16484E+00  0.13263E+00  0.97133E-01  0.66510E-01  0.43524E-01  0.27664E-01  0.17219E-01  0.10482E-01  0.61748E-02  0.34571E-02
 0.12000E+01 -0.15387E-02 -0.23508E-01  0.34139E-02  0.65539E-01  0.12951E+00  0.16738E+00  0.17110E+00  0.14946E+00  0.11684E+00  0.84482E-01  0.57926E-01  0.38321E-01  0.24675E-01  0.15448E-01  0.93056E-02  0.53014E-02
 0.14000E+01  0.15698E-01 -0.30770E-01 -0.22234E-01  0.33670E-01  0.10270E+00  0.15143E+00  0.16604E+00  0.15203E+00  0.12320E+00  0.91738E-01  0.64481E-01  0.43562E-01  0.28543E-01  0.18123E-01  0.11039E-01  0.63429E-02
 0.16000E+01  0.24702E-01 -0.33003E-01 -0.35021E-01  0.14963E-01  0.83987E-01  0.13708E+00  0.15761E+00  0.14880E+00  0.12339E+00  0.93632E-01  0.66865E-01  0.45779E-01  0.30328E-01  0.19428E-01  0.11916E-01  0.68825E-02
 0.18000E+01  0.29323E-01 -0.33247E-01 -0.41493E-01  0.35085E-02  0.70662E-01  0.12509E+00  0.14888E+00  0.14364E+00  0.12107E+00  0.93098E-01  0.67229E-01  0.46461E-01  0.31017E-01  0.19992E-01  0.12320E-01  0.71418E-02
 0.20000E+01  0.31652E-01 -0.32704E-01 -0.44784E-01 -0.38804E-02  0.60814E-01  0.11519E+00  0.14079E+00  0.13807E+00  0.11782E+00  0.91507E-01  0.66636E-01  0.46374E-01  0.31137E-01  0.20161E-01  0.12469E-01  0.72471E-02
 0.22000E+01  0.32739E-01 -0.31858E-01 -0.46383E-01 -0.88726E-02  0.53259E-01  0.10692E+00  0.13351E+00  0.13265E+00  0.11429E+00  0.89475E-01  0.65588E-01  0.45897E-01  0.30955E-01  0.20115E-01  0.12474E-01  0.72654E-02
 0.24000E+01  0.33129E-01 -0.30910E-01 -0.47044E-01 -0.12386E-01  0.47260E-01  0.99902E-01  0.12699E+00  0.12754E+00  0.11077E+00  0.87284E-01  0.64329E-01  0.45218E-01  0.30609E-01  0.19948E-01  0.12399E-01  0.72334E-02
 0.26000E+01  0.33110E-01 -0.29943E-01 -0.47155E-01 -0.14945E-01  0.42342E-01  0.93816E-01  0.12111E+00  0.12276E+00  0.10735E+00  0.85055E-01  0.62974E-01  0.44435E-01  0.30171E-01  0.19711E-01  0.12274E-01  0.71711E-02
 0.28000E+01  0.32835E-01 -0.28991E-01 -0.46926E-01 -0.16855E-01  0.38206E-01  0.88443E-01  0.11576E+00  0.11828E+00  0.10405E+00  0.82841E-01  0.61581E-01  0.43595E-01  0.29681E-01  0.19431E-01  0.12120E-01  0.70897E-02
 0.30000E+01  0.32255E-01 -0.27792E-01 -0.46270E-01 -0.18560E-01  0.33846E-01  0.82458E-01  0.10958E+00  0.11298E+00  0.10004E+00  0.80071E-01  0.59784E-01  0.42477E-01  0.29005E-01  0.19033E-01  0.11893E-01  0.69660E-02
 0.00000E+00  0.77717E+00  0.33237E+00 -0.15393E-01 -0.17142E+00 -0.16339E+00 -0.80746E-01 -0.24153E-03  0.45575E-01  0.58469E-01  0.52589E-01  0.40289E-01  0.28229E-01  0.18704E-01  0.11864E-01  0.71842E-02  0.40988E-02
 0.20000E+00  0.32205E+00  0.37953E+00  0.34094E+00  0.23014E+00  0.10143E+00  0.15064E-02 -0.52010E-01 -0.66610E-01 -0.59326E-01 -0.44627E-01 -0.30487E-01 -0.19664E-01 -0.12229E-01 -0.73832E-02 -0.43021E-02 -0.23830E-02
 0.40000E+00  0.46549E-05  0.22620E+00  0.34017E+00  0.31934E+00  0.21305E+00  0.92375E-01  0.43449E-02 -0.39873E-01 -0.51293E-01 -0.45804E-01 -0.34942E-01 -0.24459E-01 -0.16226E-01 -0.10317E-01 -0.62637E-02 -0.35824E-02
 0.60000E+00 -0.83332E-01  0.11973E+00  0.25411E+00  0.28460E+00  0.23324E+00  0.14916E+00  0.73150E-01  0.22764E-01 -0.29167E-02 -0.12219E-01 -0.13191E-01 -0.10976E-01 -0.81016E-02 -0.55374E-02 -0.35375E-02 -0.20980E-02
 0.80000E+00 -0.71772E-01  0.40216E-01  0.14156E+00  0.20028E+00  0.20831E+00  0.17906E+00  0.13387E+00  0.89903E-01  0.55617E-01  0.32397E-01  0.18113E-01  0.98704E-02  0.52936E-02  0.27996E-02  0.14503E-02  0.72540E-03
 0.10000E+01 -0.31954E-01 -0.41254E-02  0.53829E-01  0.11952E+00  0.16641E+00  0.18047E+00  0.16484E+00  0.13263E+00  0.97133E-01  0.66510E-01  0.43524E-01  0.27664E-01  0.17219E-01  0.10482E-01  0.61748E-02  0.34571E-02
 0.12000E+01 -0.15387E-02 -0.23508E-01  0.34139E-02  0.65539E-01  0.12951E+00  0.16738E+00  0.17110E+00  0.14946E+00  0.11684E+00  0.84482E-01  0.57926E-01  0.38321E-01  0.24675E-01  0.15448E-01  0.93056E-02  0.53014E-02
 0.14000E+01  0.15698E-01 -0.30770E-01 -0.22234E-01  0.33670E-01  0.10270E+00  0.15143E+00  0.16604E+00  0.15203E+00  0.12320E+00  0.91738E-01  0.64481E-01  0.43562E-01  0.28543E-01  0.18123E-01  0.11039E-01  0.63429E-02
 0.16000E+01  0.24702E-01 -0.33003E-01 -0.35021E-01  0.14963E-01  0.83987E-01  0.13708E+00  0.15761E+00  0.14880E+00  0.12339E+00  0.93632E-01  0.66865E-01  0.45779E-01  0.30328E-01  0.19428E-01  0.11916E-01  0.68825E-02
 0.18000E+01  0.29323E-01 -0.33247E-01 -0.41493E-01  0.35085E-02  0.70662E-01  0.12509E+00  0.14888E+00  0.14364E+00  0.12107E+00  0.93098E-01  0.67229E-01  0.46461E-01  0.31017E-01  0.19992E-01  0.12320E-01  0.71418E-02
 0.20000E+01  0.31652E-01 -0.32704E-01 -0.44784E-01 -0.38804E-02  0.60814E-01  0.11519E+00  0.14079E+00  0.13807E+00  0.11782E+00  0.91507E-01  0.66636E-01  0.46374E-01  0.31137E-01  0.20161E-01  0.12469E-01  0.72471E-02
 0.22000E+01  0.32739E-01 -0.31858E-01 -0.46383E-01 -0.88726E-02  0.53259E-01  0.10692E+00  0.13351E+00  0.13265E+00  0.11429E+00  0.89475E-01  0.65588E-01  0.45897E-01  0.30955E-01  0.20115E-01  0.12474E-01  0.72654E-02
 0.24000E+01  0.33129E-01 -0.30910E-01 -0.47044E-01 -0.12386E-01  0.47260E-01  0.99902E-01  0.12699E+00  0.12754E+00  0.11077E+00  0.87284E-01  0.64329E-01  0.45218E-01  0.30609E-01  0.19948E-01  0.12399E-01  0.72334E-02
 0.26000E+01  0.33110E-01 -0.29943E-01 -0.47155E-01 -0.14945E-01  0.42342E-01  0.93816E-01  0.12111E+00  0.12276E+00  0.10735E+00  0.85055E-01  0.62974E-01  0.44435E-01  0.30171E-01  0.19711E-01  0.12274E-01  0.71711E-02
 0.28000E+01  0.32835E-01 -0.28991E-01 -0.46926E-01 -0.16855E-01  0.38206E-01  0.88443E-01  0.11576E+00  0.11828E+00  0.10405E+00  0.82841E-01  0.61581E-01  0.43595E-01  0.29681E-01  0.19431E-01  0.12120E-01  0.70897E-02
 0.30000E+01  0.32255E-01 -0.27792E-01 -0.46270E-01 -0.18560E-01  0.33846E-01  0.82458E-01  0.10958E+00  0.11298E+00  0.10004E+00  0.80071E-01  0.59784E-01  0.42477E-01  0.29005E-01  0.19033E-01  0.11893E-01  0.69660E-02
