 0.00000E+00  0.73657E+00  0.34031E+00 -0.43136E-01 -0.13372E+00 -0.80078E-01 -0.25798E-01  0.73623E-03  0.93514E-02  0.99263E-02  0.77926E-02  0.53020E-02  0.32735E-02  0.18534E-02  0.94721E-03  0.41761E-03  0.14773E-03
 0.20000E+00  0.35036E+00  0.43596E+00  0.33025E+00  0.15521E+00  0.35834E-01 -0.15757E-01 -0.29480E-01 -0.27724E-01 -0.21356E-01 -0.14863E-01 -0.97043E-02 -0.60504E-02 -0.36297E-02 -0.20909E-02 -0.11279E-02 -0.52488E-03
 0.40000E+00 -0.44196E-01  0.23011E+00  0.35393E+00  0.27262E+00  0.14690E+00  0.63448E-01  0.21932E-01  0.43396E-02 -0.18081E-02 -0.31140E-02 -0.27076E-02 -0.19117E-02 -0.11985E-02 -0.68109E-03 -0.34551E-03 -0.14751E-03
 0.60000E+00 -0.76784E-01  0.12376E+00  0.26111E+00  0.25242E+00  0.18019E+00  0.11357E+00  0.68245E-01  0.40148E-01  0.23337E-01  0.13467E-01  0.77330E-02  0.44171E-02  0.25024E-02  0.13940E-02  0.74041E-03  0.34282E-03
 0.80000E+00 -0.66161E-01  0.56747E-01  0.18100E+00  0.21981E+00  0.19104E+00  0.14205E+00  0.97629E-01  0.64028E-01  0.40617E-01  0.25106E-01  0.15189E-01  0.90072E-02  0.52297E-02  0.29513E-02  0.15729E-02  0.72686E-03
 0.10000E+01 -0.48881E-01  0.10091E-01  0.11623E+00  0.18642E+00  0.19049E+00  0.15691E+00  0.11547E+00  0.79525E-01  0.52358E-01  0.33341E-01  0.20686E-01  0.12554E-01  0.74595E-02  0.43173E-02  0.23655E-02  0.11220E-02
 0.12000E+01 -0.32400E-01 -0.22090E-01  0.65941E-01  0.15540E+00  0.18298E+00  0.16212E+00  0.12474E+00  0.88652E-01  0.59840E-01  0.38945E-01  0.24670E-01  0.15299E-01  0.93137E-02  0.55465E-02  0.31375E-02  0.15325E-02
 0.14000E+01 -0.19770E-01 -0.43181E-01  0.29273E-01  0.12886E+00  0.17184E+00  0.16075E+00  0.12770E+00  0.92874E-01  0.63911E-01  0.42346E-01  0.27314E-01  0.17273E-01  0.10753E-01  0.65714E-02  0.38226E-02  0.19134E-02
 0.16000E+01 -0.11596E-01 -0.54576E-01  0.50599E-02  0.10646E+00  0.15732E+00  0.15328E+00  0.12485E+00  0.92618E-01  0.64907E-01  0.43801E-01  0.28809E-01  0.18618E-01  0.11880E-01  0.74667E-02  0.44716E-02  0.22935E-02
 0.18000E+01 -0.79495E-02 -0.60080E-01 -0.98857E-02  0.88637E-01  0.14235E+00  0.14309E+00  0.11897E+00  0.89844E-01  0.64062E-01  0.44013E-01  0.29513E-01  0.19481E-01  0.12726E-01  0.82070E-02  0.50413E-02  0.26388E-02
 0.20000E+01 -0.78751E-02 -0.61252E-01 -0.17892E-01  0.74234E-01  0.12700E+00  0.13083E+00  0.11084E+00  0.85214E-01  0.61890E-01  0.43357E-01  0.29685E-01  0.20040E-01  0.13411E-01  0.88705E-02  0.55810E-02  0.29754E-02
 0.22000E+01 -0.10677E-01 -0.59774E-01 -0.21106E-01  0.62498E-01  0.11179E+00  0.11751E+00  0.10142E+00  0.79505E-01  0.58941E-01  0.42194E-01  0.29551E-01  0.20429E-01  0.14012E-01  0.94994E-02  0.61115E-02  0.33123E-02
 0.24000E+01 -0.15266E-01 -0.56790E-01 -0.21292E-01  0.52785E-01  0.97173E-01  0.10397E+00  0.91535E-01  0.73332E-01  0.55627E-01  0.40774E-01  0.29251E-01  0.20716E-01  0.14553E-01  0.10096E-01  0.66262E-02  0.36426E-02
 0.26000E+01 -0.21083E-01 -0.52701E-01 -0.19373E-01  0.44378E-01  0.82818E-01  0.90168E-01  0.81253E-01  0.66816E-01  0.52070E-01  0.39203E-01  0.28869E-01  0.20966E-01  0.15085E-01  0.10697E-01  0.71501E-02  0.39805E-02
 0.28000E+01 -0.28332E-01 -0.47850E-01 -0.15772E-01  0.36875E-01  0.68428E-01  0.75919E-01  0.70503E-01  0.59956E-01  0.48306E-01  0.37536E-01  0.28461E-01  0.21232E-01  0.15652E-01  0.11339E-01  0.77102E-02  0.43419E-02
 0.30000E+01 -0.35407E-01 -0.43566E-01 -0.12673E-01  0.29527E-01  0.54600E-01  0.62210E-01  0.60072E-01  0.53186E-01  0.44474E-01  0.35711E-01  0.27864E-01  0.21308E-01  0.16047E-01  0.11837E-01  0.81617E-02  0.46381E-02
