 0.00000E+00  0.77270E+00  0.37866E+00  0.46780E-01 -0.13650E+00 -0.18112E+00 -0.14839E+00 -0.95661E-01 -0.52459E-01 -0.25328E-01 -0.10753E-01 -0.37260E-02 -0.66417E-03  0.47209E-03  0.73506E-03  0.64521E-03  0.45319E-03
 0.20000E+00  0.29610E+00  0.36946E+00  0.35270E+00  0.26656E+00  0.15897E+00  0.70035E-01  0.15009E-01 -0.10661E-01 -0.18371E-01 -0.17733E-01 -0.14308E-01 -0.10575E-01 -0.73852E-02 -0.49076E-02 -0.30847E-02 -0.18096E-02
 0.40000E+00  0.28843E-02  0.15888E+00  0.25134E+00  0.26267E+00  0.21680E+00  0.15151E+00  0.93815E-01  0.53421E-01  0.28851E-01  0.15095E-01  0.77228E-02  0.38616E-02  0.18745E-02  0.87450E-03  0.38728E-03  0.16044E-03
 0.60000E+00 -0.30749E-01  0.83232E-01  0.16613E+00  0.19697E+00  0.18262E+00  0.14463E+00  0.10298E+00  0.68442E-01  0.43684E-01  0.27290E-01  0.16860E-01  0.10337E-01  0.62773E-02  0.37475E-02  0.21704E-02  0.11973E-02
 0.80000E+00 -0.33296E-01  0.55839E-01  0.12756E+00  0.16175E+00  0.15882E+00  0.13285E+00  0.99660E-01  0.69524E-01  0.46333E-01  0.30053E-01  0.19180E-01  0.12096E-01  0.75278E-02  0.45895E-02  0.27048E-02  0.15129E-02
 0.10000E+01 -0.32736E-01  0.43174E-01  0.10812E+00  0.14288E+00  0.14500E+00  0.12489E+00  0.96166E-01  0.68621E-01  0.46609E-01  0.30711E-01  0.19856E-01  0.12660E-01  0.79521E-02  0.48856E-02  0.28973E-02  0.16286E-02
 0.12000E+01 -0.31588E-01  0.34486E-01  0.94045E-01  0.12872E+00  0.13415E+00  0.11819E+00  0.92783E-01  0.67285E-01  0.46309E-01  0.30839E-01  0.20113E-01  0.12916E-01  0.81614E-02  0.50390E-02  0.30001E-02  0.16916E-02
 0.14000E+01 -0.30018E-01  0.27103E-01  0.81438E-01  0.11556E+00  0.12363E+00  0.11127E+00  0.88895E-01  0.65393E-01  0.45522E-01  0.30591E-01  0.20097E-01  0.12983E-01  0.82442E-02  0.51107E-02  0.30528E-02  0.17256E-02
 0.16000E+01 -0.28180E-01  0.20652E-01  0.69833E-01  0.10299E+00  0.11313E+00  0.10392E+00  0.84402E-01  0.62898E-01  0.44233E-01  0.29962E-01  0.19809E-01  0.12863E-01  0.82028E-02  0.51028E-02  0.30565E-02  0.17315E-02
 0.18000E+01 -0.26265E-01  0.15158E-01  0.59435E-01  0.91287E-01  0.10293E+00  0.96411E-01  0.79483E-01  0.59922E-01  0.42517E-01  0.28999E-01  0.19277E-01  0.12573E-01  0.80472E-02  0.50208E-02  0.30145E-02  0.17108E-02
 0.20000E+01 -0.24427E-01  0.10614E-01  0.50398E-01  0.80744E-01  0.93362E-01  0.89039E-01  0.74397E-01  0.56659E-01  0.40511E-01  0.27795E-01  0.18562E-01  0.12153E-01  0.78020E-02  0.48801E-02  0.29358E-02  0.16687E-02
 0.22000E+01 -0.22759E-01  0.69375E-02  0.42728E-01  0.71478E-01  0.84652E-01  0.82061E-01  0.69383E-01  0.53305E-01  0.38364E-01  0.26453E-01  0.17736E-01  0.11648E-01  0.74977E-02  0.46996E-02  0.28321E-02  0.16119E-02
 0.24000E+01 -0.21296E-01  0.39880E-02  0.36293E-01  0.63451E-01  0.76865E-01  0.75621E-01  0.64607E-01  0.50013E-01  0.36197E-01  0.25065E-01  0.16861E-01  0.11104E-01  0.71627E-02  0.44978E-02  0.27144E-02  0.15466E-02
 0.26000E+01 -0.20039E-01  0.16202E-02  0.30905E-01  0.56529E-01  0.69963E-01  0.69759E-01  0.60151E-01  0.46870E-01  0.34086E-01  0.23689E-01  0.15981E-01  0.10548E-01  0.68175E-02  0.42877E-02  0.25908E-02  0.14777E-02
 0.28000E+01 -0.18972E-01 -0.28837E-03  0.26388E-01  0.50567E-01  0.63869E-01  0.64465E-01  0.56041E-01  0.43920E-01  0.32074E-01  0.22361E-01  0.15122E-01  0.10002E-01  0.64748E-02  0.40777E-02  0.24666E-02  0.14081E-02
 0.30000E+01 -0.17824E-01 -0.21338E-02  0.21760E-01  0.44255E-01  0.57242E-01  0.58571E-01  0.51375E-01  0.40514E-01  0.29719E-01  0.20789E-01  0.14096E-01  0.93429E-02  0.60592E-02  0.38216E-02  0.23145E-02  0.13225E-02
 0.00000E+00  0.77270E+00  0.37866E+00  0.46780E-01 -0.13650E+00 -0.18112E+00 -0.14839E+00 -0.95661E-01 -0.52459E-01 -0.25328E-01 -0.10753E-01 -0.37260E-02 -0.66417E-03  0.47209E-03  0.73506E-03  0.64521E-03  0.45319E-03
 0.20000E+00  0.29610E+00  0.36946E+00  0.35270E+00  0.26656E+00  0.15897E+00  0.70035E-01  0.15009E-01 -0.10661E-01 -0.18371E-01 -0.17733E-01 -0.14308E-01 -0.10575E-01 -0.73852E-02 -0.49076E-02 -0.30847E-02 -0.18096E-02
 0.40000E+00  0.28843E-02  0.15888E+00  0.25134E+00  0.26267E+00  0.21680E+00  0.15151E+00  0.93815E-01  0.53421E-01  0.28851E-01  0.15095E-01  0.77228E-02  0.38616E-02  0.18745E-02  0.87450E-03  0.38728E-03  0.16044E-03
 0.60000E+00 -0.30749E-01  0.83232E-01  0.16613E+00  0.19697E+00  0.18262E+00  0.14463E+00  0.10298E+00  0.68442E-01  0.43684E-01  0.27290E-01  0.16860E-01  0.10337E-01  0.62773E-02  0.37475E-02  0.21704E-02  0.11973E-02
 0.80000E+00 -0.33296E-01  0.55839E-01  0.12756E+00  0.16175E+00  0.15882E+00  0.13285E+00  0.99660E-01  0.69524E-01  0.46333E-01  0.30053E-01  0.19180E-01  0.12096E-01  0.75278E-02  0.45895E-02  0.27048E-02  0.15129E-02
 0.10000E+01 -0.32736E-01  0.43174E-01  0.10812E+00  0.14288E+00  0.14500E+00  0.12489E+00  0.96166E-01  0.68621E-01  0.46609E-01  0.30711E-01  0.19856E-01  0.12660E-01  0.79521E-02  0.48856E-02  0.28973E-02  0.16286E-02
 0.12000E+01 -0.31588E-01  0.34486E-01  0.94045E-01  0.12872E+00  0.13415E+00  0.11819E+00  0.92783E-01  0.67285E-01  0.46309E-01  0.30839E-01  0.20113E-01  0.12916E-01  0.81614E-02  0.50390E-02  0.30001E-02  0.16916E-02
 0.14000E+01 -0.30018E-01  0.27103E-01  0.81438E-01  0.11556E+00  0.12363E+00  0.11127E+00  0.88895E-01  0.65393E-01  0.45522E-01  0.30591E-01  0.20097E-01  0.12983E-01  0.82442E-02  0.51107E-02  0.30528E-02  0.17256E-02
 0.16000E+01 -0.28180E-01  0.20652E-01  0.69833E-01  0.10299E+00  0.11313E+00  0.10392E+00  0.84402E-01  0.62898E-01  0.44233E-01  0.29962E-01  0.19809E-01  0.12863E-01  0.82028E-02  0.51028E-02  0.30565E-02  0.17315E-02
 0.18000E+01 -0.26265E-01  0.15158E-01  0.59435E-01  0.91287E-01  0.10293E+00  0.96411E-01  0.79483E-01  0.59922E-01  0.42517E-01  0.28999E-01  0.19277E-01  0.12573E-01  0.80472E-02  0.50208E-02  0.30145E-02  0.17108E-02
 0.20000E+01 -0.24427E-01  0.10614E-01  0.50398E-01  0.80744E-01  0.93362E-01  0.89039E-01  0.74397E-01  0.56659E-01  0.40511E-01  0.27795E-01  0.18562E-01  0.12153E-01  0.78020E-02  0.48801E-02  0.29358E-02  0.16687E-02
 0.22000E+01 -0.22759E-01  0.69375E-02  0.42728E-01  0.71478E-01  0.84652E-01  0.82061E-01  0.69383E-01  0.53305E-01  0.38364E-01  0.26453E-01  0.17736E-01  0.11648E-01  0.74977E-02  0.46996E-02  0.28321E-02  0.16119E-02
 0.24000E+01 -0.21296E-01  0.39880E-02  0.36293E-01  0.63451E-01  0.76865E-01  0.75621E-01  0.64607E-01  0.50013E-01  0.36197E-01  0.25065E-01  0.16861E-01  0.11104E-01  0.71627E-02  0.44978E-02  0.27144E-02  0.15466E-02
 0.26000E+01 -0.20039E-01  0.16202E-02  0.30905E-01  0.56529E-01  0.69963E-01  0.69759E-01  0.60151E-01  0.46870E-01  0.34086E-01  0.23689E-01  0.15981E-01  0.10548E-01  0.68175E-02  0.42877E-02  0.25908E-02  0.14777E-02
 0.28000E+01 -0.18972E-01 -0.28837E-03  0.26388E-01  0.50567E-01  0.63869E-01  0.64465E-01  0.56041E-01  0.43920E-01  0.32074E-01  0.22361E-01  0.15122E-01  0.10002E-01  0.64748E-02  0.40777E-02  0.24666E-02  0.14081E-02
 0.30000E+01 -0.17824E-01 -0.21338E-02  0.21760E-01  0.44255E-01  0.57242E-01  0.58571E-01  0.51375E-01  0.40514E-01  0.29719E-01  0.20789E-01  0.14096E-01  0.93429E-02  0.60592E-02  0.38216E-02  0.23145E-02  0.13225E-02
