 0.00000E+00  0.74392E+00  0.33335E+00 -0.47997E-01 -0.13315E+00 -0.83997E-01 -0.37109E-01 -0.13882E-01 -0.44878E-02 -0.13219E-02 -0.65936E-03 -0.79773E-03 -0.10389E-02 -0.11613E-02 -0.11262E-02 -0.92346E-03 -0.57668E-03
 0.20000E+00  0.34551E+00  0.44992E+00  0.33507E+00  0.14576E+00  0.28692E-01 -0.13626E-01 -0.21553E-01 -0.18454E-01 -0.12990E-01 -0.80158E-02 -0.43227E-02 -0.19036E-02 -0.48059E-03  0.24290E-03  0.47584E-03  0.37827E-03
 0.40000E+00 -0.46373E-01  0.22487E+00  0.35214E+00  0.28074E+00  0.16436E+00  0.84724E-01  0.41798E-01  0.20143E-01  0.95026E-02  0.44148E-02  0.20553E-02  0.99241E-03  0.52203E-03  0.30696E-03  0.18756E-03  0.99364E-04
 0.60000E+00 -0.76611E-01  0.11557E+00  0.26202E+00  0.26492E+00  0.19346E+00  0.12195E+00  0.72170E-01  0.41265E-01  0.22797E-01  0.11997E-01  0.58460E-02  0.24724E-02  0.72006E-03 -0.10368E-03 -0.37839E-03 -0.32090E-03
 0.80000E+00 -0.73163E-01  0.58575E-01  0.19382E+00  0.22883E+00  0.18566E+00  0.12584E+00  0.78433E-01  0.46655E-01  0.26583E-01  0.14311E-01  0.70662E-02  0.29786E-02  0.81064E-03 -0.21913E-03 -0.55200E-03 -0.45240E-03
 0.10000E+01 -0.66728E-01  0.22981E-01  0.14242E+00  0.19222E+00  0.16758E+00  0.11861E+00  0.76056E-01  0.46196E-01  0.26757E-01  0.14602E-01  0.72984E-02  0.31189E-02  0.87516E-03 -0.20311E-03 -0.55866E-03 -0.46244E-03
 0.12000E+01 -0.60035E-01 -0.16145E-02  0.10209E+00  0.15916E+00  0.14776E+00  0.10821E+00  0.70890E-01  0.43731E-01  0.25646E-01  0.14147E-01  0.71466E-02  0.30978E-02  0.90296E-03 -0.16310E-03 -0.52312E-03 -0.43965E-03
 0.14000E+01 -0.54291E-01 -0.18239E-01  0.70508E-01  0.12932E+00  0.12700E+00  0.95650E-01  0.63751E-01  0.39830E-01  0.23610E-01  0.13159E-01  0.67286E-02  0.29742E-02  0.91939E-03 -0.91443E-04 -0.44547E-03 -0.38589E-03
 0.16000E+01 -0.50345E-01 -0.28250E-01  0.46374E-01  0.10183E+00  0.10485E+00  0.80734E-01  0.54562E-01  0.34468E-01  0.20652E-01  0.11655E-01  0.60691E-02  0.27764E-02  0.95286E-03  0.37683E-04 -0.30520E-03 -0.28851E-03
 0.18000E+01 -0.48410E-01 -0.32934E-01  0.28480E-01  0.76312E-01  0.81513E-01  0.63808E-01  0.43631E-01  0.27870E-01  0.16917E-01  0.97248E-02  0.52189E-02  0.25319E-02  0.10171E-02  0.23055E-03 -0.99820E-04 -0.14668E-03
 0.20000E+01 -0.48327E-01 -0.33593E-01  0.15644E-01  0.52720E-01  0.57627E-01  0.45607E-01  0.31539E-01  0.20430E-01  0.12651E-01  0.75039E-02  0.42447E-02  0.22654E-02  0.11140E-02  0.47835E-03  0.15947E-03  0.31447E-04
 0.22000E+01 -0.49810E-01 -0.31329E-01  0.68501E-02  0.31089E-01  0.33861E-01  0.26857E-01  0.18848E-01  0.12529E-01  0.80855E-02  0.51217E-02  0.32069E-02  0.19963E-02  0.12408E-02  0.76863E-03  0.45876E-03  0.23611E-03
 0.24000E+01 -0.52477E-01 -0.27042E-01  0.11739E-02  0.11366E-01  0.10718E-01  0.81348E-02  0.60141E-02  0.44765E-02  0.34123E-02  0.26819E-02  0.21527E-02  0.17377E-02  0.13925E-02  0.10885E-02  0.78444E-03  0.45793E-03
 0.26000E+01 -0.56049E-01 -0.21377E-01 -0.21440E-02 -0.66738E-02 -0.11633E-01 -0.10294E-01 -0.67355E-02 -0.35664E-02 -0.12688E-02  0.23961E-03  0.11066E-02  0.14956E-02  0.15651E-02  0.14297E-02  0.11282E-02  0.69124E-03
 0.28000E+01 -0.60403E-01 -0.14778E-01 -0.36551E-02 -0.23281E-01 -0.33193E-01 -0.28343E-01 -0.19311E-01 -0.11533E-01 -0.59147E-02 -0.21814E-02  0.78814E-04  0.12721E-02  0.17561E-02  0.17880E-02  0.14857E-02  0.93313E-03
 0.30000E+01 -0.63302E-01 -0.11371E-01 -0.75566E-02 -0.38303E-01 -0.51123E-01 -0.42930E-01 -0.29337E-01 -0.17834E-01 -0.95725E-02 -0.40832E-02 -0.72879E-03  0.10942E-02  0.19024E-02  0.20653E-02  0.17629E-02  0.11208E-02
