 0.00000E+00  0.80086E+00  0.33683E+00 -0.18508E-01 -0.17671E+00 -0.17290E+00 -0.97735E-01 -0.23992E-01  0.19394E-01  0.34521E-01  0.33526E-01  0.26540E-01  0.18950E-01  0.12713E-01  0.81296E-02  0.49468E-02  0.28295E-02
 0.20000E+00  0.28328E+00  0.39339E+00  0.38066E+00  0.26868E+00  0.12511E+00  0.99145E-02 -0.53400E-01 -0.72464E-01 -0.66391E-01 -0.51325E-01 -0.36150E-01 -0.24092E-01 -0.15470E-01 -0.96120E-02 -0.57364E-02 -0.32380E-02
 0.40000E+00 -0.13299E-01  0.20172E+00  0.31426E+00  0.30542E+00  0.21987E+00  0.11924E+00  0.43043E-01  0.67294E-03 -0.15995E-01 -0.18641E-01 -0.15712E-01 -0.11575E-01 -0.79141E-02 -0.51261E-02 -0.31476E-02 -0.18121E-02
 0.60000E+00 -0.49923E-01  0.10042E+00  0.20537E+00  0.23839E+00  0.21181E+00  0.15723E+00  0.10227E+00  0.60426E-01  0.33465E-01  0.17857E-01  0.93860E-02  0.49314E-02  0.26057E-02  0.13805E-02  0.72474E-03  0.36985E-03
 0.80000E+00 -0.41832E-01  0.45348E-01  0.12641E+00  0.17564E+00  0.18510E+00  0.16389E+00  0.12816E+00  0.91570E-01  0.61396E-01  0.39468E-01  0.24727E-01  0.15255E-01  0.92976E-02  0.55728E-02  0.32436E-02  0.17992E-02
 0.10000E+01 -0.28790E-01  0.15287E-01  0.75545E-01  0.12921E+00  0.15776E+00  0.15681E+00  0.13460E+00  0.10367E+00  0.73791E-01  0.49721E-01  0.32310E-01  0.20502E-01  0.12769E-01  0.77797E-02  0.45841E-02  0.25659E-02
 0.12000E+01 -0.18461E-01 -0.10088E-02  0.43943E-01  0.96752E-01  0.13417E+00  0.14457E+00  0.13121E+00  0.10521E+00  0.77149E-01  0.53155E-01  0.35129E-01  0.22578E-01  0.14199E-01  0.87160E-02  0.51645E-02  0.29027E-02
 0.14000E+01 -0.11423E-01 -0.97504E-02  0.24441E-01  0.74259E-01  0.11494E+00  0.13130E+00  0.12360E+00  0.10161E+00  0.75851E-01  0.52956E-01  0.35349E-01  0.22895E-01  0.14484E-01  0.89312E-02  0.53102E-02  0.29923E-02
 0.16000E+01 -0.68735E-02 -0.14364E-01  0.12302E-01  0.58499E-01  0.99553E-01  0.11880E+00  0.11472E+00  0.95904E-01  0.72449E-01  0.51030E-01  0.34293E-01  0.22327E-01  0.14183E-01  0.87733E-02  0.52290E-02  0.29519E-02
 0.18000E+01 -0.39894E-02 -0.16723E-01  0.46123E-02  0.47224E-01  0.87266E-01  0.10769E+00  0.10595E+00  0.89646E-01  0.68299E-01  0.48411E-01  0.32693E-01  0.21368E-01  0.13615E-01  0.84419E-02  0.50408E-02  0.28496E-02
 0.20000E+01 -0.21765E-02 -0.17846E-01 -0.36394E-03  0.38952E-01  0.77381E-01  0.98061E-01  0.97861E-01  0.83550E-01  0.64060E-01  0.45625E-01  0.30926E-01  0.20273E-01  0.12948E-01  0.80438E-02  0.48101E-02  0.27222E-02
 0.22000E+01 -0.10464E-02 -0.18286E-01 -0.36517E-02  0.32731E-01  0.69344E-01  0.89792E-01  0.90616E-01  0.77911E-01  0.60034E-01  0.42917E-01  0.29177E-01  0.19172E-01  0.12269E-01  0.76335E-02  0.45703E-02  0.25889E-02
 0.24000E+01 -0.34870E-03 -0.18350E-01 -0.58735E-02  0.27933E-01  0.62724E-01  0.82692E-01  0.84212E-01  0.72816E-01  0.56333E-01  0.40395E-01  0.27529E-01  0.18125E-01  0.11617E-01  0.72375E-02  0.43377E-02  0.24591E-02
 0.26000E+01  0.71941E-04 -0.18207E-01 -0.74079E-02  0.24136E-01  0.57184E-01  0.76556E-01  0.78556E-01  0.68247E-01  0.52974E-01  0.38083E-01  0.26006E-01  0.17151E-01  0.11008E-01  0.68657E-02  0.41186E-02  0.23365E-02
 0.28000E+01  0.30713E-03 -0.17952E-01 -0.84834E-02  0.21063E-01  0.52472E-01  0.71198E-01  0.73535E-01  0.64140E-01  0.49927E-01  0.35971E-01  0.24607E-01  0.16252E-01  0.10444E-01  0.65201E-02  0.39143E-02  0.22220E-02
 0.30000E+01  0.45574E-03 -0.17503E-01 -0.93519E-02  0.17984E-01  0.47476E-01  0.65357E-01  0.67968E-01  0.59536E-01  0.46482E-01  0.33566E-01  0.23006E-01  0.15218E-01  0.97924E-02  0.61202E-02  0.36775E-02  0.20890E-02
 0.00000E+00  0.80086E+00  0.33683E+00 -0.18508E-01 -0.17671E+00 -0.17290E+00 -0.97735E-01 -0.23992E-01  0.19394E-01  0.34521E-01  0.33526E-01  0.26540E-01  0.18950E-01  0.12713E-01  0.81296E-02  0.49468E-02  0.28295E-02
 0.20000E+00  0.28328E+00  0.39339E+00  0.38066E+00  0.26868E+00  0.12511E+00  0.99145E-02 -0.53400E-01 -0.72464E-01 -0.66391E-01 -0.51325E-01 -0.36150E-01 -0.24092E-01 -0.15470E-01 -0.96120E-02 -0.57364E-02 -0.32380E-02
 0.40000E+00 -0.13299E-01  0.20172E+00  0.31426E+00  0.30542E+00  0.21987E+00  0.11924E+00  0.43043E-01  0.67294E-03 -0.15995E-01 -0.18641E-01 -0.15712E-01 -0.11575E-01 -0.79141E-02 -0.51261E-02 -0.31476E-02 -0.18121E-02
 0.60000E+00 -0.49923E-01  0.10042E+00  0.20537E+00  0.23839E+00  0.21181E+00  0.15723E+00  0.10227E+00  0.60426E-01  0.33465E-01  0.17857E-01  0.93860E-02  0.49314E-02  0.26057E-02  0.13805E-02  0.72474E-03  0.36985E-03
 0.80000E+00 -0.41832E-01  0.45348E-01  0.12641E+00  0.17564E+00  0.18510E+00  0.16389E+00  0.12816E+00  0.91570E-01  0.61396E-01  0.39468E-01  0.24727E-01  0.15255E-01  0.92976E-02  0.55728E-02  0.32436E-02  0.17992E-02
 0.10000E+01 -0.28790E-01  0.15287E-01  0.75545E-01  0.12921E+00  0.15776E+00  0.15681E+00  0.13460E+00  0.10367E+00  0.73791E-01  0.49721E-01  0.32310E-01  0.20502E-01  0.12769E-01  0.77797E-02  0.45841E-02  0.25659E-02
 0.12000E+01 -0.18461E-01 -0.10088E-02  0.43943E-01  0.96752E-01  0.13417E+00  0.14457E+00  0.13121E+00  0.10521E+00  0.77149E-01  0.53155E-01  0.35129E-01  0.22578E-01  0.14199E-01  0.87160E-02  0.51645E-02  0.29027E-02
 0.14000E+01 -0.11423E-01 -0.97504E-02  0.24441E-01  0.74259E-01  0.11494E+00  0.13130E+00  0.12360E+00  0.10161E+00  0.75851E-01  0.52956E-01  0.35349E-01  0.22895E-01  0.14484E-01  0.89312E-02  0.53102E-02  0.29923E-02
 0.16000E+01 -0.68735E-02 -0.14364E-01  0.12302E-01  0.58499E-01  0.99553E-01  0.11880E+00  0.11472E+00  0.95904E-01  0.72449E-01  0.51030E-01  0.34293E-01  0.22327E-01  0.14183E-01  0.87733E-02  0.52290E-02  0.29519E-02
 0.18000E+01 -0.39894E-02 -0.16723E-01  0.46123E-02  0.47224E-01  0.87266E-01  0.10769E+00  0.10595E+00  0.89646E-01  0.68299E-01  0.48411E-01  0.32693E-01  0.21368E-01  0.13615E-01  0.84419E-02  0.50408E-02  0.28496E-02
 0.20000E+01 -0.21765E-02 -0.17846E-01 -0.36394E-03  0.38952E-01  0.77381E-01  0.98061E-01  0.97861E-01  0.83550E-01  0.64060E-01  0.45625E-01  0.30926E-01  0.20273E-01  0.12948E-01  0.80438E-02  0.48101E-02  0.27222E-02
 0.22000E+01 -0.10464E-02 -0.18286E-01 -0.36517E-02  0.32731E-01  0.69344E-01  0.89792E-01  0.90616E-01  0.77911E-01  0.60034E-01  0.42917E-01  0.29177E-01  0.19172E-01  0.12269E-01  0.76335E-02  0.45703E-02  0.25889E-02
 0.24000E+01 -0.34870E-03 -0.18350E-01 -0.58735E-02  0.27933E-01  0.62724E-01  0.82692E-01  0.84212E-01  0.72816E-01  0.56333E-01  0.40395E-01  0.27529E-01  0.18125E-01  0.11617E-01  0.72375E-02  0.43377E-02  0.24591E-02
 0.26000E+01  0.71941E-04 -0.18207E-01 -0.74079E-02  0.24136E-01  0.57184E-01  0.76556E-01  0.78556E-01  0.68247E-01  0.52974E-01  0.38083E-01  0.26006E-01  0.17151E-01  0.11008E-01  0.68657E-02  0.41186E-02  0.23365E-02
 0.28000E+01  0.30713E-03 -0.17952E-01 -0.84834E-02  0.21063E-01  0.52472E-01  0.71198E-01  0.73535E-01  0.64140E-01  0.49927E-01  0.35971E-01  0.24607E-01  0.16252E-01  0.10444E-01  0.65201E-02  0.39143E-02  0.22220E-02
 0.30000E+01  0.45574E-03 -0.17503E-01 -0.93519E-02  0.17984E-01  0.47476E-01  0.65357E-01  0.67968E-01  0.59536E-01  0.46482E-01  0.33566E-01  0.23006E-01  0.15218E-01  0.97924E-02  0.61202E-02  0.36775E-02  0.20890E-02
