 0.00000E+00  0.71808E+00  0.31860E+00 -0.69883E-01 -0.14576E+00 -0.67020E-01 -0.33482E-03  0.24332E-01  0.26065E-01  0.20538E-01  0.14366E-01  0.94534E-02  0.59900E-02  0.36902E-02  0.22099E-02  0.12533E-02  0.61352E-03
 0.20000E+00  0.39665E+00  0.46816E+00  0.33572E+00  0.13796E+00  0.95635E-02 -0.38106E-01 -0.43299E-01 -0.34677E-01 -0.24510E-01 -0.16352E-01 -0.10578E-01 -0.67136E-02 -0.42029E-02 -0.25893E-02 -0.15217E-02 -0.76953E-03
 0.40000E+00 -0.82311E-01  0.25534E+00  0.41396E+00  0.30408E+00  0.13470E+00  0.31313E-01 -0.88605E-02 -0.17921E-01 -0.16142E-01 -0.11966E-01 -0.81409E-02 -0.52750E-02 -0.33049E-02 -0.20072E-02 -0.11528E-02 -0.57044E-03
 0.60000E+00 -0.12016E+00  0.10796E+00  0.27951E+00  0.27792E+00  0.19294E+00  0.11437E+00  0.64414E-01  0.36236E-01  0.20709E-01  0.12051E-01  0.71219E-02  0.42611E-02  0.25730E-02  0.15558E-02  0.90736E-03  0.45731E-03
 0.80000E+00 -0.66206E-01  0.20145E-01  0.14638E+00  0.21768E+00  0.21187E+00  0.16653E+00  0.11676E+00  0.77062E-01  0.49251E-01  0.30911E-01  0.19176E-01  0.11790E-01  0.71893E-02  0.43266E-02  0.24896E-02  0.12378E-02
 0.10000E+01 -0.15088E-01 -0.26179E-01  0.57533E-01  0.16663E+00  0.21052E+00  0.18947E+00  0.14327E+00  0.98787E-01  0.64795E-01  0.41293E-01  0.25830E-01  0.15933E-01  0.97065E-02  0.58160E-02  0.33251E-02  0.16433E-02
 0.12000E+01  0.16278E-01 -0.48896E-01  0.61502E-02  0.13057E+00  0.20013E+00  0.19381E+00  0.15188E+00  0.10678E+00  0.70834E-01  0.45451E-01  0.28545E-01  0.17645E-01  0.10756E-01  0.64405E-02  0.36768E-02  0.18145E-02
 0.14000E+01  0.32814E-01 -0.59791E-01 -0.22634E-01  0.10568E+00  0.18698E+00  0.18919E+00  0.15122E+00  0.10745E+00  0.71722E-01  0.46196E-01  0.29081E-01  0.18000E-01  0.10979E-01  0.65740E-02  0.37516E-02  0.18506E-02
 0.16000E+01  0.39873E-01 -0.64256E-01 -0.37928E-01  0.88048E-01  0.17287E+00  0.17967E+00  0.14529E+00  0.10389E+00  0.69639E-01  0.45000E-01  0.28411E-01  0.17638E-01  0.10793E-01  0.64870E-02  0.37165E-02  0.18395E-02
 0.18000E+01  0.41431E-01 -0.65462E-01 -0.45655E-01  0.74996E-01  0.15893E+00  0.16805E+00  0.13688E+00  0.98279E-01  0.66082E-01  0.42833E-01  0.27137E-01  0.16916E-01  0.10404E-01  0.62908E-02  0.36278E-02  0.18057E-02
 0.20000E+01  0.39359E-01 -0.64689E-01 -0.48504E-01  0.65026E-01  0.14526E+00  0.15517E+00  0.12691E+00  0.91358E-01  0.61592E-01  0.40058E-01  0.25492E-01  0.15983E-01  0.99019E-02  0.60410E-02  0.35175E-02  0.17652E-02
 0.22000E+01  0.35096E-01 -0.62808E-01 -0.48379E-01  0.57156E-01  0.13207E+00  0.14183E+00  0.11621E+00  0.83793E-01  0.56631E-01  0.36975E-01  0.23661E-01  0.14945E-01  0.93473E-02  0.57686E-02  0.34002E-02  0.17238E-02
 0.24000E+01  0.29683E-01 -0.60194E-01 -0.46370E-01  0.50761E-01  0.11945E+00  0.12846E+00  0.10527E+00  0.75969E-01  0.51473E-01  0.33761E-01  0.21754E-01  0.13868E-01  0.87755E-02  0.54918E-02  0.32842E-02  0.16847E-02
 0.26000E+01  0.23100E-01 -0.57212E-01 -0.42963E-01  0.45526E-01  0.10729E+00  0.11508E+00  0.94133E-01  0.67946E-01  0.46163E-01  0.30451E-01  0.19793E-01  0.12767E-01  0.81971E-02  0.52174E-02  0.31738E-02  0.16503E-02
 0.28000E+01  0.15887E-01 -0.53854E-01 -0.38552E-01  0.41080E-01  0.95424E-01  0.10164E+00  0.82830E-01  0.59755E-01  0.40728E-01  0.27062E-01  0.17788E-01  0.11645E-01  0.76127E-02  0.49446E-02  0.30678E-02  0.16195E-02
 0.30000E+01  0.95596E-02 -0.51189E-01 -0.35489E-01  0.36051E-01  0.83963E-01  0.89089E-01  0.72416E-01  0.52253E-01  0.35752E-01  0.23943E-01  0.15922E-01  0.10578E-01  0.70362E-02  0.46566E-02  0.29402E-02  0.15725E-02
