 0.00000E+00  0.55368E+00  0.35161E+00  0.57842E-01 -0.81049E-01 -0.84051E-01 -0.49338E-01 -0.22023E-01 -0.76376E-02 -0.15425E-02  0.51534E-03  0.91517E-03  0.75711E-03  0.48625E-03  0.25632E-03  0.10649E-03  0.31842E-04
 0.20000E+00  0.48048E+00  0.44956E+00  0.26782E+00  0.10257E+00  0.17124E-01 -0.12796E-01 -0.18298E-01 -0.15700E-01 -0.11512E-01 -0.78372E-02 -0.51102E-02 -0.32342E-02 -0.19975E-02 -0.12011E-02 -0.68360E-03 -0.33522E-03
 0.40000E+00  0.57664E-01  0.22877E+00  0.30825E+00  0.25151E+00  0.14964E+00  0.71604E-01  0.28343E-01  0.85235E-02  0.80395E-03 -0.15623E-02 -0.18560E-02 -0.14952E-02 -0.10302E-02 -0.64093E-03 -0.36001E-03 -0.17115E-03
 0.60000E+00 -0.89912E-01  0.10276E+00  0.25972E+00  0.27110E+00  0.19928E+00  0.12336E+00  0.70552E-01  0.39133E-01  0.21580E-01  0.11964E-01  0.66943E-02  0.37817E-02  0.21539E-02  0.12285E-02  0.67833E-03  0.32721E-03
 0.80000E+00 -0.12335E+00  0.30476E-01  0.19166E+00  0.24405E+00  0.21032E+00  0.15201E+00  0.10096E+00  0.64267E-01  0.39994E-01  0.24553E-01  0.14920E-01  0.89780E-02  0.53432E-02  0.31251E-02  0.17422E-02  0.84168E-03
 0.10000E+01 -0.11157E+00 -0.91150E-02  0.12961E+00  0.20409E+00  0.20280E+00  0.16404E+00  0.11891E+00  0.80878E-01  0.52891E-01  0.33701E-01  0.21063E-01  0.12952E-01  0.78390E-02  0.46462E-02  0.26178E-02  0.12749E-02
 0.12000E+01 -0.88552E-01 -0.29637E-01  0.82420E-01  0.16671E+00  0.18808E+00  0.16525E+00  0.12667E+00  0.89545E-01  0.60200E-01  0.39165E-01  0.24891E-01  0.15528E-01  0.95252E-02  0.57220E-02  0.32672E-02  0.16095E-02
 0.14000E+01 -0.67580E-01 -0.39842E-01  0.49395E-01  0.13619E+00  0.17146E+00  0.16008E+00  0.12742E+00  0.92393E-01  0.63283E-01  0.41797E-01  0.26925E-01  0.17022E-01  0.10591E-01  0.64631E-02  0.37521E-02  0.18751E-02
 0.16000E+01 -0.51728E-01 -0.44726E-01  0.26929E-01  0.11239E+00  0.15542E+00  0.15186E+00  0.12418E+00  0.91708E-01  0.63713E-01  0.42607E-01  0.27781E-01  0.17789E-01  0.11228E-01  0.69648E-02  0.41132E-02  0.20857E-02
 0.18000E+01 -0.40878E-01 -0.46546E-01  0.12059E-01  0.93774E-01  0.14016E+00  0.14170E+00  0.11825E+00  0.88624E-01  0.62348E-01  0.42202E-01  0.27870E-01  0.18102E-01  0.11613E-01  0.73385E-02  0.44176E-02  0.22758E-02
 0.20000E+01 -0.34078E-01 -0.46602E-01  0.25020E-02  0.79070E-01  0.12580E+00  0.13052E+00  0.11070E+00  0.84043E-01  0.59850E-01  0.41028E-01  0.27477E-01  0.18131E-01  0.11844E-01  0.76370E-02  0.46911E-02  0.24563E-02
 0.22000E+01 -0.30392E-01 -0.45519E-01 -0.32171E-02  0.67300E-01  0.11226E+00  0.11876E+00  0.10210E+00  0.78482E-01  0.56612E-01  0.39359E-01  0.26780E-01  0.17990E-01  0.11989E-01  0.79001E-02  0.49555E-02  0.26373E-02
 0.24000E+01 -0.29026E-01 -0.43728E-01 -0.62100E-02  0.57737E-01  0.99476E-01  0.10677E+00  0.92911E-01  0.72341E-01  0.52931E-01  0.37394E-01  0.25904E-01  0.17751E-01  0.12089E-01  0.81488E-02  0.52201E-02  0.28221E-02
 0.26000E+01 -0.29461E-01 -0.41452E-01 -0.71908E-02  0.49801E-01  0.87243E-01  0.94591E-01  0.83286E-01  0.65780E-01  0.48938E-01  0.35230E-01  0.24917E-01  0.17462E-01  0.12174E-01  0.84015E-02  0.54958E-02  0.30164E-02
 0.28000E+01 -0.31382E-01 -0.38754E-01 -0.65221E-02  0.43129E-01  0.75349E-01  0.82157E-01  0.73228E-01  0.58831E-01  0.44674E-01  0.32905E-01  0.23851E-01  0.17145E-01  0.12262E-01  0.86718E-02  0.57921E-02  0.32256E-02
 0.30000E+01 -0.32478E-01 -0.36159E-01 -0.64656E-02  0.36151E-01  0.63636E-01  0.70137E-01  0.63569E-01  0.52163E-01  0.40565E-01  0.30638E-01  0.22780E-01  0.16789E-01  0.12298E-01  0.88877E-02  0.60425E-02  0.34055E-02
