 0.00000E+00  0.58205E+00  0.34773E+00  0.32036E-01 -0.98714E-01 -0.83859E-01 -0.39915E-01 -0.12325E-01 -0.95116E-03  0.22514E-02  0.23997E-02  0.17305E-02  0.10331E-02  0.51497E-03  0.18796E-03  0.19300E-04 -0.31115E-04
 0.20000E+00  0.48586E+00  0.45884E+00  0.27259E+00  0.99802E-01  0.11309E-01 -0.17369E-01 -0.20595E-01 -0.16375E-01 -0.11364E-01 -0.73759E-02 -0.45921E-02 -0.27686E-02 -0.16188E-02 -0.91180E-03 -0.48141E-03 -0.21976E-03
 0.40000E+00  0.17270E-01  0.22834E+00  0.33560E+00  0.27146E+00  0.15136E+00  0.64226E-01  0.20828E-01  0.38457E-02 -0.13411E-02 -0.21806E-02 -0.17347E-02 -0.10925E-02 -0.57374E-03 -0.23135E-03 -0.46548E-04  0.17090E-04
 0.60000E+00 -0.11884E+00  0.93990E-01  0.27100E+00  0.28423E+00  0.20453E+00  0.12302E+00  0.69004E-01  0.38263E-01  0.21477E-01  0.12261E-01  0.71022E-02  0.41599E-02  0.24550E-02  0.14486E-02  0.82488E-03  0.40790E-03
 0.80000E+00 -0.11912E+00  0.23788E-01  0.18304E+00  0.24160E+00  0.21243E+00  0.15488E+00  0.10308E+00  0.65561E-01  0.40664E-01  0.24793E-01  0.14898E-01  0.88226E-02  0.51370E-02  0.29187E-02  0.15717E-02  0.73453E-03
 0.10000E+01 -0.85411E-01 -0.90269E-02  0.11413E+00  0.19376E+00  0.20121E+00  0.16543E+00  0.11959E+00  0.80315E-01  0.51587E-01  0.32162E-01  0.19597E-01  0.11698E-01  0.68331E-02  0.38778E-02  0.20784E-02  0.96567E-03
 0.12000E+01 -0.55683E-01 -0.23655E-01  0.69777E-01  0.15669E+00  0.18523E+00  0.16417E+00  0.12416E+00  0.85728E-01  0.56064E-01  0.35400E-01  0.21786E-01  0.13120E-01  0.77316E-02  0.44303E-02  0.24002E-02  0.11267E-02
 0.14000E+01 -0.35812E-01 -0.29811E-01  0.42803E-01  0.12979E+00  0.16876E+00  0.15684E+00  0.12184E+00  0.85561E-01  0.56651E-01  0.36156E-01  0.22494E-01  0.13713E-01  0.82007E-02  0.47868E-02  0.26504E-02  0.12705E-02
 0.16000E+01 -0.24063E-01 -0.31759E-01  0.26812E-01  0.10991E+00  0.15261E+00  0.14613E+00  0.11550E+00  0.82119E-01  0.54977E-01  0.35506E-01  0.22398E-01  0.13888E-01  0.84846E-02  0.50867E-02  0.29041E-02  0.14319E-02
 0.18000E+01 -0.17877E-01 -0.31447E-01  0.17649E-01  0.94658E-01  0.13700E+00  0.13364E+00  0.10691E+00  0.76823E-01  0.52036E-01  0.34085E-01  0.21884E-01  0.13868E-01  0.87015E-02  0.53877E-02  0.31854E-02  0.16188E-02
 0.20000E+01 -0.15424E-01 -0.29840E-01  0.12855E-01  0.82525E-01  0.12196E+00  0.12023E+00  0.97059E-01  0.70477E-01  0.48383E-01  0.32246E-01  0.21154E-01  0.13760E-01  0.89038E-02  0.57097E-02  0.34981E-02  0.18299E-02
 0.22000E+01 -0.15468E-01 -0.27450E-01  0.10963E-01  0.72627E-01  0.10757E+00  0.10648E+00  0.86582E-01  0.63585E-01  0.44358E-01  0.30191E-01  0.20322E-01  0.13618E-01  0.91105E-02  0.60539E-02  0.38363E-02  0.20592E-02
 0.24000E+01 -0.17262E-01 -0.24608E-01  0.11035E-01  0.64352E-01  0.93794E-01  0.92657E-01  0.75823E-01  0.56428E-01  0.40154E-01  0.28041E-01  0.19453E-01  0.13476E-01  0.93362E-02  0.64239E-02  0.41985E-02  0.23046E-02
 0.26000E+01 -0.20337E-01 -0.21399E-01  0.12580E-01  0.57271E-01  0.80438E-01  0.78768E-01  0.64841E-01  0.49073E-01  0.35826E-01  0.25834E-01  0.18574E-01  0.13350E-01  0.95892E-02  0.68243E-02  0.45872E-02  0.25670E-02
 0.28000E+01 -0.24537E-01 -0.17897E-01  0.15319E-01  0.51072E-01  0.67276E-01  0.64669E-01  0.53566E-01  0.41489E-01  0.31366E-01  0.23574E-01  0.17694E-01  0.13251E-01  0.98810E-02  0.72649E-02  0.50099E-02  0.28510E-02
 0.30000E+01 -0.27878E-01 -0.14566E-01  0.17417E-01  0.44711E-01  0.54566E-01  0.51257E-01  0.42898E-01  0.34322E-01  0.27140E-01  0.21414E-01  0.16829E-01  0.13121E-01  0.10123E-01  0.76519E-02  0.53866E-02  0.31056E-02
