 0.00000E+00  0.81925E+00  0.38247E+00  0.22516E-01 -0.16111E+00 -0.18202E+00 -0.11702E+00 -0.39295E-01  0.13994E-01  0.37602E-01  0.40888E-01  0.34627E-01  0.25884E-01  0.17930E-01  0.11731E-01  0.72581E-02  0.42037E-02
 0.20000E+00  0.22094E+00  0.31838E+00  0.32847E+00  0.25736E+00  0.14822E+00  0.47733E-01 -0.18415E-01 -0.48265E-01 -0.52865E-01 -0.45029E-01 -0.33721E-01 -0.23381E-01 -0.15404E-01 -0.97326E-02 -0.58755E-02 -0.33440E-02
 0.40000E+00  0.31572E-01  0.19637E+00  0.28366E+00  0.27508E+00  0.20152E+00  0.11112E+00  0.38565E-01 -0.45353E-02 -0.22687E-01 -0.25706E-01 -0.21971E-01 -0.16475E-01 -0.11433E-01 -0.74924E-02 -0.46427E-02 -0.26924E-02
 0.60000E+00 -0.23492E-01  0.13772E+00  0.23929E+00  0.25657E+00  0.20931E+00  0.13692E+00  0.71502E-01  0.26982E-01  0.29837E-02 -0.68811E-02 -0.91103E-02 -0.80968E-02 -0.61562E-02 -0.42673E-02 -0.27436E-02 -0.16313E-02
 0.80000E+00 -0.53262E-01  0.75595E-01  0.17356E+00  0.21403E+00  0.20136E+00  0.15855E+00  0.10927E+00  0.67847E-01  0.38776E-01  0.20750E-01  0.10541E-01  0.51350E-02  0.24101E-02  0.10876E-02  0.46743E-03  0.18821E-03
 0.10000E+01 -0.50214E-01  0.16201E-01  0.88739E-01  0.14495E+00  0.17152E+00  0.16842E+00  0.14495E+00  0.11290E+00  0.81454E-01  0.55491E-01  0.36286E-01  0.23065E-01  0.14350E-01  0.87267E-02  0.51334E-02  0.28702E-02
 0.12000E+01 -0.27621E-01 -0.18797E-01  0.22752E-01  0.81817E-01  0.13401E+00  0.16157E+00  0.16104E+00  0.14020E+00  0.11042E+00  0.80760E-01  0.55985E-01  0.37348E-01  0.24175E-01  0.15177E-01  0.91533E-02  0.52163E-02
 0.14000E+01 -0.81289E-02 -0.33682E-01 -0.14152E-01  0.41262E-01  0.10411E+00  0.14774E+00  0.16122E+00  0.14898E+00  0.12255E+00  0.92706E-01  0.66048E-01  0.45063E-01  0.29710E-01  0.18927E-01  0.11547E-01  0.66377E-02
 0.16000E+01  0.40899E-02 -0.39122E-01 -0.32903E-01  0.17592E-01  0.83317E-01  0.13407E+00  0.15510E+00  0.14857E+00  0.12539E+00  0.96783E-01  0.70094E-01  0.48479E-01  0.32322E-01  0.20778E-01  0.12765E-01  0.73773E-02
 0.18000E+01  0.11286E-01 -0.40718E-01 -0.42470E-01  0.35199E-02  0.68919E-01  0.12243E+00  0.14748E+00  0.14471E+00  0.12424E+00  0.97191E-01  0.71177E-01  0.49689E-01  0.33384E-01  0.21594E-01  0.13331E-01  0.77326E-02
 0.20000E+01  0.15565E-01 -0.40742E-01 -0.47434E-01 -0.52498E-02  0.58605E-01  0.11283E+00  0.14003E+00  0.13979E+00  0.12151E+00  0.95991E-01  0.70872E-01  0.49815E-01  0.33659E-01  0.21872E-01  0.13550E-01  0.78812E-02
 0.22000E+01  0.18159E-01 -0.40109E-01 -0.49989E-01 -0.10988E-01  0.50896E-01  0.10486E+00  0.13318E+00  0.13472E+00  0.11821E+00  0.94087E-01  0.69904E-01  0.49395E-01  0.33522E-01  0.21860E-01  0.13580E-01  0.79152E-02
 0.24000E+01  0.19750E-01 -0.39205E-01 -0.51219E-01 -0.14911E-01  0.44900E-01  0.98115E-01  0.12697E+00  0.12980E+00  0.11476E+00  0.91894E-01  0.68621E-01  0.48695E-01  0.33164E-01  0.21688E-01  0.13504E-01  0.78839E-02
 0.26000E+01  0.20725E-01 -0.38193E-01 -0.51677E-01 -0.17691E-01  0.40065E-01  0.92286E-01  0.12133E+00  0.12513E+00  0.11132E+00  0.89597E-01  0.67189E-01  0.47850E-01  0.32685E-01  0.21426E-01  0.13365E-01  0.78140E-02
 0.28000E+01  0.21293E-01 -0.37147E-01 -0.51661E-01 -0.19709E-01  0.36051E-01  0.87150E-01  0.11615E+00  0.12071E+00  0.10797E+00  0.87277E-01  0.65689E-01  0.46926E-01  0.32136E-01  0.21109E-01  0.13189E-01  0.77204E-02
 0.30000E+01  0.21627E-01 -0.35764E-01 -0.51124E-01 -0.21443E-01  0.31862E-01  0.81405E-01  0.11012E+00  0.11537E+00  0.10380E+00  0.84303E-01  0.63702E-01  0.45658E-01  0.31354E-01  0.20642E-01  0.12919E-01  0.75727E-02
 0.00000E+00  0.81925E+00  0.38247E+00  0.22516E-01 -0.16111E+00 -0.18202E+00 -0.11702E+00 -0.39295E-01  0.13994E-01  0.37602E-01  0.40888E-01  0.34627E-01  0.25884E-01  0.17930E-01  0.11731E-01  0.72581E-02  0.42037E-02
 0.20000E+00  0.22094E+00  0.31838E+00  0.32847E+00  0.25736E+00  0.14822E+00  0.47733E-01 -0.18415E-01 -0.48265E-01 -0.52865E-01 -0.45029E-01 -0.33721E-01 -0.23381E-01 -0.15404E-01 -0.97326E-02 -0.58755E-02 -0.33440E-02
 0.40000E+00  0.31572E-01  0.19637E+00  0.28366E+00  0.27508E+00  0.20152E+00  0.11112E+00  0.38565E-01 -0.45353E-02 -0.22687E-01 -0.25706E-01 -0.21971E-01 -0.16475E-01 -0.11433E-01 -0.74924E-02 -0.46427E-02 -0.26924E-02
 0.60000E+00 -0.23492E-01  0.13772E+00  0.23929E+00  0.25657E+00  0.20931E+00  0.13692E+00  0.71502E-01  0.26982E-01  0.29837E-02 -0.68811E-02 -0.91103E-02 -0.80968E-02 -0.61562E-02 -0.42673E-02 -0.27436E-02 -0.16313E-02
 0.80000E+00 -0.53262E-01  0.75595E-01  0.17356E+00  0.21403E+00  0.20136E+00  0.15855E+00  0.10927E+00  0.67847E-01  0.38776E-01  0.20750E-01  0.10541E-01  0.51350E-02  0.24101E-02  0.10876E-02  0.46743E-03  0.18821E-03
 0.10000E+01 -0.50214E-01  0.16201E-01  0.88739E-01  0.14495E+00  0.17152E+00  0.16842E+00  0.14495E+00  0.11290E+00  0.81454E-01  0.55491E-01  0.36286E-01  0.23065E-01  0.14350E-01  0.87267E-02  0.51334E-02  0.28702E-02
 0.12000E+01 -0.27621E-01 -0.18797E-01  0.22752E-01  0.81817E-01  0.13401E+00  0.16157E+00  0.16104E+00  0.14020E+00  0.11042E+00  0.80760E-01  0.55985E-01  0.37348E-01  0.24175E-01  0.15177E-01  0.91533E-02  0.52163E-02
 0.14000E+01 -0.81289E-02 -0.33682E-01 -0.14152E-01  0.41262E-01  0.10411E+00  0.14774E+00  0.16122E+00  0.14898E+00  0.12255E+00  0.92706E-01  0.66048E-01  0.45063E-01  0.29710E-01  0.18927E-01  0.11547E-01  0.66377E-02
 0.16000E+01  0.40899E-02 -0.39122E-01 -0.32903E-01  0.17592E-01  0.83317E-01  0.13407E+00  0.15510E+00  0.14857E+00  0.12539E+00  0.96783E-01  0.70094E-01  0.48479E-01  0.32322E-01  0.20778E-01  0.12765E-01  0.73773E-02
 0.18000E+01  0.11286E-01 -0.40718E-01 -0.42470E-01  0.35199E-02  0.68919E-01  0.12243E+00  0.14748E+00  0.14471E+00  0.12424E+00  0.97191E-01  0.71177E-01  0.49689E-01  0.33384E-01  0.21594E-01  0.13331E-01  0.77326E-02
 0.20000E+01  0.15565E-01 -0.40742E-01 -0.47434E-01 -0.52498E-02  0.58605E-01  0.11283E+00  0.14003E+00  0.13979E+00  0.12151E+00  0.95991E-01  0.70872E-01  0.49815E-01  0.33659E-01  0.21872E-01  0.13550E-01  0.78812E-02
 0.22000E+01  0.18159E-01 -0.40109E-01 -0.49989E-01 -0.10988E-01  0.50896E-01  0.10486E+00  0.13318E+00  0.13472E+00  0.11821E+00  0.94087E-01  0.69904E-01  0.49395E-01  0.33522E-01  0.21860E-01  0.13580E-01  0.79152E-02
 0.24000E+01  0.19750E-01 -0.39205E-01 -0.51219E-01 -0.14911E-01  0.44900E-01  0.98115E-01  0.12697E+00  0.12980E+00  0.11476E+00  0.91894E-01  0.68621E-01  0.48695E-01  0.33164E-01  0.21688E-01  0.13504E-01  0.78839E-02
 0.26000E+01  0.20725E-01 -0.38193E-01 -0.51677E-01 -0.17691E-01  0.40065E-01  0.92286E-01  0.12133E+00  0.12513E+00  0.11132E+00  0.89597E-01  0.67189E-01  0.47850E-01  0.32685E-01  0.21426E-01  0.13365E-01  0.78140E-02
 0.28000E+01  0.21293E-01 -0.37147E-01 -0.51661E-01 -0.19709E-01  0.36051E-01  0.87150E-01  0.11615E+00  0.12071E+00  0.10797E+00  0.87277E-01  0.65689E-01  0.46926E-01  0.32136E-01  0.21109E-01  0.13189E-01  0.77204E-02
 0.30000E+01  0.21627E-01 -0.35764E-01 -0.51124E-01 -0.21443E-01  0.31862E-01  0.81405E-01  0.11012E+00  0.11537E+00  0.10380E+00  0.84303E-01  0.63702E-01  0.45658E-01  0.31354E-01  0.20642E-01  0.12919E-01  0.75727E-02
