 0.00000E+00  0.90084E+00  0.30311E+00 -0.10366E+00 -0.23960E+00 -0.18475E+00 -0.68623E-01  0.22814E-01  0.66056E-01  0.73037E-01  0.62510E-01  0.47319E-01  0.33397E-01  0.22482E-01  0.14513E-01  0.89271E-02  0.51573E-02
 0.20000E+00  0.15178E+00  0.44013E+00  0.50399E+00  0.37094E+00  0.16233E+00 -0.10653E-01 -0.10348E+00 -0.12761E+00 -0.11391E+00 -0.87662E-01 -0.62171E-01 -0.41982E-01 -0.27383E-01 -0.17276E-01 -0.10451E-01 -0.59651E-02
 0.40000E+00 -0.21651E-01  0.19624E+00  0.30555E+00  0.29247E+00  0.20596E+00  0.10786E+00  0.35280E-01 -0.44159E-02 -0.19785E-01 -0.21947E-01 -0.18723E-01 -0.14191E-01 -0.10016E-01 -0.66812E-02 -0.42041E-02 -0.24672E-02
 0.60000E+00 -0.26177E-01  0.90889E-01  0.17573E+00  0.20599E+00  0.18846E+00  0.14602E+00  0.10033E+00  0.63256E-01  0.37630E-01  0.21599E-01  0.12162E-01  0.67917E-02  0.37800E-02  0.20920E-02  0.11392E-02  0.59933E-03
 0.80000E+00 -0.18785E-01  0.41930E-01  0.10762E+00  0.15473E+00  0.17051E+00  0.15771E+00  0.12852E+00  0.95560E-01  0.66650E-01  0.44571E-01  0.29029E-01  0.18579E-01  0.11708E-01  0.72238E-02  0.43067E-02  0.24350E-02
 0.10000E+01 -0.11660E-01  0.14692E-01  0.66582E-01  0.12120E+00  0.15547E+00  0.16047E+00  0.14224E+00  0.11306E+00  0.83241E-01  0.58199E-01  0.39319E-01  0.25929E-01  0.16736E-01  0.10520E-01  0.63607E-02  0.36336E-02
 0.12000E+01 -0.55225E-02 -0.25070E-02  0.38658E-01  0.96597E-01  0.14224E+00  0.15919E+00  0.14901E+00  0.12326E+00  0.93592E-01  0.67060E-01  0.46207E-01  0.30957E-01  0.20232E-01  0.12840E-01  0.78187E-02  0.44897E-02
 0.14000E+01 -0.34696E-03 -0.13605E-01  0.18983E-01  0.77771E-01  0.13036E+00  0.15546E+00  0.15135E+00  0.12871E+00  0.99807E-01  0.72710E-01  0.50771E-01  0.34378E-01  0.22657E-01  0.14472E-01  0.88552E-02  0.51028E-02
 0.16000E+01  0.38473E-02 -0.20362E-01  0.54844E-02  0.63520E-01  0.11984E+00  0.15021E+00  0.15056E+00  0.13063E+00  0.10285E+00  0.75830E-01  0.53466E-01  0.36487E-01  0.24197E-01  0.15530E-01  0.95371E-02  0.55104E-02
 0.18000E+01  0.71147E-02 -0.24011E-01 -0.33213E-02  0.52991E-01  0.11075E+00  0.14417E+00  0.14763E+00  0.12998E+00  0.10348E+00  0.76982E-01  0.54675E-01  0.37534E-01  0.25009E-01  0.16112E-01  0.99230E-02  0.57457E-02
 0.20000E+01  0.95815E-02 -0.25576E-01 -0.87511E-02  0.45341E-01  0.10301E+00  0.13791E+00  0.14343E+00  0.12763E+00  0.10245E+00  0.76726E-01  0.54795E-01  0.37789E-01  0.25274E-01  0.16331E-01  0.10082E-01  0.58479E-02
 0.22000E+01  0.11419E-01 -0.25844E-01 -0.11902E-01  0.39793E-01  0.96449E-01  0.13178E+00  0.13859E+00  0.12430E+00  0.10038E+00  0.75555E-01  0.54187E-01  0.37504E-01  0.25159E-01  0.16297E-01  0.10080E-01  0.58558E-02
 0.24000E+01  0.12805E-01 -0.25379E-01 -0.13629E-01  0.35680E-01  0.90840E-01  0.12597E+00  0.13357E+00  0.12049E+00  0.97752E-01  0.73859E-01  0.53147E-01  0.36890E-01  0.24808E-01  0.16102E-01  0.99761E-02  0.58029E-02
 0.26000E+01  0.13922E-01 -0.24535E-01 -0.14526E-01  0.32496E-01  0.85957E-01  0.12054E+00  0.12862E+00  0.11653E+00  0.94885E-01  0.71913E-01  0.51885E-01  0.36098E-01  0.24325E-01  0.15816E-01  0.98126E-02  0.57141E-02
 0.28000E+01  0.14905E-01 -0.23538E-01 -0.14987E-01  0.29905E-01  0.81654E-01  0.11555E+00  0.12392E+00  0.11269E+00  0.92023E-01  0.69917E-01  0.50555E-01  0.35241E-01  0.23787E-01  0.15488E-01  0.96208E-02  0.56077E-02
 0.30000E+01  0.16019E-01 -0.21974E-01 -0.14877E-01  0.27514E-01  0.77045E-01  0.10987E+00  0.11835E+00  0.10797E+00  0.88398E-01  0.67319E-01  0.48777E-01  0.34065E-01  0.23031E-01  0.15018E-01  0.93397E-02  0.54490E-02
 0.00000E+00  0.90084E+00  0.30311E+00 -0.10366E+00 -0.23960E+00 -0.18475E+00 -0.68623E-01  0.22814E-01  0.66056E-01  0.73037E-01  0.62510E-01  0.47319E-01  0.33397E-01  0.22482E-01  0.14513E-01  0.89271E-02  0.51573E-02
 0.20000E+00  0.15178E+00  0.44013E+00  0.50399E+00  0.37094E+00  0.16233E+00 -0.10653E-01 -0.10348E+00 -0.12761E+00 -0.11391E+00 -0.87662E-01 -0.62171E-01 -0.41982E-01 -0.27383E-01 -0.17276E-01 -0.10451E-01 -0.59651E-02
 0.40000E+00 -0.21651E-01  0.19624E+00  0.30555E+00  0.29247E+00  0.20596E+00  0.10786E+00  0.35280E-01 -0.44159E-02 -0.19785E-01 -0.21947E-01 -0.18723E-01 -0.14191E-01 -0.10016E-01 -0.66812E-02 -0.42041E-02 -0.24672E-02
 0.60000E+00 -0.26177E-01  0.90889E-01  0.17573E+00  0.20599E+00  0.18846E+00  0.14602E+00  0.10033E+00  0.63256E-01  0.37630E-01  0.21599E-01  0.12162E-01  0.67917E-02  0.37800E-02  0.20920E-02  0.11392E-02  0.59933E-03
 0.80000E+00 -0.18785E-01  0.41930E-01  0.10762E+00  0.15473E+00  0.17051E+00  0.15771E+00  0.12852E+00  0.95560E-01  0.66650E-01  0.44571E-01  0.29029E-01  0.18579E-01  0.11708E-01  0.72238E-02  0.43067E-02  0.24350E-02
 0.10000E+01 -0.11660E-01  0.14692E-01  0.66582E-01  0.12120E+00  0.15547E+00  0.16047E+00  0.14224E+00  0.11306E+00  0.83241E-01  0.58199E-01  0.39319E-01  0.25929E-01  0.16736E-01  0.10520E-01  0.63607E-02  0.36336E-02
 0.12000E+01 -0.55225E-02 -0.25070E-02  0.38658E-01  0.96597E-01  0.14224E+00  0.15919E+00  0.14901E+00  0.12326E+00  0.93592E-01  0.67060E-01  0.46207E-01  0.30957E-01  0.20232E-01  0.12840E-01  0.78187E-02  0.44897E-02
 0.14000E+01 -0.34696E-03 -0.13605E-01  0.18983E-01  0.77771E-01  0.13036E+00  0.15546E+00  0.15135E+00  0.12871E+00  0.99807E-01  0.72710E-01  0.50771E-01  0.34378E-01  0.22657E-01  0.14472E-01  0.88552E-02  0.51028E-02
 0.16000E+01  0.38473E-02 -0.20362E-01  0.54844E-02  0.63520E-01  0.11984E+00  0.15021E+00  0.15056E+00  0.13063E+00  0.10285E+00  0.75830E-01  0.53466E-01  0.36487E-01  0.24197E-01  0.15530E-01  0.95371E-02  0.55104E-02
 0.18000E+01  0.71147E-02 -0.24011E-01 -0.33213E-02  0.52991E-01  0.11075E+00  0.14417E+00  0.14763E+00  0.12998E+00  0.10348E+00  0.76982E-01  0.54675E-01  0.37534E-01  0.25009E-01  0.16112E-01  0.99230E-02  0.57457E-02
 0.20000E+01  0.95815E-02 -0.25576E-01 -0.87511E-02  0.45341E-01  0.10301E+00  0.13791E+00  0.14343E+00  0.12763E+00  0.10245E+00  0.76726E-01  0.54795E-01  0.37789E-01  0.25274E-01  0.16331E-01  0.10082E-01  0.58479E-02
 0.22000E+01  0.11419E-01 -0.25844E-01 -0.11902E-01  0.39793E-01  0.96449E-01  0.13178E+00  0.13859E+00  0.12430E+00  0.10038E+00  0.75555E-01  0.54187E-01  0.37504E-01  0.25159E-01  0.16297E-01  0.10080E-01  0.58558E-02
 0.24000E+01  0.12805E-01 -0.25379E-01 -0.13629E-01  0.35680E-01  0.90840E-01  0.12597E+00  0.13357E+00  0.12049E+00  0.97752E-01  0.73859E-01  0.53147E-01  0.36890E-01  0.24808E-01  0.16102E-01  0.99761E-02  0.58029E-02
 0.26000E+01  0.13922E-01 -0.24535E-01 -0.14526E-01  0.32496E-01  0.85957E-01  0.12054E+00  0.12862E+00  0.11653E+00  0.94885E-01  0.71913E-01  0.51885E-01  0.36098E-01  0.24325E-01  0.15816E-01  0.98126E-02  0.57141E-02
 0.28000E+01  0.14905E-01 -0.23538E-01 -0.14987E-01  0.29905E-01  0.81654E-01  0.11555E+00  0.12392E+00  0.11269E+00  0.92023E-01  0.69917E-01  0.50555E-01  0.35241E-01  0.23787E-01  0.15488E-01  0.96208E-02  0.56077E-02
 0.30000E+01  0.16019E-01 -0.21974E-01 -0.14877E-01  0.27514E-01  0.77045E-01  0.10987E+00  0.11835E+00  0.10797E+00  0.88398E-01  0.67319E-01  0.48777E-01  0.34065E-01  0.23031E-01  0.15018E-01  0.93397E-02  0.54490E-02
