 0.00000E+00  0.71259E+00  0.33457E+00  0.22155E-01 -0.13616E+00 -0.15269E+00 -0.96100E-01 -0.30668E-01  0.12538E-01  0.30642E-01  0.32523E-01  0.27269E-01  0.20380E-01  0.14211E-01  0.93914E-02  0.58731E-02  0.34341E-02
 0.20000E+00  0.39035E+00  0.39381E+00  0.32225E+00  0.20639E+00  0.90524E-01  0.63041E-02 -0.38010E-01 -0.51216E-01 -0.47200E-01 -0.36943E-01 -0.26448E-01 -0.17954E-01 -0.11751E-01 -0.74348E-02 -0.45094E-02 -0.25801E-02
 0.40000E+00  0.77668E-02  0.21177E+00  0.31995E+00  0.30933E+00  0.22008E+00  0.11331E+00  0.31164E-01 -0.14515E-01 -0.31369E-01 -0.32078E-01 -0.26369E-01 -0.19488E-01 -0.13503E-01 -0.88921E-02 -0.55503E-02 -0.32420E-02
 0.60000E+00 -0.77714E-01  0.10120E+00  0.22553E+00  0.26213E+00  0.22642E+00  0.15834E+00  0.92664E-01  0.45673E-01  0.18308E-01  0.49030E-02 -0.57057E-03 -0.22270E-02 -0.23031E-02 -0.18448E-02 -0.12913E-02 -0.81116E-03
 0.80000E+00 -0.67675E-01  0.38990E-01  0.13350E+00  0.18710E+00  0.19420E+00  0.16825E+00  0.12861E+00  0.89979E-01  0.59298E-01  0.37658E-01  0.23434E-01  0.14430E-01  0.88096E-02  0.52998E-02  0.30980E-02  0.17254E-02
 0.10000E+01 -0.42180E-01  0.73580E-02  0.71541E-01  0.12827E+00  0.15995E+00  0.16215E+00  0.14232E+00  0.11239E+00  0.82206E-01  0.56995E-01  0.38131E-01  0.24902E-01  0.15940E-01  0.99560E-02  0.59931E-02  0.34136E-02
 0.12000E+01 -0.22270E-01 -0.83348E-02  0.34466E-01  0.89386E-01  0.13318E+00  0.15141E+00  0.14412E+00  0.12083E+00  0.92460E-01  0.66354E-01  0.45587E-01  0.30391E-01  0.19767E-01  0.12500E-01  0.75961E-02  0.43577E-02
 0.14000E+01 -0.90688E-02 -0.16340E-01  0.12364E-01  0.64158E-01  0.11345E+00  0.14047E+00  0.14087E+00  0.12235E+00  0.96024E-01  0.70223E-01  0.48945E-01  0.32996E-01  0.21648E-01  0.13783E-01  0.84193E-02  0.48490E-02
 0.16000E+01 -0.48459E-03 -0.20580E-01 -0.12996E-02  0.47244E-01  0.98711E-01  0.13056E+00  0.13579E+00  0.12073E+00  0.96320E-01  0.71301E-01  0.50161E-01  0.34063E-01  0.22477E-01  0.14375E-01  0.88114E-02  0.50882E-02
 0.18000E+01  0.51891E-02 -0.22872E-01 -0.10106E-01  0.35413E-01  0.87381E-01  0.12186E+00  0.13022E+00  0.11774E+00  0.95038E-01  0.70964E-01  0.50259E-01  0.34309E-01  0.22734E-01  0.14588E-01  0.89647E-02  0.51868E-02
 0.20000E+01  0.90179E-02 -0.24091E-01 -0.15981E-01  0.26811E-01  0.78409E-01  0.11425E+00  0.12469E+00  0.11420E+00  0.92999E-01  0.69900E-01  0.49760E-01  0.34107E-01  0.22674E-01  0.14587E-01  0.89820E-02  0.52047E-02
 0.22000E+01  0.11639E-01 -0.24687E-01 -0.20000E-01  0.20359E-01  0.71125E-01  0.10757E+00  0.11942E+00  0.11049E+00  0.90612E-01  0.68464E-01  0.48938E-01  0.33655E-01  0.22432E-01  0.14461E-01  0.89193E-02  0.51748E-02
 0.24000E+01  0.13456E-01 -0.24911E-01 -0.22804E-01  0.15382E-01  0.65079E-01  0.10167E+00  0.11447E+00  0.10681E+00  0.88098E-01  0.66853E-01  0.47949E-01  0.33065E-01  0.22088E-01  0.14264E-01  0.88098E-02  0.51166E-02
 0.26000E+01  0.14725E-01 -0.24905E-01 -0.24790E-01  0.11442E-01  0.59953E-01  0.96387E-01  0.10985E+00  0.10323E+00  0.85562E-01  0.65168E-01  0.46876E-01  0.32401E-01  0.21685E-01  0.14025E-01  0.86726E-02  0.50415E-02
 0.28000E+01  0.15605E-01 -0.24753E-01 -0.26203E-01  0.82596E-02  0.55530E-01  0.91622E-01  0.10554E+00  0.99784E-01  0.83057E-01  0.63461E-01  0.45765E-01  0.31697E-01  0.21250E-01  0.13762E-01  0.85186E-02  0.49559E-02
 0.30000E+01  0.16314E-01 -0.24383E-01 -0.27338E-01  0.51004E-02  0.50754E-01  0.86209E-01  0.10045E+00  0.95608E-01  0.79945E-01  0.61296E-01  0.44326E-01  0.30770E-01  0.20666E-01  0.13404E-01  0.83064E-02  0.48367E-02
 0.00000E+00  0.71259E+00  0.33457E+00  0.22155E-01 -0.13616E+00 -0.15269E+00 -0.96100E-01 -0.30668E-01  0.12538E-01  0.30642E-01  0.32523E-01  0.27269E-01  0.20380E-01  0.14211E-01  0.93914E-02  0.58731E-02  0.34341E-02
 0.20000E+00  0.39035E+00  0.39381E+00  0.32225E+00  0.20639E+00  0.90524E-01  0.63041E-02 -0.38010E-01 -0.51216E-01 -0.47200E-01 -0.36943E-01 -0.26448E-01 -0.17954E-01 -0.11751E-01 -0.74348E-02 -0.45094E-02 -0.25801E-02
 0.40000E+00  0.77668E-02  0.21177E+00  0.31995E+00  0.30933E+00  0.22008E+00  0.11331E+00  0.31164E-01 -0.14515E-01 -0.31369E-01 -0.32078E-01 -0.26369E-01 -0.19488E-01 -0.13503E-01 -0.88921E-02 -0.55503E-02 -0.32420E-02
 0.60000E+00 -0.77714E-01  0.10120E+00  0.22553E+00  0.26213E+00  0.22642E+00  0.15834E+00  0.92664E-01  0.45673E-01  0.18308E-01  0.49030E-02 -0.57057E-03 -0.22270E-02 -0.23031E-02 -0.18448E-02 -0.12913E-02 -0.81116E-03
 0.80000E+00 -0.67675E-01  0.38990E-01  0.13350E+00  0.18710E+00  0.19420E+00  0.16825E+00  0.12861E+00  0.89979E-01  0.59298E-01  0.37658E-01  0.23434E-01  0.14430E-01  0.88096E-02  0.52998E-02  0.30980E-02  0.17254E-02
 0.10000E+01 -0.42180E-01  0.73580E-02  0.71541E-01  0.12827E+00  0.15995E+00  0.16215E+00  0.14232E+00  0.11239E+00  0.82206E-01  0.56995E-01  0.38131E-01  0.24902E-01  0.15940E-01  0.99560E-02  0.59931E-02  0.34136E-02
 0.12000E+01 -0.22270E-01 -0.83348E-02  0.34466E-01  0.89386E-01  0.13318E+00  0.15141E+00  0.14412E+00  0.12083E+00  0.92460E-01  0.66354E-01  0.45587E-01  0.30391E-01  0.19767E-01  0.12500E-01  0.75961E-02  0.43577E-02
 0.14000E+01 -0.90688E-02 -0.16340E-01  0.12364E-01  0.64158E-01  0.11345E+00  0.14047E+00  0.14087E+00  0.12235E+00  0.96024E-01  0.70223E-01  0.48945E-01  0.32996E-01  0.21648E-01  0.13783E-01  0.84193E-02  0.48490E-02
 0.16000E+01 -0.48459E-03 -0.20580E-01 -0.12996E-02  0.47244E-01  0.98711E-01  0.13056E+00  0.13579E+00  0.12073E+00  0.96320E-01  0.71301E-01  0.50161E-01  0.34063E-01  0.22477E-01  0.14375E-01  0.88114E-02  0.50882E-02
 0.18000E+01  0.51891E-02 -0.22872E-01 -0.10106E-01  0.35413E-01  0.87381E-01  0.12186E+00  0.13022E+00  0.11774E+00  0.95038E-01  0.70964E-01  0.50259E-01  0.34309E-01  0.22734E-01  0.14588E-01  0.89647E-02  0.51868E-02
 0.20000E+01  0.90179E-02 -0.24091E-01 -0.15981E-01  0.26811E-01  0.78409E-01  0.11425E+00  0.12469E+00  0.11420E+00  0.92999E-01  0.69900E-01  0.49760E-01  0.34107E-01  0.22674E-01  0.14587E-01  0.89820E-02  0.52047E-02
 0.22000E+01  0.11639E-01 -0.24687E-01 -0.20000E-01  0.20359E-01  0.71125E-01  0.10757E+00  0.11942E+00  0.11049E+00  0.90612E-01  0.68464E-01  0.48938E-01  0.33655E-01  0.22432E-01  0.14461E-01  0.89193E-02  0.51748E-02
 0.24000E+01  0.13456E-01 -0.24911E-01 -0.22804E-01  0.15382E-01  0.65079E-01  0.10167E+00  0.11447E+00  0.10681E+00  0.88098E-01  0.66853E-01  0.47949E-01  0.33065E-01  0.22088E-01  0.14264E-01  0.88098E-02  0.51166E-02
 0.26000E+01  0.14725E-01 -0.24905E-01 -0.24790E-01  0.11442E-01  0.59953E-01  0.96387E-01  0.10985E+00  0.10323E+00  0.85562E-01  0.65168E-01  0.46876E-01  0.32401E-01  0.21685E-01  0.14025E-01  0.86726E-02  0.50415E-02
 0.28000E+01  0.15605E-01 -0.24753E-01 -0.26203E-01  0.82596E-02  0.55530E-01  0.91622E-01  0.10554E+00  0.99784E-01  0.83057E-01  0.63461E-01  0.45765E-01  0.31697E-01  0.21250E-01  0.13762E-01  0.85186E-02  0.49559E-02
 0.30000E+01  0.16314E-01 -0.24383E-01 -0.27338E-01  0.51004E-02  0.50754E-01  0.86209E-01  0.10045E+00  0.95608E-01  0.79945E-01  0.61296E-01  0.44326E-01  0.30770E-01  0.20666E-01  0.13404E-01  0.83064E-02  0.48367E-02
