 0.00000E+00  0.87136E+00  0.30491E+00 -0.89199E-01 -0.22643E+00 -0.17664E+00 -0.63319E-01  0.27706E-01  0.70919E-01  0.77150E-01  0.65319E-01  0.48835E-01  0.33977E-01  0.22531E-01  0.14340E-01  0.87105E-02  0.49800E-02
 0.20000E+00  0.20524E+00  0.42725E+00  0.45875E+00  0.32661E+00  0.13535E+00 -0.19829E-01 -0.10122E+00 -0.12003E+00 -0.10476E+00 -0.78815E-01 -0.54474E-01 -0.35759E-01 -0.22661E-01 -0.13913E-01 -0.82159E-02 -0.45964E-02
 0.40000E+00 -0.34088E-01  0.21136E+00  0.33425E+00  0.31722E+00  0.21587E+00  0.10207E+00  0.19476E-01 -0.23345E-01 -0.37096E-01 -0.35622E-01 -0.28603E-01 -0.20933E-01 -0.14438E-01 -0.94797E-02 -0.59004E-02 -0.34369E-02
 0.60000E+00 -0.42007E-01  0.99336E-01  0.19891E+00  0.23061E+00  0.20488E+00  0.15130E+00  0.96656E-01  0.54664E-01  0.27630E-01  0.12328E-01  0.45389E-02  0.98202E-03 -0.40319E-03 -0.76531E-03 -0.69998E-03 -0.50124E-03
 0.80000E+00 -0.27385E-01  0.41408E-01  0.11457E+00  0.16609E+00  0.18239E+00  0.16708E+00  0.13404E+00  0.97429E-01  0.65917E-01  0.42444E-01  0.26461E-01  0.16158E-01  0.97130E-02  0.57322E-02  0.32860E-02  0.17980E-02
 0.10000E+01 -0.13670E-01  0.85230E-02  0.60998E-01  0.12029E+00  0.16024E+00  0.16897E+00  0.15145E+00  0.12071E+00  0.88460E-01  0.61181E-01  0.40710E-01  0.26383E-01  0.16731E-01  0.10348E-01  0.61700E-02  0.34851E-02
 0.12000E+01 -0.30254E-02 -0.11442E-01  0.25129E-01  0.86469E-01  0.13996E+00  0.16431E+00  0.15820E+00  0.13301E+00  0.10178E+00  0.73004E-01  0.50132E-01  0.33389E-01  0.21675E-01  0.13668E-01  0.82777E-02  0.47325E-02
 0.14000E+01  0.47442E-02 -0.23605E-01  0.83319E-03  0.61140E-01  0.12189E+00  0.15628E+00  0.15856E+00  0.13836E+00  0.10900E+00  0.80099E-01  0.56149E-01  0.38059E-01  0.25073E-01  0.16002E-01  0.97837E-02  0.56343E-02
 0.16000E+01  0.10060E-01 -0.30733E-01 -0.15335E-01  0.42354E-01  0.10632E+00  0.14682E+00  0.15511E+00  0.13916E+00  0.11202E+00  0.83797E-01  0.59631E-01  0.40935E-01  0.27253E-01  0.17543E-01  0.10798E-01  0.62500E-02
 0.18000E+01  0.13465E-01 -0.34656E-01 -0.25849E-01  0.28573E-01  0.93245E-01  0.13716E+00  0.14963E+00  0.13716E+00  0.11226E+00  0.85134E-01  0.61282E-01  0.42476E-01  0.28505E-01  0.18466E-01  0.11423E-01  0.66371E-02
 0.20000E+01  0.15503E-01 -0.36605E-01 -0.32544E-01  0.18502E-01  0.82431E-01  0.12799E+00  0.14329E+00  0.13362E+00  0.11080E+00  0.84935E-01  0.61692E-01  0.43082E-01  0.29092E-01  0.18940E-01  0.11761E-01  0.68535E-02
 0.22000E+01  0.16624E-01 -0.37373E-01 -0.36719E-01  0.11116E-01  0.73538E-01  0.11964E+00  0.13680E+00  0.12934E+00  0.10839E+00  0.83801E-01  0.61306E-01  0.43070E-01  0.29226E-01  0.19102E-01  0.11898E-01  0.69491E-02
 0.24000E+01  0.17153E-01 -0.37449E-01 -0.39256E-01  0.56391E-02  0.66195E-01  0.11215E+00  0.13052E+00  0.12480E+00  0.10549E+00  0.82132E-01  0.60437E-01  0.42665E-01  0.29066E-01  0.19057E-01  0.11899E-01  0.69626E-02
 0.26000E+01  0.17305E-01 -0.37123E-01 -0.40725E-01  0.15188E-02  0.60070E-01  0.10547E+00  0.12459E+00  0.12026E+00  0.10238E+00  0.80176E-01  0.59282E-01  0.42017E-01  0.28718E-01  0.18878E-01  0.11811E-01  0.69213E-02
 0.28000E+01  0.17216E-01 -0.36563E-01 -0.41479E-01 -0.16140E-02  0.54914E-01  0.99523E-01  0.11906E+00  0.11585E+00  0.99219E-01  0.78080E-01  0.57965E-01  0.41220E-01  0.28250E-01  0.18610E-01  0.11663E-01  0.68433E-02
 0.30000E+01  0.16944E-01 -0.35498E-01 -0.41529E-01 -0.43544E-02  0.49585E-01  0.92888E-01  0.11256E+00  0.11041E+00  0.95126E-01  0.75224E-01  0.56068E-01  0.40004E-01  0.27490E-01  0.18148E-01  0.11392E-01  0.66930E-02
 0.00000E+00  0.87136E+00  0.30491E+00 -0.89199E-01 -0.22643E+00 -0.17664E+00 -0.63319E-01  0.27706E-01  0.70919E-01  0.77150E-01  0.65319E-01  0.48835E-01  0.33977E-01  0.22531E-01  0.14340E-01  0.87105E-02  0.49800E-02
 0.20000E+00  0.20524E+00  0.42725E+00  0.45875E+00  0.32661E+00  0.13535E+00 -0.19829E-01 -0.10122E+00 -0.12003E+00 -0.10476E+00 -0.78815E-01 -0.54474E-01 -0.35759E-01 -0.22661E-01 -0.13913E-01 -0.82159E-02 -0.45964E-02
 0.40000E+00 -0.34088E-01  0.21136E+00  0.33425E+00  0.31722E+00  0.21587E+00  0.10207E+00  0.19476E-01 -0.23345E-01 -0.37096E-01 -0.35622E-01 -0.28603E-01 -0.20933E-01 -0.14438E-01 -0.94797E-02 -0.59004E-02 -0.34369E-02
 0.60000E+00 -0.42007E-01  0.99336E-01  0.19891E+00  0.23061E+00  0.20488E+00  0.15130E+00  0.96656E-01  0.54664E-01  0.27630E-01  0.12328E-01  0.45389E-02  0.98202E-03 -0.40319E-03 -0.76531E-03 -0.69998E-03 -0.50124E-03
 0.80000E+00 -0.27385E-01  0.41408E-01  0.11457E+00  0.16609E+00  0.18239E+00  0.16708E+00  0.13404E+00  0.97429E-01  0.65917E-01  0.42444E-01  0.26461E-01  0.16158E-01  0.97130E-02  0.57322E-02  0.32860E-02  0.17980E-02
 0.10000E+01 -0.13670E-01  0.85230E-02  0.60998E-01  0.12029E+00  0.16024E+00  0.16897E+00  0.15145E+00  0.12071E+00  0.88460E-01  0.61181E-01  0.40710E-01  0.26383E-01  0.16731E-01  0.10348E-01  0.61700E-02  0.34851E-02
 0.12000E+01 -0.30254E-02 -0.11442E-01  0.25129E-01  0.86469E-01  0.13996E+00  0.16431E+00  0.15820E+00  0.13301E+00  0.10178E+00  0.73004E-01  0.50132E-01  0.33389E-01  0.21675E-01  0.13668E-01  0.82777E-02  0.47325E-02
 0.14000E+01  0.47442E-02 -0.23605E-01  0.83319E-03  0.61140E-01  0.12189E+00  0.15628E+00  0.15856E+00  0.13836E+00  0.10900E+00  0.80099E-01  0.56149E-01  0.38059E-01  0.25073E-01  0.16002E-01  0.97837E-02  0.56343E-02
 0.16000E+01  0.10060E-01 -0.30733E-01 -0.15335E-01  0.42354E-01  0.10632E+00  0.14682E+00  0.15511E+00  0.13916E+00  0.11202E+00  0.83797E-01  0.59631E-01  0.40935E-01  0.27253E-01  0.17543E-01  0.10798E-01  0.62500E-02
 0.18000E+01  0.13465E-01 -0.34656E-01 -0.25849E-01  0.28573E-01  0.93245E-01  0.13716E+00  0.14963E+00  0.13716E+00  0.11226E+00  0.85134E-01  0.61282E-01  0.42476E-01  0.28505E-01  0.18466E-01  0.11423E-01  0.66371E-02
 0.20000E+01  0.15503E-01 -0.36605E-01 -0.32544E-01  0.18502E-01  0.82431E-01  0.12799E+00  0.14329E+00  0.13362E+00  0.11080E+00  0.84935E-01  0.61692E-01  0.43082E-01  0.29092E-01  0.18940E-01  0.11761E-01  0.68535E-02
 0.22000E+01  0.16624E-01 -0.37373E-01 -0.36719E-01  0.11116E-01  0.73538E-01  0.11964E+00  0.13680E+00  0.12934E+00  0.10839E+00  0.83801E-01  0.61306E-01  0.43070E-01  0.29226E-01  0.19102E-01  0.11898E-01  0.69491E-02
 0.24000E+01  0.17153E-01 -0.37449E-01 -0.39256E-01  0.56391E-02  0.66195E-01  0.11215E+00  0.13052E+00  0.12480E+00  0.10549E+00  0.82132E-01  0.60437E-01  0.42665E-01  0.29066E-01  0.19057E-01  0.11899E-01  0.69626E-02
 0.26000E+01  0.17305E-01 -0.37123E-01 -0.40725E-01  0.15188E-02  0.60070E-01  0.10547E+00  0.12459E+00  0.12026E+00  0.10238E+00  0.80176E-01  0.59282E-01  0.42017E-01  0.28718E-01  0.18878E-01  0.11811E-01  0.69213E-02
 0.28000E+01  0.17216E-01 -0.36563E-01 -0.41479E-01 -0.16140E-02  0.54914E-01  0.99523E-01  0.11906E+00  0.11585E+00  0.99219E-01  0.78080E-01  0.57965E-01  0.41220E-01  0.28250E-01  0.18610E-01  0.11663E-01  0.68433E-02
 0.30000E+01  0.16944E-01 -0.35498E-01 -0.41529E-01 -0.43544E-02  0.49585E-01  0.92888E-01  0.11256E+00  0.11041E+00  0.95126E-01  0.75224E-01  0.56068E-01  0.40004E-01  0.27490E-01  0.18148E-01  0.11392E-01  0.66930E-02
