 0.00000E+00  0.71267E+00  0.35540E+00 -0.21426E-01 -0.13190E+00 -0.91599E-01 -0.38219E-01 -0.74802E-02  0.53812E-02  0.86571E-02  0.77765E-02  0.56679E-02  0.36328E-02  0.20900E-02  0.10706E-02  0.47175E-03  0.16801E-03
 0.20000E+00  0.37980E+00  0.42561E+00  0.30686E+00  0.14762E+00  0.42379E-01 -0.59334E-02 -0.21917E-01 -0.23195E-01 -0.18956E-01 -0.13617E-01 -0.90106E-02 -0.56060E-02 -0.33023E-02 -0.18390E-02 -0.94886E-03 -0.42236E-03
 0.40000E+00 -0.36999E-01  0.21979E+00  0.34518E+00  0.27642E+00  0.15630E+00  0.70908E-01  0.25434E-01  0.48485E-02 -0.27411E-02 -0.43579E-02 -0.37264E-02 -0.25703E-02 -0.15451E-02 -0.82057E-03 -0.37740E-03 -0.14255E-03
 0.60000E+00 -0.85939E-01  0.12453E+00  0.26917E+00  0.25907E+00  0.18203E+00  0.11207E+00  0.65456E-01  0.37249E-01  0.20866E-01  0.11622E-01  0.65034E-02  0.36768E-02  0.20984E-02  0.11995E-02  0.66397E-03  0.32136E-03
 0.80000E+00 -0.81553E-01  0.63248E-01  0.19497E+00  0.22461E+00  0.18705E+00  0.13571E+00  0.92511E-01  0.60737E-01  0.38689E-01  0.24028E-01  0.14620E-01  0.87311E-02  0.51080E-02  0.29106E-02  0.15733E-02  0.73921E-03
 0.10000E+01 -0.65327E-01  0.17000E-01  0.12888E+00  0.18813E+00  0.18425E+00  0.15039E+00  0.11180E+00  0.78346E-01  0.52447E-01  0.33815E-01  0.21150E-01  0.12883E-01  0.76433E-02  0.43997E-02  0.23964E-02  0.11322E-02
 0.12000E+01 -0.45512E-01 -0.17523E-01  0.73004E-01  0.15354E+00  0.17696E+00  0.15838E+00  0.12473E+00  0.90916E-01  0.62619E-01  0.41248E-01  0.26234E-01  0.16204E-01  0.97389E-02  0.56814E-02  0.31380E-02  0.15011E-02
 0.14000E+01 -0.25829E-01 -0.41379E-01  0.28521E-01  0.12227E+00  0.16596E+00  0.15993E+00  0.13132E+00  0.98366E-01  0.69122E-01  0.46269E-01  0.29844E-01  0.18687E-01  0.11400E-01  0.67677E-02  0.38107E-02  0.18548E-02
 0.16000E+01 -0.97135E-02 -0.54490E-01 -0.22932E-02  0.96069E-01  0.15176E+00  0.15476E+00  0.13099E+00  0.10015E+00  0.71521E-01  0.48576E-01  0.31788E-01  0.20223E-01  0.12572E-01  0.76358E-02  0.44084E-02  0.21932E-02
 0.18000E+01  0.37885E-03 -0.59142E-01 -0.19898E-01  0.76333E-01  0.13651E+00  0.14493E+00  0.12540E+00  0.97415E-01  0.70568E-01  0.48619E-01  0.32313E-01  0.20929E-01  0.13297E-01  0.82887E-02  0.49185E-02  0.25040E-02
 0.20000E+01  0.44741E-02 -0.59031E-01 -0.27931E-01  0.62552E-01  0.12223E+00  0.13332E+00  0.11721E+00  0.92272E-01  0.67730E-01  0.47337E-01  0.31974E-01  0.21106E-01  0.13718E-01  0.87779E-02  0.53483E-02  0.27811E-02
 0.22000E+01  0.38612E-02 -0.55406E-01 -0.28864E-01  0.53007E-01  0.10837E+00  0.12011E+00  0.10692E+00  0.85239E-01  0.63474E-01  0.45107E-01  0.31058E-01  0.20966E-01  0.13988E-01  0.92135E-02  0.57720E-02  0.30660E-02
 0.24000E+01 -0.41416E-03 -0.49053E-01 -0.24519E-01  0.46253E-01  0.94266E-01  0.10518E+00  0.94653E-01  0.76566E-01  0.58057E-01  0.42154E-01  0.29749E-01  0.20652E-01  0.14218E-01  0.96779E-02  0.62467E-02  0.33911E-02
 0.26000E+01 -0.69402E-02 -0.42038E-01 -0.17750E-01  0.41447E-01  0.80999E-01  0.90345E-01  0.82190E-01  0.67631E-01  0.52422E-01  0.39053E-01  0.28354E-01  0.20300E-01  0.14438E-01  0.10149E-01  0.67338E-02  0.37261E-02
 0.28000E+01 -0.14657E-01 -0.34314E-01 -0.93171E-02  0.37784E-01  0.68057E-01  0.75373E-01  0.69440E-01  0.58427E-01  0.46593E-01  0.35838E-01  0.26908E-01  0.19937E-01  0.14672E-01  0.10645E-01  0.72454E-02  0.40777E-02
 0.30000E+01 -0.21559E-01 -0.27544E-01 -0.20427E-02  0.34179E-01  0.56124E-01  0.61599E-01  0.57636E-01  0.49796E-01  0.41001E-01  0.32621E-01  0.25320E-01  0.19365E-01  0.14679E-01  0.10928E-01  0.75866E-02  0.43240E-02
