 0.00000E+00  0.70359E+00  0.32792E+00  0.18543E-01 -0.13640E+00 -0.14987E+00 -0.91252E-01 -0.25120E-01  0.17721E-01  0.34917E-01  0.35787E-01  0.29649E-01  0.22064E-01  0.15370E-01  0.10162E-01  0.63608E-02  0.37227E-02
 0.20000E+00  0.41450E+00  0.40388E+00  0.32037E+00  0.19814E+00  0.81409E-01 -0.53652E-03 -0.41892E-01 -0.52840E-01 -0.47561E-01 -0.36784E-01 -0.26167E-01 -0.17705E-01 -0.11571E-01 -0.73168E-02 -0.44368E-02 -0.25382E-02
 0.40000E+00 -0.51652E-02  0.21286E+00  0.32960E+00  0.31963E+00  0.22548E+00  0.11260E+00  0.26170E-01 -0.21186E-01 -0.37817E-01 -0.37414E-01 -0.30415E-01 -0.22393E-01 -0.15505E-01 -0.10218E-01 -0.63841E-02 -0.37326E-02
 0.60000E+00 -0.87479E-01  0.97314E-01  0.22665E+00  0.26555E+00  0.22946E+00  0.15968E+00  0.92342E-01  0.44365E-01  0.16696E-01  0.33994E-02 -0.18007E-02 -0.31613E-02 -0.29766E-02 -0.23070E-02 -0.15907E-02 -0.99145E-03
 0.80000E+00 -0.68315E-01  0.36375E-01  0.13054E+00  0.18518E+00  0.19379E+00  0.16904E+00  0.13000E+00  0.91472E-01  0.60615E-01  0.38702E-01  0.24208E-01  0.14975E-01  0.91777E-02  0.55373E-02  0.32434E-02  0.18086E-02
 0.10000E+01 -0.39197E-01  0.63565E-02  0.68531E-01  0.12563E+00  0.15910E+00  0.16321E+00  0.14459E+00  0.11507E+00  0.84728E-01  0.59100E-01  0.39761E-01  0.26099E-01  0.16779E-01  0.10517E-01  0.63478E-02  0.36226E-02
 0.12000E+01 -0.18146E-01 -0.86869E-02  0.31748E-01  0.87017E-01  0.13287E+00  0.15332E+00  0.14744E+00  0.12458E+00  0.95943E-01  0.69246E-01  0.47822E-01  0.32033E-01  0.20921E-01  0.13275E-01  0.80881E-02  0.46486E-02
 0.14000E+01 -0.44857E-02 -0.16627E-01  0.95729E-02  0.61913E-01  0.11365E+00  0.14326E+00  0.14525E+00  0.12715E+00  0.10041E+00  0.73830E-01  0.51714E-01  0.35020E-01  0.23067E-01  0.14734E-01  0.90229E-02  0.52060E-02
 0.16000E+01  0.43612E-02 -0.21033E-01 -0.43875E-02  0.44921E-01  0.99238E-01  0.13404E+00  0.14106E+00  0.12641E+00  0.10147E+00  0.75512E-01  0.53378E-01  0.36405E-01  0.24114E-01  0.15470E-01  0.95051E-02  0.54982E-02
 0.18000E+01  0.10214E-01 -0.23558E-01 -0.13565E-01  0.32895E-01  0.88063E-01  0.12582E+00  0.13614E+00  0.12410E+00  0.10079E+00  0.75645E-01  0.53823E-01  0.36897E-01  0.24539E-01  0.15793E-01  0.97274E-02  0.56373E-02
 0.20000E+01  0.14167E-01 -0.25007E-01 -0.19809E-01  0.24047E-01  0.79114E-01  0.11850E+00  0.13106E+00  0.12103E+00  0.99169E-01  0.74918E-01  0.53574E-01  0.36872E-01  0.24599E-01  0.15871E-01  0.97942E-02  0.56842E-02
 0.22000E+01  0.16865E-01 -0.25805E-01 -0.24151E-01  0.17339E-01  0.71761E-01  0.11194E+00  0.12603E+00  0.11761E+00  0.97049E-01  0.73699E-01  0.52915E-01  0.36534E-01  0.24436E-01  0.15797E-01  0.97638E-02  0.56733E-02
 0.24000E+01  0.18719E-01 -0.26194E-01 -0.27224E-01  0.12117E-01  0.65582E-01  0.10604E+00  0.12118E+00  0.11406E+00  0.94671E-01  0.72203E-01  0.52014E-01  0.36008E-01  0.24135E-01  0.15629E-01  0.96724E-02  0.56258E-02
 0.26000E+01  0.19989E-01 -0.26316E-01 -0.29423E-01  0.79521E-02  0.60280E-01  0.10066E+00  0.11653E+00  0.11050E+00  0.92164E-01  0.70548E-01  0.50968E-01  0.35364E-01  0.23746E-01  0.15399E-01  0.95411E-02  0.55542E-02
 0.28000E+01  0.20833E-01 -0.26257E-01 -0.30991E-01  0.45710E-02  0.55649E-01  0.95706E-01  0.11207E+00  0.10695E+00  0.89589E-01  0.68797E-01  0.49827E-01  0.34641E-01  0.23298E-01  0.15128E-01  0.93824E-02  0.54659E-02
 0.30000E+01  0.21427E-01 -0.25945E-01 -0.32213E-01  0.12276E-02  0.50585E-01  0.89946E-01  0.10664E+00  0.10247E+00  0.86239E-01  0.66454E-01  0.48260E-01  0.33626E-01  0.22655E-01  0.14731E-01  0.91459E-02  0.53326E-02
 0.00000E+00  0.70359E+00  0.32792E+00  0.18543E-01 -0.13640E+00 -0.14987E+00 -0.91252E-01 -0.25120E-01  0.17721E-01  0.34917E-01  0.35787E-01  0.29649E-01  0.22064E-01  0.15370E-01  0.10162E-01  0.63608E-02  0.37227E-02
 0.20000E+00  0.41450E+00  0.40388E+00  0.32037E+00  0.19814E+00  0.81409E-01 -0.53652E-03 -0.41892E-01 -0.52840E-01 -0.47561E-01 -0.36784E-01 -0.26167E-01 -0.17705E-01 -0.11571E-01 -0.73168E-02 -0.44368E-02 -0.25382E-02
 0.40000E+00 -0.51652E-02  0.21286E+00  0.32960E+00  0.31963E+00  0.22548E+00  0.11260E+00  0.26170E-01 -0.21186E-01 -0.37817E-01 -0.37414E-01 -0.30415E-01 -0.22393E-01 -0.15505E-01 -0.10218E-01 -0.63841E-02 -0.37326E-02
 0.60000E+00 -0.87479E-01  0.97314E-01  0.22665E+00  0.26555E+00  0.22946E+00  0.15968E+00  0.92342E-01  0.44365E-01  0.16696E-01  0.33994E-02 -0.18007E-02 -0.31613E-02 -0.29766E-02 -0.23070E-02 -0.15907E-02 -0.99145E-03
 0.80000E+00 -0.68315E-01  0.36375E-01  0.13054E+00  0.18518E+00  0.19379E+00  0.16904E+00  0.13000E+00  0.91472E-01  0.60615E-01  0.38702E-01  0.24208E-01  0.14975E-01  0.91777E-02  0.55373E-02  0.32434E-02  0.18086E-02
 0.10000E+01 -0.39197E-01  0.63565E-02  0.68531E-01  0.12563E+00  0.15910E+00  0.16321E+00  0.14459E+00  0.11507E+00  0.84728E-01  0.59100E-01  0.39761E-01  0.26099E-01  0.16779E-01  0.10517E-01  0.63478E-02  0.36226E-02
 0.12000E+01 -0.18146E-01 -0.86869E-02  0.31748E-01  0.87017E-01  0.13287E+00  0.15332E+00  0.14744E+00  0.12458E+00  0.95943E-01  0.69246E-01  0.47822E-01  0.32033E-01  0.20921E-01  0.13275E-01  0.80881E-02  0.46486E-02
 0.14000E+01 -0.44857E-02 -0.16627E-01  0.95729E-02  0.61913E-01  0.11365E+00  0.14326E+00  0.14525E+00  0.12715E+00  0.10041E+00  0.73830E-01  0.51714E-01  0.35020E-01  0.23067E-01  0.14734E-01  0.90229E-02  0.52060E-02
 0.16000E+01  0.43612E-02 -0.21033E-01 -0.43875E-02  0.44921E-01  0.99238E-01  0.13404E+00  0.14106E+00  0.12641E+00  0.10147E+00  0.75512E-01  0.53378E-01  0.36405E-01  0.24114E-01  0.15470E-01  0.95051E-02  0.54982E-02
 0.18000E+01  0.10214E-01 -0.23558E-01 -0.13565E-01  0.32895E-01  0.88063E-01  0.12582E+00  0.13614E+00  0.12410E+00  0.10079E+00  0.75645E-01  0.53823E-01  0.36897E-01  0.24539E-01  0.15793E-01  0.97274E-02  0.56373E-02
 0.20000E+01  0.14167E-01 -0.25007E-01 -0.19809E-01  0.24047E-01  0.79114E-01  0.11850E+00  0.13106E+00  0.12103E+00  0.99169E-01  0.74918E-01  0.53574E-01  0.36872E-01  0.24599E-01  0.15871E-01  0.97942E-02  0.56842E-02
 0.22000E+01  0.16865E-01 -0.25805E-01 -0.24151E-01  0.17339E-01  0.71761E-01  0.11194E+00  0.12603E+00  0.11761E+00  0.97049E-01  0.73699E-01  0.52915E-01  0.36534E-01  0.24436E-01  0.15797E-01  0.97638E-02  0.56733E-02
 0.24000E+01  0.18719E-01 -0.26194E-01 -0.27224E-01  0.12117E-01  0.65582E-01  0.10604E+00  0.12118E+00  0.11406E+00  0.94671E-01  0.72203E-01  0.52014E-01  0.36008E-01  0.24135E-01  0.15629E-01  0.96724E-02  0.56258E-02
 0.26000E+01  0.19989E-01 -0.26316E-01 -0.29423E-01  0.79521E-02  0.60280E-01  0.10066E+00  0.11653E+00  0.11050E+00  0.92164E-01  0.70548E-01  0.50968E-01  0.35364E-01  0.23746E-01  0.15399E-01  0.95411E-02  0.55542E-02
 0.28000E+01  0.20833E-01 -0.26257E-01 -0.30991E-01  0.45710E-02  0.55649E-01  0.95706E-01  0.11207E+00  0.10695E+00  0.89589E-01  0.68797E-01  0.49827E-01  0.34641E-01  0.23298E-01  0.15128E-01  0.93824E-02  0.54659E-02
 0.30000E+01  0.21427E-01 -0.25945E-01 -0.32213E-01  0.12276E-02  0.50585E-01  0.89946E-01  0.10664E+00  0.10247E+00  0.86239E-01  0.66454E-01  0.48260E-01  0.33626E-01  0.22655E-01  0.14731E-01  0.91459E-02  0.53326E-02
