 0.00000E+00  0.83009E+00  0.37885E+00  0.13572E-01 -0.16619E+00 -0.17953E+00 -0.10913E+00 -0.30560E-01  0.20126E-01  0.40111E-01  0.40538E-01  0.32760E-01  0.23609E-01  0.15884E-01  0.10161E-01  0.61836E-02  0.35396E-02
 0.20000E+00  0.20861E+00  0.31644E+00  0.33099E+00  0.25825E+00  0.14508E+00  0.42087E-01 -0.23627E-01 -0.51078E-01 -0.53026E-01 -0.43396E-01 -0.31369E-01 -0.21082E-01 -0.13531E-01 -0.83765E-02 -0.49814E-02 -0.28055E-02
 0.40000E+00  0.30269E-01  0.20360E+00  0.29276E+00  0.27980E+00  0.19961E+00  0.10448E+00  0.30772E-01 -0.10729E-01 -0.26286E-01 -0.27057E-01 -0.21933E-01 -0.15824E-01 -0.10660E-01 -0.68302E-02 -0.41638E-02 -0.23871E-02
 0.60000E+00 -0.24275E-01  0.14544E+00  0.24992E+00  0.26422E+00  0.21111E+00  0.13365E+00  0.65819E-01  0.21421E-01 -0.11171E-02 -0.93169E-02 -0.10271E-01 -0.84917E-02 -0.61802E-02 -0.41582E-02 -0.26185E-02 -0.15348E-02
 0.80000E+00 -0.54812E-01  0.70922E-01  0.16940E+00  0.21316E+00  0.20427E+00  0.16384E+00  0.11507E+00  0.72874E-01  0.42566E-01  0.23393E-01  0.12322E-01  0.63249E-02  0.32033E-02  0.16087E-02  0.79745E-03  0.38479E-03
 0.10000E+01 -0.44975E-01  0.72348E-02  0.74990E-01  0.13591E+00  0.17141E+00  0.17565E+00  0.15523E+00  0.12250E+00  0.88618E-01  0.60092E-01  0.38957E-01  0.24528E-01  0.15135E-01  0.91492E-02  0.53627E-02  0.29931E-02
 0.12000E+01 -0.21029E-01 -0.23879E-01  0.12883E-01  0.74514E-01  0.13272E+00  0.16521E+00  0.16640E+00  0.14458E+00  0.11276E+00  0.81286E-01  0.55448E-01  0.36422E-01  0.23267E-01  0.14460E-01  0.86584E-02  0.49108E-02
 0.14000E+01 -0.42671E-02 -0.34564E-01 -0.17237E-01  0.38742E-01  0.10323E+00  0.14769E+00  0.16048E+00  0.14668E+00  0.11881E+00  0.88296E-01  0.61773E-01  0.41442E-01  0.26936E-01  0.16971E-01  0.10270E-01  0.58709E-02
 0.16000E+01  0.48319E-02 -0.37134E-01 -0.30509E-01  0.19364E-01  0.83414E-01  0.13166E+00  0.14996E+00  0.14126E+00  0.11703E+00  0.88581E-01  0.62932E-01  0.42768E-01  0.28093E-01  0.17850E-01  0.10872E-01  0.62453E-02
 0.18000E+01  0.95850E-02 -0.36974E-01 -0.36307E-01  0.84871E-02  0.70080E-01  0.11883E+00  0.13967E+00  0.13420E+00  0.11285E+00  0.86467E-01  0.62066E-01  0.42547E-01  0.28148E-01  0.17987E-01  0.11003E-01  0.63413E-02
 0.20000E+01  0.12117E-01 -0.35973E-01 -0.38807E-01  0.19578E-02  0.60722E-01  0.10874E+00  0.13074E+00  0.12740E+00  0.10827E+00  0.83686E-01  0.60516E-01  0.41744E-01  0.27760E-01  0.17811E-01  0.10930E-01  0.63141E-02
 0.22000E+01  0.13493E-01 -0.34760E-01 -0.39775E-01 -0.22294E-02  0.53823E-01  0.10068E+00  0.12314E+00  0.12128E+00  0.10390E+00  0.80843E-01  0.58791E-01  0.40748E-01  0.27204E-01  0.17509E-01  0.10771E-01  0.62331E-02
 0.24000E+01  0.14244E-01 -0.33543E-01 -0.39989E-01 -0.50738E-02  0.48501E-01  0.94075E-01  0.11664E+00  0.11585E+00  0.99892E-01  0.78135E-01  0.57078E-01  0.39712E-01  0.26595E-01  0.17160E-01  0.10576E-01  0.61293E-02
 0.26000E+01  0.14636E-01 -0.32385E-01 -0.39808E-01 -0.71012E-02  0.44229E-01  0.88505E-01  0.11099E+00  0.11102E+00  0.96232E-01  0.75603E-01  0.55436E-01  0.38691E-01  0.25979E-01  0.16797E-01  0.10369E-01  0.60165E-02
 0.28000E+01  0.14806E-01 -0.31299E-01 -0.39411E-01 -0.86010E-02  0.40685E-01  0.83695E-01  0.10600E+00  0.10666E+00  0.92873E-01  0.73241E-01  0.53877E-01  0.37705E-01  0.25374E-01  0.16435E-01  0.10159E-01  0.59009E-02
 0.30000E+01  0.14852E-01 -0.29985E-01 -0.38687E-01 -0.99478E-02  0.36982E-01  0.78444E-01  0.10041E+00  0.10169E+00  0.88983E-01  0.70461E-01  0.52013E-01  0.36508E-01  0.24629E-01  0.15983E-01  0.98950E-02  0.57537E-02
 0.00000E+00  0.83009E+00  0.37885E+00  0.13572E-01 -0.16619E+00 -0.17953E+00 -0.10913E+00 -0.30560E-01  0.20126E-01  0.40111E-01  0.40538E-01  0.32760E-01  0.23609E-01  0.15884E-01  0.10161E-01  0.61836E-02  0.35396E-02
 0.20000E+00  0.20861E+00  0.31644E+00  0.33099E+00  0.25825E+00  0.14508E+00  0.42087E-01 -0.23627E-01 -0.51078E-01 -0.53026E-01 -0.43396E-01 -0.31369E-01 -0.21082E-01 -0.13531E-01 -0.83765E-02 -0.49814E-02 -0.28055E-02
 0.40000E+00  0.30269E-01  0.20360E+00  0.29276E+00  0.27980E+00  0.19961E+00  0.10448E+00  0.30772E-01 -0.10729E-01 -0.26286E-01 -0.27057E-01 -0.21933E-01 -0.15824E-01 -0.10660E-01 -0.68302E-02 -0.41638E-02 -0.23871E-02
 0.60000E+00 -0.24275E-01  0.14544E+00  0.24992E+00  0.26422E+00  0.21111E+00  0.13365E+00  0.65819E-01  0.21421E-01 -0.11171E-02 -0.93169E-02 -0.10271E-01 -0.84917E-02 -0.61802E-02 -0.41582E-02 -0.26185E-02 -0.15348E-02
 0.80000E+00 -0.54812E-01  0.70922E-01  0.16940E+00  0.21316E+00  0.20427E+00  0.16384E+00  0.11507E+00  0.72874E-01  0.42566E-01  0.23393E-01  0.12322E-01  0.63249E-02  0.32033E-02  0.16087E-02  0.79745E-03  0.38479E-03
 0.10000E+01 -0.44975E-01  0.72348E-02  0.74990E-01  0.13591E+00  0.17141E+00  0.17565E+00  0.15523E+00  0.12250E+00  0.88618E-01  0.60092E-01  0.38957E-01  0.24528E-01  0.15135E-01  0.91492E-02  0.53627E-02  0.29931E-02
 0.12000E+01 -0.21029E-01 -0.23879E-01  0.12883E-01  0.74514E-01  0.13272E+00  0.16521E+00  0.16640E+00  0.14458E+00  0.11276E+00  0.81286E-01  0.55448E-01  0.36422E-01  0.23267E-01  0.14460E-01  0.86584E-02  0.49108E-02
 0.14000E+01 -0.42671E-02 -0.34564E-01 -0.17237E-01  0.38742E-01  0.10323E+00  0.14769E+00  0.16048E+00  0.14668E+00  0.11881E+00  0.88296E-01  0.61773E-01  0.41442E-01  0.26936E-01  0.16971E-01  0.10270E-01  0.58709E-02
 0.16000E+01  0.48319E-02 -0.37134E-01 -0.30509E-01  0.19364E-01  0.83414E-01  0.13166E+00  0.14996E+00  0.14126E+00  0.11703E+00  0.88581E-01  0.62932E-01  0.42768E-01  0.28093E-01  0.17850E-01  0.10872E-01  0.62453E-02
 0.18000E+01  0.95850E-02 -0.36974E-01 -0.36307E-01  0.84871E-02  0.70080E-01  0.11883E+00  0.13967E+00  0.13420E+00  0.11285E+00  0.86467E-01  0.62066E-01  0.42547E-01  0.28148E-01  0.17987E-01  0.11003E-01  0.63413E-02
 0.20000E+01  0.12117E-01 -0.35973E-01 -0.38807E-01  0.19578E-02  0.60722E-01  0.10874E+00  0.13074E+00  0.12740E+00  0.10827E+00  0.83686E-01  0.60516E-01  0.41744E-01  0.27760E-01  0.17811E-01  0.10930E-01  0.63141E-02
 0.22000E+01  0.13493E-01 -0.34760E-01 -0.39775E-01 -0.22294E-02  0.53823E-01  0.10068E+00  0.12314E+00  0.12128E+00  0.10390E+00  0.80843E-01  0.58791E-01  0.40748E-01  0.27204E-01  0.17509E-01  0.10771E-01  0.62331E-02
 0.24000E+01  0.14244E-01 -0.33543E-01 -0.39989E-01 -0.50738E-02  0.48501E-01  0.94075E-01  0.11664E+00  0.11585E+00  0.99892E-01  0.78135E-01  0.57078E-01  0.39712E-01  0.26595E-01  0.17160E-01  0.10576E-01  0.61293E-02
 0.26000E+01  0.14636E-01 -0.32385E-01 -0.39808E-01 -0.71012E-02  0.44229E-01  0.88505E-01  0.11099E+00  0.11102E+00  0.96232E-01  0.75603E-01  0.55436E-01  0.38691E-01  0.25979E-01  0.16797E-01  0.10369E-01  0.60165E-02
 0.28000E+01  0.14806E-01 -0.31299E-01 -0.39411E-01 -0.86010E-02  0.40685E-01  0.83695E-01  0.10600E+00  0.10666E+00  0.92873E-01  0.73241E-01  0.53877E-01  0.37705E-01  0.25374E-01  0.16435E-01  0.10159E-01  0.59009E-02
 0.30000E+01  0.14852E-01 -0.29985E-01 -0.38687E-01 -0.99478E-02  0.36982E-01  0.78444E-01  0.10041E+00  0.10169E+00  0.88983E-01  0.70461E-01  0.52013E-01  0.36508E-01  0.24629E-01  0.15983E-01  0.98950E-02  0.57537E-02
