 0.00000E+00  0.72736E+00  0.30406E+00 -0.91430E-01 -0.14844E+00 -0.53966E-01  0.13275E-01  0.32803E-01  0.30625E-01  0.23113E-01  0.15993E-01  0.10573E-01  0.67908E-02  0.42705E-02  0.26285E-02  0.15394E-02  0.77627E-03
 0.20000E+00  0.41213E+00  0.48735E+00  0.34120E+00  0.12701E+00 -0.49846E-02 -0.47461E-01 -0.47467E-01 -0.36222E-01 -0.25090E-01 -0.16630E-01 -0.10762E-01 -0.68605E-02 -0.43253E-02 -0.26898E-02 -0.15976E-02 -0.81546E-03
 0.40000E+00 -0.13010E+00  0.26178E+00  0.44965E+00  0.32070E+00  0.12798E+00  0.18990E-01 -0.17975E-01 -0.23509E-01 -0.19593E-01 -0.14207E-01 -0.96406E-02 -0.62878E-02 -0.39877E-02 -0.24639E-02 -0.14450E-02 -0.72943E-03
 0.60000E+00 -0.12247E+00  0.95055E-01  0.27065E+00  0.27860E+00  0.19844E+00  0.12090E+00  0.70358E-01  0.40893E-01  0.23999E-01  0.14226E-01  0.85043E-02  0.51201E-02  0.30998E-02  0.18741E-02  0.10910E-02  0.54851E-03
 0.80000E+00 -0.44545E-01  0.95540E-02  0.12622E+00  0.21243E+00  0.21852E+00  0.17486E+00  0.12292E+00  0.81119E-01  0.51892E-01  0.32632E-01  0.20290E-01  0.12506E-01  0.76473E-02  0.46181E-02  0.26686E-02  0.13325E-02
 0.10000E+01  0.53974E-02 -0.30075E-01  0.45415E-01  0.16518E+00  0.21590E+00  0.19314E+00  0.14388E+00  0.98081E-01  0.63969E-01  0.40701E-01  0.25477E-01  0.15748E-01  0.96253E-02  0.57940E-02  0.33327E-02  0.16574E-02
 0.12000E+01  0.32410E-01 -0.49098E-01  0.80122E-03  0.13292E+00  0.20528E+00  0.19482E+00  0.14919E+00  0.10322E+00  0.67902E-01  0.43427E-01  0.27263E-01  0.16873E-01  0.10310E-01  0.61973E-02  0.35573E-02  0.17660E-02
 0.14000E+01  0.46352E-01 -0.58299E-01 -0.24592E-01  0.10990E+00  0.19200E+00  0.18891E+00  0.14698E+00  0.10255E+00  0.67801E-01  0.43504E-01  0.27370E-01  0.16963E-01  0.10374E-01  0.62378E-02  0.35811E-02  0.17780E-02
 0.16000E+01  0.52785E-01 -0.62354E-01 -0.39184E-01  0.92584E-01  0.17786E+00  0.17923E+00  0.14086E+00  0.98797E-01  0.65545E-01  0.42165E-01  0.26586E-01  0.16511E-01  0.10118E-01  0.60979E-02  0.35087E-02  0.17454E-02
 0.18000E+01  0.54591E-01 -0.63425E-01 -0.47108E-01  0.79127E-01  0.16367E+00  0.16761E+00  0.13257E+00  0.93311E-01  0.62064E-01  0.40021E-01  0.25299E-01  0.15757E-01  0.96896E-02  0.58630E-02  0.33879E-02  0.16913E-02
 0.20000E+01  0.53432E-01 -0.62640E-01 -0.50679E-01  0.68412E-01  0.14974E+00  0.15500E+00  0.12307E+00  0.86818E-01  0.57866E-01  0.37406E-01  0.23718E-01  0.14829E-01  0.91631E-02  0.55768E-02  0.32425E-02  0.16271E-02
 0.22000E+01  0.50302E-01 -0.60690E-01 -0.51303E-01  0.59756E-01  0.13630E+00  0.14198E+00  0.11294E+00  0.79774E-01  0.53266E-01  0.34524E-01  0.21973E-01  0.13807E-01  0.85853E-02  0.52653E-02  0.30863E-02  0.15590E-02
 0.24000E+01  0.45920E-01 -0.58032E-01 -0.49975E-01  0.52635E-01  0.12343E+00  0.12892E+00  0.10257E+00  0.72484E-01  0.48477E-01  0.31516E-01  0.20151E-01  0.12741E-01  0.79863E-02  0.49453E-02  0.29279E-02  0.14911E-02
 0.26000E+01  0.40665E-01 -0.54897E-01 -0.47252E-01  0.46687E-01  0.11109E+00  0.11594E+00  0.92104E-01  0.65069E-01  0.43587E-01  0.28440E-01  0.18288E-01  0.11654E-01  0.73785E-02  0.46234E-02  0.27705E-02  0.14245E-02
 0.28000E+01  0.34822E-01 -0.51458E-01 -0.43572E-01  0.41593E-01  0.99180E-01  0.10308E+00  0.81618E-01  0.57600E-01  0.38649E-01  0.25332E-01  0.16408E-01  0.10560E-01  0.67693E-02  0.43033E-02  0.26160E-02  0.13601E-02
 0.30000E+01  0.30352E-01 -0.48854E-01 -0.41752E-01  0.35696E-01  0.87902E-01  0.91525E-01  0.72422E-01  0.51134E-01  0.34396E-01  0.22653E-01  0.14775E-01  0.95962E-02  0.62196E-02  0.40032E-02  0.24629E-02  0.12922E-02
