 0.00000E+00  0.82832E+00  0.28416E+00 -0.88709E-01 -0.21201E+00 -0.15822E+00 -0.49187E-01  0.33676E-01  0.69318E-01  0.71006E-01  0.57802E-01  0.42016E-01  0.28703E-01  0.18854E-01  0.11965E-01  0.72770E-02  0.41735E-02
 0.20000E+00  0.28438E+00  0.45534E+00  0.44371E+00  0.28984E+00  0.98795E-01 -0.43040E-01 -0.10862E+00 -0.11598E+00 -0.95351E-01 -0.68697E-01 -0.46020E-01 -0.29603E-01 -0.18557E-01 -0.11347E-01 -0.67014E-02 -0.37562E-02
 0.40000E+00 -0.64710E-01  0.22450E+00  0.36823E+00  0.34684E+00  0.22833E+00  0.98831E-01  0.87661E-02 -0.34300E-01 -0.45013E-01 -0.40284E-01 -0.31002E-01 -0.22084E-01 -0.14994E-01 -0.97708E-02 -0.60676E-02 -0.35364E-02
 0.60000E+00 -0.57021E-01  0.84669E-01  0.19195E+00  0.23362E+00  0.21498E+00  0.16382E+00  0.10820E+00  0.63924E-01  0.34628E-01  0.17514E-01  0.83377E-02  0.37069E-02  0.14866E-02  0.48708E-03  0.83521E-04 -0.44960E-04
 0.80000E+00 -0.27501E-01  0.25593E-01  0.95882E-01  0.15498E+00  0.18180E+00  0.17389E+00  0.14353E+00  0.10635E+00  0.73066E-01  0.47801E-01  0.30392E-01  0.19015E-01  0.11750E-01  0.71332E-02  0.41977E-02  0.23491E-02
 0.10000E+01 -0.10566E-01  0.74738E-03  0.49130E-01  0.11068E+00  0.15535E+00  0.16774E+00  0.15173E+00  0.12108E+00  0.88561E-01  0.61169E-01  0.40780E-01  0.26591E-01  0.17028E-01  0.10654E-01  0.64272E-02  0.36687E-02
 0.12000E+01 -0.12394E-02 -0.11095E-01  0.23999E-01  0.83933E-01  0.13587E+00  0.15853E+00  0.15106E+00  0.12540E+00  0.94703E-01  0.67196E-01  0.45834E-01  0.30472E-01  0.19833E-01  0.12575E-01  0.76677E-02  0.44134E-02
 0.14000E+01  0.42707E-02 -0.17440E-01  0.88773E-02  0.66138E-01  0.12100E+00  0.14935E+00  0.14742E+00  0.12558E+00  0.96823E-01  0.69894E-01  0.48371E-01  0.32552E-01  0.21401E-01  0.13682E-01  0.83966E-02  0.48573E-02
 0.16000E+01  0.77226E-02 -0.21089E-01 -0.96876E-03  0.53428E-01  0.10920E+00  0.14087E+00  0.14275E+00  0.12393E+00  0.97006E-01  0.70906E-01  0.49587E-01  0.33662E-01  0.22290E-01  0.14332E-01  0.88362E-02  0.51295E-02
 0.18000E+01  0.99644E-02 -0.23259E-01 -0.77234E-02  0.43895E-01  0.99557E-01  0.13319E+00  0.13782E+00  0.12144E+00  0.96174E-01  0.70981E-01  0.50041E-01  0.34199E-01  0.22770E-01  0.14706E-01  0.90979E-02  0.52955E-02
 0.20000E+01  0.11445E-01 -0.24553E-01 -0.12526E-01  0.36489E-01  0.91484E-01  0.12625E+00  0.13291E+00  0.11854E+00  0.94781E-01  0.70503E-01  0.50030E-01  0.34376E-01  0.22989E-01  0.14900E-01  0.92432E-02  0.53915E-02
 0.22000E+01  0.12420E-01 -0.25300E-01 -0.16021E-01  0.30591E-01  0.84616E-01  0.11998E+00  0.12817E+00  0.11549E+00  0.93075E-01  0.69688E-01  0.49720E-01  0.34316E-01  0.23033E-01  0.14971E-01  0.93090E-02  0.54393E-02
 0.24000E+01  0.13055E-01 -0.25692E-01 -0.18608E-01  0.25797E-01  0.78694E-01  0.11430E+00  0.12366E+00  0.11240E+00  0.91209E-01  0.68672E-01  0.49222E-01  0.34101E-01  0.22959E-01  0.14960E-01  0.93200E-02  0.54537E-02
 0.26000E+01  0.13457E-01 -0.25849E-01 -0.20555E-01  0.21823E-01  0.73514E-01  0.10913E+00  0.11939E+00  0.10936E+00  0.89269E-01  0.67539E-01  0.48604E-01  0.33784E-01  0.22807E-01  0.14893E-01  0.92931E-02  0.54449E-02
 0.28000E+01  0.13691E-01 -0.25849E-01 -0.22039E-01  0.18468E-01  0.68921E-01  0.10438E+00  0.11536E+00  0.10639E+00  0.87306E-01  0.66339E-01  0.47910E-01  0.33400E-01  0.22600E-01  0.14786E-01  0.92400E-02  0.54198E-02
 0.30000E+01  0.13813E-01 -0.25630E-01 -0.23337E-01  0.14977E-01  0.63810E-01  0.98869E-01  0.11050E+00  0.10269E+00  0.84772E-01  0.64724E-01  0.46929E-01  0.32822E-01  0.22268E-01  0.14599E-01  0.91381E-02  0.53667E-02
 0.00000E+00  0.82832E+00  0.28416E+00 -0.88709E-01 -0.21201E+00 -0.15822E+00 -0.49187E-01  0.33676E-01  0.69318E-01  0.71006E-01  0.57802E-01  0.42016E-01  0.28703E-01  0.18854E-01  0.11965E-01  0.72770E-02  0.41735E-02
 0.20000E+00  0.28438E+00  0.45534E+00  0.44371E+00  0.28984E+00  0.98795E-01 -0.43040E-01 -0.10862E+00 -0.11598E+00 -0.95351E-01 -0.68697E-01 -0.46020E-01 -0.29603E-01 -0.18557E-01 -0.11347E-01 -0.67014E-02 -0.37562E-02
 0.40000E+00 -0.64710E-01  0.22450E+00  0.36823E+00  0.34684E+00  0.22833E+00  0.98831E-01  0.87661E-02 -0.34300E-01 -0.45013E-01 -0.40284E-01 -0.31002E-01 -0.22084E-01 -0.14994E-01 -0.97708E-02 -0.60676E-02 -0.35364E-02
 0.60000E+00 -0.57021E-01  0.84669E-01  0.19195E+00  0.23362E+00  0.21498E+00  0.16382E+00  0.10820E+00  0.63924E-01  0.34628E-01  0.17514E-01  0.83377E-02  0.37069E-02  0.14866E-02  0.48708E-03  0.83521E-04 -0.44960E-04
 0.80000E+00 -0.27501E-01  0.25593E-01  0.95882E-01  0.15498E+00  0.18180E+00  0.17389E+00  0.14353E+00  0.10635E+00  0.73066E-01  0.47801E-01  0.30392E-01  0.19015E-01  0.11750E-01  0.71332E-02  0.41977E-02  0.23491E-02
 0.10000E+01 -0.10566E-01  0.74738E-03  0.49130E-01  0.11068E+00  0.15535E+00  0.16774E+00  0.15173E+00  0.12108E+00  0.88561E-01  0.61169E-01  0.40780E-01  0.26591E-01  0.17028E-01  0.10654E-01  0.64272E-02  0.36687E-02
 0.12000E+01 -0.12394E-02 -0.11095E-01  0.23999E-01  0.83933E-01  0.13587E+00  0.15853E+00  0.15106E+00  0.12540E+00  0.94703E-01  0.67196E-01  0.45834E-01  0.30472E-01  0.19833E-01  0.12575E-01  0.76677E-02  0.44134E-02
 0.14000E+01  0.42707E-02 -0.17440E-01  0.88773E-02  0.66138E-01  0.12100E+00  0.14935E+00  0.14742E+00  0.12558E+00  0.96823E-01  0.69894E-01  0.48371E-01  0.32552E-01  0.21401E-01  0.13682E-01  0.83966E-02  0.48573E-02
 0.16000E+01  0.77226E-02 -0.21089E-01 -0.96876E-03  0.53428E-01  0.10920E+00  0.14087E+00  0.14275E+00  0.12393E+00  0.97006E-01  0.70906E-01  0.49587E-01  0.33662E-01  0.22290E-01  0.14332E-01  0.88362E-02  0.51295E-02
 0.18000E+01  0.99644E-02 -0.23259E-01 -0.77234E-02  0.43895E-01  0.99557E-01  0.13319E+00  0.13782E+00  0.12144E+00  0.96174E-01  0.70981E-01  0.50041E-01  0.34199E-01  0.22770E-01  0.14706E-01  0.90979E-02  0.52955E-02
 0.20000E+01  0.11445E-01 -0.24553E-01 -0.12526E-01  0.36489E-01  0.91484E-01  0.12625E+00  0.13291E+00  0.11854E+00  0.94781E-01  0.70503E-01  0.50030E-01  0.34376E-01  0.22989E-01  0.14900E-01  0.92432E-02  0.53915E-02
 0.22000E+01  0.12420E-01 -0.25300E-01 -0.16021E-01  0.30591E-01  0.84616E-01  0.11998E+00  0.12817E+00  0.11549E+00  0.93075E-01  0.69688E-01  0.49720E-01  0.34316E-01  0.23033E-01  0.14971E-01  0.93090E-02  0.54393E-02
 0.24000E+01  0.13055E-01 -0.25692E-01 -0.18608E-01  0.25797E-01  0.78694E-01  0.11430E+00  0.12366E+00  0.11240E+00  0.91209E-01  0.68672E-01  0.49222E-01  0.34101E-01  0.22959E-01  0.14960E-01  0.93200E-02  0.54537E-02
 0.26000E+01  0.13457E-01 -0.25849E-01 -0.20555E-01  0.21823E-01  0.73514E-01  0.10913E+00  0.11939E+00  0.10936E+00  0.89269E-01  0.67539E-01  0.48604E-01  0.33784E-01  0.22807E-01  0.14893E-01  0.92931E-02  0.54449E-02
 0.28000E+01  0.13691E-01 -0.25849E-01 -0.22039E-01  0.18468E-01  0.68921E-01  0.10438E+00  0.11536E+00  0.10639E+00  0.87306E-01  0.66339E-01  0.47910E-01  0.33400E-01  0.22600E-01  0.14786E-01  0.92400E-02  0.54198E-02
 0.30000E+01  0.13813E-01 -0.25630E-01 -0.23337E-01  0.14977E-01  0.63810E-01  0.98869E-01  0.11050E+00  0.10269E+00  0.84772E-01  0.64724E-01  0.46929E-01  0.32822E-01  0.22268E-01  0.14599E-01  0.91381E-02  0.53667E-02
