 0.00000E+00  0.76866E+00  0.28723E+00 -0.11886E+00 -0.14802E+00 -0.35636E-01  0.32024E-01  0.45125E-01  0.36492E-01  0.24558E-01  0.15015E-01  0.85644E-02  0.45583E-02  0.22143E-02  0.92250E-03  0.28137E-03  0.35716E-04
 0.20000E+00  0.36544E+00  0.49921E+00  0.37142E+00  0.13151E+00 -0.22678E-01 -0.68850E-01 -0.63077E-01 -0.44914E-01 -0.28733E-01 -0.17313E-01 -0.99873E-02 -0.55301E-02 -0.29192E-02 -0.14425E-02 -0.64357E-03 -0.24296E-03
 0.40000E+00 -0.13591E+00  0.27449E+00  0.45596E+00  0.31261E+00  0.11643E+00  0.11043E-01 -0.21323E-01 -0.23326E-01 -0.17322E-01 -0.11064E-01 -0.64213E-02 -0.34053E-02 -0.16010E-02 -0.60302E-03 -0.12352E-03  0.32262E-04
 0.60000E+00 -0.10916E+00  0.94072E-01  0.26604E+00  0.28345E+00  0.21034E+00  0.13195E+00  0.77087E-01  0.43771E-01  0.24515E-01  0.13585E-01  0.74371E-02  0.40041E-02  0.21042E-02  0.10635E-02  0.50000E-03  0.20293E-03
 0.80000E+00 -0.28954E-01 -0.25378E-02  0.11619E+00  0.22426E+00  0.24078E+00  0.19276E+00  0.13178E+00  0.82612E-01  0.49135E-01  0.28098E-01  0.15472E-01  0.81415E-02  0.40156E-02  0.17786E-02  0.64831E-03  0.16673E-03
 0.10000E+01  0.20367E-01 -0.46681E-01  0.31697E-01  0.17502E+00  0.23595E+00  0.20808E+00  0.14938E+00  0.96187E-01  0.58070E-01  0.33447E-01  0.18429E-01  0.96312E-02  0.46610E-02  0.19749E-02  0.64365E-03  0.11510E-03
 0.12000E+01  0.43297E-01 -0.64428E-01 -0.11932E-01  0.13777E+00  0.21602E+00  0.20031E+00  0.14724E+00  0.96083E-01  0.58510E-01  0.33913E-01  0.18781E-01  0.98621E-02  0.47990E-02  0.20508E-02  0.68185E-03  0.13182E-03
 0.14000E+01  0.50492E-01 -0.69041E-01 -0.32666E-01  0.10934E+00  0.19032E+00  0.18177E+00  0.13548E+00  0.89220E-01  0.54766E-01  0.32024E-01  0.17939E-01  0.95787E-02  0.47924E-02  0.21615E-02  0.81439E-03  0.22671E-03
 0.16000E+01  0.48697E-01 -0.66838E-01 -0.40363E-01  0.87060E-01  0.16284E+00  0.15833E+00  0.11909E+00  0.79050E-01  0.48991E-01  0.29029E-01  0.16579E-01  0.91184E-02  0.47877E-02  0.23529E-02  0.10423E-02  0.38967E-03
 0.18000E+01  0.41872E-01 -0.61117E-01 -0.40545E-01  0.69194E-01  0.13558E+00  0.13315E+00  0.10079E+00  0.67457E-01  0.42345E-01  0.25583E-01  0.15037E-01  0.86294E-02  0.48310E-02  0.26212E-02  0.13440E-02  0.60178E-03
 0.20000E+01  0.32223E-01 -0.53558E-01 -0.36261E-01  0.54539E-01  0.10928E+00  0.10767E+00  0.81870E-01  0.55360E-01  0.35396E-01  0.22002E-01  0.13471E-01  0.81766E-02  0.49369E-02  0.29571E-02  0.17032E-02  0.85040E-03
 0.22000E+01  0.20957E-01 -0.45065E-01 -0.29237E-01  0.42308E-01  0.84220E-01  0.82571E-01  0.62981E-01  0.43216E-01  0.28425E-01  0.18440E-01  0.11951E-01  0.77846E-02  0.51057E-02  0.33499E-02  0.21070E-02  0.11263E-02
 0.24000E+01  0.91198E-02 -0.36318E-01 -0.20804E-01  0.31981E-01  0.60794E-01  0.58580E-01  0.44765E-01  0.31474E-01  0.21699E-01  0.15033E-01  0.10536E-01  0.74648E-02  0.53259E-02  0.37795E-02  0.25357E-02  0.14161E-02
 0.26000E+01 -0.29728E-02 -0.27543E-01 -0.11539E-01  0.23073E-01  0.38760E-01  0.35623E-01  0.27219E-01  0.20145E-01  0.15226E-01  0.11785E-01  0.92220E-02  0.72117E-02  0.55908E-02  0.42394E-02  0.29842E-02  0.17167E-02
 0.28000E+01 -0.15121E-01 -0.18902E-01 -0.18413E-02  0.15246E-01  0.17953E-01  0.13654E-01  0.10348E-01  0.92420E-02  0.90162E-02  0.86972E-02  0.80068E-02  0.70198E-02  0.58942E-02  0.47236E-02  0.34474E-02  0.20251E-02
 0.30000E+01 -0.24812E-01 -0.12023E-01  0.49782E-02  0.71530E-02 -0.64108E-03 -0.54414E-02 -0.41531E-02 -0.86109E-04  0.37014E-02  0.60368E-02  0.69347E-02  0.68169E-02  0.61148E-02  0.51029E-02  0.38164E-02  0.22723E-02
