 0.00000E+00  0.73902E+00  0.30808E+00 -0.79250E-01 -0.13594E+00 -0.55183E-01 -0.40999E-04  0.14799E-01  0.12773E-01  0.75051E-02  0.32578E-02  0.63707E-03 -0.72371E-03 -0.12858E-02 -0.13768E-02 -0.11576E-02 -0.72760E-03
 0.20000E+00  0.37981E+00  0.48361E+00  0.34700E+00  0.12550E+00 -0.93239E-02 -0.48084E-01 -0.43280E-01 -0.28909E-01 -0.16656E-01 -0.84968E-02 -0.36671E-02 -0.10465E-02  0.24136E-03  0.75802E-03  0.80241E-03  0.55061E-03
 0.40000E+00 -0.96614E-01  0.25223E+00  0.41065E+00  0.29899E+00  0.13837E+00  0.46084E-01  0.10787E-01  0.78414E-03 -0.84955E-03 -0.37820E-03  0.29277E-03  0.72371E-03  0.90055E-03  0.88907E-03  0.72683E-03  0.45108E-03
 0.60000E+00 -0.10125E+00  0.94682E-01  0.26323E+00  0.28360E+00  0.21354E+00  0.13507E+00  0.78260E-01  0.42900E-01  0.22328E-01  0.10867E-01  0.47303E-02  0.15980E-02  0.10728E-03 -0.50370E-03 -0.62004E-03 -0.44483E-03
 0.80000E+00 -0.54432E-01  0.15455E-01  0.14999E+00  0.23551E+00  0.22626E+00  0.16735E+00  0.10649E+00  0.61547E-01  0.32885E-01  0.16065E-01  0.67883E-02  0.19834E-02 -0.29949E-03 -0.11967E-02 -0.12873E-02 -0.88801E-03
 0.10000E+01 -0.24855E-01 -0.19618E-01  0.84947E-01  0.19088E+00  0.21012E+00  0.16610E+00  0.10956E+00  0.64731E-01  0.35167E-01  0.17469E-01  0.75639E-02  0.23621E-02 -0.15115E-03 -0.11694E-02 -0.13095E-02 -0.91463E-03
 0.12000E+01 -0.11915E-01 -0.33232E-01  0.48680E-01  0.15215E+00  0.18135E+00  0.14852E+00  0.10013E+00  0.60320E-01  0.33559E-01  0.17286E-01  0.80142E-02  0.30250E-02  0.51881E-03 -0.58631E-03 -0.86712E-03 -0.64992E-03
 0.14000E+01 -0.89753E-02 -0.36231E-01  0.28357E-01  0.11838E+00  0.14785E+00  0.12379E+00  0.85070E-01  0.52506E-01  0.30268E-01  0.16488E-01  0.84279E-02  0.39199E-02  0.15141E-02  0.32058E-03 -0.16150E-03 -0.22227E-03
 0.16000E+01 -0.11551E-01 -0.33913E-01  0.17055E-01  0.88788E-01  0.11362E+00  0.96688E-01  0.67947E-01  0.43413E-01  0.26355E-01  0.15486E-01  0.88631E-02  0.49388E-02  0.26657E-02  0.13780E-02  0.66476E-03  0.27956E-03
 0.18000E+01 -0.17189E-01 -0.28736E-01  0.11253E-01  0.62695E-01  0.80289E-01  0.69290E-01  0.50332E-01  0.33967E-01  0.22262E-01  0.14428E-01  0.93122E-02  0.60041E-02  0.38737E-02  0.24894E-02  0.15342E-02  0.80789E-03
 0.20000E+01 -0.24414E-01 -0.22098E-01  0.89569E-02  0.39792E-01  0.48925E-01  0.42883E-01  0.33166E-01  0.24703E-01  0.18226E-01  0.13372E-01  0.97424E-02  0.70453E-02  0.50590E-02  0.35820E-02  0.23898E-02  0.13281E-02
 0.22000E+01 -0.32572E-01 -0.14631E-01  0.90955E-02  0.19585E-01  0.19610E-01  0.17754E-01  0.16703E-01  0.15787E-01  0.14336E-01  0.12357E-01  0.10164E-01  0.80583E-02  0.62115E-02  0.46444E-02  0.32218E-02  0.18340E-02
 0.24000E+01 -0.41279E-01 -0.67229E-02  0.10973E-01  0.16760E-02 -0.77021E-02 -0.59995E-02  0.10539E-02  0.72959E-02  0.10639E-01  0.11407E-01  0.10587E-01  0.90456E-02  0.73300E-02  0.56738E-02  0.40275E-02  0.23238E-02
 0.26000E+01 -0.50260E-01  0.13532E-02  0.14054E-01 -0.14302E-01 -0.33138E-01 -0.28373E-01 -0.13738E-01 -0.72486E-03  0.71692E-02  0.10547E-01  0.11029E-01  0.10018E-01  0.84216E-02  0.66748E-02  0.48096E-02  0.27988E-02
 0.28000E+01 -0.59492E-01  0.96004E-02  0.18131E-01 -0.28766E-01 -0.57143E-01 -0.49709E-01 -0.27892E-01 -0.83933E-02  0.38733E-02  0.97602E-02  0.11491E-01  0.10986E-01  0.94984E-02  0.76589E-02  0.55772E-02  0.32646E-02
 0.30000E+01 -0.65698E-01  0.15039E-01  0.19024E-01 -0.42081E-01 -0.77080E-01 -0.66945E-01 -0.39197E-01 -0.14488E-01  0.12567E-02  0.91296E-02  0.11847E-01  0.11741E-01  0.10340E-01  0.84279E-02  0.61770E-02  0.36286E-02
