 0.00000E+00  0.60399E+00  0.34912E+00  0.10407E+00 -0.56373E-01 -0.11826E+00 -0.11264E+00 -0.80065E-01 -0.47381E-01 -0.24531E-01 -0.11419E-01 -0.48184E-02 -0.17985E-02 -0.52831E-03 -0.50662E-04  0.89770E-04  0.99933E-04
 0.20000E+00  0.45223E+00  0.39034E+00  0.28309E+00  0.16845E+00  0.76520E-01  0.18725E-01 -0.91947E-02 -0.17964E-01 -0.17412E-01 -0.13719E-01 -0.98017E-02 -0.66368E-02 -0.43374E-02 -0.27428E-02 -0.16633E-02 -0.95168E-03
 0.40000E+00  0.71628E-01  0.18969E+00  0.25549E+00  0.25385E+00  0.20359E+00  0.13714E+00  0.79395E-01  0.40004E-01  0.17507E-01  0.63884E-02  0.15730E-02 -0.21161E-03 -0.69569E-03 -0.68343E-03 -0.51826E-03 -0.33857E-03
 0.60000E+00 -0.44913E-01  0.89929E-01  0.19049E+00  0.22874E+00  0.21081E+00  0.16290E+00  0.11080E+00  0.68843E-01  0.40374E-01  0.22987E-01  0.12978E-01  0.73534E-02  0.41893E-02  0.23820E-02  0.13310E-02  0.71560E-03
 0.80000E+00 -0.64751E-01  0.44356E-01  0.13597E+00  0.18300E+00  0.18354E+00  0.15391E+00  0.11412E+00  0.77740E-01  0.50153E-01  0.31377E-01  0.19350E-01  0.11862E-01  0.72302E-02  0.43492E-02  0.25436E-02  0.14174E-02
 0.10000E+01 -0.60700E-01  0.22976E-01  0.99660E-01  0.14582E+00  0.15546E+00  0.13790E+00  0.10795E+00  0.77442E-01  0.52396E-01  0.34174E-01  0.21820E-01  0.13756E-01  0.85721E-02  0.52453E-02  0.31080E-02  0.17490E-02
 0.12000E+01 -0.53096E-01  0.11975E-01  0.76118E-01  0.11910E+00  0.13303E+00  0.12286E+00  0.99738E-01  0.73908E-01  0.51417E-01  0.34315E-01  0.22316E-01  0.14271E-01  0.89912E-02  0.55478E-02  0.33079E-02  0.18703E-02
 0.14000E+01 -0.46207E-01  0.57377E-02  0.60277E-01  0.99843E-01  0.11573E+00  0.11017E+00  0.91776E-01  0.69518E-01  0.49249E-01  0.33350E-01  0.21936E-01  0.14150E-01  0.89742E-02  0.55650E-02  0.33306E-02  0.18883E-02
 0.16000E+01 -0.40605E-01  0.19044E-02  0.49106E-01  0.85533E-01  0.10221E+00  0.99627E-01  0.84621E-01  0.65126E-01  0.46732E-01  0.31966E-01  0.21189E-01  0.13749E-01  0.87588E-02  0.54498E-02  0.32698E-02  0.18573E-02
 0.18000E+01 -0.36130E-01 -0.60457E-03  0.40884E-01  0.74545E-01  0.91408E-01  0.90825E-01  0.78325E-01  0.61016E-01  0.44204E-01  0.30462E-01  0.20307E-01  0.13234E-01  0.84579E-02  0.52755E-02  0.31711E-02  0.18037E-02
 0.20000E+01 -0.32533E-01 -0.23289E-02  0.34610E-01  0.65859E-01  0.82590E-01  0.83386E-01  0.72801E-01  0.57261E-01  0.41795E-01  0.28968E-01  0.19396E-01  0.12682E-01  0.81255E-02  0.50777E-02  0.30566E-02  0.17404E-02
 0.22000E+01 -0.29608E-01 -0.35588E-02  0.29686E-01  0.58827E-01  0.75255E-01  0.77025E-01  0.67940E-01  0.53860E-01  0.39551E-01  0.27540E-01  0.18504E-01  0.12131E-01  0.77880E-02  0.48742E-02  0.29374E-02  0.16739E-02
 0.24000E+01 -0.27191E-01 -0.44647E-02  0.25719E-01  0.53008E-01  0.69044E-01  0.71518E-01  0.63636E-01  0.50784E-01  0.37481E-01  0.26198E-01  0.17653E-01  0.11598E-01  0.74585E-02  0.46738E-02  0.28192E-02  0.16077E-02
 0.26000E+01 -0.25159E-01 -0.51511E-02  0.22446E-01  0.48090E-01  0.63691E-01  0.66680E-01  0.59788E-01  0.47986E-01  0.35569E-01  0.24943E-01  0.16849E-01  0.11090E-01  0.71417E-02  0.44800E-02  0.27045E-02  0.15432E-02
 0.28000E+01 -0.23425E-01 -0.56836E-02  0.19689E-01  0.43856E-01  0.58997E-01  0.62368E-01  0.56305E-01  0.45419E-01  0.33793E-01  0.23764E-01  0.16087E-01  0.10606E-01  0.68381E-02  0.42935E-02  0.25937E-02  0.14807E-02
 0.30000E+01 -0.21549E-01 -0.61640E-02  0.16809E-01  0.39300E-01  0.53840E-01  0.57543E-01  0.52343E-01  0.42456E-01  0.31718E-01  0.22373E-01  0.15180E-01  0.10025E-01  0.64722E-02  0.40678E-02  0.24592E-02  0.14047E-02
 0.00000E+00  0.60399E+00  0.34912E+00  0.10407E+00 -0.56373E-01 -0.11826E+00 -0.11264E+00 -0.80065E-01 -0.47381E-01 -0.24531E-01 -0.11419E-01 -0.48184E-02 -0.17985E-02 -0.52831E-03 -0.50662E-04  0.89770E-04  0.99933E-04
 0.20000E+00  0.45223E+00  0.39034E+00  0.28309E+00  0.16845E+00  0.76520E-01  0.18725E-01 -0.91947E-02 -0.17964E-01 -0.17412E-01 -0.13719E-01 -0.98017E-02 -0.66368E-02 -0.43374E-02 -0.27428E-02 -0.16633E-02 -0.95168E-03
 0.40000E+00  0.71628E-01  0.18969E+00  0.25549E+00  0.25385E+00  0.20359E+00  0.13714E+00  0.79395E-01  0.40004E-01  0.17507E-01  0.63884E-02  0.15730E-02 -0.21161E-03 -0.69569E-03 -0.68343E-03 -0.51826E-03 -0.33857E-03
 0.60000E+00 -0.44913E-01  0.89929E-01  0.19049E+00  0.22874E+00  0.21081E+00  0.16290E+00  0.11080E+00  0.68843E-01  0.40374E-01  0.22987E-01  0.12978E-01  0.73534E-02  0.41893E-02  0.23820E-02  0.13310E-02  0.71560E-03
 0.80000E+00 -0.64751E-01  0.44356E-01  0.13597E+00  0.18300E+00  0.18354E+00  0.15391E+00  0.11412E+00  0.77740E-01  0.50153E-01  0.31377E-01  0.19350E-01  0.11862E-01  0.72302E-02  0.43492E-02  0.25436E-02  0.14174E-02
 0.10000E+01 -0.60700E-01  0.22976E-01  0.99660E-01  0.14582E+00  0.15546E+00  0.13790E+00  0.10795E+00  0.77442E-01  0.52396E-01  0.34174E-01  0.21820E-01  0.13756E-01  0.85721E-02  0.52453E-02  0.31080E-02  0.17490E-02
 0.12000E+01 -0.53096E-01  0.11975E-01  0.76118E-01  0.11910E+00  0.13303E+00  0.12286E+00  0.99738E-01  0.73908E-01  0.51417E-01  0.34315E-01  0.22316E-01  0.14271E-01  0.89912E-02  0.55478E-02  0.33079E-02  0.18703E-02
 0.14000E+01 -0.46207E-01  0.57377E-02  0.60277E-01  0.99843E-01  0.11573E+00  0.11017E+00  0.91776E-01  0.69518E-01  0.49249E-01  0.33350E-01  0.21936E-01  0.14150E-01  0.89742E-02  0.55650E-02  0.33306E-02  0.18883E-02
 0.16000E+01 -0.40605E-01  0.19044E-02  0.49106E-01  0.85533E-01  0.10221E+00  0.99627E-01  0.84621E-01  0.65126E-01  0.46732E-01  0.31966E-01  0.21189E-01  0.13749E-01  0.87588E-02  0.54498E-02  0.32698E-02  0.18573E-02
 0.18000E+01 -0.36130E-01 -0.60457E-03  0.40884E-01  0.74545E-01  0.91408E-01  0.90825E-01  0.78325E-01  0.61016E-01  0.44204E-01  0.30462E-01  0.20307E-01  0.13234E-01  0.84579E-02  0.52755E-02  0.31711E-02  0.18037E-02
 0.20000E+01 -0.32533E-01 -0.23289E-02  0.34610E-01  0.65859E-01  0.82590E-01  0.83386E-01  0.72801E-01  0.57261E-01  0.41795E-01  0.28968E-01  0.19396E-01  0.12682E-01  0.81255E-02  0.50777E-02  0.30566E-02  0.17404E-02
 0.22000E+01 -0.29608E-01 -0.35588E-02  0.29686E-01  0.58827E-01  0.75255E-01  0.77025E-01  0.67940E-01  0.53860E-01  0.39551E-01  0.27540E-01  0.18504E-01  0.12131E-01  0.77880E-02  0.48742E-02  0.29374E-02  0.16739E-02
 0.24000E+01 -0.27191E-01 -0.44647E-02  0.25719E-01  0.53008E-01  0.69044E-01  0.71518E-01  0.63636E-01  0.50784E-01  0.37481E-01  0.26198E-01  0.17653E-01  0.11598E-01  0.74585E-02  0.46738E-02  0.28192E-02  0.16077E-02
 0.26000E+01 -0.25159E-01 -0.51511E-02  0.22446E-01  0.48090E-01  0.63691E-01  0.66680E-01  0.59788E-01  0.47986E-01  0.35569E-01  0.24943E-01  0.16849E-01  0.11090E-01  0.71417E-02  0.44800E-02  0.27045E-02  0.15432E-02
 0.28000E+01 -0.23425E-01 -0.56836E-02  0.19689E-01  0.43856E-01  0.58997E-01  0.62368E-01  0.56305E-01  0.45419E-01  0.33793E-01  0.23764E-01  0.16087E-01  0.10606E-01  0.68381E-02  0.42935E-02  0.25937E-02  0.14807E-02
 0.30000E+01 -0.21549E-01 -0.61640E-02  0.16809E-01  0.39300E-01  0.53840E-01  0.57543E-01  0.52343E-01  0.42456E-01  0.31718E-01  0.22373E-01  0.15180E-01  0.10025E-01  0.64722E-02  0.40678E-02  0.24592E-02  0.14047E-02
