 0.00000E+00  0.75573E+00  0.37807E+00  0.54228E-01 -0.12485E+00 -0.16337E+00 -0.12177E+00 -0.61060E-01 -0.14476E-01  0.10624E-01  0.19473E-01  0.19487E-01  0.15994E-01  0.11813E-01  0.81005E-02  0.51881E-02  0.30807E-02
 0.20000E+00  0.29712E+00  0.34369E+00  0.31680E+00  0.23288E+00  0.13049E+00  0.44256E-01 -0.10225E-01 -0.34923E-01 -0.39860E-01 -0.35052E-01 -0.27168E-01 -0.19537E-01 -0.13335E-01 -0.86946E-02 -0.53857E-02 -0.31267E-02
 0.40000E+00  0.32234E-01  0.18443E+00  0.26798E+00  0.26535E+00  0.20308E+00  0.12340E+00  0.57104E-01  0.15038E-01 -0.57660E-02 -0.12957E-01 -0.13283E-01 -0.10970E-01 -0.81217E-02 -0.55774E-02 -0.35762E-02 -0.21255E-02
 0.60000E+00 -0.30111E-01  0.11259E+00  0.20883E+00  0.23463E+00  0.20340E+00  0.14652E+00  0.90979E-01  0.49705E-01  0.24056E-01  0.10138E-01  0.34169E-02  0.54672E-03 -0.46879E-03 -0.67543E-03 -0.57600E-03 -0.39799E-03
 0.80000E+00 -0.48639E-01  0.63138E-01  0.15170E+00  0.19270E+00  0.18766E+00  0.15473E+00  0.11367E+00  0.77079E-01  0.49582E-01  0.30894E-01  0.18924E-01  0.11493E-01  0.69304E-02  0.41247E-02  0.23897E-02  0.13215E-02
 0.10000E+01 -0.47333E-01  0.27023E-01  0.99437E-01  0.14808E+00  0.16450E+00  0.15384E+00  0.12784E+00  0.97599E-01  0.70117E-01  0.48256E-01  0.32228E-01  0.21053E-01  0.13479E-01  0.84159E-02  0.50609E-02  0.28789E-02
 0.12000E+01 -0.37923E-01  0.33042E-02  0.58542E-01  0.10946E+00  0.14066E+00  0.14714E+00  0.13375E+00  0.10974E+00  0.83494E-01  0.60112E-01  0.41581E-01  0.27912E-01  0.18248E-01  0.11575E-01  0.70439E-02  0.40422E-02
 0.14000E+01 -0.27739E-01 -0.11007E-01  0.29988E-01  0.80191E-01  0.12016E+00  0.13806E+00  0.13380E+00  0.11493E+00  0.90426E-01  0.66749E-01  0.47050E-01  0.32037E-01  0.21174E-01  0.13543E-01  0.82922E-02  0.47802E-02
 0.16000E+01 -0.19414E-01 -0.19349E-01  0.10988E-01  0.59208E-01  0.10379E+00  0.12875E+00  0.13066E+00  0.11572E+00  0.93019E-01  0.69743E-01  0.49736E-01  0.34168E-01  0.22736E-01  0.14618E-01  0.89853E-02  0.51949E-02
 0.18000E+01 -0.13200E-01 -0.24182E-01 -0.15895E-02  0.44261E-01  0.90954E-01  0.12010E+00  0.12611E+00  0.11412E+00  0.93086E-01  0.70537E-01  0.50703E-01  0.35045E-01  0.23430E-01  0.15118E-01  0.93187E-02  0.53987E-02
 0.20000E+01 -0.86722E-02 -0.26969E-01 -0.10027E-01  0.33443E-01  0.80810E-01  0.11235E+00  0.12108E+00  0.11131E+00  0.91774E-01  0.70080E-01  0.50667E-01  0.35177E-01  0.23600E-01  0.15269E-01  0.94315E-02  0.54726E-02
 0.22000E+01 -0.53803E-02 -0.28540E-01 -0.15782E-01  0.25437E-01  0.72652E-01  0.10547E+00  0.11602E+00  0.10796E+00  0.89738E-01  0.68927E-01  0.50055E-01  0.34872E-01  0.23459E-01  0.15210E-01  0.94103E-02  0.54670E-02
 0.24000E+01 -0.29630E-02 -0.29375E-01 -0.19781E-01  0.19358E-01  0.65953E-01  0.99352E-01  0.11113E+00  0.10441E+00  0.87345E-01  0.67401E-01  0.49119E-01  0.34315E-01  0.23135E-01  0.15026E-01  0.93086E-02  0.54133E-02
 0.26000E+01 -0.11623E-02 -0.29748E-01 -0.22602E-01  0.14622E-01  0.60329E-01  0.93867E-01  0.10646E+00  0.10082E+00  0.84789E-01  0.65677E-01  0.48003E-01  0.33612E-01  0.22702E-01  0.14766E-01  0.91578E-02  0.53301E-02
 0.28000E+01  0.18884E-03 -0.29817E-01 -0.24598E-01  0.10861E-01  0.55522E-01  0.88902E-01  0.10203E+00  0.97279E-01  0.82169E-01  0.63851E-01  0.46783E-01  0.32821E-01  0.22203E-01  0.14459E-01  0.89759E-02  0.52280E-02
 0.30000E+01  0.14496E-02 -0.29533E-01 -0.26180E-01  0.72107E-02  0.50374E-01  0.83226E-01  0.96716E-01  0.92854E-01  0.78790E-01  0.61430E-01  0.45124E-01  0.31722E-01  0.21495E-01  0.14016E-01  0.87096E-02  0.50768E-02
 0.00000E+00  0.75573E+00  0.37807E+00  0.54228E-01 -0.12485E+00 -0.16337E+00 -0.12177E+00 -0.61060E-01 -0.14476E-01  0.10624E-01  0.19473E-01  0.19487E-01  0.15994E-01  0.11813E-01  0.81005E-02  0.51881E-02  0.30807E-02
 0.20000E+00  0.29712E+00  0.34369E+00  0.31680E+00  0.23288E+00  0.13049E+00  0.44256E-01 -0.10225E-01 -0.34923E-01 -0.39860E-01 -0.35052E-01 -0.27168E-01 -0.19537E-01 -0.13335E-01 -0.86946E-02 -0.53857E-02 -0.31267E-02
 0.40000E+00  0.32234E-01  0.18443E+00  0.26798E+00  0.26535E+00  0.20308E+00  0.12340E+00  0.57104E-01  0.15038E-01 -0.57660E-02 -0.12957E-01 -0.13283E-01 -0.10970E-01 -0.81217E-02 -0.55774E-02 -0.35762E-02 -0.21255E-02
 0.60000E+00 -0.30111E-01  0.11259E+00  0.20883E+00  0.23463E+00  0.20340E+00  0.14652E+00  0.90979E-01  0.49705E-01  0.24056E-01  0.10138E-01  0.34169E-02  0.54672E-03 -0.46879E-03 -0.67543E-03 -0.57600E-03 -0.39799E-03
 0.80000E+00 -0.48639E-01  0.63138E-01  0.15170E+00  0.19270E+00  0.18766E+00  0.15473E+00  0.11367E+00  0.77079E-01  0.49582E-01  0.30894E-01  0.18924E-01  0.11493E-01  0.69304E-02  0.41247E-02  0.23897E-02  0.13215E-02
 0.10000E+01 -0.47333E-01  0.27023E-01  0.99437E-01  0.14808E+00  0.16450E+00  0.15384E+00  0.12784E+00  0.97599E-01  0.70117E-01  0.48256E-01  0.32228E-01  0.21053E-01  0.13479E-01  0.84159E-02  0.50609E-02  0.28789E-02
 0.12000E+01 -0.37923E-01  0.33042E-02  0.58542E-01  0.10946E+00  0.14066E+00  0.14714E+00  0.13375E+00  0.10974E+00  0.83494E-01  0.60112E-01  0.41581E-01  0.27912E-01  0.18248E-01  0.11575E-01  0.70439E-02  0.40422E-02
 0.14000E+01 -0.27739E-01 -0.11007E-01  0.29988E-01  0.80191E-01  0.12016E+00  0.13806E+00  0.13380E+00  0.11493E+00  0.90426E-01  0.66749E-01  0.47050E-01  0.32037E-01  0.21174E-01  0.13543E-01  0.82922E-02  0.47802E-02
 0.16000E+01 -0.19414E-01 -0.19349E-01  0.10988E-01  0.59208E-01  0.10379E+00  0.12875E+00  0.13066E+00  0.11572E+00  0.93019E-01  0.69743E-01  0.49736E-01  0.34168E-01  0.22736E-01  0.14618E-01  0.89853E-02  0.51949E-02
 0.18000E+01 -0.13200E-01 -0.24182E-01 -0.15895E-02  0.44261E-01  0.90954E-01  0.12010E+00  0.12611E+00  0.11412E+00  0.93086E-01  0.70537E-01  0.50703E-01  0.35045E-01  0.23430E-01  0.15118E-01  0.93187E-02  0.53987E-02
 0.20000E+01 -0.86722E-02 -0.26969E-01 -0.10027E-01  0.33443E-01  0.80810E-01  0.11235E+00  0.12108E+00  0.11131E+00  0.91774E-01  0.70080E-01  0.50667E-01  0.35177E-01  0.23600E-01  0.15269E-01  0.94315E-02  0.54726E-02
 0.22000E+01 -0.53803E-02 -0.28540E-01 -0.15782E-01  0.25437E-01  0.72652E-01  0.10547E+00  0.11602E+00  0.10796E+00  0.89738E-01  0.68927E-01  0.50055E-01  0.34872E-01  0.23459E-01  0.15210E-01  0.94103E-02  0.54670E-02
 0.24000E+01 -0.29630E-02 -0.29375E-01 -0.19781E-01  0.19358E-01  0.65953E-01  0.99352E-01  0.11113E+00  0.10441E+00  0.87345E-01  0.67401E-01  0.49119E-01  0.34315E-01  0.23135E-01  0.15026E-01  0.93086E-02  0.54133E-02
 0.26000E+01 -0.11623E-02 -0.29748E-01 -0.22602E-01  0.14622E-01  0.60329E-01  0.93867E-01  0.10646E+00  0.10082E+00  0.84789E-01  0.65677E-01  0.48003E-01  0.33612E-01  0.22702E-01  0.14766E-01  0.91578E-02  0.53301E-02
 0.28000E+01  0.18884E-03 -0.29817E-01 -0.24598E-01  0.10861E-01  0.55522E-01  0.88902E-01  0.10203E+00  0.97279E-01  0.82169E-01  0.63851E-01  0.46783E-01  0.32821E-01  0.22203E-01  0.14459E-01  0.89759E-02  0.52280E-02
 0.30000E+01  0.14496E-02 -0.29533E-01 -0.26180E-01  0.72107E-02  0.50374E-01  0.83226E-01  0.96716E-01  0.92854E-01  0.78790E-01  0.61430E-01  0.45124E-01  0.31722E-01  0.21495E-01  0.14016E-01  0.87096E-02  0.50768E-02
