 0.00000E+00  0.75418E+00  0.31756E+00 -0.18596E-01 -0.16632E+00 -0.15742E+00 -0.80167E-01 -0.66841E-02  0.34502E-01  0.46406E-01  0.42178E-01  0.32552E-01  0.23034E-01  0.15453E-01  0.99333E-02  0.60903E-02  0.35115E-02
 0.20000E+00  0.36275E+00  0.41070E+00  0.35564E+00  0.22928E+00  0.91720E-01 -0.98641E-02 -0.61026E-01 -0.72644E-01 -0.63366E-01 -0.47697E-01 -0.33087E-01 -0.21893E-01 -0.14043E-01 -0.87513E-02 -0.52491E-02 -0.29795E-02
 0.40000E+00 -0.26966E-01  0.22128E+00  0.34900E+00  0.33285E+00  0.22658E+00  0.10538E+00  0.17257E-01 -0.27486E-01 -0.40496E-01 -0.37386E-01 -0.29006E-01 -0.20597E-01 -0.13862E-01 -0.89374E-02 -0.54940E-02 -0.31744E-02
 0.60000E+00 -0.80148E-01  0.98070E-01  0.22263E+00  0.26066E+00  0.22724E+00  0.16159E+00  0.97726E-01  0.51529E-01  0.24014E-01  0.98470E-02  0.33664E-02  0.71508E-03 -0.21590E-03 -0.43650E-03 -0.39391E-03 -0.27845E-03
 0.80000E+00 -0.53482E-01  0.32711E-01  0.11836E+00  0.17517E+00  0.19131E+00  0.17350E+00  0.13791E+00  0.99614E-01  0.67291E-01  0.43540E-01  0.27484E-01  0.17119E-01  0.10554E-01  0.64037E-02  0.37709E-02  0.21130E-02
 0.10000E+01 -0.26744E-01  0.25384E-02  0.57998E-01  0.11741E+00  0.15680E+00  0.16538E+00  0.14808E+00  0.11767E+00  0.85817E-01  0.59015E-01  0.39082E-01  0.25272E-01  0.16040E-01  0.99534E-02  0.59626E-02  0.33846E-02
 0.12000E+01 -0.10323E-01 -0.10978E-01  0.25839E-01  0.82602E-01  0.13102E+00  0.15231E+00  0.14536E+00  0.12083E+00  0.91103E-01  0.64246E-01  0.43376E-01  0.28468E-01  0.18277E-01  0.11442E-01  0.69003E-02  0.39366E-02
 0.14000E+01 -0.94163E-03 -0.17188E-01  0.82853E-02  0.61266E-01  0.11248E+00  0.13970E+00  0.13861E+00  0.11826E+00  0.90841E-01  0.64969E-01  0.44340E-01  0.29346E-01  0.18965E-01  0.11932E-01  0.72239E-02  0.41332E-02
 0.16000E+01  0.45130E-02 -0.20122E-01 -0.18587E-02  0.47450E-01  0.98848E-01  0.12878E+00  0.13116E+00  0.11381E+00  0.88493E-01  0.63870E-01  0.43899E-01  0.29216E-01  0.18963E-01  0.11972E-01  0.72666E-02  0.41658E-02
 0.18000E+01  0.78003E-02 -0.21498E-01 -0.80727E-02  0.37961E-01  0.88463E-01  0.11952E+00  0.12406E+00  0.10896E+00  0.85454E-01  0.62080E-01  0.42888E-01  0.28658E-01  0.18660E-01  0.11809E-01  0.71818E-02  0.41231E-02
 0.20000E+01  0.98431E-02 -0.22083E-01 -0.12068E-01  0.31099E-01  0.80261E-01  0.11164E+00  0.11757E+00  0.10422E+00  0.82270E-01  0.60065E-01  0.41658E-01  0.27924E-01  0.18226E-01  0.11557E-01  0.70389E-02  0.40456E-02
 0.22000E+01  0.11133E-01 -0.22239E-01 -0.14726E-01  0.25928E-01  0.73587E-01  0.10484E+00  0.11171E+00  0.99746E-01  0.79151E-01  0.58019E-01  0.40366E-01  0.27125E-01  0.17741E-01  0.11267E-01  0.68703E-02  0.39523E-02
 0.24000E+01  0.11950E-01 -0.22156E-01 -0.16542E-01  0.21894E-01  0.68015E-01  0.98898E-01  0.10641E+00  0.95587E-01  0.76178E-01  0.56024E-01  0.39080E-01  0.26316E-01  0.17241E-01  0.10964E-01  0.66922E-02  0.38528E-02
 0.26000E+01  0.12459E-01 -0.21934E-01 -0.17805E-01  0.18649E-01  0.63253E-01  0.93631E-01  0.10158E+00  0.91721E-01  0.73365E-01  0.54108E-01  0.37829E-01  0.25520E-01  0.16743E-01  0.10659E-01  0.65121E-02  0.37515E-02
 0.28000E+01  0.12754E-01 -0.21626E-01 -0.18685E-01  0.15975E-01  0.59099E-01  0.88888E-01  0.97140E-01  0.88105E-01  0.70699E-01  0.52271E-01  0.36616E-01  0.24741E-01  0.16253E-01  0.10358E-01  0.63327E-02  0.36503E-02
 0.30000E+01  0.12918E-01 -0.21123E-01 -0.19359E-01  0.13243E-01  0.54539E-01  0.83493E-01  0.91971E-01  0.83824E-01  0.67500E-01  0.50042E-01  0.35131E-01  0.23780E-01  0.15643E-01  0.99802E-02  0.61072E-02  0.35227E-02
 0.00000E+00  0.75418E+00  0.31756E+00 -0.18596E-01 -0.16632E+00 -0.15742E+00 -0.80167E-01 -0.66841E-02  0.34502E-01  0.46406E-01  0.42178E-01  0.32552E-01  0.23034E-01  0.15453E-01  0.99333E-02  0.60903E-02  0.35115E-02
 0.20000E+00  0.36275E+00  0.41070E+00  0.35564E+00  0.22928E+00  0.91720E-01 -0.98641E-02 -0.61026E-01 -0.72644E-01 -0.63366E-01 -0.47697E-01 -0.33087E-01 -0.21893E-01 -0.14043E-01 -0.87513E-02 -0.52491E-02 -0.29795E-02
 0.40000E+00 -0.26966E-01  0.22128E+00  0.34900E+00  0.33285E+00  0.22658E+00  0.10538E+00  0.17257E-01 -0.27486E-01 -0.40496E-01 -0.37386E-01 -0.29006E-01 -0.20597E-01 -0.13862E-01 -0.89374E-02 -0.54940E-02 -0.31744E-02
 0.60000E+00 -0.80148E-01  0.98070E-01  0.22263E+00  0.26066E+00  0.22724E+00  0.16159E+00  0.97726E-01  0.51529E-01  0.24014E-01  0.98470E-02  0.33664E-02  0.71508E-03 -0.21590E-03 -0.43650E-03 -0.39391E-03 -0.27845E-03
 0.80000E+00 -0.53482E-01  0.32711E-01  0.11836E+00  0.17517E+00  0.19131E+00  0.17350E+00  0.13791E+00  0.99614E-01  0.67291E-01  0.43540E-01  0.27484E-01  0.17119E-01  0.10554E-01  0.64037E-02  0.37709E-02  0.21130E-02
 0.10000E+01 -0.26744E-01  0.25384E-02  0.57998E-01  0.11741E+00  0.15680E+00  0.16538E+00  0.14808E+00  0.11767E+00  0.85817E-01  0.59015E-01  0.39082E-01  0.25272E-01  0.16040E-01  0.99534E-02  0.59626E-02  0.33846E-02
 0.12000E+01 -0.10323E-01 -0.10978E-01  0.25839E-01  0.82602E-01  0.13102E+00  0.15231E+00  0.14536E+00  0.12083E+00  0.91103E-01  0.64246E-01  0.43376E-01  0.28468E-01  0.18277E-01  0.11442E-01  0.69003E-02  0.39366E-02
 0.14000E+01 -0.94163E-03 -0.17188E-01  0.82853E-02  0.61266E-01  0.11248E+00  0.13970E+00  0.13861E+00  0.11826E+00  0.90841E-01  0.64969E-01  0.44340E-01  0.29346E-01  0.18965E-01  0.11932E-01  0.72239E-02  0.41332E-02
 0.16000E+01  0.45130E-02 -0.20122E-01 -0.18587E-02  0.47450E-01  0.98848E-01  0.12878E+00  0.13116E+00  0.11381E+00  0.88493E-01  0.63870E-01  0.43899E-01  0.29216E-01  0.18963E-01  0.11972E-01  0.72666E-02  0.41658E-02
 0.18000E+01  0.78003E-02 -0.21498E-01 -0.80727E-02  0.37961E-01  0.88463E-01  0.11952E+00  0.12406E+00  0.10896E+00  0.85454E-01  0.62080E-01  0.42888E-01  0.28658E-01  0.18660E-01  0.11809E-01  0.71818E-02  0.41231E-02
 0.20000E+01  0.98431E-02 -0.22083E-01 -0.12068E-01  0.31099E-01  0.80261E-01  0.11164E+00  0.11757E+00  0.10422E+00  0.82270E-01  0.60065E-01  0.41658E-01  0.27924E-01  0.18226E-01  0.11557E-01  0.70389E-02  0.40456E-02
 0.22000E+01  0.11133E-01 -0.22239E-01 -0.14726E-01  0.25928E-01  0.73587E-01  0.10484E+00  0.11171E+00  0.99746E-01  0.79151E-01  0.58019E-01  0.40366E-01  0.27125E-01  0.17741E-01  0.11267E-01  0.68703E-02  0.39523E-02
 0.24000E+01  0.11950E-01 -0.22156E-01 -0.16542E-01  0.21894E-01  0.68015E-01  0.98898E-01  0.10641E+00  0.95587E-01  0.76178E-01  0.56024E-01  0.39080E-01  0.26316E-01  0.17241E-01  0.10964E-01  0.66922E-02  0.38528E-02
 0.26000E+01  0.12459E-01 -0.21934E-01 -0.17805E-01  0.18649E-01  0.63253E-01  0.93631E-01  0.10158E+00  0.91721E-01  0.73365E-01  0.54108E-01  0.37829E-01  0.25520E-01  0.16743E-01  0.10659E-01  0.65121E-02  0.37515E-02
 0.28000E+01  0.12754E-01 -0.21626E-01 -0.18685E-01  0.15975E-01  0.59099E-01  0.88888E-01  0.97140E-01  0.88105E-01  0.70699E-01  0.52271E-01  0.36616E-01  0.24741E-01  0.16253E-01  0.10358E-01  0.63327E-02  0.36503E-02
 0.30000E+01  0.12918E-01 -0.21123E-01 -0.19359E-01  0.13243E-01  0.54539E-01  0.83493E-01  0.91971E-01  0.83824E-01  0.67500E-01  0.50042E-01  0.35131E-01  0.23780E-01  0.15643E-01  0.99802E-02  0.61072E-02  0.35227E-02
