 0.00000E+00  0.68191E+00  0.32597E+00 -0.48586E-01 -0.13885E+00 -0.70872E-01 -0.57884E-02  0.20073E-01  0.22743E-01  0.17698E-01  0.11867E-01  0.73057E-02  0.42143E-02  0.22774E-02  0.11333E-02  0.50086E-03  0.18527E-03
 0.20000E+00  0.43436E+00  0.46779E+00  0.31313E+00  0.12168E+00  0.56661E-02 -0.35317E-01 -0.38515E-01 -0.29861E-01 -0.20291E-01 -0.12883E-01 -0.78402E-02 -0.46194E-02 -0.26412E-02 -0.14583E-02 -0.75905E-03 -0.34430E-03
 0.40000E+00 -0.73135E-01  0.24940E+00  0.40998E+00  0.30815E+00  0.13900E+00  0.32280E-01 -0.95842E-02 -0.18478E-01 -0.15924E-01 -0.11115E-01 -0.69786E-02 -0.40647E-02 -0.22028E-02 -0.10917E-02 -0.47672E-03 -0.17302E-03
 0.60000E+00 -0.13464E+00  0.10271E+00  0.28884E+00  0.29209E+00  0.20213E+00  0.11721E+00  0.63595E-01  0.34147E-01  0.18559E-01  0.10267E-01  0.57785E-02  0.33015E-02  0.19102E-02  0.11108E-02  0.62571E-03  0.30668E-03
 0.80000E+00 -0.80138E-01  0.17001E-01  0.15398E+00  0.22883E+00  0.22118E+00  0.17189E+00  0.11827E+00  0.75866E-01  0.46630E-01  0.27841E-01  0.16238E-01  0.92595E-02  0.51476E-02  0.27652E-02  0.13971E-02  0.61470E-03
 0.10000E+01 -0.23058E-01 -0.26892E-01  0.60723E-01  0.17129E+00  0.21599E+00  0.19356E+00  0.14433E+00  0.96946E-01  0.61173E-01  0.37035E-01  0.21712E-01  0.12353E-01  0.67969E-02  0.35786E-02  0.17540E-02  0.74557E-03
 0.12000E+01  0.13042E-01 -0.47070E-01  0.65650E-02  0.12938E+00  0.20017E+00  0.19401E+00  0.15021E+00  0.10292E+00  0.65654E-01  0.39977E-01  0.23491E-01  0.13357E-01  0.73231E-02  0.38271E-02  0.18540E-02  0.77714E-03
 0.14000E+01  0.31058E-01 -0.54598E-01 -0.21669E-01  0.10021E+00  0.18022E+00  0.18277E+00  0.14437E+00  0.99957E-01  0.64160E-01  0.39230E-01  0.23126E-01  0.13188E-01  0.72521E-02  0.38040E-02  0.18517E-02  0.78061E-03
 0.16000E+01  0.37432E-01 -0.55609E-01 -0.34579E-01  0.79632E-01  0.15930E+00  0.16593E+00  0.13255E+00  0.92348E-01  0.59546E-01  0.36569E-01  0.21666E-01  0.12436E-01  0.69010E-02  0.36680E-02  0.18191E-02  0.78358E-03
 0.18000E+01  0.36696E-01 -0.53145E-01 -0.38425E-01  0.64712E-01  0.13864E+00  0.14654E+00  0.11776E+00  0.82374E-01  0.53338E-01  0.32936E-01  0.19663E-01  0.11408E-01  0.64295E-02  0.34954E-02  0.17874E-02  0.79638E-03
 0.20000E+01  0.31658E-01 -0.48795E-01 -0.36815E-01  0.53603E-01  0.11875E+00  0.12620E+00  0.10164E+00  0.71286E-01  0.46369E-01  0.28843E-01  0.17410E-01  0.10261E-01  0.59139E-02  0.33176E-02  0.17662E-02  0.82000E-03
 0.22000E+01  0.24070E-01 -0.43484E-01 -0.31925E-01  0.45188E-01  0.99963E-01  0.10591E+00  0.85193E-01  0.59855E-01  0.39152E-01  0.24603E-01  0.15083E-01  0.90875E-02  0.53974E-02  0.31508E-02  0.17586E-02  0.85349E-03
 0.24000E+01  0.15090E-01 -0.37744E-01 -0.25135E-01  0.38697E-01  0.82401E-01  0.86217E-01  0.69003E-01  0.48531E-01  0.31985E-01  0.20393E-01  0.12780E-01  0.79348E-02  0.48993E-02  0.29995E-02  0.17626E-02  0.89395E-03
 0.26000E+01  0.52787E-02 -0.31826E-01 -0.17174E-01  0.33602E-01  0.65927E-01  0.67225E-01  0.53225E-01  0.37446E-01  0.24959E-01  0.16270E-01  0.10532E-01  0.68180E-02  0.44254E-02  0.28646E-02  0.17773E-02  0.94023E-03
 0.28000E+01 -0.51727E-02 -0.25776E-01 -0.83086E-02  0.29594E-01  0.50301E-01  0.48774E-01  0.37765E-01  0.26546E-01  0.18045E-01  0.12218E-01  0.83313E-02  0.57337E-02  0.39743E-02  0.27460E-02  0.18029E-02  0.99262E-03
 0.30000E+01 -0.12852E-01 -0.21054E-01 -0.24488E-02  0.24577E-01  0.36089E-01  0.32721E-01  0.24535E-01  0.17289E-01  0.12193E-01  0.87896E-02  0.64653E-02  0.48084E-02  0.35829E-02  0.26356E-02  0.18164E-02  0.10318E-02
