 0.00000E+00  0.84799E+00  0.38259E+00  0.78348E-02 -0.17801E+00 -0.19577E+00 -0.12750E+00 -0.47204E-01  0.90676E-02  0.36417E-01  0.43399E-01  0.39791E-01  0.32212E-01  0.24096E-01  0.16885E-01  0.11058E-01  0.66930E-02
 0.20000E+00  0.20806E+00  0.34195E+00  0.36881E+00  0.29486E+00  0.17250E+00  0.57523E-01 -0.19987E-01 -0.57418E-01 -0.66371E-01 -0.60244E-01 -0.48557E-01 -0.36408E-01 -0.25879E-01 -0.17492E-01 -0.11161E-01 -0.66286E-02
 0.40000E+00 -0.10826E-02  0.16989E+00  0.26625E+00  0.26891E+00  0.20693E+00  0.12559E+00  0.57358E-01  0.13616E-01 -0.84898E-02 -0.16523E-01 -0.17180E-01 -0.14724E-01 -0.11379E-01 -0.81431E-02 -0.54092E-02 -0.33065E-02
 0.60000E+00 -0.27316E-01  0.11367E+00  0.20586E+00  0.22786E+00  0.19509E+00  0.13904E+00  0.85461E-01  0.46040E-01  0.21567E-01  0.81988E-02  0.16906E-02 -0.10461E-02 -0.18758E-02 -0.18211E-02 -0.14214E-02 -0.95727E-03
 0.80000E+00 -0.33244E-01  0.74317E-01  0.15546E+00  0.18908E+00  0.17944E+00  0.14538E+00  0.10568E+00  0.71382E-01  0.45994E-01  0.28786E-01  0.17686E-01  0.10712E-01  0.63889E-02  0.37302E-02  0.21082E-02  0.11351E-02
 0.10000E+01 -0.29586E-01  0.36270E-01  0.10029E+00  0.14329E+00  0.15778E+00  0.14823E+00  0.12488E+00  0.97411E-01  0.71960E-01  0.51147E-01  0.35342E-01  0.23865E-01  0.15740E-01  0.10072E-01  0.61723E-02  0.35597E-02
 0.12000E+01 -0.20925E-01  0.71611E-02  0.53777E-01  0.10238E+00  0.13609E+00  0.14718E+00  0.13825E+00  0.11738E+00  0.92629E-01  0.69337E-01  0.49930E-01  0.34866E-01  0.23641E-01  0.15475E-01  0.96593E-02  0.56512E-02
 0.14000E+01 -0.12415E-01 -0.11594E-01  0.21483E-01  0.72648E-01  0.11893E+00  0.14417E+00  0.14553E+00  0.12971E+00  0.10592E+00  0.81296E-01  0.59664E-01  0.42291E-01  0.29022E-01  0.19183E-01  0.12066E-01  0.71014E-02
 0.16000E+01 -0.50929E-02 -0.24301E-01 -0.17088E-02  0.50530E-01  0.10533E+00  0.14060E+00  0.14949E+00  0.13757E+00  0.11477E+00  0.89433E-01  0.66387E-01  0.47475E-01  0.32813E-01  0.21814E-01  0.13783E-01  0.81402E-02
 0.18000E+01  0.18405E-02 -0.34307E-01 -0.21001E-01  0.31524E-01  0.93000E-01  0.13649E+00  0.15177E+00  0.14334E+00  0.12161E+00  0.95888E-01  0.71810E-01  0.51712E-01  0.35943E-01  0.24003E-01  0.15221E-01  0.90148E-02
 0.20000E+01  0.86804E-02 -0.42596E-01 -0.38010E-01  0.14141E-01  0.81053E-01  0.13165E+00  0.15266E+00  0.14755E+00  0.12703E+00  0.10120E+00  0.76379E-01  0.55343E-01  0.38661E-01  0.25924E-01  0.16493E-01  0.97935E-02
 0.22000E+01  0.15101E-01 -0.49064E-01 -0.52370E-01 -0.12271E-02  0.69731E-01  0.12610E+00  0.15204E+00  0.14998E+00  0.13079E+00  0.10513E+00  0.79891E-01  0.58205E-01  0.40844E-01  0.27490E-01  0.17542E-01  0.10440E-01
 0.24000E+01  0.20704E-01 -0.53630E-01 -0.63651E-01 -0.14037E-01  0.59486E-01  0.12010E+00  0.14995E+00  0.15055E+00  0.13273E+00  0.10751E+00  0.82173E-01  0.60152E-01  0.42377E-01  0.28614E-01  0.18307E-01  0.10918E-01
 0.26000E+01  0.25273E-01 -0.56439E-01 -0.71844E-01 -0.24116E-01  0.50592E-01  0.11395E+00  0.14666E+00  0.14943E+00  0.13294E+00  0.10836E+00  0.83234E-01  0.61172E-01  0.43238E-01  0.29276E-01  0.18772E-01  0.11215E-01
 0.28000E+01  0.28752E-01 -0.57738E-01 -0.77185E-01 -0.31530E-01  0.43194E-01  0.10794E+00  0.14250E+00  0.14694E+00  0.13168E+00  0.10789E+00  0.83199E-01  0.61344E-01  0.43478E-01  0.29504E-01  0.18952E-01  0.11339E-01
 0.30000E+01  0.31861E-01 -0.57660E-01 -0.80530E-01 -0.37508E-01  0.36052E-01  0.10105E+00  0.13675E+00  0.14263E+00  0.12870E+00  0.10596E+00  0.82017E-01  0.60659E-01  0.43103E-01  0.29312E-01  0.18862E-01  0.11299E-01
 0.00000E+00  0.84799E+00  0.38259E+00  0.78348E-02 -0.17801E+00 -0.19577E+00 -0.12750E+00 -0.47204E-01  0.90676E-02  0.36417E-01  0.43399E-01  0.39791E-01  0.32212E-01  0.24096E-01  0.16885E-01  0.11058E-01  0.66930E-02
 0.20000E+00  0.20806E+00  0.34195E+00  0.36881E+00  0.29486E+00  0.17250E+00  0.57523E-01 -0.19987E-01 -0.57418E-01 -0.66371E-01 -0.60244E-01 -0.48557E-01 -0.36408E-01 -0.25879E-01 -0.17492E-01 -0.11161E-01 -0.66286E-02
 0.40000E+00 -0.10826E-02  0.16989E+00  0.26625E+00  0.26891E+00  0.20693E+00  0.12559E+00  0.57358E-01  0.13616E-01 -0.84898E-02 -0.16523E-01 -0.17180E-01 -0.14724E-01 -0.11379E-01 -0.81431E-02 -0.54092E-02 -0.33065E-02
 0.60000E+00 -0.27316E-01  0.11367E+00  0.20586E+00  0.22786E+00  0.19509E+00  0.13904E+00  0.85461E-01  0.46040E-01  0.21567E-01  0.81988E-02  0.16906E-02 -0.10461E-02 -0.18758E-02 -0.18211E-02 -0.14214E-02 -0.95727E-03
 0.80000E+00 -0.33244E-01  0.74317E-01  0.15546E+00  0.18908E+00  0.17944E+00  0.14538E+00  0.10568E+00  0.71382E-01  0.45994E-01  0.28786E-01  0.17686E-01  0.10712E-01  0.63889E-02  0.37302E-02  0.21082E-02  0.11351E-02
 0.10000E+01 -0.29586E-01  0.36270E-01  0.10029E+00  0.14329E+00  0.15778E+00  0.14823E+00  0.12488E+00  0.97411E-01  0.71960E-01  0.51147E-01  0.35342E-01  0.23865E-01  0.15740E-01  0.10072E-01  0.61723E-02  0.35597E-02
 0.12000E+01 -0.20925E-01  0.71611E-02  0.53777E-01  0.10238E+00  0.13609E+00  0.14718E+00  0.13825E+00  0.11738E+00  0.92629E-01  0.69337E-01  0.49930E-01  0.34866E-01  0.23641E-01  0.15475E-01  0.96593E-02  0.56512E-02
 0.14000E+01 -0.12415E-01 -0.11594E-01  0.21483E-01  0.72648E-01  0.11893E+00  0.14417E+00  0.14553E+00  0.12971E+00  0.10592E+00  0.81296E-01  0.59664E-01  0.42291E-01  0.29022E-01  0.19183E-01  0.12066E-01  0.71014E-02
 0.16000E+01 -0.50929E-02 -0.24301E-01 -0.17088E-02  0.50530E-01  0.10533E+00  0.14060E+00  0.14949E+00  0.13757E+00  0.11477E+00  0.89433E-01  0.66387E-01  0.47475E-01  0.32813E-01  0.21814E-01  0.13783E-01  0.81402E-02
 0.18000E+01  0.18405E-02 -0.34307E-01 -0.21001E-01  0.31524E-01  0.93000E-01  0.13649E+00  0.15177E+00  0.14334E+00  0.12161E+00  0.95888E-01  0.71810E-01  0.51712E-01  0.35943E-01  0.24003E-01  0.15221E-01  0.90148E-02
 0.20000E+01  0.86804E-02 -0.42596E-01 -0.38010E-01  0.14141E-01  0.81053E-01  0.13165E+00  0.15266E+00  0.14755E+00  0.12703E+00  0.10120E+00  0.76379E-01  0.55343E-01  0.38661E-01  0.25924E-01  0.16493E-01  0.97935E-02
 0.22000E+01  0.15101E-01 -0.49064E-01 -0.52370E-01 -0.12271E-02  0.69731E-01  0.12610E+00  0.15204E+00  0.14998E+00  0.13079E+00  0.10513E+00  0.79891E-01  0.58205E-01  0.40844E-01  0.27490E-01  0.17542E-01  0.10440E-01
 0.24000E+01  0.20704E-01 -0.53630E-01 -0.63651E-01 -0.14037E-01  0.59486E-01  0.12010E+00  0.14995E+00  0.15055E+00  0.13273E+00  0.10751E+00  0.82173E-01  0.60152E-01  0.42377E-01  0.28614E-01  0.18307E-01  0.10918E-01
 0.26000E+01  0.25273E-01 -0.56439E-01 -0.71844E-01 -0.24116E-01  0.50592E-01  0.11395E+00  0.14666E+00  0.14943E+00  0.13294E+00  0.10836E+00  0.83234E-01  0.61172E-01  0.43238E-01  0.29276E-01  0.18772E-01  0.11215E-01
 0.28000E+01  0.28752E-01 -0.57738E-01 -0.77185E-01 -0.31530E-01  0.43194E-01  0.10794E+00  0.14250E+00  0.14694E+00  0.13168E+00  0.10789E+00  0.83199E-01  0.61344E-01  0.43478E-01  0.29504E-01  0.18952E-01  0.11339E-01
 0.30000E+01  0.31861E-01 -0.57660E-01 -0.80530E-01 -0.37508E-01  0.36052E-01  0.10105E+00  0.13675E+00  0.14263E+00  0.12870E+00  0.10596E+00  0.82017E-01  0.60659E-01  0.43103E-01  0.29312E-01  0.18862E-01  0.11299E-01
