 0.00000E+00  0.71673E+00  0.32441E+00 -0.57851E-01 -0.13848E+00 -0.72616E-01 -0.15726E-01  0.66146E-02  0.10579E-01  0.84206E-02  0.52490E-02  0.26711E-02  0.96339E-03 -0.16778E-04 -0.47759E-03 -0.56744E-03 -0.40467E-03
 0.20000E+00  0.39958E+00  0.46782E+00  0.32660E+00  0.12710E+00  0.60767E-02 -0.33824E-01 -0.35329E-01 -0.26079E-01 -0.16574E-01 -0.94764E-02 -0.48393E-02 -0.20653E-02 -0.53875E-03  0.20064E-03  0.43453E-03  0.34831E-03
 0.40000E+00 -0.80119E-01  0.24063E+00  0.39612E+00  0.30241E+00  0.15206E+00  0.57372E-01  0.15755E-01  0.10901E-02 -0.27175E-02 -0.27799E-02 -0.18755E-02 -0.97182E-03 -0.32734E-03  0.43888E-04  0.18482E-03  0.15918E-03
 0.60000E+00 -0.10964E+00  0.10278E+00  0.27462E+00  0.28552E+00  0.20796E+00  0.12800E+00  0.72597E-01  0.39113E-01  0.20028E-01  0.95467E-02  0.40024E-02  0.12122E-02 -0.84553E-04 -0.58784E-03 -0.64837E-03 -0.45004E-03
 0.80000E+00 -0.74268E-01  0.29843E-01  0.17068E+00  0.23661E+00  0.21368E+00  0.15434E+00  0.98256E-01  0.57670E-01  0.31606E-01  0.15985E-01  0.71183E-02  0.23708E-02  0.24682E-04 -0.95736E-03 -0.11264E-02 -0.79816E-03
 0.10000E+01 -0.42815E-01 -0.83617E-02  0.10004E+00  0.18810E+00  0.19654E+00  0.15399E+00  0.10291E+00  0.62344E-01  0.34973E-01  0.18037E-01  0.81975E-02  0.28254E-02  0.12089E-03 -0.10377E-02 -0.12586E-02 -0.89975E-03
 0.12000E+01 -0.21864E-01 -0.28037E-01  0.53190E-01  0.14532E+00  0.16991E+00  0.14022E+00  0.96395E-01  0.59467E-01  0.33824E-01  0.17674E-01  0.81673E-02  0.29172E-02  0.24134E-03 -0.92681E-03 -0.11734E-02 -0.84861E-03
 0.14000E+01 -0.95152E-02 -0.37051E-01  0.22341E-01  0.10849E+00  0.13972E+00  0.11983E+00  0.84058E-01  0.52554E-01  0.30234E-01  0.16001E-01  0.75397E-02  0.28214E-02  0.38724E-03 -0.69925E-03 -0.95946E-03 -0.70765E-03
 0.16000E+01 -0.36177E-02 -0.39404E-01  0.26027E-02  0.76771E-01  0.10841E+00  0.96019E-01  0.68494E-01  0.43350E-01  0.25246E-01  0.13578E-01  0.65756E-02  0.26283E-02  0.55986E-03 -0.39281E-03 -0.66168E-03 -0.50899E-03
 0.18000E+01 -0.24849E-02 -0.37390E-01 -0.91847E-02  0.49345E-01  0.77172E-01  0.70515E-01  0.51159E-01  0.32846E-01  0.19455E-01  0.10726E-01  0.54241E-02  0.23886E-02  0.75874E-03 -0.30417E-04 -0.30703E-03 -0.27172E-03
 0.20000E+01 -0.48372E-02 -0.32538E-01 -0.15223E-01  0.25581E-01  0.46783E-01  0.44496E-01  0.33045E-01  0.21719E-01  0.13268E-01  0.76623E-02  0.41859E-02  0.21355E-02  0.98183E-03  0.37066E-03  0.84796E-04 -0.97068E-05
 0.22000E+01 -0.96797E-02 -0.25879E-01 -0.17083E-01  0.49967E-02  0.17758E-01  0.18767E-01  0.14838E-01  0.10436E-01  0.69644E-02  0.45367E-02  0.29279E-02  0.18890E-02  0.12249E-02  0.79604E-03  0.49831E-03  0.26635E-03
 0.24000E+01 -0.16240E-01 -0.18085E-01 -0.15926E-01 -0.12909E-01 -0.97212E-02 -0.62524E-02 -0.30783E-02 -0.73361E-03  0.70720E-03  0.14357E-02  0.16885E-02  0.16597E-02  0.14845E-02  0.12362E-02  0.92357E-03  0.54963E-03
 0.26000E+01 -0.23939E-01 -0.96637E-02 -0.12659E-01 -0.28580E-01 -0.35592E-01 -0.30303E-01 -0.20454E-01 -0.11611E-01 -0.53940E-02 -0.15827E-02  0.49302E-03  0.14542E-02  0.17572E-02  0.16840E-02  0.13531E-02  0.83507E-03
 0.28000E+01 -0.32401E-01 -0.95564E-03 -0.79147E-02 -0.42366E-01 -0.59874E-01 -0.53262E-01 -0.37155E-01 -0.22095E-01 -0.11276E-01 -0.44839E-02 -0.64269E-03  0.12771E-02  0.20418E-02  0.21355E-02  0.17830E-02  0.11199E-02
 0.30000E+01 -0.37829E-01  0.46555E-02 -0.66863E-02 -0.55046E-01 -0.79727E-01 -0.71448E-01 -0.50197E-01 -0.30213E-01 -0.15798E-01 -0.66959E-02 -0.14947E-02  0.11592E-02  0.22749E-02  0.24931E-02  0.21205E-02  0.13428E-02
