 0.00000E+00  0.86573E+00  0.28075E+00 -0.11468E+00 -0.24447E+00 -0.18861E+00 -0.73681E-01  0.17467E-01  0.62595E-01  0.72941E-01  0.65782E-01  0.52860E-01  0.39772E-01  0.28501E-01  0.19459E-01  0.12538E-01  0.75112E-02
 0.20000E+00  0.21488E+00  0.48443E+00  0.52757E+00  0.37859E+00  0.16100E+00 -0.16050E-01 -0.11123E+00 -0.13773E+00 -0.12636E+00 -0.10156E+00 -0.76098E-01 -0.54593E-01 -0.37796E-01 -0.25155E-01 -0.15906E-01 -0.93984E-02
 0.40000E+00 -0.44347E-01  0.19114E+00  0.31215E+00  0.30425E+00  0.21920E+00  0.12125E+00  0.48044E-01  0.66607E-02 -0.11363E-01 -0.16506E-01 -0.15887E-01 -0.13203E-01 -0.10088E-01 -0.72009E-02 -0.47885E-02 -0.29339E-02
 0.60000E+00 -0.31212E-01  0.67720E-01  0.14713E+00  0.18472E+00  0.18096E+00  0.15156E+00  0.11416E+00  0.80185E-01  0.53950E-01  0.35408E-01  0.22898E-01  0.14639E-01  0.92296E-02  0.56919E-02  0.33863E-02  0.19082E-02
 0.80000E+00 -0.20923E-01  0.33001E-01  0.95285E-01  0.14296E+00  0.16201E+00  0.15341E+00  0.12804E+00  0.97844E-01  0.70522E-01  0.49001E-01  0.33274E-01  0.22208E-01  0.14548E-01  0.92769E-02  0.56771E-02  0.32731E-02
 0.10000E+01 -0.15972E-01  0.18611E-01  0.73129E-01  0.12455E+00  0.15295E+00  0.15311E+00  0.13298E+00  0.10460E+00  0.77024E-01  0.54406E-01  0.37435E-01  0.25262E-01  0.16704E-01  0.10735E-01  0.66109E-02  0.38304E-02
 0.12000E+01 -0.11372E-01  0.69158E-02  0.54631E-01  0.10886E+00  0.14486E+00  0.15229E+00  0.13660E+00  0.10987E+00  0.82210E-01  0.58772E-01  0.40827E-01  0.27770E-01  0.18484E-01  0.11945E-01  0.73892E-02  0.42964E-02
 0.14000E+01 -0.69332E-02 -0.34001E-02  0.37893E-01  0.94296E-01  0.13690E+00  0.15083E+00  0.13924E+00  0.11414E+00  0.86546E-01  0.62488E-01  0.43750E-01  0.29952E-01  0.20045E-01  0.13012E-01  0.80789E-02  0.47109E-02
 0.16000E+01 -0.26283E-02 -0.12701E-01  0.22394E-01  0.80417E-01  0.12883E+00  0.14866E+00  0.14092E+00  0.11748E+00  0.90123E-01  0.65633E-01  0.46266E-01  0.31854E-01  0.21420E-01  0.13959E-01  0.86946E-02  0.50825E-02
 0.18000E+01  0.15163E-02 -0.21113E-01  0.79452E-02  0.67024E-01  0.12047E+00  0.14564E+00  0.14155E+00  0.11984E+00  0.92899E-01  0.68178E-01  0.48355E-01  0.33462E-01  0.22598E-01  0.14780E-01  0.92324E-02  0.54092E-02
 0.20000E+01  0.52995E-02 -0.28411E-01 -0.50385E-02  0.54471E-01  0.11198E+00  0.14176E+00  0.14100E+00  0.12104E+00  0.94698E-01  0.69975E-01  0.49901E-01  0.34689E-01  0.23517E-01  0.15430E-01  0.96634E-02  0.56732E-02
 0.22000E+01  0.85330E-02 -0.34393E-01 -0.16141E-01  0.43174E-01  0.10365E+00  0.13713E+00  0.13926E+00  0.12100E+00  0.95440E-01  0.70943E-01  0.50831E-01  0.35476E-01  0.24131E-01  0.15877E-01  0.99661E-02  0.58612E-02
 0.24000E+01  0.11149E-01 -0.39060E-01 -0.25268E-01  0.33315E-01  0.95699E-01  0.13197E+00  0.13652E+00  0.11988E+00  0.95206E-01  0.71131E-01  0.51174E-01  0.35837E-01  0.24448E-01  0.16125E-01  0.10141E-01  0.59733E-02
 0.26000E+01  0.13157E-01 -0.42528E-01 -0.32518E-01  0.24910E-01  0.88272E-01  0.12650E+00  0.13300E+00  0.11785E+00  0.94151E-01  0.70649E-01  0.51005E-01  0.35824E-01  0.24500E-01  0.16193E-01  0.10201E-01  0.60164E-02
 0.28000E+01  0.14594E-01 -0.44945E-01 -0.38061E-01  0.17895E-01  0.81448E-01  0.12089E+00  0.12892E+00  0.11512E+00  0.92433E-01  0.69618E-01  0.50410E-01  0.35495E-01  0.24326E-01  0.16106E-01  0.10161E-01  0.59995E-02
 0.30000E+01  0.15745E-01 -0.46682E-01 -0.42892E-01  0.10900E-01  0.73790E-01  0.11389E+00  0.12329E+00  0.11098E+00  0.89578E-01  0.67728E-01  0.49194E-01  0.34729E-01  0.23854E-01  0.15823E-01  0.99969E-02  0.59095E-02
 0.00000E+00  0.86573E+00  0.28075E+00 -0.11468E+00 -0.24447E+00 -0.18861E+00 -0.73681E-01  0.17467E-01  0.62595E-01  0.72941E-01  0.65782E-01  0.52860E-01  0.39772E-01  0.28501E-01  0.19459E-01  0.12538E-01  0.75112E-02
 0.20000E+00  0.21488E+00  0.48443E+00  0.52757E+00  0.37859E+00  0.16100E+00 -0.16050E-01 -0.11123E+00 -0.13773E+00 -0.12636E+00 -0.10156E+00 -0.76098E-01 -0.54593E-01 -0.37796E-01 -0.25155E-01 -0.15906E-01 -0.93984E-02
 0.40000E+00 -0.44347E-01  0.19114E+00  0.31215E+00  0.30425E+00  0.21920E+00  0.12125E+00  0.48044E-01  0.66607E-02 -0.11363E-01 -0.16506E-01 -0.15887E-01 -0.13203E-01 -0.10088E-01 -0.72009E-02 -0.47885E-02 -0.29339E-02
 0.60000E+00 -0.31212E-01  0.67720E-01  0.14713E+00  0.18472E+00  0.18096E+00  0.15156E+00  0.11416E+00  0.80185E-01  0.53950E-01  0.35408E-01  0.22898E-01  0.14639E-01  0.92296E-02  0.56919E-02  0.33863E-02  0.19082E-02
 0.80000E+00 -0.20923E-01  0.33001E-01  0.95285E-01  0.14296E+00  0.16201E+00  0.15341E+00  0.12804E+00  0.97844E-01  0.70522E-01  0.49001E-01  0.33274E-01  0.22208E-01  0.14548E-01  0.92769E-02  0.56771E-02  0.32731E-02
 0.10000E+01 -0.15972E-01  0.18611E-01  0.73129E-01  0.12455E+00  0.15295E+00  0.15311E+00  0.13298E+00  0.10460E+00  0.77024E-01  0.54406E-01  0.37435E-01  0.25262E-01  0.16704E-01  0.10735E-01  0.66109E-02  0.38304E-02
 0.12000E+01 -0.11372E-01  0.69158E-02  0.54631E-01  0.10886E+00  0.14486E+00  0.15229E+00  0.13660E+00  0.10987E+00  0.82210E-01  0.58772E-01  0.40827E-01  0.27770E-01  0.18484E-01  0.11945E-01  0.73892E-02  0.42964E-02
 0.14000E+01 -0.69332E-02 -0.34001E-02  0.37893E-01  0.94296E-01  0.13690E+00  0.15083E+00  0.13924E+00  0.11414E+00  0.86546E-01  0.62488E-01  0.43750E-01  0.29952E-01  0.20045E-01  0.13012E-01  0.80789E-02  0.47109E-02
 0.16000E+01 -0.26283E-02 -0.12701E-01  0.22394E-01  0.80417E-01  0.12883E+00  0.14866E+00  0.14092E+00  0.11748E+00  0.90123E-01  0.65633E-01  0.46266E-01  0.31854E-01  0.21420E-01  0.13959E-01  0.86946E-02  0.50825E-02
 0.18000E+01  0.15163E-02 -0.21113E-01  0.79452E-02  0.67024E-01  0.12047E+00  0.14564E+00  0.14155E+00  0.11984E+00  0.92899E-01  0.68178E-01  0.48355E-01  0.33462E-01  0.22598E-01  0.14780E-01  0.92324E-02  0.54092E-02
 0.20000E+01  0.52995E-02 -0.28411E-01 -0.50385E-02  0.54471E-01  0.11198E+00  0.14176E+00  0.14100E+00  0.12104E+00  0.94698E-01  0.69975E-01  0.49901E-01  0.34689E-01  0.23517E-01  0.15430E-01  0.96634E-02  0.56732E-02
 0.22000E+01  0.85330E-02 -0.34393E-01 -0.16141E-01  0.43174E-01  0.10365E+00  0.13713E+00  0.13926E+00  0.12100E+00  0.95440E-01  0.70943E-01  0.50831E-01  0.35476E-01  0.24131E-01  0.15877E-01  0.99661E-02  0.58612E-02
 0.24000E+01  0.11149E-01 -0.39060E-01 -0.25268E-01  0.33315E-01  0.95699E-01  0.13197E+00  0.13652E+00  0.11988E+00  0.95206E-01  0.71131E-01  0.51174E-01  0.35837E-01  0.24448E-01  0.16125E-01  0.10141E-01  0.59733E-02
 0.26000E+01  0.13157E-01 -0.42528E-01 -0.32518E-01  0.24910E-01  0.88272E-01  0.12650E+00  0.13300E+00  0.11785E+00  0.94151E-01  0.70649E-01  0.51005E-01  0.35824E-01  0.24500E-01  0.16193E-01  0.10201E-01  0.60164E-02
 0.28000E+01  0.14594E-01 -0.44945E-01 -0.38061E-01  0.17895E-01  0.81448E-01  0.12089E+00  0.12892E+00  0.11512E+00  0.92433E-01  0.69618E-01  0.50410E-01  0.35495E-01  0.24326E-01  0.16106E-01  0.10161E-01  0.59995E-02
 0.30000E+01  0.15745E-01 -0.46682E-01 -0.42892E-01  0.10900E-01  0.73790E-01  0.11389E+00  0.12329E+00  0.11098E+00  0.89578E-01  0.67728E-01  0.49194E-01  0.34729E-01  0.23854E-01  0.15823E-01  0.99969E-02  0.59095E-02
