 0.00000E+00  0.56121E+00  0.33553E+00  0.19953E-01 -0.11220E+00 -0.86146E-01 -0.26577E-01  0.87101E-02  0.19303E-01  0.18203E-01  0.13907E-01  0.97417E-02  0.65345E-02  0.42719E-02  0.27308E-02  0.16564E-02  0.85809E-03
 0.20000E+00  0.49991E+00  0.46734E+00  0.27151E+00  0.91870E-01  0.18497E-02 -0.24474E-01 -0.24535E-01 -0.18175E-01 -0.12175E-01 -0.78530E-02 -0.49895E-02 -0.31481E-02 -0.19774E-02 -0.12310E-02 -0.73363E-03 -0.37558E-03
 0.40000E+00  0.28722E-01  0.25010E+00  0.36564E+00  0.29313E+00  0.14891E+00  0.40467E-01 -0.10194E-01 -0.23872E-01 -0.22342E-01 -0.16980E-01 -0.11868E-01 -0.79602E-02 -0.52110E-02 -0.33391E-02 -0.20313E-02 -0.10548E-02
 0.60000E+00 -0.16352E+00  0.92260E-01  0.31350E+00  0.32999E+00  0.22130E+00  0.11046E+00  0.43306E-01  0.12767E-01  0.14904E-02 -0.18230E-02 -0.23199E-02 -0.19722E-02 -0.14678E-02 -0.10184E-02 -0.65332E-03 -0.35155E-03
 0.80000E+00 -0.15158E+00  0.22153E-02  0.18518E+00  0.26058E+00  0.23306E+00  0.16816E+00  0.10889E+00  0.67279E-01  0.40990E-01  0.24942E-01  0.15201E-01  0.92722E-02  0.56507E-02  0.34184E-02  0.19837E-02  0.99413E-03
 0.10000E+01 -0.61212E-01 -0.32736E-01  0.63314E-01  0.16381E+00  0.20907E+00  0.19607E+00  0.15384E+00  0.10869E+00  0.72441E-01  0.46804E-01  0.29732E-01  0.18688E-01  0.11648E-01  0.71704E-02  0.42188E-02  0.21364E-02
 0.12000E+01  0.11227E-01 -0.42567E-01 -0.12340E-01  0.93920E-01  0.18113E+00  0.20195E+00  0.17351E+00  0.12902E+00  0.88612E-01  0.58313E-01  0.37486E-01  0.23753E-01  0.14888E-01  0.92017E-02  0.54295E-02  0.27553E-02
 0.14000E+01  0.52702E-01 -0.44150E-01 -0.52318E-01  0.51818E-01  0.15825E+00  0.19696E+00  0.17748E+00  0.13529E+00  0.94227E-01  0.62532E-01  0.40411E-01  0.25693E-01  0.16139E-01  0.99872E-02  0.58973E-02  0.29940E-02
 0.16000E+01  0.74714E-01 -0.43362E-01 -0.73101E-01  0.26380E-01  0.14026E+00  0.18793E+00  0.17421E+00  0.13468E+00  0.94555E-01  0.63059E-01  0.40884E-01  0.26054E-01  0.16394E-01  0.10159E-01  0.60050E-02  0.30513E-02
 0.18000E+01  0.84838E-01 -0.41682E-01 -0.82815E-01  0.10841E-01  0.12530E+00  0.17653E+00  0.16654E+00  0.12985E+00  0.91618E-01  0.61310E-01  0.39864E-01  0.25474E-01  0.16075E-01  0.99917E-02  0.59245E-02  0.30178E-02
 0.20000E+01  0.89598E-01 -0.39893E-01 -0.87667E-01  0.22325E-03  0.11269E+00  0.16519E+00  0.15790E+00  0.12388E+00  0.87728E-01  0.58866E-01  0.38368E-01  0.24579E-01  0.15553E-01  0.96963E-02  0.57668E-02  0.29447E-02
 0.22000E+01  0.89936E-01 -0.37917E-01 -0.88487E-01 -0.65947E-02  0.10143E+00  0.15318E+00  0.14775E+00  0.11640E+00  0.82649E-01  0.55595E-01  0.36336E-01  0.23355E-01  0.14838E-01  0.92942E-02  0.55544E-02  0.28473E-02
 0.24000E+01  0.88083E-01 -0.36052E-01 -0.87440E-01 -0.11311E-01  0.91390E-01  0.14149E+00  0.13743E+00  0.10862E+00  0.77290E-01  0.52111E-01  0.34159E-01  0.22036E-01  0.14064E-01  0.88572E-02  0.53225E-02  0.27405E-02
 0.26000E+01  0.84532E-01 -0.34196E-01 -0.84872E-01 -0.14438E-01  0.82119E-01  0.12980E+00  0.12676E+00  0.10041E+00  0.71578E-01  0.48375E-01  0.31818E-01  0.20619E-01  0.13235E-01  0.83911E-02  0.50769E-02  0.26283E-02
 0.28000E+01  0.79784E-01 -0.32393E-01 -0.81275E-01 -0.16424E-01  0.73469E-01  0.11821E+00  0.11592E+00  0.91970E-01  0.65662E-01  0.44493E-01  0.29381E-01  0.19143E-01  0.12373E-01  0.79080E-02  0.48237E-02  0.25131E-02
 0.30000E+01  0.76112E-01 -0.30665E-01 -0.78689E-01 -0.19284E-01  0.64684E-01  0.10709E+00  0.10577E+00  0.84177E-01  0.60240E-01  0.40940E-01  0.27143E-01  0.17776E-01  0.11562E-01  0.74430E-02  0.45723E-02  0.23952E-02
