 0.00000E+00  0.80992E+00  0.44374E+00  0.11416E+00 -0.89165E-01 -0.16142E+00 -0.14960E+00 -0.10511E+00 -0.59596E-01 -0.25089E-01 -0.29573E-02  0.91092E-02  0.14006E-01  0.14315E-01  0.12116E-01  0.89549E-02  0.58637E-02
 0.20000E+00  0.24269E+00  0.30530E+00  0.29973E+00  0.23886E+00  0.15622E+00  0.81372E-01  0.27567E-01 -0.54047E-02 -0.23037E-01 -0.30631E-01 -0.31822E-01 -0.29022E-01 -0.24013E-01 -0.18188E-01 -0.12596E-01 -0.79213E-02
 0.40000E+00  0.81437E-02  0.11844E+00  0.18987E+00  0.20705E+00  0.18188E+00  0.13766E+00  0.93342E-01  0.57965E-01  0.33082E-01  0.16969E-01  0.72690E-02  0.19448E-02 -0.56742E-03 -0.14162E-02 -0.14044E-02 -0.10521E-02
 0.60000E+00 -0.17124E-01  0.84046E-01  0.15775E+00  0.18581E+00  0.17395E+00  0.14050E+00  0.10269E+00  0.70193E-01  0.45880E-01  0.29041E-01  0.17901E-01  0.10763E-01  0.63095E-02  0.35963E-02  0.19794E-02  0.10392E-02
 0.80000E+00 -0.24448E-01  0.71894E-01  0.14521E+00  0.17666E+00  0.16962E+00  0.14036E+00  0.10521E+00  0.73962E-01  0.49938E-01  0.32850E-01  0.21190E-01  0.13420E-01  0.83240E-02  0.50249E-02  0.29199E-02  0.16080E-02
 0.10000E+01 -0.28866E-01  0.61989E-01  0.13394E+00  0.16781E+00  0.16491E+00  0.13950E+00  0.10695E+00  0.77011E-01  0.53401E-01  0.36194E-01  0.24131E-01  0.15828E-01  0.10167E-01  0.63412E-02  0.37912E-02  0.21371E-02
 0.12000E+01 -0.31553E-01  0.53552E-01  0.12360E+00  0.15927E+00  0.16003E+00  0.13819E+00  0.10814E+00  0.79541E-01  0.56422E-01  0.39186E-01  0.26806E-01  0.18042E-01  0.11877E-01  0.75705E-02  0.46091E-02  0.26358E-02
 0.14000E+01 -0.33202E-01  0.45874E-01  0.11363E+00  0.15077E+00  0.15496E+00  0.13660E+00  0.10905E+00  0.81846E-01  0.59292E-01  0.42100E-01  0.29458E-01  0.20270E-01  0.13618E-01  0.88349E-02  0.54575E-02  0.31566E-02
 0.16000E+01 -0.33487E-01  0.31930E-01  0.93948E-01  0.13348E+00  0.14453E+00  0.13341E+00  0.11131E+00  0.87407E-01  0.66473E-01  0.49742E-01  0.36765E-01  0.26702E-01  0.18861E-01  0.12787E-01  0.81940E-02  0.48807E-02
 0.18000E+01 -0.30254E-01  0.98816E-02  0.60347E-01  0.10289E+00  0.12526E+00  0.12669E+00  0.11438E+00  0.96766E-01  0.79251E-01  0.63840E-01  0.50620E-01  0.39166E-01  0.29200E-01  0.20688E-01  0.13725E-01  0.83949E-02
 0.20000E+01 -0.23298E-01 -0.12263E-01  0.23788E-01  0.68095E-01  0.10195E+00  0.11687E+00  0.11558E+00  0.10543E+00  0.92308E-01  0.78927E-01  0.65879E-01  0.53166E-01  0.40978E-01  0.29784E-01  0.20142E-01  0.12497E-01
 0.22000E+01 -0.14564E-01 -0.29975E-01 -0.80258E-02  0.36360E-01  0.79281E-01  0.10567E+00  0.11422E+00  0.11111E+00  0.10246E+00  0.91436E-01  0.78992E-01  0.65479E-01  0.51505E-01  0.38007E-01  0.25992E-01  0.16259E-01
 0.24000E+01 -0.56946E-02 -0.42667E-01 -0.33070E-01  0.10086E-01  0.59240E-01  0.94323E-01  0.11079E+00  0.11369E+00  0.10914E+00  0.10051E+00  0.88977E-01  0.75130E-01  0.59914E-01  0.44663E-01  0.30772E-01  0.19354E-01
 0.26000E+01  0.23486E-02 -0.50840E-01 -0.51303E-01 -0.10234E-01  0.42575E-01  0.83624E-01  0.10596E+00  0.11363E+00  0.11257E+00  0.10618E+00  0.95709E-01  0.81912E-01  0.65976E-01  0.49542E-01  0.34318E-01  0.21668E-01
 0.28000E+01  0.90578E-02 -0.55176E-01 -0.63241E-01 -0.24726E-01  0.29574E-01  0.74132E-01  0.10037E+00  0.11152E+00  0.11320E+00  0.10872E+00  0.99335E-01  0.85868E-01  0.69672E-01  0.52600E-01  0.36580E-01  0.23163E-01
 0.30000E+01  0.15434E-01 -0.56697E-01 -0.71158E-01 -0.35909E-01  0.18186E-01  0.64538E-01  0.93430E-01  0.10730E+00  0.11136E+00  0.10870E+00  0.10052E+00  0.87662E-01  0.71588E-01  0.54303E-01  0.37896E-01  0.24058E-01
 0.00000E+00  0.80992E+00  0.44374E+00  0.11416E+00 -0.89165E-01 -0.16142E+00 -0.14960E+00 -0.10511E+00 -0.59596E-01 -0.25089E-01 -0.29573E-02  0.91092E-02  0.14006E-01  0.14315E-01  0.12116E-01  0.89549E-02  0.58637E-02
 0.20000E+00  0.24269E+00  0.30530E+00  0.29973E+00  0.23886E+00  0.15622E+00  0.81372E-01  0.27567E-01 -0.54047E-02 -0.23037E-01 -0.30631E-01 -0.31822E-01 -0.29022E-01 -0.24013E-01 -0.18188E-01 -0.12596E-01 -0.79213E-02
 0.40000E+00  0.81437E-02  0.11844E+00  0.18987E+00  0.20705E+00  0.18188E+00  0.13766E+00  0.93342E-01  0.57965E-01  0.33082E-01  0.16969E-01  0.72690E-02  0.19448E-02 -0.56742E-03 -0.14162E-02 -0.14044E-02 -0.10521E-02
 0.60000E+00 -0.17124E-01  0.84046E-01  0.15775E+00  0.18581E+00  0.17395E+00  0.14050E+00  0.10269E+00  0.70193E-01  0.45880E-01  0.29041E-01  0.17901E-01  0.10763E-01  0.63095E-02  0.35963E-02  0.19794E-02  0.10392E-02
 0.80000E+00 -0.24448E-01  0.71894E-01  0.14521E+00  0.17666E+00  0.16962E+00  0.14036E+00  0.10521E+00  0.73962E-01  0.49938E-01  0.32850E-01  0.21190E-01  0.13420E-01  0.83240E-02  0.50249E-02  0.29199E-02  0.16080E-02
 0.10000E+01 -0.28866E-01  0.61989E-01  0.13394E+00  0.16781E+00  0.16491E+00  0.13950E+00  0.10695E+00  0.77011E-01  0.53401E-01  0.36194E-01  0.24131E-01  0.15828E-01  0.10167E-01  0.63412E-02  0.37912E-02  0.21371E-02
 0.12000E+01 -0.31553E-01  0.53552E-01  0.12360E+00  0.15927E+00  0.16003E+00  0.13819E+00  0.10814E+00  0.79541E-01  0.56422E-01  0.39186E-01  0.26806E-01  0.18042E-01  0.11877E-01  0.75705E-02  0.46091E-02  0.26358E-02
 0.14000E+01 -0.33202E-01  0.45874E-01  0.11363E+00  0.15077E+00  0.15496E+00  0.13660E+00  0.10905E+00  0.81846E-01  0.59292E-01  0.42100E-01  0.29458E-01  0.20270E-01  0.13618E-01  0.88349E-02  0.54575E-02  0.31566E-02
 0.16000E+01 -0.33487E-01  0.31930E-01  0.93948E-01  0.13348E+00  0.14453E+00  0.13341E+00  0.11131E+00  0.87407E-01  0.66473E-01  0.49742E-01  0.36765E-01  0.26702E-01  0.18861E-01  0.12787E-01  0.81940E-02  0.48807E-02
 0.18000E+01 -0.30254E-01  0.98816E-02  0.60347E-01  0.10289E+00  0.12526E+00  0.12669E+00  0.11438E+00  0.96766E-01  0.79251E-01  0.63840E-01  0.50620E-01  0.39166E-01  0.29200E-01  0.20688E-01  0.13725E-01  0.83949E-02
 0.20000E+01 -0.23298E-01 -0.12263E-01  0.23788E-01  0.68095E-01  0.10195E+00  0.11687E+00  0.11558E+00  0.10543E+00  0.92308E-01  0.78927E-01  0.65879E-01  0.53166E-01  0.40978E-01  0.29784E-01  0.20142E-01  0.12497E-01
 0.22000E+01 -0.14564E-01 -0.29975E-01 -0.80258E-02  0.36360E-01  0.79281E-01  0.10567E+00  0.11422E+00  0.11111E+00  0.10246E+00  0.91436E-01  0.78992E-01  0.65479E-01  0.51505E-01  0.38007E-01  0.25992E-01  0.16259E-01
 0.24000E+01 -0.56946E-02 -0.42667E-01 -0.33070E-01  0.10086E-01  0.59240E-01  0.94323E-01  0.11079E+00  0.11369E+00  0.10914E+00  0.10051E+00  0.88977E-01  0.75130E-01  0.59914E-01  0.44663E-01  0.30772E-01  0.19354E-01
 0.26000E+01  0.23486E-02 -0.50840E-01 -0.51303E-01 -0.10234E-01  0.42575E-01  0.83624E-01  0.10596E+00  0.11363E+00  0.11257E+00  0.10618E+00  0.95709E-01  0.81912E-01  0.65976E-01  0.49542E-01  0.34318E-01  0.21668E-01
 0.28000E+01  0.90578E-02 -0.55176E-01 -0.63241E-01 -0.24726E-01  0.29574E-01  0.74132E-01  0.10037E+00  0.11152E+00  0.11320E+00  0.10872E+00  0.99335E-01  0.85868E-01  0.69672E-01  0.52600E-01  0.36580E-01  0.23163E-01
 0.30000E+01  0.15434E-01 -0.56697E-01 -0.71158E-01 -0.35909E-01  0.18186E-01  0.64538E-01  0.93430E-01  0.10730E+00  0.11136E+00  0.10870E+00  0.10052E+00  0.87662E-01  0.71588E-01  0.54303E-01  0.37896E-01  0.24058E-01
