 0.00000E+00  0.71615E+00  0.31721E+00 -0.70988E-01 -0.14411E+00 -0.64539E-01 -0.73121E-04  0.22975E-01  0.24779E-01  0.19971E-01  0.14392E-01  0.97863E-02  0.64213E-02  0.41073E-02  0.25614E-02  0.15136E-02  0.76713E-03
 0.20000E+00  0.41012E+00  0.47375E+00  0.33188E+00  0.13172E+00  0.68007E-02 -0.37169E-01 -0.41178E-01 -0.33069E-01 -0.23745E-01 -0.16177E-01 -0.10699E-01 -0.69451E-02 -0.44483E-02 -0.28040E-02 -0.16837E-02 -0.86598E-03
 0.40000E+00 -0.10136E+00  0.25045E+00  0.42027E+00  0.30875E+00  0.13574E+00  0.32333E-01 -0.73298E-02 -0.16878E-01 -0.15905E-01 -0.12278E-01 -0.86787E-02 -0.58380E-02 -0.37993E-02 -0.23994E-02 -0.14317E-02 -0.73103E-03
 0.60000E+00 -0.11807E+00  0.10214E+00  0.27228E+00  0.27427E+00  0.19298E+00  0.11679E+00  0.67672E-01  0.39190E-01  0.22928E-01  0.13553E-01  0.80813E-02  0.48523E-02  0.29288E-02  0.17650E-02  0.10243E-02  0.51391E-03
 0.80000E+00 -0.57690E-01  0.21063E-01  0.14280E+00  0.21474E+00  0.21001E+00  0.16501E+00  0.11588E+00  0.77046E-01  0.49818E-01  0.31667E-01  0.19880E-01  0.12356E-01  0.76104E-02  0.46218E-02  0.26808E-02  0.13414E-02
 0.10000E+01 -0.12917E-01 -0.19492E-01  0.64346E-01  0.16880E+00  0.20686E+00  0.18260E+00  0.13688E+00  0.94647E-01  0.62783E-01  0.40642E-01  0.25875E-01  0.16269E-01  0.10121E-01  0.62020E-02  0.36260E-02  0.18256E-02
 0.12000E+01  0.14689E-01 -0.41328E-01  0.16962E-01  0.13635E+00  0.19806E+00  0.18689E+00  0.14480E+00  0.10202E+00  0.68481E-01  0.44696E-01  0.28630E-01  0.18089E-01  0.11298E-01  0.69465E-02  0.40730E-02  0.20550E-02
 0.14000E+01  0.30761E-01 -0.53722E-01 -0.12550E-01  0.11268E+00  0.18720E+00  0.18440E+00  0.14572E+00  0.10381E+00  0.70173E-01  0.46029E-01  0.29598E-01  0.18759E-01  0.11749E-01  0.72418E-02  0.42557E-02  0.21510E-02
 0.16000E+01  0.39390E-01 -0.60533E-01 -0.30922E-01  0.94743E-01  0.17533E+00  0.17792E+00  0.14249E+00  0.10228E+00  0.69497E-01  0.45773E-01  0.29543E-01  0.18794E-01  0.11816E-01  0.73139E-02  0.43159E-02  0.21889E-02
 0.18000E+01  0.43219E-01 -0.64018E-01 -0.42263E-01  0.80697E-01  0.16319E+00  0.16923E+00  0.13686E+00  0.98801E-01  0.67418E-01  0.44576E-01  0.28887E-01  0.18458E-01  0.11664E-01  0.72608E-02  0.43097E-02  0.21962E-02
 0.20000E+01  0.43375E-01 -0.64959E-01 -0.48246E-01  0.69516E-01  0.15065E+00  0.15864E+00  0.12922E+00  0.93716E-01  0.64201E-01  0.42631E-01  0.27767E-01  0.17851E-01  0.11361E-01  0.71315E-02  0.42692E-02  0.21906E-02
 0.22000E+01  0.41707E-01 -0.64663E-01 -0.51345E-01  0.60326E-01  0.13860E+00  0.14772E+00  0.12101E+00  0.88112E-01  0.60587E-01  0.40407E-01  0.26462E-01  0.17124E-01  0.10984E-01  0.69578E-02  0.42036E-02  0.21728E-02
 0.24000E+01  0.38302E-01 -0.63437E-01 -0.52059E-01  0.52718E-01  0.12681E+00  0.13635E+00  0.11221E+00  0.82000E-01  0.56602E-01  0.37938E-01  0.25006E-01  0.16312E-01  0.10564E-01  0.67643E-02  0.41313E-02  0.21537E-02
 0.26000E+01  0.33699E-01 -0.61408E-01 -0.50916E-01  0.46319E-01  0.11521E+00  0.12463E+00  0.10295E+00  0.75492E-01  0.52331E-01  0.35281E-01  0.23437E-01  0.15437E-01  0.10112E-01  0.65586E-02  0.40561E-02  0.21350E-02
 0.28000E+01  0.28150E-01 -0.58877E-01 -0.48464E-01  0.40799E-01  0.10375E+00  0.11264E+00  0.93340E-01  0.68689E-01  0.47847E-01  0.32486E-01  0.21786E-01  0.14518E-01  0.96399E-02  0.63462E-02  0.39808E-02  0.21178E-02
 0.30000E+01  0.23482E-01 -0.57019E-01 -0.47335E-01  0.34744E-01  0.92711E-01  0.10143E+00  0.84427E-01  0.62390E-01  0.43684E-01  0.29867E-01  0.20211E-01  0.13613E-01  0.91481E-02  0.61000E-02  0.38720E-02  0.20780E-02
