 0.00000E+00  0.69976E+00  0.32297E+00 -0.57716E-01 -0.14073E+00 -0.69344E-01 -0.57206E-02  0.19084E-01  0.22276E-01  0.18246E-01  0.13148E-01  0.88859E-02  0.57738E-02  0.36455E-02  0.22376E-02  0.12991E-02  0.64785E-03
 0.20000E+00  0.41805E+00  0.46819E+00  0.32332E+00  0.13014E+00  0.10224E-01 -0.33293E-01 -0.38331E-01 -0.31071E-01 -0.22292E-01 -0.15117E-01 -0.99409E-02 -0.64117E-02 -0.40768E-02 -0.25494E-02 -0.15182E-02 -0.77535E-03
 0.40000E+00 -0.83598E-01  0.24830E+00  0.41006E+00  0.30576E+00  0.13897E+00  0.35924E-01 -0.51733E-02 -0.15621E-01 -0.15022E-01 -0.11599E-01 -0.81637E-02 -0.54583E-02 -0.35257E-02 -0.22079E-02 -0.13054E-02 -0.66076E-03
 0.60000E+00 -0.12085E+00  0.10433E+00  0.27675E+00  0.27704E+00  0.19305E+00  0.11509E+00  0.65428E-01  0.37164E-01  0.21378E-01  0.12463E-01  0.73460E-02  0.43669E-02  0.26114E-02  0.15594E-02  0.89734E-03  0.44720E-03
 0.80000E+00 -0.67933E-01  0.23657E-01  0.15032E+00  0.21731E+00  0.20795E+00  0.16201E+00  0.11342E+00  0.75135E-01  0.48346E-01  0.30591E-01  0.19139E-01  0.11868E-01  0.72962E-02  0.44249E-02  0.25630E-02  0.12804E-02
 0.10000E+01 -0.20898E-01 -0.18924E-01  0.67542E-01  0.16892E+00  0.20562E+00  0.18236E+00  0.13738E+00  0.95053E-01  0.62838E-01  0.40461E-01  0.25604E-01  0.15990E-01  0.98676E-02  0.59907E-02  0.34673E-02  0.17299E-02
 0.12000E+01  0.85304E-02 -0.41256E-01  0.17814E-01  0.13433E+00  0.19604E+00  0.18697E+00  0.14604E+00  0.10312E+00  0.69041E-01  0.44840E-01  0.28553E-01  0.17917E-01  0.11099E-01  0.67602E-02  0.39233E-02  0.19615E-02
 0.14000E+01  0.25095E-01 -0.53199E-01 -0.11966E-01  0.10967E+00  0.18408E+00  0.18371E+00  0.14656E+00  0.10472E+00  0.70652E-01  0.46146E-01  0.29522E-01  0.18603E-01  0.11572E-01  0.70783E-02  0.41252E-02  0.20696E-02
 0.16000E+01  0.33455E-01 -0.59426E-01 -0.29789E-01  0.91480E-01  0.17137E+00  0.17629E+00  0.14257E+00  0.10268E+00  0.69672E-01  0.45724E-01  0.29386E-01  0.18607E-01  0.11637E-01  0.71611E-02  0.41999E-02  0.21183E-02
 0.18000E+01  0.36625E-01 -0.62372E-01 -0.40269E-01  0.77566E-01  0.15859E+00  0.16664E+00  0.13605E+00  0.98567E-01  0.67203E-01  0.44311E-01  0.28625E-01  0.18232E-01  0.11481E-01  0.71225E-02  0.42127E-02  0.21399E-02
 0.20000E+01  0.36440E-01 -0.63252E-01 -0.45988E-01  0.66535E-01  0.14592E+00  0.15566E+00  0.12796E+00  0.93159E-01  0.63809E-01  0.42289E-01  0.27484E-01  0.17633E-01  0.11202E-01  0.70205E-02  0.41970E-02  0.21508E-02
 0.22000E+01  0.33897E-01 -0.62830E-01 -0.48434E-01  0.57674E-01  0.13359E+00  0.14403E+00  0.11899E+00  0.86994E-01  0.59867E-01  0.39905E-01  0.26120E-01  0.16905E-01  0.10853E-01  0.68859E-02  0.41685E-02  0.21580E-02
 0.24000E+01  0.29869E-01 -0.61509E-01 -0.48660E-01  0.50355E-01  0.12161E+00  0.13206E+00  0.10951E+00  0.80380E-01  0.55598E-01  0.37309E-01  0.24630E-01  0.16108E-01  0.10472E-01  0.67391E-02  0.41381E-02  0.21667E-02
 0.26000E+01  0.24696E-01 -0.59586E-01 -0.47282E-01  0.44167E-01  0.10990E+00  0.11984E+00  0.99658E-01  0.73436E-01  0.51095E-01  0.34565E-01  0.23055E-01  0.15270E-01  0.10075E-01  0.65913E-02  0.41126E-02  0.21801E-02
 0.28000E+01  0.18590E-01 -0.57166E-01 -0.44612E-01  0.38853E-01  0.98322E-01  0.10736E+00  0.89435E-01  0.66184E-01  0.46376E-01  0.31686E-01  0.21406E-01  0.14396E-01  0.96657E-02  0.64439E-02  0.40925E-02  0.21985E-02
 0.30000E+01  0.12945E-01 -0.55168E-01 -0.42761E-01  0.33114E-01  0.86865E-01  0.95248E-01  0.79597E-01  0.59213E-01  0.41824E-01  0.28885E-01  0.19775E-01  0.13506E-01  0.92236E-02  0.62588E-02  0.40392E-02  0.21954E-02
