 0.00000E+00  0.70286E+00  0.31798E+00 -0.65368E-01 -0.14303E+00 -0.65543E-01  0.57850E-04  0.23714E-01  0.25115E-01  0.19790E-01  0.13957E-01  0.93161E-02  0.60138E-02  0.37875E-02  0.23255E-02  0.13529E-02  0.67638E-03
 0.20000E+00  0.41745E+00  0.47270E+00  0.32751E+00  0.12930E+00  0.59792E-02 -0.37433E-01 -0.40870E-01 -0.32237E-01 -0.22708E-01 -0.15214E-01 -0.99296E-02 -0.63781E-02 -0.40488E-02 -0.25322E-02 -0.15097E-02 -0.77200E-03
 0.40000E+00 -0.89248E-01  0.25448E+00  0.42049E+00  0.30923E+00  0.13455E+00  0.28959E-01 -0.10820E-01 -0.19151E-01 -0.16992E-01 -0.12659E-01 -0.87361E-02 -0.57752E-02 -0.37068E-02 -0.23135E-02 -0.13657E-02 -0.69087E-03
 0.60000E+00 -0.12680E+00  0.10234E+00  0.27966E+00  0.28106E+00  0.19507E+00  0.11509E+00  0.64634E-01  0.36375E-01  0.20820E-01  0.12117E-01  0.71458E-02  0.42568E-02  0.25544E-02  0.15327E-02  0.88673E-03  0.44399E-03
 0.80000E+00 -0.64377E-01  0.17014E-01  0.14220E+00  0.21649E+00  0.21291E+00  0.16778E+00  0.11760E+00  0.77639E-01  0.49748E-01  0.31366E-01  0.19572E-01  0.12113E-01  0.74366E-02  0.45047E-02  0.26066E-02  0.13011E-02
 0.10000E+01 -0.11925E-01 -0.25222E-01  0.55829E-01  0.16525E+00  0.21030E+00  0.18923E+00  0.14267E+00  0.98236E-01  0.64554E-01  0.41340E-01  0.26039E-01  0.16195E-01  0.99554E-02  0.60191E-02  0.34692E-02  0.17248E-02
 0.12000E+01  0.17976E-01 -0.45367E-01  0.76939E-02  0.13043E+00  0.19949E+00  0.19251E+00  0.15020E+00  0.10542E+00  0.70097E-01  0.45249E-01  0.28668E-01  0.17912E-01  0.11051E-01  0.67030E-02  0.38739E-02  0.19300E-02
 0.14000E+01  0.33544E-01 -0.55390E-01 -0.19637E-01  0.10638E+00  0.18659E+00  0.18786E+00  0.14946E+00  0.10604E+00  0.71002E-01  0.46065E-01  0.29305E-01  0.18377E-01  0.11379E-01  0.69266E-02  0.40175E-02  0.20075E-02
 0.16000E+01  0.40763E-01 -0.60250E-01 -0.35373E-01  0.88902E-01  0.17322E+00  0.17930E+00  0.14443E+00  0.10321E+00  0.69458E-01  0.45256E-01  0.28910E-01  0.18209E-01  0.11331E-01  0.69364E-02  0.40471E-02  0.20325E-02
 0.18000E+01  0.42923E-01 -0.62255E-01 -0.44237E-01  0.75580E-01  0.15991E+00  0.16869E+00  0.13703E+00  0.98443E-01  0.66542E-01  0.43547E-01  0.27954E-01  0.17708E-01  0.11095E-01  0.68474E-02  0.40298E-02  0.20386E-02
 0.20000E+01  0.41988E-01 -0.62575E-01 -0.48848E-01  0.65007E-01  0.14688E+00  0.15703E+00  0.12832E+00  0.92584E-01  0.62846E-01  0.41328E-01  0.26686E-01  0.17027E-01  0.10763E-01  0.67129E-02  0.39946E-02  0.20395E-02
 0.22000E+01  0.39042E-01 -0.61819E-01 -0.50610E-01  0.56436E-01  0.13428E+00  0.14490E+00  0.11891E+00  0.86108E-01  0.58704E-01  0.38816E-01  0.25241E-01  0.16247E-01  0.10381E-01  0.65564E-02  0.39526E-02  0.20396E-02
 0.24000E+01  0.34685E-01 -0.60335E-01 -0.50376E-01  0.49307E-01  0.12203E+00  0.13245E+00  0.10901E+00  0.79212E-01  0.54261E-01  0.36115E-01  0.23687E-01  0.15412E-01  0.99758E-02  0.63959E-02  0.39146E-02  0.20445E-02
 0.26000E+01  0.29288E-01 -0.58354E-01 -0.48696E-01  0.43258E-01  0.11008E+00  0.11981E+00  0.98788E-01  0.72027E-01  0.49614E-01  0.33287E-01  0.22063E-01  0.14544E-01  0.95617E-02  0.62382E-02  0.38837E-02  0.20554E-02
 0.28000E+01  0.22998E-01 -0.55950E-01 -0.45816E-01  0.38043E-01  0.98263E-01  0.10690E+00  0.88190E-01  0.64530E-01  0.44751E-01  0.30327E-01  0.20369E-01  0.13645E-01  0.91394E-02  0.60845E-02  0.38610E-02  0.20729E-02
 0.30000E+01  0.17229E-01 -0.53938E-01 -0.43780E-01  0.32380E-01  0.86593E-01  0.94433E-01  0.78049E-01  0.57364E-01  0.40085E-01  0.27459E-01  0.18698E-01  0.12730E-01  0.86813E-02  0.58890E-02  0.38013E-02  0.20664E-02
