 0.00000E+00  0.57600E+00  0.34410E+00  0.28906E-01 -0.99866E-01 -0.82165E-01 -0.37394E-01 -0.10385E-01  0.37896E-03  0.32986E-02  0.33242E-02  0.25408E-02  0.17063E-02  0.10466E-02  0.58919E-03  0.29872E-03  0.12852E-03
 0.20000E+00  0.49996E+00  0.46553E+00  0.26967E+00  0.93844E-01  0.72000E-02 -0.19288E-01 -0.21408E-01 -0.16835E-01 -0.11789E-01 -0.78320E-02 -0.50448E-02 -0.31759E-02 -0.19595E-02 -0.11810E-02 -0.67547E-03 -0.33313E-03
 0.40000E+00  0.30335E-02  0.22653E+00  0.34623E+00  0.28161E+00  0.15453E+00  0.62749E-01  0.17904E-01  0.84146E-03 -0.40710E-02 -0.45348E-02 -0.36639E-02 -0.26003E-02 -0.17084E-02 -0.10563E-02 -0.60525E-03 -0.29639E-03
 0.60000E+00 -0.12423E+00  0.92673E-01  0.27580E+00  0.28967E+00  0.20683E+00  0.12288E+00  0.67758E-01  0.36602E-01  0.19778E-01  0.10736E-01  0.58356E-02  0.31578E-02  0.16888E-02  0.88159E-03  0.43487E-03  0.18675E-03
 0.80000E+00 -0.11432E+00  0.24573E-01  0.18242E+00  0.24219E+00  0.21406E+00  0.15645E+00  0.10382E+00  0.65466E-01  0.40177E-01  0.24255E-01  0.14424E-01  0.84274E-02  0.48136E-02  0.26616E-02  0.13839E-02  0.62390E-03
 0.10000E+01 -0.80202E-01 -0.92767E-02  0.11124E+00  0.19317E+00  0.20354E+00  0.16850E+00  0.12175E+00  0.81359E-01  0.52059E-01  0.32457E-01  0.19826E-01  0.11867E-01  0.69423E-02  0.39396E-02  0.21088E-02  0.97825E-03
 0.12000E+01 -0.52328E-01 -0.26429E-01  0.63578E-01  0.15301E+00  0.18550E+00  0.16624E+00  0.12615E+00  0.87200E-01  0.57291E-01  0.36561E-01  0.22853E-01  0.14026E-01  0.84519E-02  0.49751E-02  0.27797E-02  0.13436E-02
 0.14000E+01 -0.34077E-01 -0.35042E-01  0.33015E-01  0.12208E+00  0.16561E+00  0.15671E+00  0.12295E+00  0.87160E-01  0.58546E-01  0.38174E-01  0.24413E-01  0.15381E-01  0.95634E-02  0.58463E-02  0.34061E-02  0.17089E-02
 0.16000E+01 -0.22192E-01 -0.39979E-01  0.12311E-01  0.98490E-01  0.14777E+00  0.14594E+00  0.11753E+00  0.85049E-01  0.58207E-01  0.38660E-01  0.25214E-01  0.16239E-01  0.10358E-01  0.65195E-02  0.39154E-02  0.20148E-02
 0.18000E+01 -0.15143E-01 -0.42565E-01 -0.16686E-02  0.79721E-01  0.13094E+00  0.13392E+00  0.11029E+00  0.81362E-01  0.56722E-01  0.38381E-01  0.25531E-01  0.16806E-01  0.10985E-01  0.71034E-02  0.43809E-02  0.23025E-02
 0.20000E+01 -0.11731E-01 -0.43659E-01 -0.11021E-01  0.64218E-01  0.11466E+00  0.12089E+00  0.10172E+00  0.76580E-01  0.54479E-01  0.37626E-01  0.25573E-01  0.17229E-01  0.11548E-01  0.76669E-02  0.48473E-02  0.25961E-02
 0.22000E+01 -0.10954E-01 -0.43745E-01 -0.17051E-01  0.51180E-01  0.98980E-01  0.10734E+00  0.92365E-01  0.71133E-01  0.51781E-01  0.36592E-01  0.25460E-01  0.17577E-01  0.12083E-01  0.82294E-02  0.53230E-02  0.28987E-02
 0.24000E+01 -0.12070E-01 -0.43101E-01 -0.20651E-01  0.40000E-01  0.83833E-01  0.93517E-01  0.82529E-01  0.65283E-01  0.48813E-01  0.35401E-01  0.25269E-01  0.17896E-01  0.12618E-01  0.88042E-02  0.58143E-02  0.32129E-02
 0.26000E+01 -0.14632E-01 -0.41934E-01 -0.22456E-01  0.30183E-01  0.69060E-01  0.79479E-01  0.72342E-01  0.59154E-01  0.45672E-01  0.34123E-01  0.25047E-01  0.18217E-01  0.13172E-01  0.94044E-02  0.63292E-02  0.35427E-02
 0.28000E+01 -0.18400E-01 -0.40373E-01 -0.22840E-01  0.21415E-01  0.54526E-01  0.65218E-01  0.61849E-01  0.52798E-01  0.42405E-01  0.32794E-01  0.24820E-01  0.18558E-01  0.13757E-01  0.10038E-01  0.68728E-02  0.38909E-02
 0.30000E+01 -0.21279E-01 -0.39050E-01 -0.23976E-01  0.12447E-01  0.40486E-01  0.51686E-01  0.51947E-01  0.46792E-01  0.39292E-01  0.31494E-01  0.24555E-01  0.18830E-01  0.14263E-01  0.10597E-01  0.73557E-02  0.42013E-02
