 0.00000E+00  0.60515E+00  0.36587E+00  0.12766E+00 -0.36942E-01 -0.11012E+00 -0.11656E+00 -0.92174E-01 -0.62601E-01 -0.39003E-01 -0.23225E-01 -0.13554E-01 -0.78500E-02 -0.45219E-02 -0.25761E-02 -0.14333E-02 -0.76480E-03
 0.20000E+00  0.43881E+00  0.38064E+00  0.28099E+00  0.17517E+00  0.90128E-01  0.35490E-01  0.71079E-02 -0.43828E-02 -0.72840E-02 -0.67476E-02 -0.52660E-02 -0.37973E-02 -0.26082E-02 -0.17162E-02 -0.10735E-02 -0.62871E-03
 0.40000E+00  0.67192E-01  0.16788E+00  0.22751E+00  0.23244E+00  0.19600E+00  0.14313E+00  0.93912E-01  0.57231E-01  0.33372E-01  0.19062E-01  0.10823E-01  0.61424E-02  0.34792E-02  0.19524E-02  0.10715E-02  0.56487E-03
 0.60000E+00 -0.27976E-01  0.83672E-01  0.16764E+00  0.20105E+00  0.18834E+00  0.15014E+00  0.10701E+00  0.70808E-01  0.44826E-01  0.27759E-01  0.17038E-01  0.10418E-01  0.63323E-02  0.37939E-02  0.22080E-02  0.12241E-02
 0.80000E+00 -0.46321E-01  0.51185E-01  0.13013E+00  0.16802E+00  0.16518E+00  0.13720E+00  0.10165E+00  0.69804E-01  0.45757E-01  0.29246E-01  0.18462E-01  0.11569E-01  0.71841E-02  0.43835E-02  0.25902E-02  0.14537E-02
 0.10000E+01 -0.48541E-01  0.36773E-01  0.10859E+00  0.14600E+00  0.14744E+00  0.12533E+00  0.94874E-01  0.66468E-01  0.44369E-01  0.28814E-01  0.18440E-01  0.11690E-01  0.73304E-02  0.45095E-02  0.26823E-02  0.15133E-02
 0.12000E+01 -0.47505E-01  0.28711E-01  0.94583E-01  0.13065E+00  0.13434E+00  0.11598E+00  0.89061E-01  0.63215E-01  0.42689E-01  0.28001E-01  0.18070E-01  0.11536E-01  0.72758E-02  0.44974E-02  0.26855E-02  0.15197E-02
 0.14000E+01 -0.45572E-01  0.23179E-01  0.83885E-01  0.11840E+00  0.12353E+00  0.10799E+00  0.83859E-01  0.60131E-01  0.40968E-01  0.27075E-01  0.17582E-01  0.11283E-01  0.71468E-02  0.44331E-02  0.26545E-02  0.15055E-02
 0.16000E+01 -0.43257E-01  0.18937E-01  0.74922E-01  0.10780E+00  0.11392E+00  0.10067E+00  0.78951E-01  0.57107E-01  0.39202E-01  0.26072E-01  0.17019E-01  0.10968E-01  0.69719E-02  0.43370E-02  0.26029E-02  0.14788E-02
 0.18000E+01 -0.40784E-01  0.15537E-01  0.67154E-01  0.98338E-01  0.10515E+00  0.93852E-01  0.74250E-01  0.54122E-01  0.37399E-01  0.25010E-01  0.16399E-01  0.10607E-01  0.67629E-02  0.42173E-02  0.25360E-02  0.14429E-02
 0.20000E+01 -0.38304E-01  0.12769E-01  0.60369E-01  0.89872E-01  0.97145E-01  0.87494E-01  0.69770E-01  0.51208E-01  0.35592E-01  0.23916E-01  0.15743E-01  0.10216E-01  0.65300E-02  0.40806E-02  0.24579E-02  0.14003E-02
 0.22000E+01 -0.35924E-01  0.10500E-01  0.54454E-01  0.82328E-01  0.89885E-01  0.81624E-01  0.65553E-01  0.48408E-01  0.33819E-01  0.22820E-01  0.15073E-01  0.98075E-02  0.62831E-02  0.39334E-02  0.23726E-02  0.13532E-02
 0.24000E+01 -0.33701E-01  0.86264E-02  0.49294E-01  0.75624E-01  0.83332E-01  0.76241E-01  0.61623E-01  0.45754E-01  0.32109E-01  0.21746E-01  0.14406E-01  0.93960E-02  0.60312E-02  0.37816E-02  0.22839E-02  0.13039E-02
 0.26000E+01 -0.31655E-01  0.70618E-02  0.44775E-01  0.69654E-01  0.77415E-01  0.71314E-01  0.57974E-01  0.43254E-01  0.30477E-01  0.20707E-01  0.13753E-01  0.89893E-02  0.57798E-02  0.36289E-02  0.21940E-02  0.12536E-02
 0.28000E+01 -0.29786E-01  0.57429E-02  0.40799E-01  0.64320E-01  0.72062E-01  0.66800E-01  0.54589E-01  0.40906E-01  0.28925E-01  0.19709E-01  0.13120E-01  0.85911E-02  0.55320E-02  0.34774E-02  0.21044E-02  0.12033E-02
 0.30000E+01 -0.27645E-01  0.43930E-02  0.36476E-01  0.58416E-01  0.66052E-01  0.61664E-01  0.50686E-01  0.38164E-01  0.27092E-01  0.18517E-01  0.12358E-01  0.81080E-02  0.52293E-02  0.32914E-02  0.19938E-02  0.11409E-02
 0.00000E+00  0.60515E+00  0.36587E+00  0.12766E+00 -0.36942E-01 -0.11012E+00 -0.11656E+00 -0.92174E-01 -0.62601E-01 -0.39003E-01 -0.23225E-01 -0.13554E-01 -0.78500E-02 -0.45219E-02 -0.25761E-02 -0.14333E-02 -0.76480E-03
 0.20000E+00  0.43881E+00  0.38064E+00  0.28099E+00  0.17517E+00  0.90128E-01  0.35490E-01  0.71079E-02 -0.43828E-02 -0.72840E-02 -0.67476E-02 -0.52660E-02 -0.37973E-02 -0.26082E-02 -0.17162E-02 -0.10735E-02 -0.62871E-03
 0.40000E+00  0.67192E-01  0.16788E+00  0.22751E+00  0.23244E+00  0.19600E+00  0.14313E+00  0.93912E-01  0.57231E-01  0.33372E-01  0.19062E-01  0.10823E-01  0.61424E-02  0.34792E-02  0.19524E-02  0.10715E-02  0.56487E-03
 0.60000E+00 -0.27976E-01  0.83672E-01  0.16764E+00  0.20105E+00  0.18834E+00  0.15014E+00  0.10701E+00  0.70808E-01  0.44826E-01  0.27759E-01  0.17038E-01  0.10418E-01  0.63323E-02  0.37939E-02  0.22080E-02  0.12241E-02
 0.80000E+00 -0.46321E-01  0.51185E-01  0.13013E+00  0.16802E+00  0.16518E+00  0.13720E+00  0.10165E+00  0.69804E-01  0.45757E-01  0.29246E-01  0.18462E-01  0.11569E-01  0.71841E-02  0.43835E-02  0.25902E-02  0.14537E-02
 0.10000E+01 -0.48541E-01  0.36773E-01  0.10859E+00  0.14600E+00  0.14744E+00  0.12533E+00  0.94874E-01  0.66468E-01  0.44369E-01  0.28814E-01  0.18440E-01  0.11690E-01  0.73304E-02  0.45095E-02  0.26823E-02  0.15133E-02
 0.12000E+01 -0.47505E-01  0.28711E-01  0.94583E-01  0.13065E+00  0.13434E+00  0.11598E+00  0.89061E-01  0.63215E-01  0.42689E-01  0.28001E-01  0.18070E-01  0.11536E-01  0.72758E-02  0.44974E-02  0.26855E-02  0.15197E-02
 0.14000E+01 -0.45572E-01  0.23179E-01  0.83885E-01  0.11840E+00  0.12353E+00  0.10799E+00  0.83859E-01  0.60131E-01  0.40968E-01  0.27075E-01  0.17582E-01  0.11283E-01  0.71468E-02  0.44331E-02  0.26545E-02  0.15055E-02
 0.16000E+01 -0.43257E-01  0.18937E-01  0.74922E-01  0.10780E+00  0.11392E+00  0.10067E+00  0.78951E-01  0.57107E-01  0.39202E-01  0.26072E-01  0.17019E-01  0.10968E-01  0.69719E-02  0.43370E-02  0.26029E-02  0.14788E-02
 0.18000E+01 -0.40784E-01  0.15537E-01  0.67154E-01  0.98338E-01  0.10515E+00  0.93852E-01  0.74250E-01  0.54122E-01  0.37399E-01  0.25010E-01  0.16399E-01  0.10607E-01  0.67629E-02  0.42173E-02  0.25360E-02  0.14429E-02
 0.20000E+01 -0.38304E-01  0.12769E-01  0.60369E-01  0.89872E-01  0.97145E-01  0.87494E-01  0.69770E-01  0.51208E-01  0.35592E-01  0.23916E-01  0.15743E-01  0.10216E-01  0.65300E-02  0.40806E-02  0.24579E-02  0.14003E-02
 0.22000E+01 -0.35924E-01  0.10500E-01  0.54454E-01  0.82328E-01  0.89885E-01  0.81624E-01  0.65553E-01  0.48408E-01  0.33819E-01  0.22820E-01  0.15073E-01  0.98075E-02  0.62831E-02  0.39334E-02  0.23726E-02  0.13532E-02
 0.24000E+01 -0.33701E-01  0.86264E-02  0.49294E-01  0.75624E-01  0.83332E-01  0.76241E-01  0.61623E-01  0.45754E-01  0.32109E-01  0.21746E-01  0.14406E-01  0.93960E-02  0.60312E-02  0.37816E-02  0.22839E-02  0.13039E-02
 0.26000E+01 -0.31655E-01  0.70618E-02  0.44775E-01  0.69654E-01  0.77415E-01  0.71314E-01  0.57974E-01  0.43254E-01  0.30477E-01  0.20707E-01  0.13753E-01  0.89893E-02  0.57798E-02  0.36289E-02  0.21940E-02  0.12536E-02
 0.28000E+01 -0.29786E-01  0.57429E-02  0.40799E-01  0.64320E-01  0.72062E-01  0.66800E-01  0.54589E-01  0.40906E-01  0.28925E-01  0.19709E-01  0.13120E-01  0.85911E-02  0.55320E-02  0.34774E-02  0.21044E-02  0.12033E-02
 0.30000E+01 -0.27645E-01  0.43930E-02  0.36476E-01  0.58416E-01  0.66052E-01  0.61664E-01  0.50686E-01  0.38164E-01  0.27092E-01  0.18517E-01  0.12358E-01  0.81080E-02  0.52293E-02  0.32914E-02  0.19938E-02  0.11409E-02
