 0.00000E+00  0.76100E+00  0.29586E+00 -0.10737E+00 -0.15008E+00 -0.46300E-01  0.23049E-01  0.40161E-01  0.34028E-01  0.23358E-01  0.14503E-01  0.84411E-02  0.46398E-02  0.23862E-02  0.11139E-02  0.44395E-03  0.13770E-03
 0.20000E+00  0.35729E+00  0.48723E+00  0.36934E+00  0.14183E+00 -0.10129E-01 -0.60652E-01 -0.58954E-01 -0.43040E-01 -0.28033E-01 -0.17263E-01 -0.10277E-01 -0.59608E-02 -0.33718E-02 -0.18496E-02 -0.95890E-03 -0.43330E-03
 0.40000E+00 -0.10387E+00  0.27289E+00  0.43654E+00  0.30377E+00  0.11930E+00  0.15753E-01 -0.18401E-01 -0.21793E-01 -0.16537E-01 -0.10728E-01 -0.63648E-02 -0.35064E-02 -0.17742E-02 -0.79021E-03 -0.28159E-03 -0.66846E-04
 0.60000E+00 -0.11476E+00  0.10316E+00  0.27446E+00  0.28141E+00  0.20188E+00  0.12274E+00  0.69878E-01  0.39148E-01  0.22030E-01  0.12525E-01  0.71948E-02  0.41687E-02  0.24313E-02  0.14174E-02  0.79773E-03  0.39041E-03
 0.80000E+00 -0.44051E-01  0.21507E-02  0.12439E+00  0.22259E+00  0.23440E+00  0.18823E+00  0.13001E+00  0.82579E-01  0.50026E-01  0.29418E-01  0.16895E-01  0.94736E-02  0.51625E-02  0.27030E-02  0.13206E-02  0.55938E-03
 0.10000E+01  0.10711E-01 -0.46052E-01  0.32322E-01  0.17040E+00  0.23306E+00  0.21061E+00  0.15474E+00  0.10160E+00  0.62553E-01  0.36939E-01  0.21081E-01  0.11612E-01  0.61193E-02  0.30252E-02  0.13500E-02  0.50806E-03
 0.12000E+01  0.36805E-01 -0.64709E-01 -0.13652E-01  0.13283E+00  0.21533E+00  0.20620E+00  0.15573E+00  0.10373E+00  0.64325E-01  0.38074E-01  0.21689E-01  0.11869E-01  0.61733E-02  0.29786E-02  0.12733E-02  0.44869E-03
 0.14000E+01  0.44846E-01 -0.69574E-01 -0.33992E-01  0.10632E+00  0.19213E+00  0.18972E+00  0.14527E+00  0.97482E-01  0.60708E-01  0.36024E-01  0.20550E-01  0.11251E-01  0.58495E-02  0.28176E-02  0.12002E-02  0.42052E-03
 0.16000E+01  0.43185E-01 -0.68164E-01 -0.40914E-01  0.87037E-01  0.16793E+00  0.16841E+00  0.12978E+00  0.87423E-01  0.54629E-01  0.32545E-01  0.18666E-01  0.10302E-01  0.54235E-02  0.26687E-02  0.11795E-02  0.43763E-03
 0.18000E+01  0.36687E-01 -0.63957E-01 -0.40906E-01  0.72437E-01  0.14459E+00  0.14578E+00  0.11251E+00  0.75927E-01  0.47607E-01  0.28533E-01  0.16526E-01  0.92626E-02  0.49983E-02  0.25612E-02  0.12081E-02  0.49006E-03
 0.20000E+01  0.27192E-01 -0.58205E-01 -0.36611E-01  0.61017E-01  0.12210E+00  0.12256E+00  0.94283E-01  0.63613E-01  0.40053E-01  0.24236E-01  0.14270E-01  0.82078E-02  0.46082E-02  0.25081E-02  0.12888E-02  0.57719E-03
 0.22000E+01  0.16317E-01 -0.51827E-01 -0.30036E-01  0.51853E-01  0.10094E+00  0.99845E-01  0.76128E-01  0.51252E-01  0.32454E-01  0.19928E-01  0.12034E-01  0.71907E-02  0.42621E-02  0.24973E-02  0.14036E-02  0.68552E-03
 0.24000E+01  0.49598E-02 -0.45303E-01 -0.22312E-01  0.44337E-01  0.81217E-01  0.78094E-01  0.58542E-01  0.39217E-01  0.25051E-01  0.15747E-01  0.98862E-02  0.62380E-02  0.39643E-02  0.25225E-02  0.15437E-02  0.80832E-03
 0.26000E+01 -0.66569E-02 -0.38856E-01 -0.13935E-01  0.38079E-01  0.62795E-01  0.57335E-01  0.41607E-01  0.27583E-01  0.17893E-01  0.11719E-01  0.78363E-02  0.53500E-02  0.37100E-02  0.25773E-02  0.17029E-02  0.94162E-03
 0.28000E+01 -0.18269E-01 -0.32465E-01 -0.51868E-02  0.32685E-01  0.45336E-01  0.37341E-01  0.25183E-01  0.16268E-01  0.10931E-01  0.78139E-02  0.58648E-02  0.45133E-02  0.34902E-02  0.26554E-02  0.18773E-02  0.10831E-02
 0.30000E+01 -0.28233E-01 -0.27214E-01  0.14526E-02  0.26764E-01  0.29176E-01  0.19379E-01  0.10617E-01  0.62914E-02  0.47981E-02  0.43595E-02  0.41004E-02  0.37413E-02  0.32604E-02  0.26911E-02  0.20048E-02  0.11918E-02
