 0.00000E+00  0.70373E+00  0.31888E+00 -0.63875E-01 -0.14052E+00 -0.63650E-01  0.26600E-03  0.22661E-01  0.23326E-01  0.17552E-01  0.11527E-01  0.69408E-02  0.38728E-02  0.19765E-02  0.88327E-03  0.31451E-03  0.74758E-04
 0.20000E+00  0.42190E+00  0.47426E+00  0.32402E+00  0.12314E+00  0.54595E-03 -0.40849E-01 -0.42411E-01 -0.32303E-01 -0.21741E-01 -0.13676E-01 -0.82092E-02 -0.47316E-02 -0.26133E-02 -0.13689E-02 -0.66264E-03 -0.27756E-03
 0.40000E+00 -0.96070E-01  0.25084E+00  0.42048E+00  0.31055E+00  0.13670E+00  0.31867E-01 -0.77212E-02 -0.16107E-01 -0.13990E-01 -0.97519E-02 -0.60530E-02 -0.34292E-02 -0.17559E-02 -0.77527E-03 -0.26442E-03 -0.54659E-04
 0.60000E+00 -0.12406E+00  0.99919E-01  0.27850E+00  0.28552E+00  0.20294E+00  0.12262E+00  0.69876E-01  0.39231E-01  0.21991E-01  0.12334E-01  0.69126E-02  0.38634E-02  0.21469E-02  0.11774E-02  0.61832E-03  0.28395E-03
 0.80000E+00 -0.64585E-01  0.16894E-01  0.14729E+00  0.22609E+00  0.22171E+00  0.17259E+00  0.11837E+00  0.75575E-01  0.46148E-01  0.27269E-01  0.15645E-01  0.86965E-02  0.46477E-02  0.23503E-02  0.10886E-02  0.43215E-03
 0.10000E+01 -0.15966E-01 -0.25186E-01  0.63537E-01  0.17574E+00  0.21649E+00  0.18915E+00  0.13810E+00  0.91344E-01  0.56922E-01  0.34005E-01  0.19585E-01  0.10853E-01  0.57335E-02  0.28299E-02  0.12566E-02  0.47029E-03
 0.12000E+01  0.12794E-01 -0.45399E-01  0.14731E-01  0.13792E+00  0.20061E+00  0.18676E+00  0.14054E+00  0.94468E-01  0.59416E-01  0.35685E-01  0.20608E-01  0.11425E-01  0.60222E-02  0.29547E-02  0.12973E-02  0.47736E-03
 0.14000E+01  0.26953E-01 -0.53771E-01 -0.12178E-01  0.10968E+00  0.18030E+00  0.17440E+00  0.13350E+00  0.90562E-01  0.57295E-01  0.34564E-01  0.20039E-01  0.11156E-01  0.59120E-02  0.29237E-02  0.13001E-02  0.48745E-03
 0.16000E+01  0.31494E-01 -0.55435E-01 -0.25467E-01  0.88208E-01  0.15835E+00  0.15682E+00  0.12127E+00  0.82761E-01  0.52613E-01  0.31900E-01  0.18611E-01  0.10451E-01  0.56103E-02  0.28330E-02  0.13031E-02  0.51224E-03
 0.18000E+01  0.29911E-01 -0.53221E-01 -0.30220E-01  0.71543E-01  0.13618E+00  0.13671E+00  0.10634E+00  0.72892E-01  0.46566E-01  0.28420E-01  0.16737E-01  0.95295E-02  0.52245E-02  0.27273E-02  0.13196E-02  0.55300E-03
 0.20000E+01  0.24424E-01 -0.48717E-01 -0.29502E-01  0.58370E-01  0.11451E+00  0.11557E+00  0.90129E-01  0.61991E-01  0.39832E-01  0.24534E-01  0.14649E-01  0.85122E-02  0.48099E-02  0.26265E-02  0.13527E-02  0.60797E-03
 0.22000E+01  0.16395E-01 -0.42833E-01 -0.25156E-01  0.47836E-01  0.93640E-01  0.94192E-01  0.73403E-01  0.50640E-01  0.32792E-01  0.20471E-01  0.12475E-01  0.74648E-02  0.43959E-02  0.25404E-02  0.14033E-02  0.67539E-03
 0.24000E+01  0.68965E-02 -0.36232E-01 -0.18562E-01  0.39317E-01  0.73872E-01  0.73241E-01  0.56790E-01  0.39300E-01  0.25744E-01  0.16407E-01  0.10310E-01  0.64328E-02  0.39999E-02  0.24717E-02  0.14681E-02  0.75166E-03
 0.26000E+01 -0.34189E-02 -0.29301E-01 -0.10606E-01  0.32306E-01  0.55216E-01  0.52972E-01  0.40568E-01  0.28184E-01  0.18829E-01  0.12425E-01  0.81979E-02  0.54364E-02  0.36285E-02  0.24202E-02  0.15442E-02  0.83429E-03
 0.28000E+01 -0.14312E-01 -0.22192E-01 -0.16927E-02  0.26455E-01  0.37490E-01  0.33319E-01  0.24724E-01  0.17296E-01  0.12054E-01  0.85314E-02  0.61428E-02  0.44782E-02  0.32832E-02  0.23866E-02  0.16322E-02  0.92340E-03
 0.30000E+01 -0.22339E-01 -0.16814E-01  0.39889E-02  0.19904E-01  0.21687E-01  0.16444E-01  0.11312E-01  0.81452E-02  0.63825E-02  0.52794E-02  0.44288E-02  0.36792E-02  0.29947E-02  0.23576E-02  0.17045E-02  0.99696E-03
