 0.00000E+00  0.66391E+00  0.36604E+00  0.92156E-01 -0.76503E-01 -0.13154E+00 -0.11401E+00 -0.71862E-01 -0.34549E-01 -0.11247E-01 -0.12298E-04  0.39543E-02  0.44795E-02  0.37353E-02  0.27148E-02  0.17946E-02  0.10858E-02
 0.20000E+00  0.37690E+00  0.35836E+00  0.28699E+00  0.19003E+00  0.98548E-01  0.32100E-01 -0.54715E-02 -0.20688E-01 -0.22862E-01 -0.19388E-01 -0.14541E-01 -0.10174E-01 -0.67985E-02 -0.43641E-02 -0.26739E-02 -0.15409E-02
 0.40000E+00  0.70370E-01  0.19278E+00  0.25752E+00  0.25050E+00  0.19372E+00  0.12250E+00  0.62954E-01  0.24411E-01  0.43635E-02 -0.37722E-02 -0.57914E-02 -0.52967E-02 -0.40719E-02 -0.28410E-02 -0.18352E-02 -0.10949E-02
 0.60000E+00 -0.32028E-01  0.10562E+00  0.20251E+00  0.23291E+00  0.20685E+00  0.15338E+00  0.99032E-01  0.57426E-01  0.30719E-01  0.15533E-01  0.75831E-02  0.36312E-02  0.17198E-02  0.80556E-03  0.37026E-03  0.16473E-03
 0.80000E+00 -0.61034E-01  0.51669E-01  0.14456E+00  0.19099E+00  0.19009E+00  0.15899E+00  0.11791E+00  0.80464E-01  0.52012E-01  0.32584E-01  0.20109E-01  0.12335E-01  0.75269E-02  0.45353E-02  0.26581E-02  0.14847E-02
 0.10000E+01 -0.58606E-01  0.21337E-01  0.98130E-01  0.14844E+00  0.16400E+00  0.15125E+00  0.12332E+00  0.92111E-01  0.64685E-01  0.43572E-01  0.28567E-01  0.18393E-01  0.11654E-01  0.72252E-02  0.43254E-02  0.24538E-02
 0.12000E+01 -0.48569E-01  0.55712E-02  0.66873E-01  0.11581E+00  0.14015E+00  0.13926E+00  0.12097E+00  0.95289E-01  0.69898E-01  0.48745E-01  0.32831E-01  0.21575E-01  0.13880E-01  0.87033E-02  0.52537E-02  0.29983E-02
 0.14000E+01 -0.39397E-01 -0.26102E-02  0.47016E-01  0.93047E-01  0.12147E+00  0.12753E+00  0.11556E+00  0.94075E-01  0.70786E-01  0.50336E-01  0.34406E-01  0.22862E-01  0.14830E-01  0.93561E-02  0.56732E-02  0.32483E-02
 0.16000E+01 -0.32483E-01 -0.70378E-02  0.34237E-01  0.77238E-01  0.10730E+00  0.11733E+00  0.10947E+00  0.91064E-01  0.69641E-01  0.50130E-01  0.34582E-01  0.23138E-01  0.15088E-01  0.95553E-02  0.58106E-02  0.33339E-02
 0.18000E+01 -0.27431E-01 -0.95621E-02  0.25665E-01  0.65900E-01  0.96379E-01  0.10871E+00  0.10358E+00  0.87478E-01  0.67649E-01  0.49103E-01  0.34087E-01  0.22915E-01  0.14996E-01  0.95230E-02  0.58025E-02  0.33342E-02
 0.20000E+01 -0.23684E-01 -0.11062E-01  0.19644E-01  0.57433E-01  0.87719E-01  0.10137E+00  0.98147E-01  0.83819E-01  0.65349E-01  0.47723E-01  0.33280E-01  0.22451E-01  0.14731E-01  0.93736E-02  0.57200E-02  0.32905E-02
 0.22000E+01 -0.20836E-01 -0.11971E-01  0.15242E-01  0.50878E-01  0.80656E-01  0.95064E-01  0.93195E-01  0.80279E-01  0.62980E-01  0.46206E-01  0.32336E-01  0.21872E-01  0.14381E-01  0.91650E-02  0.55993E-02  0.32238E-02
 0.24000E+01 -0.18608E-01 -0.12523E-01  0.11908E-01  0.45633E-01  0.74744E-01  0.89551E-01  0.88684E-01  0.76922E-01  0.60646E-01  0.44658E-01  0.31340E-01  0.21244E-01  0.13991E-01  0.89279E-02  0.54596E-02  0.31456E-02
 0.26000E+01 -0.16815E-01 -0.12846E-01  0.93024E-02  0.41311E-01  0.69672E-01  0.84653E-01  0.84546E-01  0.73752E-01  0.58385E-01  0.43123E-01  0.30333E-01  0.20598E-01  0.13584E-01  0.86773E-02  0.53106E-02  0.30616E-02
 0.28000E+01 -0.15341E-01 -0.13017E-01  0.72170E-02  0.37665E-01  0.65235E-01  0.80235E-01  0.80716E-01  0.70751E-01  0.56203E-01  0.41618E-01  0.29331E-01  0.19948E-01  0.13171E-01  0.84208E-02  0.51571E-02  0.29746E-02
 0.30000E+01 -0.13793E-01 -0.13014E-01  0.52066E-02  0.33843E-01  0.60348E-01  0.75187E-01  0.76208E-01  0.67133E-01  0.53517E-01  0.39734E-01  0.28060E-01  0.19113E-01  0.12635E-01  0.80855E-02  0.49553E-02  0.28597E-02
 0.00000E+00  0.66391E+00  0.36604E+00  0.92156E-01 -0.76503E-01 -0.13154E+00 -0.11401E+00 -0.71862E-01 -0.34549E-01 -0.11247E-01 -0.12298E-04  0.39543E-02  0.44795E-02  0.37353E-02  0.27148E-02  0.17946E-02  0.10858E-02
 0.20000E+00  0.37690E+00  0.35836E+00  0.28699E+00  0.19003E+00  0.98548E-01  0.32100E-01 -0.54715E-02 -0.20688E-01 -0.22862E-01 -0.19388E-01 -0.14541E-01 -0.10174E-01 -0.67985E-02 -0.43641E-02 -0.26739E-02 -0.15409E-02
 0.40000E+00  0.70370E-01  0.19278E+00  0.25752E+00  0.25050E+00  0.19372E+00  0.12250E+00  0.62954E-01  0.24411E-01  0.43635E-02 -0.37722E-02 -0.57914E-02 -0.52967E-02 -0.40719E-02 -0.28410E-02 -0.18352E-02 -0.10949E-02
 0.60000E+00 -0.32028E-01  0.10562E+00  0.20251E+00  0.23291E+00  0.20685E+00  0.15338E+00  0.99032E-01  0.57426E-01  0.30719E-01  0.15533E-01  0.75831E-02  0.36312E-02  0.17198E-02  0.80556E-03  0.37026E-03  0.16473E-03
 0.80000E+00 -0.61034E-01  0.51669E-01  0.14456E+00  0.19099E+00  0.19009E+00  0.15899E+00  0.11791E+00  0.80464E-01  0.52012E-01  0.32584E-01  0.20109E-01  0.12335E-01  0.75269E-02  0.45353E-02  0.26581E-02  0.14847E-02
 0.10000E+01 -0.58606E-01  0.21337E-01  0.98130E-01  0.14844E+00  0.16400E+00  0.15125E+00  0.12332E+00  0.92111E-01  0.64685E-01  0.43572E-01  0.28567E-01  0.18393E-01  0.11654E-01  0.72252E-02  0.43254E-02  0.24538E-02
 0.12000E+01 -0.48569E-01  0.55712E-02  0.66873E-01  0.11581E+00  0.14015E+00  0.13926E+00  0.12097E+00  0.95289E-01  0.69898E-01  0.48745E-01  0.32831E-01  0.21575E-01  0.13880E-01  0.87033E-02  0.52537E-02  0.29983E-02
 0.14000E+01 -0.39397E-01 -0.26102E-02  0.47016E-01  0.93047E-01  0.12147E+00  0.12753E+00  0.11556E+00  0.94075E-01  0.70786E-01  0.50336E-01  0.34406E-01  0.22862E-01  0.14830E-01  0.93561E-02  0.56732E-02  0.32483E-02
 0.16000E+01 -0.32483E-01 -0.70378E-02  0.34237E-01  0.77238E-01  0.10730E+00  0.11733E+00  0.10947E+00  0.91064E-01  0.69641E-01  0.50130E-01  0.34582E-01  0.23138E-01  0.15088E-01  0.95553E-02  0.58106E-02  0.33339E-02
 0.18000E+01 -0.27431E-01 -0.95621E-02  0.25665E-01  0.65900E-01  0.96379E-01  0.10871E+00  0.10358E+00  0.87478E-01  0.67649E-01  0.49103E-01  0.34087E-01  0.22915E-01  0.14996E-01  0.95230E-02  0.58025E-02  0.33342E-02
 0.20000E+01 -0.23684E-01 -0.11062E-01  0.19644E-01  0.57433E-01  0.87719E-01  0.10137E+00  0.98147E-01  0.83819E-01  0.65349E-01  0.47723E-01  0.33280E-01  0.22451E-01  0.14731E-01  0.93736E-02  0.57200E-02  0.32905E-02
 0.22000E+01 -0.20836E-01 -0.11971E-01  0.15242E-01  0.50878E-01  0.80656E-01  0.95064E-01  0.93195E-01  0.80279E-01  0.62980E-01  0.46206E-01  0.32336E-01  0.21872E-01  0.14381E-01  0.91650E-02  0.55993E-02  0.32238E-02
 0.24000E+01 -0.18608E-01 -0.12523E-01  0.11908E-01  0.45633E-01  0.74744E-01  0.89551E-01  0.88684E-01  0.76922E-01  0.60646E-01  0.44658E-01  0.31340E-01  0.21244E-01  0.13991E-01  0.89279E-02  0.54596E-02  0.31456E-02
 0.26000E+01 -0.16815E-01 -0.12846E-01  0.93024E-02  0.41311E-01  0.69672E-01  0.84653E-01  0.84546E-01  0.73752E-01  0.58385E-01  0.43123E-01  0.30333E-01  0.20598E-01  0.13584E-01  0.86773E-02  0.53106E-02  0.30616E-02
 0.28000E+01 -0.15341E-01 -0.13017E-01  0.72170E-02  0.37665E-01  0.65235E-01  0.80235E-01  0.80716E-01  0.70751E-01  0.56203E-01  0.41618E-01  0.29331E-01  0.19948E-01  0.13171E-01  0.84208E-02  0.51571E-02  0.29746E-02
 0.30000E+01 -0.13793E-01 -0.13014E-01  0.52066E-02  0.33843E-01  0.60348E-01  0.75187E-01  0.76208E-01  0.67133E-01  0.53517E-01  0.39734E-01  0.28060E-01  0.19113E-01  0.12635E-01  0.80855E-02  0.49553E-02  0.28597E-02
