 0.00000E+00  0.70201E+00  0.33583E+00  0.29301E-01 -0.12975E+00 -0.15053E+00 -0.98060E-01 -0.34760E-01  0.82371E-02  0.27147E-01  0.30041E-01  0.25617E-01  0.19299E-01  0.13499E-01  0.89228E-02  0.55716E-02  0.32504E-02
 0.20000E+00  0.40261E+00  0.39553E+00  0.31734E+00  0.20008E+00  0.86266E-01  0.48462E-02 -0.37575E-01 -0.50077E-01 -0.46102E-01 -0.36140E-01 -0.25926E-01 -0.17624E-01 -0.11539E-01 -0.72954E-02 -0.44183E-02 -0.25234E-02
 0.40000E+00  0.99529E-02  0.20835E+00  0.31480E+00  0.30612E+00  0.22030E+00  0.11625E+00  0.35208E-01 -0.10693E-01 -0.28375E-01 -0.29959E-01 -0.24934E-01 -0.18520E-01 -0.12845E-01 -0.84471E-02 -0.52582E-02 -0.30617E-02
 0.60000E+00 -0.77492E-01  0.99259E-01  0.22317E+00  0.26100E+00  0.22719E+00  0.16066E+00  0.95711E-01  0.48680E-01  0.20848E-01  0.68566E-02  0.85336E-03 -0.12204E-02 -0.16071E-02 -0.13767E-02 -0.98993E-03 -0.62936E-03
 0.80000E+00 -0.70107E-01  0.39602E-01  0.13599E+00  0.18994E+00  0.19639E+00  0.16954E+00  0.12922E+00  0.90235E-01  0.59399E-01  0.37696E-01  0.23441E-01  0.14417E-01  0.87867E-02  0.52745E-02  0.30760E-02  0.17093E-02
 0.10000E+01 -0.46192E-01  0.87497E-02  0.76045E-01  0.13294E+00  0.16287E+00  0.16294E+00  0.14157E+00  0.11093E+00  0.80615E-01  0.55566E-01  0.36955E-01  0.23981E-01  0.15245E-01  0.94556E-02  0.56541E-02  0.32015E-02
 0.12000E+01 -0.26209E-01 -0.71065E-02  0.38667E-01  0.93652E-01  0.13555E+00  0.15145E+00  0.14244E+00  0.11834E+00  0.89849E-01  0.63999E-01  0.43626E-01  0.28839E-01  0.18591E-01  0.11654E-01  0.70235E-02  0.40001E-02
 0.14000E+01 -0.12331E-01 -0.15396E-01  0.15645E-01  0.67261E-01  0.11465E+00  0.13940E+00  0.13813E+00  0.11885E+00  0.92485E-01  0.67055E-01  0.46309E-01  0.30911E-01  0.20073E-01  0.12652E-01  0.76564E-02  0.43739E-02
 0.16000E+01 -0.31075E-02 -0.19797E-01  0.12072E-02  0.49236E-01  0.98675E-01  0.12823E+00  0.13183E+00  0.11610E+00  0.91779E-01  0.67292E-01  0.46854E-01  0.31467E-01  0.20528E-01  0.12983E-01  0.78777E-02  0.45090E-02
 0.18000E+01  0.29899E-02 -0.22126E-01 -0.80825E-02  0.36561E-01  0.86249E-01  0.11830E+00  0.12499E+00  0.11192E+00  0.89455E-01  0.66100E-01  0.46286E-01  0.31218E-01  0.20432E-01  0.12954E-01  0.78744E-02  0.45133E-02
 0.20000E+01  0.70348E-02 -0.23304E-01 -0.14200E-01  0.27372E-01  0.76362E-01  0.10954E+00  0.11824E+00  0.10720E+00  0.86394E-01  0.64207E-01  0.45151E-01  0.30549E-01  0.20043E-01  0.12731E-01  0.77494E-02  0.44462E-02
 0.22000E+01  0.97155E-02 -0.23817E-01 -0.18293E-01  0.20532E-01  0.68331E-01  0.10184E+00  0.11183E+00  0.10239E+00  0.83044E-01  0.61995E-01  0.43739E-01  0.29668E-01  0.19501E-01  0.12405E-01  0.75593E-02  0.43407E-02
 0.24000E+01  0.11485E-01 -0.23939E-01 -0.21066E-01  0.15306E-01  0.61673E-01  0.95031E-01  0.10584E+00  0.97687E-01  0.79641E-01  0.59670E-01  0.42211E-01  0.28689E-01  0.18887E-01  0.12028E-01  0.73365E-02  0.42156E-02
 0.26000E+01  0.12635E-01 -0.23825E-01 -0.22952E-01  0.11216E-01  0.56041E-01  0.88947E-01  0.10027E+00  0.93171E-01  0.76287E-01  0.57329E-01  0.40645E-01  0.27671E-01  0.18241E-01  0.11628E-01  0.70978E-02  0.40808E-02
 0.28000E+01  0.13339E-01 -0.23557E-01 -0.24213E-01  0.79549E-02  0.51185E-01  0.83445E-01  0.95068E-01  0.88843E-01  0.73010E-01  0.55008E-01  0.39073E-01  0.26639E-01  0.17580E-01  0.11217E-01  0.68509E-02  0.39407E-02
 0.30000E+01  0.13782E-01 -0.23046E-01 -0.25124E-01  0.47617E-02  0.45950E-01  0.77202E-01  0.88965E-01  0.83653E-01  0.69014E-01  0.52138E-01  0.37110E-01  0.25339E-01  0.16742E-01  0.10692E-01  0.65349E-02  0.37609E-02
 0.00000E+00  0.70201E+00  0.33583E+00  0.29301E-01 -0.12975E+00 -0.15053E+00 -0.98060E-01 -0.34760E-01  0.82371E-02  0.27147E-01  0.30041E-01  0.25617E-01  0.19299E-01  0.13499E-01  0.89228E-02  0.55716E-02  0.32504E-02
 0.20000E+00  0.40261E+00  0.39553E+00  0.31734E+00  0.20008E+00  0.86266E-01  0.48462E-02 -0.37575E-01 -0.50077E-01 -0.46102E-01 -0.36140E-01 -0.25926E-01 -0.17624E-01 -0.11539E-01 -0.72954E-02 -0.44183E-02 -0.25234E-02
 0.40000E+00  0.99529E-02  0.20835E+00  0.31480E+00  0.30612E+00  0.22030E+00  0.11625E+00  0.35208E-01 -0.10693E-01 -0.28375E-01 -0.29959E-01 -0.24934E-01 -0.18520E-01 -0.12845E-01 -0.84471E-02 -0.52582E-02 -0.30617E-02
 0.60000E+00 -0.77492E-01  0.99259E-01  0.22317E+00  0.26100E+00  0.22719E+00  0.16066E+00  0.95711E-01  0.48680E-01  0.20848E-01  0.68566E-02  0.85336E-03 -0.12204E-02 -0.16071E-02 -0.13767E-02 -0.98993E-03 -0.62936E-03
 0.80000E+00 -0.70107E-01  0.39602E-01  0.13599E+00  0.18994E+00  0.19639E+00  0.16954E+00  0.12922E+00  0.90235E-01  0.59399E-01  0.37696E-01  0.23441E-01  0.14417E-01  0.87867E-02  0.52745E-02  0.30760E-02  0.17093E-02
 0.10000E+01 -0.46192E-01  0.87497E-02  0.76045E-01  0.13294E+00  0.16287E+00  0.16294E+00  0.14157E+00  0.11093E+00  0.80615E-01  0.55566E-01  0.36955E-01  0.23981E-01  0.15245E-01  0.94556E-02  0.56541E-02  0.32015E-02
 0.12000E+01 -0.26209E-01 -0.71065E-02  0.38667E-01  0.93652E-01  0.13555E+00  0.15145E+00  0.14244E+00  0.11834E+00  0.89849E-01  0.63999E-01  0.43626E-01  0.28839E-01  0.18591E-01  0.11654E-01  0.70235E-02  0.40001E-02
 0.14000E+01 -0.12331E-01 -0.15396E-01  0.15645E-01  0.67261E-01  0.11465E+00  0.13940E+00  0.13813E+00  0.11885E+00  0.92485E-01  0.67055E-01  0.46309E-01  0.30911E-01  0.20073E-01  0.12652E-01  0.76564E-02  0.43739E-02
 0.16000E+01 -0.31075E-02 -0.19797E-01  0.12072E-02  0.49236E-01  0.98675E-01  0.12823E+00  0.13183E+00  0.11610E+00  0.91779E-01  0.67292E-01  0.46854E-01  0.31467E-01  0.20528E-01  0.12983E-01  0.78777E-02  0.45090E-02
 0.18000E+01  0.29899E-02 -0.22126E-01 -0.80825E-02  0.36561E-01  0.86249E-01  0.11830E+00  0.12499E+00  0.11192E+00  0.89455E-01  0.66100E-01  0.46286E-01  0.31218E-01  0.20432E-01  0.12954E-01  0.78744E-02  0.45133E-02
 0.20000E+01  0.70348E-02 -0.23304E-01 -0.14200E-01  0.27372E-01  0.76362E-01  0.10954E+00  0.11824E+00  0.10720E+00  0.86394E-01  0.64207E-01  0.45151E-01  0.30549E-01  0.20043E-01  0.12731E-01  0.77494E-02  0.44462E-02
 0.22000E+01  0.97155E-02 -0.23817E-01 -0.18293E-01  0.20532E-01  0.68331E-01  0.10184E+00  0.11183E+00  0.10239E+00  0.83044E-01  0.61995E-01  0.43739E-01  0.29668E-01  0.19501E-01  0.12405E-01  0.75593E-02  0.43407E-02
 0.24000E+01  0.11485E-01 -0.23939E-01 -0.21066E-01  0.15306E-01  0.61673E-01  0.95031E-01  0.10584E+00  0.97687E-01  0.79641E-01  0.59670E-01  0.42211E-01  0.28689E-01  0.18887E-01  0.12028E-01  0.73365E-02  0.42156E-02
 0.26000E+01  0.12635E-01 -0.23825E-01 -0.22952E-01  0.11216E-01  0.56041E-01  0.88947E-01  0.10027E+00  0.93171E-01  0.76287E-01  0.57329E-01  0.40645E-01  0.27671E-01  0.18241E-01  0.11628E-01  0.70978E-02  0.40808E-02
 0.28000E+01  0.13339E-01 -0.23557E-01 -0.24213E-01  0.79549E-02  0.51185E-01  0.83445E-01  0.95068E-01  0.88843E-01  0.73010E-01  0.55008E-01  0.39073E-01  0.26639E-01  0.17580E-01  0.11217E-01  0.68509E-02  0.39407E-02
 0.30000E+01  0.13782E-01 -0.23046E-01 -0.25124E-01  0.47617E-02  0.45950E-01  0.77202E-01  0.88965E-01  0.83653E-01  0.69014E-01  0.52138E-01  0.37110E-01  0.25339E-01  0.16742E-01  0.10692E-01  0.65349E-02  0.37609E-02
