 0.00000E+00  0.72111E+00  0.34026E+00 -0.48221E-01 -0.14944E+00 -0.93260E-01 -0.29101E-01  0.53919E-02  0.17582E-01  0.18517E-01  0.15113E-01  0.10801E-01  0.70198E-02  0.42054E-02  0.23327E-02  0.11925E-02  0.53442E-03
 0.20000E+00  0.37999E+00  0.44063E+00  0.32161E+00  0.14899E+00  0.33495E-01 -0.16498E-01 -0.29303E-01 -0.26597E-01 -0.19364E-01 -0.12246E-01 -0.67689E-02 -0.31034E-02 -0.92520E-03  0.18302E-03  0.55199E-03  0.45239E-03
 0.40000E+00 -0.50992E-01  0.23902E+00  0.38029E+00  0.29853E+00  0.15794E+00  0.59705E-01  0.10046E-01 -0.98046E-02 -0.14854E-01 -0.13666E-01 -0.10504E-01 -0.72706E-02 -0.46690E-02 -0.28236E-02 -0.15974E-02 -0.78451E-03
 0.60000E+00 -0.10936E+00  0.12319E+00  0.28922E+00  0.28144E+00  0.19322E+00  0.11049E+00  0.55308E-01  0.23183E-01  0.61742E-02 -0.18335E-02 -0.48703E-02 -0.54013E-02 -0.48308E-02 -0.38672E-02 -0.27563E-02 -0.15811E-02
 0.80000E+00 -0.95890E-01  0.47422E-01  0.19141E+00  0.23409E+00  0.19903E+00  0.14208E+00  0.91625E-01  0.54460E-01  0.29537E-01  0.13964E-01  0.49090E-02  0.11030E-03 -0.20788E-02 -0.27381E-02 -0.24482E-02 -0.15706E-02
 0.10000E+01 -0.60134E-01 -0.32342E-02  0.10367E+00  0.17877E+00  0.18929E+00  0.15979E+00  0.11913E+00  0.81798E-01  0.52334E-01  0.31017E-01  0.16654E-01  0.76601E-02  0.24766E-02 -0.16685E-03 -0.11193E-02 -0.98268E-03
 0.12000E+01 -0.18233E-01 -0.36093E-01  0.29180E-01  0.12245E+00  0.16959E+00  0.16648E+00  0.13848E+00  0.10450E+00  0.73275E-01  0.47945E-01  0.29154E-01  0.16292E-01  0.81296E-02  0.33535E-02  0.91432E-03  0.14892E-04
 0.14000E+01  0.20153E-01 -0.54755E-01 -0.29648E-01  0.69073E-01  0.14291E+00  0.16402E+00  0.15085E+00  0.12337E+00  0.92934E-01  0.65142E-01  0.42660E-01  0.26157E-01  0.14964E-01  0.78664E-02  0.36712E-02  0.14276E-02
 0.16000E+01  0.52817E-01 -0.61994E-01 -0.73742E-01  0.19771E-01  0.11044E+00  0.15217E+00  0.15441E+00  0.13559E+00  0.10820E+00  0.79774E-01  0.54881E-01  0.35540E-01  0.21764E-01  0.12550E-01  0.66412E-02  0.29921E-02
 0.18000E+01  0.79668E-01 -0.59852E-01 -0.10441E+00 -0.24886E-01  0.72869E-01  0.13008E+00  0.14660E+00  0.13748E+00  0.11515E+00  0.88310E-01  0.62979E-01  0.42323E-01  0.27033E-01  0.16397E-01  0.92001E-02  0.43871E-02
 0.20000E+01  0.98701E-01 -0.50102E-01 -0.12187E+00 -0.63680E-01  0.31851E-01  0.99172E-01  0.12836E+00  0.12959E+00  0.11402E+00  0.90779E-01  0.66871E-01  0.46379E-01  0.30634E-01  0.19287E-01  0.11258E-01  0.55589E-02
 0.22000E+01  0.10931E+00 -0.35539E-01 -0.12817E+00 -0.95987E-01 -0.10041E-01  0.62599E-01  0.10261E+00  0.11423E+00  0.10648E+00  0.88291E-01  0.67218E-01  0.48057E-01  0.32725E-01  0.21270E-01  0.12811E-01  0.64928E-02
 0.24000E+01  0.11299E+00 -0.18276E-01 -0.12613E+00 -0.12236E+00 -0.51148E-01  0.22945E-01  0.71918E-01  0.93557E-01  0.94138E-01  0.81915E-01  0.64678E-01  0.47722E-01  0.33483E-01  0.22412E-01  0.13873E-01  0.71835E-02
 0.26000E+01  0.11158E+00 -0.81322E-04 -0.11858E+00 -0.14370E+00 -0.90413E-01 -0.17920E-01  0.38119E-01  0.69021E-01  0.78002E-01  0.72299E-01  0.59617E-01  0.45555E-01  0.32974E-01  0.22719E-01  0.14426E-01  0.76138E-02
 0.28000E+01  0.10663E+00  0.18331E-01 -0.10730E+00 -0.16102E+00 -0.12764E+00 -0.59058E-01  0.24206E-02  0.41792E-01  0.59056E-01  0.60184E-01  0.52550E-01  0.41887E-01  0.31401E-01  0.22307E-01  0.14530E-01  0.78098E-02
 0.30000E+01  0.10780E+00  0.27916E-01 -0.10496E+00 -0.17546E+00 -0.15435E+00 -0.89943E-01 -0.27043E-01  0.16602E-01  0.39267E-01  0.45817E-01  0.42859E-01  0.35769E-01  0.27776E-01  0.20310E-01  0.13539E-01  0.73979E-02
