 0.00000E+00  0.48238E+00  0.34391E+00  0.18738E+00  0.62526E-01 -0.10347E-01 -0.38494E-01 -0.40448E-01 -0.32229E-01 -0.22695E-01 -0.15046E-01 -0.96892E-02 -0.61404E-02 -0.38352E-02 -0.23449E-02 -0.13848E-02 -0.77552E-03
 0.20000E+00  0.43220E+00  0.37351E+00  0.27926E+00  0.18225E+00  0.10527E+00  0.55000E-01  0.26855E-01  0.12797E-01  0.62150E-02  0.31550E-02  0.16697E-02  0.90332E-03  0.48907E-03  0.26053E-03  0.13459E-03  0.66440E-04
 0.40000E+00  0.13316E+00  0.16885E+00  0.17840E+00  0.16184E+00  0.12940E+00  0.93661E-01  0.63100E-01  0.40656E-01  0.25616E-01  0.16006E-01  0.99728E-02  0.61910E-02  0.38090E-02  0.23005E-02  0.13446E-02  0.74665E-03
 0.60000E+00  0.43144E-01  0.89614E-01  0.11817E+00  0.12209E+00  0.10644E+00  0.81922E-01  0.57712E-01  0.38404E-01  0.24757E-01  0.15723E-01  0.99163E-02  0.62168E-02  0.38578E-02  0.23478E-02  0.13815E-02  0.77147E-03
 0.80000E+00  0.18606E-01  0.61568E-01  0.90747E-01  0.98740E-01  0.88786E-01  0.69781E-01  0.49912E-01  0.33590E-01  0.21837E-01  0.13956E-01  0.88461E-02  0.55693E-02  0.34688E-02  0.21182E-02  0.12500E-02  0.69974E-03
 0.10000E+01  0.10868E-01  0.51278E-01  0.79616E-01  0.88537E-01  0.80615E-01  0.63894E-01  0.45983E-01  0.31090E-01  0.20282E-01  0.12998E-01  0.82565E-02  0.52077E-02  0.32489E-02  0.19868E-02  0.11739E-02  0.65788E-03
 0.12000E+01  0.69984E-02  0.45797E-01  0.73477E-01  0.82781E-01  0.75931E-01  0.60480E-01  0.43684E-01  0.29617E-01  0.19362E-01  0.12429E-01  0.79054E-02  0.49919E-02  0.31175E-02  0.19081E-02  0.11284E-02  0.63275E-03
 0.14000E+01  0.40510E-02  0.41214E-01  0.68099E-01  0.77595E-01  0.71628E-01  0.57299E-01  0.41518E-01  0.28217E-01  0.18482E-01  0.11882E-01  0.75669E-02  0.47832E-02  0.29899E-02  0.18316E-02  0.10839E-02  0.60819E-03
 0.16000E+01  0.17267E-02  0.37250E-01  0.63255E-01  0.72813E-01  0.67598E-01  0.54284E-01  0.39448E-01  0.26870E-01  0.17631E-01  0.11350E-01  0.72366E-02  0.45789E-02  0.28648E-02  0.17563E-02  0.10401E-02  0.58394E-03
 0.18000E+01 -0.18741E-03  0.33624E-01  0.58643E-01  0.68158E-01  0.63617E-01  0.51275E-01  0.37363E-01  0.25505E-01  0.16764E-01  0.10807E-01  0.68978E-02  0.43688E-02  0.27357E-02  0.16785E-02  0.99464E-03  0.55874E-03
 0.20000E+01 -0.18132E-02  0.30142E-01  0.54030E-01  0.63403E-01  0.59495E-01  0.48126E-01  0.35165E-01  0.24056E-01  0.15839E-01  0.10224E-01  0.65335E-02  0.41422E-02  0.25961E-02  0.15941E-02  0.94527E-03  0.53132E-03
 0.22000E+01 -0.31664E-02  0.26852E-01  0.49512E-01  0.58661E-01  0.55334E-01  0.44921E-01  0.32912E-01  0.22563E-01  0.14881E-01  0.96190E-02  0.61537E-02  0.39052E-02  0.24497E-02  0.15054E-02  0.89330E-03  0.50239E-03
 0.24000E+01 -0.42707E-02  0.23816E-01  0.45214E-01  0.54081E-01  0.51279E-01  0.41775E-01  0.30688E-01  0.21082E-01  0.13927E-01  0.90143E-02  0.57732E-02  0.36673E-02  0.23024E-02  0.14160E-02  0.84079E-03  0.47313E-03
 0.26000E+01 -0.51622E-02  0.21052E-01  0.41202E-01  0.49755E-01  0.47418E-01  0.38762E-01  0.28548E-01  0.19651E-01  0.13002E-01  0.84267E-02  0.54026E-02  0.34350E-02  0.21584E-02  0.13283E-02  0.78927E-03  0.44437E-03
 0.28000E+01 -0.58776E-02  0.18560E-01  0.37504E-01  0.45727E-01  0.43800E-01  0.35924E-01  0.26523E-01  0.18293E-01  0.12122E-01  0.78658E-02  0.50481E-02  0.32124E-02  0.20201E-02  0.12441E-02  0.73967E-03  0.41666E-03
 0.30000E+01 -0.65485E-02  0.15804E-01  0.33305E-01  0.41099E-01  0.39612E-01  0.32621E-01  0.24156E-01  0.16699E-01  0.11086E-01  0.72037E-02  0.46287E-02  0.29486E-02  0.18559E-02  0.11439E-02  0.68057E-03  0.38359E-03
 0.00000E+00  0.48238E+00  0.34391E+00  0.18738E+00  0.62526E-01 -0.10347E-01 -0.38494E-01 -0.40448E-01 -0.32229E-01 -0.22695E-01 -0.15046E-01 -0.96892E-02 -0.61404E-02 -0.38352E-02 -0.23449E-02 -0.13848E-02 -0.77552E-03
 0.20000E+00  0.43220E+00  0.37351E+00  0.27926E+00  0.18225E+00  0.10527E+00  0.55000E-01  0.26855E-01  0.12797E-01  0.62150E-02  0.31550E-02  0.16697E-02  0.90332E-03  0.48907E-03  0.26053E-03  0.13459E-03  0.66440E-04
 0.40000E+00  0.13316E+00  0.16885E+00  0.17840E+00  0.16184E+00  0.12940E+00  0.93661E-01  0.63100E-01  0.40656E-01  0.25616E-01  0.16006E-01  0.99728E-02  0.61910E-02  0.38090E-02  0.23005E-02  0.13446E-02  0.74665E-03
 0.60000E+00  0.43144E-01  0.89614E-01  0.11817E+00  0.12209E+00  0.10644E+00  0.81922E-01  0.57712E-01  0.38404E-01  0.24757E-01  0.15723E-01  0.99163E-02  0.62168E-02  0.38578E-02  0.23478E-02  0.13815E-02  0.77147E-03
 0.80000E+00  0.18606E-01  0.61568E-01  0.90747E-01  0.98740E-01  0.88786E-01  0.69781E-01  0.49912E-01  0.33590E-01  0.21837E-01  0.13956E-01  0.88461E-02  0.55693E-02  0.34688E-02  0.21182E-02  0.12500E-02  0.69974E-03
 0.10000E+01  0.10868E-01  0.51278E-01  0.79616E-01  0.88537E-01  0.80615E-01  0.63894E-01  0.45983E-01  0.31090E-01  0.20282E-01  0.12998E-01  0.82565E-02  0.52077E-02  0.32489E-02  0.19868E-02  0.11739E-02  0.65788E-03
 0.12000E+01  0.69984E-02  0.45797E-01  0.73477E-01  0.82781E-01  0.75931E-01  0.60480E-01  0.43684E-01  0.29617E-01  0.19362E-01  0.12429E-01  0.79054E-02  0.49919E-02  0.31175E-02  0.19081E-02  0.11284E-02  0.63275E-03
 0.14000E+01  0.40510E-02  0.41214E-01  0.68099E-01  0.77595E-01  0.71628E-01  0.57299E-01  0.41518E-01  0.28217E-01  0.18482E-01  0.11882E-01  0.75669E-02  0.47832E-02  0.29899E-02  0.18316E-02  0.10839E-02  0.60819E-03
 0.16000E+01  0.17267E-02  0.37250E-01  0.63255E-01  0.72813E-01  0.67598E-01  0.54284E-01  0.39448E-01  0.26870E-01  0.17631E-01  0.11350E-01  0.72366E-02  0.45789E-02  0.28648E-02  0.17563E-02  0.10401E-02  0.58394E-03
 0.18000E+01 -0.18741E-03  0.33624E-01  0.58643E-01  0.68158E-01  0.63617E-01  0.51275E-01  0.37363E-01  0.25505E-01  0.16764E-01  0.10807E-01  0.68978E-02  0.43688E-02  0.27357E-02  0.16785E-02  0.99464E-03  0.55874E-03
 0.20000E+01 -0.18132E-02  0.30142E-01  0.54030E-01  0.63403E-01  0.59495E-01  0.48126E-01  0.35165E-01  0.24056E-01  0.15839E-01  0.10224E-01  0.65335E-02  0.41422E-02  0.25961E-02  0.15941E-02  0.94527E-03  0.53132E-03
 0.22000E+01 -0.31664E-02  0.26852E-01  0.49512E-01  0.58661E-01  0.55334E-01  0.44921E-01  0.32912E-01  0.22563E-01  0.14881E-01  0.96190E-02  0.61537E-02  0.39052E-02  0.24497E-02  0.15054E-02  0.89330E-03  0.50239E-03
 0.24000E+01 -0.42707E-02  0.23816E-01  0.45214E-01  0.54081E-01  0.51279E-01  0.41775E-01  0.30688E-01  0.21082E-01  0.13927E-01  0.90143E-02  0.57732E-02  0.36673E-02  0.23024E-02  0.14160E-02  0.84079E-03  0.47313E-03
 0.26000E+01 -0.51622E-02  0.21052E-01  0.41202E-01  0.49755E-01  0.47418E-01  0.38762E-01  0.28548E-01  0.19651E-01  0.13002E-01  0.84267E-02  0.54026E-02  0.34350E-02  0.21584E-02  0.13283E-02  0.78927E-03  0.44437E-03
 0.28000E+01 -0.58776E-02  0.18560E-01  0.37504E-01  0.45727E-01  0.43800E-01  0.35924E-01  0.26523E-01  0.18293E-01  0.12122E-01  0.78658E-02  0.50481E-02  0.32124E-02  0.20201E-02  0.12441E-02  0.73967E-03  0.41666E-03
 0.30000E+01 -0.65485E-02  0.15804E-01  0.33305E-01  0.41099E-01  0.39612E-01  0.32621E-01  0.24156E-01  0.16699E-01  0.11086E-01  0.72037E-02  0.46287E-02  0.29486E-02  0.18559E-02  0.11439E-02  0.68057E-03  0.38359E-03
