 0.00000E+00  0.75336E+00  0.35681E+00  0.30435E-01 -0.14022E+00 -0.17001E+00 -0.12574E+00 -0.67711E-01 -0.25123E-01 -0.22590E-02  0.67942E-02  0.86457E-02  0.75752E-02  0.57163E-02  0.39381E-02  0.25150E-02  0.14844E-02
 0.20000E+00  0.33224E+00  0.39047E+00  0.35430E+00  0.24996E+00  0.12981E+00  0.35782E-01 -0.17836E-01 -0.38092E-01 -0.39014E-01 -0.32050E-01 -0.23613E-01 -0.16319E-01 -0.10783E-01 -0.68423E-02 -0.41430E-02 -0.23607E-02
 0.40000E+00 -0.54969E-02  0.17337E+00  0.27560E+00  0.28176E+00  0.22229E+00  0.14352E+00  0.77589E-01  0.34892E-01  0.12043E-01  0.17493E-02 -0.19890E-02 -0.27864E-02 -0.24662E-02 -0.18400E-02 -0.12310E-02 -0.74808E-03
 0.60000E+00 -0.42790E-01  0.85244E-01  0.17891E+00  0.21386E+00  0.19748E+00  0.15430E+00  0.10731E+00  0.68941E-01  0.42129E-01  0.25029E-01  0.14663E-01  0.85342E-02  0.49412E-02  0.28315E-02  0.15864E-02  0.85309E-03
 0.80000E+00 -0.41436E-01  0.50704E-01  0.12916E+00  0.17069E+00  0.17253E+00  0.14751E+00  0.11229E+00  0.78835E-01  0.52409E-01  0.33641E-01  0.21125E-01  0.13069E-01  0.79765E-02  0.47773E-02  0.27740E-02  0.15339E-02
 0.10000E+01 -0.36859E-01  0.32945E-01  0.10018E+00  0.14321E+00  0.15415E+00  0.13930E+00  0.11137E+00  0.81589E-01  0.56233E-01  0.37195E-01  0.23939E-01  0.15111E-01  0.93741E-02  0.56875E-02  0.33358E-02  0.18584E-02
 0.12000E+01 -0.31807E-01  0.20566E-01  0.78059E-01  0.12078E+00  0.13761E+00  0.13013E+00  0.10797E+00  0.81505E-01  0.57545E-01  0.38800E-01  0.25356E-01  0.16202E-01  0.10148E-01  0.62043E-02  0.36602E-02  0.20481E-02
 0.14000E+01 -0.26752E-01  0.11176E-01  0.59745E-01  0.10097E+00  0.12165E+00  0.11984E+00  0.10257E+00  0.79310E-01  0.57043E-01  0.39019E-01  0.25789E-01  0.16626E-01  0.10488E-01  0.64471E-02  0.38195E-02  0.21440E-02
 0.16000E+01 -0.22205E-01  0.43124E-02  0.45069E-01  0.83993E-01  0.10680E+00  0.10908E+00  0.95816E-01  0.75524E-01  0.55111E-01  0.38117E-01  0.25410E-01  0.16493E-01  0.10460E-01  0.64571E-02  0.38378E-02  0.21595E-02
 0.18000E+01 -0.18449E-01 -0.45711E-03  0.33800E-01  0.70028E-01  0.93628E-01  0.98645E-01  0.88504E-01  0.70828E-01  0.52266E-01  0.36458E-01  0.24465E-01  0.15963E-01  0.10166E-01  0.62963E-02  0.37517E-02  0.21151E-02
 0.20000E+01 -0.15509E-01 -0.36539E-02  0.25369E-01  0.58836E-01  0.82340E-01  0.89056E-01  0.81281E-01  0.65830E-01  0.49005E-01  0.34409E-01  0.23209E-01  0.15206E-01  0.97152E-02  0.60328E-02  0.36020E-02  0.20339E-02
 0.22000E+01 -0.13278E-01 -0.57524E-02  0.19122E-01  0.49969E-01  0.72857E-01  0.80552E-01  0.74545E-01  0.60949E-01  0.45684E-01  0.32244E-01  0.21837E-01  0.14353E-01  0.91946E-02  0.57216E-02  0.34219E-02  0.19346E-02
 0.24000E+01 -0.11602E-01 -0.71202E-02  0.14474E-01  0.42940E-01  0.64956E-01  0.73161E-01  0.68477E-01  0.56417E-01  0.42520E-01  0.30136E-01  0.20476E-01  0.13494E-01  0.86627E-02  0.54000E-02  0.32340E-02  0.18304E-02
 0.26000E+01 -0.10342E-01 -0.80127E-02  0.10969E-01  0.37318E-01  0.58365E-01  0.66790E-01  0.63106E-01  0.52319E-01  0.39608E-01  0.28168E-01  0.19190E-01  0.12674E-01  0.81511E-02  0.50886E-02  0.30511E-02  0.17284E-02
 0.28000E+01 -0.93948E-02 -0.85960E-02  0.82890E-02  0.32780E-01  0.52849E-01  0.61315E-01  0.58395E-01  0.48668E-01  0.36981E-01  0.26374E-01  0.18008E-01  0.11915E-01  0.76749E-02  0.47974E-02  0.28794E-02  0.16325E-02
 0.30000E+01 -0.84944E-02 -0.90011E-02  0.58135E-02  0.28301E-01  0.47193E-01  0.55553E-01  0.53344E-01  0.44696E-01  0.34092E-01  0.24384E-01  0.16688E-01  0.11063E-01  0.71375E-02  0.44675E-02  0.26844E-02  0.15233E-02
 0.00000E+00  0.75336E+00  0.35681E+00  0.30435E-01 -0.14022E+00 -0.17001E+00 -0.12574E+00 -0.67711E-01 -0.25123E-01 -0.22590E-02  0.67942E-02  0.86457E-02  0.75752E-02  0.57163E-02  0.39381E-02  0.25150E-02  0.14844E-02
 0.20000E+00  0.33224E+00  0.39047E+00  0.35430E+00  0.24996E+00  0.12981E+00  0.35782E-01 -0.17836E-01 -0.38092E-01 -0.39014E-01 -0.32050E-01 -0.23613E-01 -0.16319E-01 -0.10783E-01 -0.68423E-02 -0.41430E-02 -0.23607E-02
 0.40000E+00 -0.54969E-02  0.17337E+00  0.27560E+00  0.28176E+00  0.22229E+00  0.14352E+00  0.77589E-01  0.34892E-01  0.12043E-01  0.17493E-02 -0.19890E-02 -0.27864E-02 -0.24662E-02 -0.18400E-02 -0.12310E-02 -0.74808E-03
 0.60000E+00 -0.42790E-01  0.85244E-01  0.17891E+00  0.21386E+00  0.19748E+00  0.15430E+00  0.10731E+00  0.68941E-01  0.42129E-01  0.25029E-01  0.14663E-01  0.85342E-02  0.49412E-02  0.28315E-02  0.15864E-02  0.85309E-03
 0.80000E+00 -0.41436E-01  0.50704E-01  0.12916E+00  0.17069E+00  0.17253E+00  0.14751E+00  0.11229E+00  0.78835E-01  0.52409E-01  0.33641E-01  0.21125E-01  0.13069E-01  0.79765E-02  0.47773E-02  0.27740E-02  0.15339E-02
 0.10000E+01 -0.36859E-01  0.32945E-01  0.10018E+00  0.14321E+00  0.15415E+00  0.13930E+00  0.11137E+00  0.81589E-01  0.56233E-01  0.37195E-01  0.23939E-01  0.15111E-01  0.93741E-02  0.56875E-02  0.33358E-02  0.18584E-02
 0.12000E+01 -0.31807E-01  0.20566E-01  0.78059E-01  0.12078E+00  0.13761E+00  0.13013E+00  0.10797E+00  0.81505E-01  0.57545E-01  0.38800E-01  0.25356E-01  0.16202E-01  0.10148E-01  0.62043E-02  0.36602E-02  0.20481E-02
 0.14000E+01 -0.26752E-01  0.11176E-01  0.59745E-01  0.10097E+00  0.12165E+00  0.11984E+00  0.10257E+00  0.79310E-01  0.57043E-01  0.39019E-01  0.25789E-01  0.16626E-01  0.10488E-01  0.64471E-02  0.38195E-02  0.21440E-02
 0.16000E+01 -0.22205E-01  0.43124E-02  0.45069E-01  0.83993E-01  0.10680E+00  0.10908E+00  0.95816E-01  0.75524E-01  0.55111E-01  0.38117E-01  0.25410E-01  0.16493E-01  0.10460E-01  0.64571E-02  0.38378E-02  0.21595E-02
 0.18000E+01 -0.18449E-01 -0.45711E-03  0.33800E-01  0.70028E-01  0.93628E-01  0.98645E-01  0.88504E-01  0.70828E-01  0.52266E-01  0.36458E-01  0.24465E-01  0.15963E-01  0.10166E-01  0.62963E-02  0.37517E-02  0.21151E-02
 0.20000E+01 -0.15509E-01 -0.36539E-02  0.25369E-01  0.58836E-01  0.82340E-01  0.89056E-01  0.81281E-01  0.65830E-01  0.49005E-01  0.34409E-01  0.23209E-01  0.15206E-01  0.97152E-02  0.60328E-02  0.36020E-02  0.20339E-02
 0.22000E+01 -0.13278E-01 -0.57524E-02  0.19122E-01  0.49969E-01  0.72857E-01  0.80552E-01  0.74545E-01  0.60949E-01  0.45684E-01  0.32244E-01  0.21837E-01  0.14353E-01  0.91946E-02  0.57216E-02  0.34219E-02  0.19346E-02
 0.24000E+01 -0.11602E-01 -0.71202E-02  0.14474E-01  0.42940E-01  0.64956E-01  0.73161E-01  0.68477E-01  0.56417E-01  0.42520E-01  0.30136E-01  0.20476E-01  0.13494E-01  0.86627E-02  0.54000E-02  0.32340E-02  0.18304E-02
 0.26000E+01 -0.10342E-01 -0.80127E-02  0.10969E-01  0.37318E-01  0.58365E-01  0.66790E-01  0.63106E-01  0.52319E-01  0.39608E-01  0.28168E-01  0.19190E-01  0.12674E-01  0.81511E-02  0.50886E-02  0.30511E-02  0.17284E-02
 0.28000E+01 -0.93948E-02 -0.85960E-02  0.82890E-02  0.32780E-01  0.52849E-01  0.61315E-01  0.58395E-01  0.48668E-01  0.36981E-01  0.26374E-01  0.18008E-01  0.11915E-01  0.76749E-02  0.47974E-02  0.28794E-02  0.16325E-02
 0.30000E+01 -0.84944E-02 -0.90011E-02  0.58135E-02  0.28301E-01  0.47193E-01  0.55553E-01  0.53344E-01  0.44696E-01  0.34092E-01  0.24384E-01  0.16688E-01  0.11063E-01  0.71375E-02  0.44675E-02  0.26844E-02  0.15233E-02
