 0.00000E+00  0.89206E+00  0.27476E+00 -0.12802E+00 -0.24216E+00 -0.16320E+00 -0.33221E-01  0.58836E-01  0.93923E-01  0.90169E-01  0.70487E-01  0.49210E-01  0.32052E-01  0.19915E-01  0.11904E-01  0.68255E-02  0.37115E-02
 0.20000E+00  0.18612E+00  0.46643E+00  0.50317E+00  0.33901E+00  0.11169E+00 -0.61151E-01 -0.13978E+00 -0.14508E+00 -0.11539E+00 -0.79085E-01 -0.49189E-01 -0.28554E-01 -0.15704E-01 -0.82354E-02 -0.41156E-02 -0.19478E-02
 0.40000E+00 -0.45434E-01  0.21717E+00  0.34694E+00  0.32691E+00  0.21811E+00  0.97704E-01  0.11600E-01 -0.31937E-01 -0.44798E-01 -0.41827E-01 -0.33263E-01 -0.24250E-01 -0.16687E-01 -0.10933E-01 -0.67887E-02 -0.39449E-02
 0.60000E+00 -0.40368E-01  0.91538E-01  0.19209E+00  0.23106E+00  0.21193E+00  0.16020E+00  0.10302E+00  0.56728E-01  0.25915E-01  0.83587E-02 -0.19961E-03 -0.35145E-02 -0.41381E-02 -0.35734E-02 -0.26282E-02 -0.17063E-02
 0.80000E+00 -0.22729E-01  0.33970E-01  0.10683E+00  0.16570E+00  0.18936E+00  0.17671E+00  0.14170E+00  0.10104E+00  0.65773E-01  0.39905E-01  0.22912E-01  0.12575E-01  0.66309E-02  0.33609E-02  0.16308E-02  0.75121E-03
 0.10000E+01 -0.89519E-02  0.27246E-02  0.54614E-01  0.11997E+00  0.16630E+00  0.17770E+00  0.15904E+00  0.12531E+00  0.90118E-01  0.60794E-01  0.39264E-01  0.24612E-01  0.15071E-01  0.90048E-02  0.52021E-02  0.28595E-02
 0.12000E+01  0.17256E-02 -0.16974E-01  0.17707E-01  0.83678E-01  0.14332E+00  0.17159E+00  0.16631E+00  0.13993E+00  0.10682E+00  0.76304E-01  0.52114E-01  0.34483E-01  0.22223E-01  0.13908E-01  0.83636E-02  0.47518E-02
 0.14000E+01  0.96965E-02 -0.29446E-01 -0.90628E-02  0.53977E-01  0.12084E+00  0.16103E+00  0.16688E+00  0.14788E+00  0.11807E+00  0.87842E-01  0.62273E-01  0.42620E-01  0.28297E-01  0.18165E-01  0.11151E-01  0.64395E-02
 0.16000E+01  0.15085E-01 -0.36582E-01 -0.27529E-01  0.30523E-01  0.10010E+00  0.14808E+00  0.16275E+00  0.15061E+00  0.12465E+00  0.95698E-01  0.69741E-01  0.48889E-01  0.33126E-01  0.21623E-01  0.13451E-01  0.78468E-02
 0.18000E+01  0.18306E-01 -0.40009E-01 -0.39465E-01  0.12807E-01  0.82091E-01  0.13462E+00  0.15586E+00  0.14960E+00  0.12752E+00  0.10036E+00  0.74704E-01  0.53312E-01  0.36660E-01  0.24215E-01  0.15204E-01  0.89315E-02
 0.20000E+01  0.19943E-01 -0.41131E-01 -0.46735E-01 -0.17337E-03  0.67115E-01  0.12188E+00  0.14776E+00  0.14630E+00  0.12775E+00  0.10257E+00  0.77615E-01  0.56150E-01  0.39041E-01  0.26016E-01  0.16445E-01  0.97102E-02
 0.22000E+01  0.20541E-01 -0.40953E-01 -0.50890E-01 -0.95270E-02  0.54964E-01  0.11045E+00  0.13949E+00  0.14179E+00  0.12631E+00  0.10304E+00  0.79000E-01  0.57761E-01  0.40505E-01  0.27172E-01  0.17265E-01  0.10233E-01
 0.24000E+01  0.20509E-01 -0.40113E-01 -0.53071E-01 -0.16246E-01  0.45193E-01  0.10049E+00  0.13160E+00  0.13680E+00  0.12390E+00  0.10240E+00  0.79334E-01  0.58495E-01  0.41294E-01  0.27847E-01  0.17764E-01  0.10560E-01
 0.26000E+01  0.20117E-01 -0.38965E-01 -0.54021E-01 -0.21090E-01  0.37317E-01  0.91881E-01  0.12430E+00  0.13173E+00  0.12097E+00  0.10106E+00  0.78969E-01  0.58622E-01  0.41607E-01  0.28175E-01  0.18031E-01  0.10744E-01
 0.28000E+01  0.19527E-01 -0.37702E-01 -0.54196E-01 -0.24580E-01  0.30948E-01  0.84475E-01  0.11766E+00  0.12678E+00  0.11780E+00  0.99303E-01  0.78141E-01  0.58332E-01  0.41583E-01  0.28254E-01  0.18128E-01  0.10824E-01
 0.30000E+01  0.18713E-01 -0.35926E-01 -0.53479E-01 -0.27326E-01  0.24780E-01  0.76627E-01  0.11007E+00  0.12065E+00  0.11345E+00  0.96486E-01  0.76452E-01  0.57383E-01  0.41082E-01  0.28006E-01  0.18014E-01  0.10776E-01
 0.00000E+00  0.89206E+00  0.27476E+00 -0.12802E+00 -0.24216E+00 -0.16320E+00 -0.33221E-01  0.58836E-01  0.93923E-01  0.90169E-01  0.70487E-01  0.49210E-01  0.32052E-01  0.19915E-01  0.11904E-01  0.68255E-02  0.37115E-02
 0.20000E+00  0.18612E+00  0.46643E+00  0.50317E+00  0.33901E+00  0.11169E+00 -0.61151E-01 -0.13978E+00 -0.14508E+00 -0.11539E+00 -0.79085E-01 -0.49189E-01 -0.28554E-01 -0.15704E-01 -0.82354E-02 -0.41156E-02 -0.19478E-02
 0.40000E+00 -0.45434E-01  0.21717E+00  0.34694E+00  0.32691E+00  0.21811E+00  0.97704E-01  0.11600E-01 -0.31937E-01 -0.44798E-01 -0.41827E-01 -0.33263E-01 -0.24250E-01 -0.16687E-01 -0.10933E-01 -0.67887E-02 -0.39449E-02
 0.60000E+00 -0.40368E-01  0.91538E-01  0.19209E+00  0.23106E+00  0.21193E+00  0.16020E+00  0.10302E+00  0.56728E-01  0.25915E-01  0.83587E-02 -0.19961E-03 -0.35145E-02 -0.41381E-02 -0.35734E-02 -0.26282E-02 -0.17063E-02
 0.80000E+00 -0.22729E-01  0.33970E-01  0.10683E+00  0.16570E+00  0.18936E+00  0.17671E+00  0.14170E+00  0.10104E+00  0.65773E-01  0.39905E-01  0.22912E-01  0.12575E-01  0.66309E-02  0.33609E-02  0.16308E-02  0.75121E-03
 0.10000E+01 -0.89519E-02  0.27246E-02  0.54614E-01  0.11997E+00  0.16630E+00  0.17770E+00  0.15904E+00  0.12531E+00  0.90118E-01  0.60794E-01  0.39264E-01  0.24612E-01  0.15071E-01  0.90048E-02  0.52021E-02  0.28595E-02
 0.12000E+01  0.17256E-02 -0.16974E-01  0.17707E-01  0.83678E-01  0.14332E+00  0.17159E+00  0.16631E+00  0.13993E+00  0.10682E+00  0.76304E-01  0.52114E-01  0.34483E-01  0.22223E-01  0.13908E-01  0.83636E-02  0.47518E-02
 0.14000E+01  0.96965E-02 -0.29446E-01 -0.90628E-02  0.53977E-01  0.12084E+00  0.16103E+00  0.16688E+00  0.14788E+00  0.11807E+00  0.87842E-01  0.62273E-01  0.42620E-01  0.28297E-01  0.18165E-01  0.11151E-01  0.64395E-02
 0.16000E+01  0.15085E-01 -0.36582E-01 -0.27529E-01  0.30523E-01  0.10010E+00  0.14808E+00  0.16275E+00  0.15061E+00  0.12465E+00  0.95698E-01  0.69741E-01  0.48889E-01  0.33126E-01  0.21623E-01  0.13451E-01  0.78468E-02
 0.18000E+01  0.18306E-01 -0.40009E-01 -0.39465E-01  0.12807E-01  0.82091E-01  0.13462E+00  0.15586E+00  0.14960E+00  0.12752E+00  0.10036E+00  0.74704E-01  0.53312E-01  0.36660E-01  0.24215E-01  0.15204E-01  0.89315E-02
 0.20000E+01  0.19943E-01 -0.41131E-01 -0.46735E-01 -0.17337E-03  0.67115E-01  0.12188E+00  0.14776E+00  0.14630E+00  0.12775E+00  0.10257E+00  0.77615E-01  0.56150E-01  0.39041E-01  0.26016E-01  0.16445E-01  0.97102E-02
 0.22000E+01  0.20541E-01 -0.40953E-01 -0.50890E-01 -0.95270E-02  0.54964E-01  0.11045E+00  0.13949E+00  0.14179E+00  0.12631E+00  0.10304E+00  0.79000E-01  0.57761E-01  0.40505E-01  0.27172E-01  0.17265E-01  0.10233E-01
 0.24000E+01  0.20509E-01 -0.40113E-01 -0.53071E-01 -0.16246E-01  0.45193E-01  0.10049E+00  0.13160E+00  0.13680E+00  0.12390E+00  0.10240E+00  0.79334E-01  0.58495E-01  0.41294E-01  0.27847E-01  0.17764E-01  0.10560E-01
 0.26000E+01  0.20117E-01 -0.38965E-01 -0.54021E-01 -0.21090E-01  0.37317E-01  0.91881E-01  0.12430E+00  0.13173E+00  0.12097E+00  0.10106E+00  0.78969E-01  0.58622E-01  0.41607E-01  0.28175E-01  0.18031E-01  0.10744E-01
 0.28000E+01  0.19527E-01 -0.37702E-01 -0.54196E-01 -0.24580E-01  0.30948E-01  0.84475E-01  0.11766E+00  0.12678E+00  0.11780E+00  0.99303E-01  0.78141E-01  0.58332E-01  0.41583E-01  0.28254E-01  0.18128E-01  0.10824E-01
 0.30000E+01  0.18713E-01 -0.35926E-01 -0.53479E-01 -0.27326E-01  0.24780E-01  0.76627E-01  0.11007E+00  0.12065E+00  0.11345E+00  0.96486E-01  0.76452E-01  0.57383E-01  0.41082E-01  0.28006E-01  0.18014E-01  0.10776E-01
