 0.00000E+00  0.81910E+00  0.28941E+00 -0.73883E-01 -0.19086E+00 -0.13363E+00 -0.25782E-01  0.50568E-01  0.76612E-01  0.69296E-01  0.50220E-01  0.32122E-01  0.19098E-01  0.10882E-01  0.60279E-02  0.32445E-02  0.16769E-02
 0.20000E+00  0.30030E+00  0.42317E+00  0.38711E+00  0.23501E+00  0.63018E-01 -0.54026E-01 -0.97693E-01 -0.90473E-01 -0.63516E-01 -0.37188E-01 -0.18825E-01 -0.82450E-02 -0.29454E-02 -0.62863E-03  0.19740E-03  0.36300E-03
 0.40000E+00 -0.46678E-01  0.25700E+00  0.39355E+00  0.34741E+00  0.20145E+00  0.55694E-01 -0.35146E-01 -0.68198E-01 -0.65687E-01 -0.49895E-01 -0.33558E-01 -0.21116E-01 -0.12799E-01 -0.75520E-02 -0.43186E-02 -0.23572E-02
 0.60000E+00 -0.95060E-01  0.10702E+00  0.25038E+00  0.29255E+00  0.24792E+00  0.16318E+00  0.81836E-01  0.25459E-01 -0.44087E-02 -0.15664E-01 -0.16992E-01 -0.14321E-01 -0.10716E-01 -0.74175E-02 -0.47904E-02 -0.28664E-02
 0.80000E+00 -0.42771E-01  0.13358E-01  0.10237E+00  0.18365E+00  0.22197E+00  0.20958E+00  0.16392E+00  0.10977E+00  0.64322E-01  0.33403E-01  0.15356E-01  0.60385E-02  0.17473E-02  0.37090E-04 -0.46862E-03 -0.47854E-03
 0.10000E+01 -0.14106E-02 -0.21005E-01  0.22415E-01  0.10209E+00  0.17145E+00  0.19959E+00  0.18538E+00  0.14688E+00  0.10380E+00  0.67768E-01  0.42082E-01  0.25403E-01  0.15089E-01  0.88264E-02  0.50324E-02  0.27458E-02
 0.12000E+01  0.16044E-01 -0.28797E-01 -0.10516E-01  0.56262E-01  0.12967E+00  0.17398E+00  0.17880E+00  0.15486E+00  0.11930E+00  0.84891E-01  0.57387E-01  0.37566E-01  0.24027E-01  0.14990E-01  0.90182E-02  0.51370E-02
 0.14000E+01  0.22125E-01 -0.28763E-01 -0.23522E-01  0.31314E-01  0.10098E+00  0.15080E+00  0.16612E+00  0.15238E+00  0.12361E+00  0.92215E-01  0.65043E-01  0.44176E-01  0.29139E-01  0.18635E-01  0.11429E-01  0.66061E-02
 0.16000E+01  0.23914E-01 -0.26938E-01 -0.28846E-01  0.16863E-01  0.81519E-01  0.13278E+00  0.15403E+00  0.14710E+00  0.12352E+00  0.94950E-01  0.68711E-01  0.47671E-01  0.31988E-01  0.20733E-01  0.12846E-01  0.74815E-02
 0.18000E+01  0.24100E-01 -0.24912E-01 -0.31056E-01  0.77977E-02  0.67777E-01  0.11892E+00  0.14367E+00  0.14144E+00  0.12175E+00  0.95568E-01  0.70365E-01  0.49508E-01  0.33590E-01  0.21958E-01  0.13692E-01  0.80125E-02
 0.20000E+01  0.23667E-01 -0.23049E-01 -0.31880E-01  0.17022E-02  0.57600E-01  0.10799E+00  0.13492E+00  0.13604E+00  0.11936E+00  0.95162E-01  0.70956E-01  0.50430E-01  0.34485E-01  0.22679E-01  0.14206E-01  0.83405E-02
 0.22000E+01  0.22991E-01 -0.21409E-01 -0.32032E-01 -0.26196E-02  0.49750E-01  0.99129E-01  0.12745E+00  0.13106E+00  0.11676E+00  0.94232E-01  0.70952E-01  0.50816E-01  0.34957E-01  0.23093E-01  0.14514E-01  0.85429E-02
 0.24000E+01  0.22230E-01 -0.19976E-01 -0.31840E-01 -0.58165E-02  0.43483E-01  0.91757E-01  0.12096E+00  0.12650E+00  0.11413E+00  0.93027E-01  0.70597E-01  0.50873E-01  0.35163E-01  0.23312E-01  0.14691E-01  0.86640E-02
 0.26000E+01  0.21451E-01 -0.18713E-01 -0.31463E-01 -0.82649E-02  0.38329E-01  0.85474E-01  0.11525E+00  0.12229E+00  0.11154E+00  0.91680E-01  0.70032E-01  0.50724E-01  0.35197E-01  0.23404E-01  0.14781E-01  0.87313E-02
 0.28000E+01  0.20681E-01 -0.17589E-01 -0.30984E-01 -0.10197E-01  0.33981E-01  0.80007E-01  0.11014E+00  0.11840E+00  0.10902E+00  0.90270E-01  0.69346E-01  0.50447E-01  0.35122E-01  0.23413E-01  0.14815E-01  0.87632E-02
 0.30000E+01  0.19742E-01 -0.16299E-01 -0.30246E-01 -0.12045E-01  0.29399E-01  0.74020E-01  0.10436E+00  0.11384E+00  0.10594E+00  0.88415E-01  0.68341E-01  0.49952E-01  0.34903E-01  0.23331E-01  0.14793E-01  0.87631E-02
 0.00000E+00  0.81910E+00  0.28941E+00 -0.73883E-01 -0.19086E+00 -0.13363E+00 -0.25782E-01  0.50568E-01  0.76612E-01  0.69296E-01  0.50220E-01  0.32122E-01  0.19098E-01  0.10882E-01  0.60279E-02  0.32445E-02  0.16769E-02
 0.20000E+00  0.30030E+00  0.42317E+00  0.38711E+00  0.23501E+00  0.63018E-01 -0.54026E-01 -0.97693E-01 -0.90473E-01 -0.63516E-01 -0.37188E-01 -0.18825E-01 -0.82450E-02 -0.29454E-02 -0.62863E-03  0.19740E-03  0.36300E-03
 0.40000E+00 -0.46678E-01  0.25700E+00  0.39355E+00  0.34741E+00  0.20145E+00  0.55694E-01 -0.35146E-01 -0.68198E-01 -0.65687E-01 -0.49895E-01 -0.33558E-01 -0.21116E-01 -0.12799E-01 -0.75520E-02 -0.43186E-02 -0.23572E-02
 0.60000E+00 -0.95060E-01  0.10702E+00  0.25038E+00  0.29255E+00  0.24792E+00  0.16318E+00  0.81836E-01  0.25459E-01 -0.44087E-02 -0.15664E-01 -0.16992E-01 -0.14321E-01 -0.10716E-01 -0.74175E-02 -0.47904E-02 -0.28664E-02
 0.80000E+00 -0.42771E-01  0.13358E-01  0.10237E+00  0.18365E+00  0.22197E+00  0.20958E+00  0.16392E+00  0.10977E+00  0.64322E-01  0.33403E-01  0.15356E-01  0.60385E-02  0.17473E-02  0.37090E-04 -0.46862E-03 -0.47854E-03
 0.10000E+01 -0.14106E-02 -0.21005E-01  0.22415E-01  0.10209E+00  0.17145E+00  0.19959E+00  0.18538E+00  0.14688E+00  0.10380E+00  0.67768E-01  0.42082E-01  0.25403E-01  0.15089E-01  0.88264E-02  0.50324E-02  0.27458E-02
 0.12000E+01  0.16044E-01 -0.28797E-01 -0.10516E-01  0.56262E-01  0.12967E+00  0.17398E+00  0.17880E+00  0.15486E+00  0.11930E+00  0.84891E-01  0.57387E-01  0.37566E-01  0.24027E-01  0.14990E-01  0.90182E-02  0.51370E-02
 0.14000E+01  0.22125E-01 -0.28763E-01 -0.23522E-01  0.31314E-01  0.10098E+00  0.15080E+00  0.16612E+00  0.15238E+00  0.12361E+00  0.92215E-01  0.65043E-01  0.44176E-01  0.29139E-01  0.18635E-01  0.11429E-01  0.66061E-02
 0.16000E+01  0.23914E-01 -0.26938E-01 -0.28846E-01  0.16863E-01  0.81519E-01  0.13278E+00  0.15403E+00  0.14710E+00  0.12352E+00  0.94950E-01  0.68711E-01  0.47671E-01  0.31988E-01  0.20733E-01  0.12846E-01  0.74815E-02
 0.18000E+01  0.24100E-01 -0.24912E-01 -0.31056E-01  0.77977E-02  0.67777E-01  0.11892E+00  0.14367E+00  0.14144E+00  0.12175E+00  0.95568E-01  0.70365E-01  0.49508E-01  0.33590E-01  0.21958E-01  0.13692E-01  0.80125E-02
 0.20000E+01  0.23667E-01 -0.23049E-01 -0.31880E-01  0.17022E-02  0.57600E-01  0.10799E+00  0.13492E+00  0.13604E+00  0.11936E+00  0.95162E-01  0.70956E-01  0.50430E-01  0.34485E-01  0.22679E-01  0.14206E-01  0.83405E-02
 0.22000E+01  0.22991E-01 -0.21409E-01 -0.32032E-01 -0.26196E-02  0.49750E-01  0.99129E-01  0.12745E+00  0.13106E+00  0.11676E+00  0.94232E-01  0.70952E-01  0.50816E-01  0.34957E-01  0.23093E-01  0.14514E-01  0.85429E-02
 0.24000E+01  0.22230E-01 -0.19976E-01 -0.31840E-01 -0.58165E-02  0.43483E-01  0.91757E-01  0.12096E+00  0.12650E+00  0.11413E+00  0.93027E-01  0.70597E-01  0.50873E-01  0.35163E-01  0.23312E-01  0.14691E-01  0.86640E-02
 0.26000E+01  0.21451E-01 -0.18713E-01 -0.31463E-01 -0.82649E-02  0.38329E-01  0.85474E-01  0.11525E+00  0.12229E+00  0.11154E+00  0.91680E-01  0.70032E-01  0.50724E-01  0.35197E-01  0.23404E-01  0.14781E-01  0.87313E-02
 0.28000E+01  0.20681E-01 -0.17589E-01 -0.30984E-01 -0.10197E-01  0.33981E-01  0.80007E-01  0.11014E+00  0.11840E+00  0.10902E+00  0.90270E-01  0.69346E-01  0.50447E-01  0.35122E-01  0.23413E-01  0.14815E-01  0.87632E-02
 0.30000E+01  0.19742E-01 -0.16299E-01 -0.30246E-01 -0.12045E-01  0.29399E-01  0.74020E-01  0.10436E+00  0.11384E+00  0.10594E+00  0.88415E-01  0.68341E-01  0.49952E-01  0.34903E-01  0.23331E-01  0.14793E-01  0.87631E-02
