 0.00000E+00  0.75839E+00  0.32851E+00 -0.58760E-01 -0.13514E+00 -0.78393E-01 -0.29655E-01 -0.72929E-02  0.68973E-03  0.24937E-02  0.19827E-02  0.91669E-03  0.23455E-06 -0.57894E-03 -0.83140E-03 -0.79387E-03 -0.52990E-03
 0.20000E+00  0.33952E+00  0.45703E+00  0.34218E+00  0.14375E+00  0.21525E-01 -0.20851E-01 -0.27351E-01 -0.22906E-01 -0.16302E-01 -0.10351E-01 -0.58634E-02 -0.28497E-02 -0.10155E-02 -0.28659E-04  0.35739E-03  0.33655E-03
 0.40000E+00 -0.59245E-01  0.22544E+00  0.35831E+00  0.28259E+00  0.16194E+00  0.81281E-01  0.38879E-01  0.18005E-01  0.80592E-02  0.35245E-02  0.15700E-02  0.77810E-03  0.47197E-03  0.34274E-03  0.25095E-03  0.14921E-03
 0.60000E+00 -0.78451E-01  0.11069E+00  0.25953E+00  0.26664E+00  0.19692E+00  0.12528E+00  0.75013E-01  0.43659E-01  0.24752E-01  0.13514E-01  0.69621E-02  0.32575E-02  0.12524E-02  0.24474E-03 -0.16448E-03 -0.20962E-03
 0.80000E+00 -0.68084E-01  0.54184E-01  0.18904E+00  0.23020E+00  0.19073E+00  0.13127E+00  0.83147E-01  0.50555E-01  0.29685E-01  0.16655E-01  0.87486E-02  0.41332E-02  0.15735E-02  0.26686E-03 -0.26113E-03 -0.30392E-03
 0.10000E+01 -0.57975E-01  0.20059E-01  0.13764E+00  0.19381E+00  0.17339E+00  0.12490E+00  0.81520E-01  0.50673E-01  0.30279E-01  0.17241E-01  0.91831E-02  0.44097E-02  0.17288E-02  0.34259E-03 -0.23020E-03 -0.29379E-03
 0.12000E+01 -0.48645E-01 -0.40120E-02  0.97346E-01  0.16183E+00  0.15526E+00  0.11607E+00  0.77525E-01  0.49009E-01  0.29685E-01  0.17100E-01  0.92095E-02  0.44802E-02  0.17965E-02  0.39429E-03 -0.19573E-03 -0.27482E-03
 0.14000E+01 -0.40963E-01 -0.20713E-01  0.65805E-01  0.13353E+00  0.13671E+00  0.10543E+00  0.71759E-01  0.46002E-01  0.28190E-01  0.16411E-01  0.89338E-02  0.44055E-02  0.18110E-02  0.44085E-03 -0.14756E-03 -0.24213E-03
 0.16000E+01 -0.35953E-01 -0.30756E-01  0.42136E-01  0.10771E+00  0.11661E+00  0.92206E-01  0.63719E-01  0.41335E-01  0.25604E-01  0.15073E-01  0.83187E-02  0.41881E-02  0.17966E-02  0.51526E-03 -0.54665E-04 -0.17502E-03
 0.18000E+01 -0.33894E-01 -0.35089E-01  0.25342E-01  0.83832E-01  0.94839E-01  0.76439E-01  0.53498E-01  0.35088E-01  0.21985E-01  0.13126E-01  0.73919E-02  0.38493E-02  0.17705E-02  0.63170E-03  0.93759E-04 -0.66898E-04
 0.20000E+01 -0.34519E-01 -0.34918E-01  0.14239E-01  0.61756E-01  0.71938E-01  0.58797E-01  0.41637E-01  0.27641E-01  0.17576E-01  0.10715E-01  0.62317E-02  0.34257E-02  0.17454E-02  0.79021E-03  0.29307E-03  0.77975E-04
 0.22000E+01 -0.37332E-01 -0.31381E-01  0.76835E-02  0.41481E-01  0.48618E-01  0.40071E-01  0.28762E-01  0.19430E-01  0.12657E-01  0.80017E-02  0.49229E-02  0.29532E-02  0.17290E-02  0.98486E-03  0.53308E-03  0.25166E-03
 0.24000E+01 -0.41840E-01 -0.25476E-01  0.46364E-02  0.22967E-01  0.25471E-01  0.20935E-01  0.15409E-01  0.10827E-01  0.74639E-02  0.51256E-02  0.35363E-02  0.24602E-02  0.17255E-02  0.12079E-02  0.80286E-03  0.44596E-03
 0.26000E+01 -0.47618E-01 -0.17928E-01  0.42221E-02  0.59980E-02  0.27605E-02  0.17533E-02  0.18858E-02  0.20549E-02  0.21430E-02  0.21717E-02  0.21155E-02  0.19639E-02  0.17371E-02  0.14539E-02  0.10951E-02  0.65541E-03
 0.28000E+01 -0.54417E-01 -0.92120E-02  0.58225E-02 -0.96732E-02 -0.19462E-01 -0.17327E-01 -0.11669E-01 -0.67836E-02 -0.32379E-02 -0.81981E-03  0.68082E-03  0.14718E-02  0.17637E-02  0.17195E-02  0.14055E-02  0.87701E-03
 0.30000E+01 -0.58892E-01 -0.40429E-02  0.42501E-02 -0.24093E-01 -0.37974E-01 -0.32730E-01 -0.22451E-01 -0.13759E-01 -0.74672E-02 -0.31672E-02 -0.44536E-03  0.10838E-02  0.17818E-02  0.19250E-02  0.16468E-02  0.10495E-02
