 0.00000E+00  0.67398E+00  0.34525E+00  0.57750E-01 -0.10460E+00 -0.14221E+00 -0.10778E+00 -0.56032E-01 -0.16752E-01  0.39223E-02  0.11092E-01  0.11374E-01  0.91821E-02  0.66260E-02  0.44509E-02  0.28062E-02  0.16481E-02
 0.20000E+00  0.40176E+00  0.38215E+00  0.30138E+00  0.19108E+00  0.88329E-01  0.16281E-01 -0.21330E-01 -0.33368E-01 -0.31587E-01 -0.24798E-01 -0.17672E-01 -0.11917E-01 -0.77501E-02 -0.48793E-02 -0.29492E-02 -0.16837E-02
 0.40000E+00  0.45417E-01  0.20711E+00  0.29252E+00  0.28328E+00  0.21029E+00  0.12158E+00  0.51073E-01  0.91625E-02 -0.93735E-02 -0.14189E-01 -0.12953E-01 -0.99514E-02 -0.69980E-02 -0.46322E-02 -0.28951E-02 -0.16910E-02
 0.60000E+00 -0.63065E-01  0.10116E+00  0.21737E+00  0.25421E+00  0.22402E+00  0.16223E+00  0.10070E+00  0.55106E-01  0.27182E-01  0.12288E-01  0.51268E-02  0.19444E-02  0.62349E-03  0.12014E-03 -0.41076E-04 -0.68899E-04
 0.80000E+00 -0.71084E-01  0.40832E-01  0.13759E+00  0.19016E+00  0.19448E+00  0.16588E+00  0.12475E+00  0.85893E-01  0.55771E-01  0.34983E-01  0.21578E-01  0.13221E-01  0.80601E-02  0.48545E-02  0.28450E-02  0.15894E-02
 0.10000E+01 -0.53299E-01  0.11499E-01  0.82239E-01  0.13580E+00  0.15902E+00  0.15307E+00  0.12860E+00  0.97832E-01  0.69305E-01  0.46764E-01  0.30588E-01  0.19617E-01  0.12382E-01  0.76535E-02  0.45728E-02  0.25911E-02
 0.12000E+01 -0.37222E-01 -0.18706E-02  0.49877E-01  0.99834E-01  0.13113E+00  0.13738E+00  0.12326E+00  0.98750E-01  0.72836E-01  0.50698E-01  0.33952E-01  0.22162E-01  0.14173E-01  0.88469E-02  0.53240E-02  0.30326E-02
 0.14000E+01 -0.26483E-01 -0.80755E-02  0.31368E-01  0.77133E-01  0.11122E+00  0.12358E+00  0.11554E+00  0.95389E-01  0.71949E-01  0.50928E-01  0.34539E-01  0.22760E-01  0.14659E-01  0.91986E-02  0.55574E-02  0.31748E-02
 0.16000E+01 -0.19579E-01 -0.11119E-01  0.20281E-01  0.62315E-01  0.96936E-01  0.11236E+00  0.10798E+00  0.90876E-01  0.69514E-01  0.49721E-01  0.33987E-01  0.22530E-01  0.14576E-01  0.91778E-02  0.55590E-02  0.31817E-02
 0.18000E+01 -0.15008E-01 -0.12692E-01  0.13202E-01  0.52097E-01  0.86313E-01  0.10328E+00  0.10122E+00  0.86340E-01  0.66686E-01  0.48042E-01  0.33018E-01  0.21978E-01  0.14265E-01  0.90032E-02  0.54631E-02  0.31310E-02
 0.20000E+01 -0.11846E-01 -0.13527E-01  0.84047E-02  0.44663E-01  0.78094E-01  0.95810E-01  0.95314E-01  0.82116E-01  0.63878E-01  0.46264E-01  0.31925E-01  0.21317E-01  0.13868E-01  0.87691E-02  0.53284E-02  0.30570E-02
 0.22000E+01 -0.95676E-02 -0.13965E-01  0.49867E-02  0.39005E-01  0.71504E-01  0.89540E-01  0.90136E-01  0.78264E-01  0.61221E-01  0.44524E-01  0.30821E-01  0.20630E-01  0.13447E-01  0.85154E-02  0.51800E-02  0.29743E-02
 0.24000E+01 -0.78646E-02 -0.14176E-01  0.24478E-02  0.34530E-01  0.66059E-01  0.84166E-01  0.85556E-01  0.74763E-01  0.58747E-01  0.42870E-01  0.29753E-01  0.19956E-01  0.13028E-01  0.82597E-02  0.50290E-02  0.28896E-02
 0.26000E+01 -0.65489E-02 -0.14250E-01  0.49416E-03  0.30874E-01  0.61433E-01  0.79464E-01  0.81451E-01  0.71560E-01  0.56445E-01  0.41308E-01  0.28732E-01  0.19304E-01  0.12619E-01  0.80088E-02  0.48802E-02  0.28057E-02
 0.28000E+01 -0.55083E-02 -0.14238E-01 -0.10517E-02  0.27805E-01  0.57414E-01  0.75273E-01  0.77719E-01  0.68601E-01  0.54291E-01  0.39830E-01  0.27757E-01  0.18676E-01  0.12223E-01  0.77647E-02  0.47347E-02  0.27235E-02
 0.30000E+01 -0.44702E-02 -0.14107E-01 -0.25408E-02  0.24588E-01  0.53016E-01  0.70556E-01  0.73429E-01  0.65143E-01  0.51739E-01  0.38060E-01  0.26579E-01  0.17914E-01  0.11739E-01  0.74647E-02  0.45553E-02  0.26218E-02
 0.00000E+00  0.67398E+00  0.34525E+00  0.57750E-01 -0.10460E+00 -0.14221E+00 -0.10778E+00 -0.56032E-01 -0.16752E-01  0.39223E-02  0.11092E-01  0.11374E-01  0.91821E-02  0.66260E-02  0.44509E-02  0.28062E-02  0.16481E-02
 0.20000E+00  0.40176E+00  0.38215E+00  0.30138E+00  0.19108E+00  0.88329E-01  0.16281E-01 -0.21330E-01 -0.33368E-01 -0.31587E-01 -0.24798E-01 -0.17672E-01 -0.11917E-01 -0.77501E-02 -0.48793E-02 -0.29492E-02 -0.16837E-02
 0.40000E+00  0.45417E-01  0.20711E+00  0.29252E+00  0.28328E+00  0.21029E+00  0.12158E+00  0.51073E-01  0.91625E-02 -0.93735E-02 -0.14189E-01 -0.12953E-01 -0.99514E-02 -0.69980E-02 -0.46322E-02 -0.28951E-02 -0.16910E-02
 0.60000E+00 -0.63065E-01  0.10116E+00  0.21737E+00  0.25421E+00  0.22402E+00  0.16223E+00  0.10070E+00  0.55106E-01  0.27182E-01  0.12288E-01  0.51268E-02  0.19444E-02  0.62349E-03  0.12014E-03 -0.41076E-04 -0.68899E-04
 0.80000E+00 -0.71084E-01  0.40832E-01  0.13759E+00  0.19016E+00  0.19448E+00  0.16588E+00  0.12475E+00  0.85893E-01  0.55771E-01  0.34983E-01  0.21578E-01  0.13221E-01  0.80601E-02  0.48545E-02  0.28450E-02  0.15894E-02
 0.10000E+01 -0.53299E-01  0.11499E-01  0.82239E-01  0.13580E+00  0.15902E+00  0.15307E+00  0.12860E+00  0.97832E-01  0.69305E-01  0.46764E-01  0.30588E-01  0.19617E-01  0.12382E-01  0.76535E-02  0.45728E-02  0.25911E-02
 0.12000E+01 -0.37222E-01 -0.18706E-02  0.49877E-01  0.99834E-01  0.13113E+00  0.13738E+00  0.12326E+00  0.98750E-01  0.72836E-01  0.50698E-01  0.33952E-01  0.22162E-01  0.14173E-01  0.88469E-02  0.53240E-02  0.30326E-02
 0.14000E+01 -0.26483E-01 -0.80755E-02  0.31368E-01  0.77133E-01  0.11122E+00  0.12358E+00  0.11554E+00  0.95389E-01  0.71949E-01  0.50928E-01  0.34539E-01  0.22760E-01  0.14659E-01  0.91986E-02  0.55574E-02  0.31748E-02
 0.16000E+01 -0.19579E-01 -0.11119E-01  0.20281E-01  0.62315E-01  0.96936E-01  0.11236E+00  0.10798E+00  0.90876E-01  0.69514E-01  0.49721E-01  0.33987E-01  0.22530E-01  0.14576E-01  0.91778E-02  0.55590E-02  0.31817E-02
 0.18000E+01 -0.15008E-01 -0.12692E-01  0.13202E-01  0.52097E-01  0.86313E-01  0.10328E+00  0.10122E+00  0.86340E-01  0.66686E-01  0.48042E-01  0.33018E-01  0.21978E-01  0.14265E-01  0.90032E-02  0.54631E-02  0.31310E-02
 0.20000E+01 -0.11846E-01 -0.13527E-01  0.84047E-02  0.44663E-01  0.78094E-01  0.95810E-01  0.95314E-01  0.82116E-01  0.63878E-01  0.46264E-01  0.31925E-01  0.21317E-01  0.13868E-01  0.87691E-02  0.53284E-02  0.30570E-02
 0.22000E+01 -0.95676E-02 -0.13965E-01  0.49867E-02  0.39005E-01  0.71504E-01  0.89540E-01  0.90136E-01  0.78264E-01  0.61221E-01  0.44524E-01  0.30821E-01  0.20630E-01  0.13447E-01  0.85154E-02  0.51800E-02  0.29743E-02
 0.24000E+01 -0.78646E-02 -0.14176E-01  0.24478E-02  0.34530E-01  0.66059E-01  0.84166E-01  0.85556E-01  0.74763E-01  0.58747E-01  0.42870E-01  0.29753E-01  0.19956E-01  0.13028E-01  0.82597E-02  0.50290E-02  0.28896E-02
 0.26000E+01 -0.65489E-02 -0.14250E-01  0.49416E-03  0.30874E-01  0.61433E-01  0.79464E-01  0.81451E-01  0.71560E-01  0.56445E-01  0.41308E-01  0.28732E-01  0.19304E-01  0.12619E-01  0.80088E-02  0.48802E-02  0.28057E-02
 0.28000E+01 -0.55083E-02 -0.14238E-01 -0.10517E-02  0.27805E-01  0.57414E-01  0.75273E-01  0.77719E-01  0.68601E-01  0.54291E-01  0.39830E-01  0.27757E-01  0.18676E-01  0.12223E-01  0.77647E-02  0.47347E-02  0.27235E-02
 0.30000E+01 -0.44702E-02 -0.14107E-01 -0.25408E-02  0.24588E-01  0.53016E-01  0.70556E-01  0.73429E-01  0.65143E-01  0.51739E-01  0.38060E-01  0.26579E-01  0.17914E-01  0.11739E-01  0.74647E-02  0.45553E-02  0.26218E-02
