 0.00000E+00  0.70777E+00  0.34349E+00  0.37019E-01 -0.12667E+00 -0.15660E+00 -0.11440E+00 -0.58490E-01 -0.18034E-01  0.26324E-02  0.97256E-02  0.10141E-01  0.82032E-02  0.59109E-02  0.39575E-02  0.24841E-02  0.14517E-02
 0.20000E+00  0.38778E+00  0.39481E+00  0.32581E+00  0.21223E+00  0.98941E-01  0.17093E-01 -0.25971E-01 -0.39491E-01 -0.37038E-01 -0.28906E-01 -0.20503E-01 -0.13761E-01 -0.89004E-02 -0.55675E-02 -0.33420E-02 -0.18951E-02
 0.40000E+00  0.75498E-02  0.19563E+00  0.29952E+00  0.29825E+00  0.22617E+00  0.13574E+00  0.63192E-01  0.19326E-01 -0.12146E-02 -0.80196E-02 -0.85480E-02 -0.69440E-02 -0.50122E-02 -0.33606E-02 -0.21125E-02 -0.12362E-02
 0.60000E+00 -0.61864E-01  0.91398E-01  0.20220E+00  0.24108E+00  0.21810E+00  0.16445E+00  0.10867E+00  0.65381E-01  0.37043E-01  0.20347E-01  0.11076E-01  0.60524E-02  0.33294E-02  0.18326E-02  0.99510E-03  0.52234E-03
 0.80000E+00 -0.57151E-01  0.42181E-01  0.12958E+00  0.17839E+00  0.18372E+00  0.15846E+00  0.12081E+00  0.84440E-01  0.55661E-01  0.35380E-01  0.22032E-01  0.13563E-01  0.82672E-02  0.49602E-02  0.28903E-02  0.16045E-02
 0.10000E+01 -0.44156E-01  0.18883E-01  0.86119E-01  0.13495E+00  0.15349E+00  0.14426E+00  0.11858E+00  0.88432E-01  0.61532E-01  0.40857E-01  0.26329E-01  0.16642E-01  0.10352E-01  0.63083E-02  0.37190E-02  0.20827E-02
 0.12000E+01 -0.33690E-01  0.68900E-02  0.59825E-01  0.10592E+00  0.13029E+00  0.12988E+00  0.11178E+00  0.86408E-01  0.61817E-01  0.41926E-01  0.27455E-01  0.17565E-01  0.11027E-01  0.67659E-02  0.40096E-02  0.22541E-02
 0.14000E+01 -0.26082E-01  0.14597E-03  0.42859E-01  0.85576E-01  0.11231E+00  0.11693E+00  0.10384E+00  0.82151E-01  0.59794E-01  0.41079E-01  0.27161E-01  0.17503E-01  0.11048E-01  0.68074E-02  0.40468E-02  0.22803E-02
 0.16000E+01 -0.20578E-01 -0.38712E-02  0.31307E-01  0.70648E-01  0.97997E-01  0.10555E+00  0.95922E-01  0.77140E-01  0.56823E-01  0.39384E-01  0.26212E-01  0.16976E-01  0.10756E-01  0.66467E-02  0.39599E-02  0.22350E-02
 0.18000E+01 -0.16566E-01 -0.63364E-02  0.23149E-01  0.59338E-01  0.86390E-01  0.95636E-01  0.88468E-01  0.72029E-01  0.53530E-01  0.37344E-01  0.24976E-01  0.16235E-01  0.10316E-01  0.63885E-02  0.38124E-02  0.21545E-02
 0.20000E+01 -0.13619E-01 -0.78674E-02  0.17237E-01  0.50575E-01  0.76859E-01  0.87034E-01  0.81660E-01  0.67128E-01  0.50231E-01  0.35219E-01  0.23644E-01  0.15414E-01  0.98159E-02  0.60892E-02  0.36386E-02  0.20583E-02
 0.22000E+01 -0.11434E-01 -0.88170E-02  0.12865E-01  0.43669E-01  0.68962E-01  0.79595E-01  0.75548E-01  0.62586E-01  0.47089E-01  0.33148E-01  0.22320E-01  0.14585E-01  0.93048E-02  0.57803E-02  0.34578E-02  0.19576E-02
 0.24000E+01 -0.97946E-02 -0.94014E-02  0.95632E-02  0.38132E-01  0.62355E-01  0.73156E-01  0.70111E-01  0.58452E-01  0.44175E-01  0.31200E-01  0.21060E-01  0.13788E-01  0.88096E-02  0.54791E-02  0.32806E-02  0.18586E-02
 0.26000E+01 -0.85458E-02 -0.97536E-02  0.70163E-02  0.33614E-01  0.56763E-01  0.67555E-01  0.65279E-01  0.54716E-01  0.41508E-01  0.29397E-01  0.19885E-01  0.13039E-01  0.83421E-02  0.51935E-02  0.31121E-02  0.17642E-02
 0.28000E+01 -0.75845E-02 -0.99555E-02  0.50135E-02  0.29866E-01  0.51971E-01  0.62644E-01  0.60969E-01  0.51341E-01  0.39073E-01  0.27737E-01  0.18796E-01  0.12343E-01  0.79052E-02  0.49259E-02  0.29537E-02  0.16753E-02
 0.30000E+01 -0.66542E-02 -0.10035E-01  0.30961E-02  0.26017E-01  0.46864E-01  0.57282E-01  0.56181E-01  0.47542E-01  0.36305E-01  0.25837E-01  0.17542E-01  0.11537E-01  0.73979E-02  0.46142E-02  0.27689E-02  0.15714E-02
 0.00000E+00  0.70777E+00  0.34349E+00  0.37019E-01 -0.12667E+00 -0.15660E+00 -0.11440E+00 -0.58490E-01 -0.18034E-01  0.26324E-02  0.97256E-02  0.10141E-01  0.82032E-02  0.59109E-02  0.39575E-02  0.24841E-02  0.14517E-02
 0.20000E+00  0.38778E+00  0.39481E+00  0.32581E+00  0.21223E+00  0.98941E-01  0.17093E-01 -0.25971E-01 -0.39491E-01 -0.37038E-01 -0.28906E-01 -0.20503E-01 -0.13761E-01 -0.89004E-02 -0.55675E-02 -0.33420E-02 -0.18951E-02
 0.40000E+00  0.75498E-02  0.19563E+00  0.29952E+00  0.29825E+00  0.22617E+00  0.13574E+00  0.63192E-01  0.19326E-01 -0.12146E-02 -0.80196E-02 -0.85480E-02 -0.69440E-02 -0.50122E-02 -0.33606E-02 -0.21125E-02 -0.12362E-02
 0.60000E+00 -0.61864E-01  0.91398E-01  0.20220E+00  0.24108E+00  0.21810E+00  0.16445E+00  0.10867E+00  0.65381E-01  0.37043E-01  0.20347E-01  0.11076E-01  0.60524E-02  0.33294E-02  0.18326E-02  0.99510E-03  0.52234E-03
 0.80000E+00 -0.57151E-01  0.42181E-01  0.12958E+00  0.17839E+00  0.18372E+00  0.15846E+00  0.12081E+00  0.84440E-01  0.55661E-01  0.35380E-01  0.22032E-01  0.13563E-01  0.82672E-02  0.49602E-02  0.28903E-02  0.16045E-02
 0.10000E+01 -0.44156E-01  0.18883E-01  0.86119E-01  0.13495E+00  0.15349E+00  0.14426E+00  0.11858E+00  0.88432E-01  0.61532E-01  0.40857E-01  0.26329E-01  0.16642E-01  0.10352E-01  0.63083E-02  0.37190E-02  0.20827E-02
 0.12000E+01 -0.33690E-01  0.68900E-02  0.59825E-01  0.10592E+00  0.13029E+00  0.12988E+00  0.11178E+00  0.86408E-01  0.61817E-01  0.41926E-01  0.27455E-01  0.17565E-01  0.11027E-01  0.67659E-02  0.40096E-02  0.22541E-02
 0.14000E+01 -0.26082E-01  0.14597E-03  0.42859E-01  0.85576E-01  0.11231E+00  0.11693E+00  0.10384E+00  0.82151E-01  0.59794E-01  0.41079E-01  0.27161E-01  0.17503E-01  0.11048E-01  0.68074E-02  0.40468E-02  0.22803E-02
 0.16000E+01 -0.20578E-01 -0.38712E-02  0.31307E-01  0.70648E-01  0.97997E-01  0.10555E+00  0.95922E-01  0.77140E-01  0.56823E-01  0.39384E-01  0.26212E-01  0.16976E-01  0.10756E-01  0.66467E-02  0.39599E-02  0.22350E-02
 0.18000E+01 -0.16566E-01 -0.63364E-02  0.23149E-01  0.59338E-01  0.86390E-01  0.95636E-01  0.88468E-01  0.72029E-01  0.53530E-01  0.37344E-01  0.24976E-01  0.16235E-01  0.10316E-01  0.63885E-02  0.38124E-02  0.21545E-02
 0.20000E+01 -0.13619E-01 -0.78674E-02  0.17237E-01  0.50575E-01  0.76859E-01  0.87034E-01  0.81660E-01  0.67128E-01  0.50231E-01  0.35219E-01  0.23644E-01  0.15414E-01  0.98159E-02  0.60892E-02  0.36386E-02  0.20583E-02
 0.22000E+01 -0.11434E-01 -0.88170E-02  0.12865E-01  0.43669E-01  0.68962E-01  0.79595E-01  0.75548E-01  0.62586E-01  0.47089E-01  0.33148E-01  0.22320E-01  0.14585E-01  0.93048E-02  0.57803E-02  0.34578E-02  0.19576E-02
 0.24000E+01 -0.97946E-02 -0.94014E-02  0.95632E-02  0.38132E-01  0.62355E-01  0.73156E-01  0.70111E-01  0.58452E-01  0.44175E-01  0.31200E-01  0.21060E-01  0.13788E-01  0.88096E-02  0.54791E-02  0.32806E-02  0.18586E-02
 0.26000E+01 -0.85458E-02 -0.97536E-02  0.70163E-02  0.33614E-01  0.56763E-01  0.67555E-01  0.65279E-01  0.54716E-01  0.41508E-01  0.29397E-01  0.19885E-01  0.13039E-01  0.83421E-02  0.51935E-02  0.31121E-02  0.17642E-02
 0.28000E+01 -0.75845E-02 -0.99555E-02  0.50135E-02  0.29866E-01  0.51971E-01  0.62644E-01  0.60969E-01  0.51341E-01  0.39073E-01  0.27737E-01  0.18796E-01  0.12343E-01  0.79052E-02  0.49259E-02  0.29537E-02  0.16753E-02
 0.30000E+01 -0.66542E-02 -0.10035E-01  0.30961E-02  0.26017E-01  0.46864E-01  0.57282E-01  0.56181E-01  0.47542E-01  0.36305E-01  0.25837E-01  0.17542E-01  0.11537E-01  0.73979E-02  0.46142E-02  0.27689E-02  0.15714E-02
