 0.00000E+00  0.75585E+00  0.32659E+00 -0.62455E-01 -0.13866E+00 -0.78691E-01 -0.27209E-01 -0.42948E-02  0.28360E-02  0.35391E-02  0.22331E-02  0.74510E-03 -0.33123E-03 -0.92694E-03 -0.11307E-02 -0.10153E-02 -0.65964E-03
 0.20000E+00  0.34253E+00  0.45778E+00  0.34445E+00  0.14648E+00  0.21332E-01 -0.23686E-01 -0.30516E-01 -0.24970E-01 -0.17130E-01 -0.10371E-01 -0.55153E-02 -0.24097E-02 -0.61604E-03  0.28370E-03  0.57252E-03  0.45666E-03
 0.40000E+00 -0.61059E-01  0.23084E+00  0.36625E+00  0.28628E+00  0.16028E+00  0.76932E-01  0.34378E-01  0.14540E-01  0.58120E-02  0.22437E-02  0.92784E-03  0.51085E-03  0.40360E-03  0.36645E-03  0.30263E-03  0.19053E-03
 0.60000E+00 -0.81492E-01  0.11362E+00  0.26334E+00  0.26746E+00  0.19591E+00  0.12392E+00  0.73562E-01  0.42089E-01  0.23194E-01  0.12145E-01  0.58767E-02  0.24604E-02  0.69933E-03 -0.12074E-03 -0.38916E-03 -0.32630E-03
 0.80000E+00 -0.69586E-01  0.51076E-01  0.18576E+00  0.22913E+00  0.19243E+00  0.13415E+00  0.85431E-01  0.51534E-01  0.29556E-01  0.15917E-01  0.78152E-02  0.32416E-02  0.82431E-03 -0.31316E-03 -0.66690E-03 -0.53462E-03
 0.10000E+01 -0.56958E-01  0.12038E-01  0.12834E+00  0.19126E+00  0.17725E+00  0.13094E+00  0.86527E-01  0.53552E-01  0.31290E-01  0.17078E-01  0.84590E-02  0.35192E-02  0.87868E-03 -0.37291E-03 -0.76022E-03 -0.60587E-03
 0.12000E+01 -0.46143E-01 -0.14041E-01  0.84642E-01  0.15719E+00  0.15863E+00  0.12240E+00  0.83002E-01  0.52260E-01  0.30908E-01  0.17016E-01  0.84774E-02  0.35354E-02  0.87448E-03 -0.39300E-03 -0.78460E-03 -0.62356E-03
 0.14000E+01 -0.38490E-01 -0.30274E-01  0.52188E-01  0.12633E+00  0.13719E+00  0.10945E+00  0.75622E-01  0.48208E-01  0.28774E-01  0.15959E-01  0.80081E-02  0.33719E-02  0.85943E-03 -0.34575E-03 -0.72444E-03 -0.57996E-03
 0.16000E+01 -0.34627E-01 -0.38568E-01  0.29313E-01  0.98198E-01  0.11321E+00  0.92556E-01  0.64829E-01  0.41722E-01  0.25106E-01  0.14049E-01  0.71399E-02  0.30844E-02  0.86894E-03 -0.20841E-03 -0.56549E-03 -0.46741E-03
 0.18000E+01 -0.34300E-01 -0.40821E-01  0.14202E-01  0.72603E-01  0.87582E-01  0.72824E-01  0.51512E-01  0.33420E-01  0.20295E-01  0.11510E-01  0.59892E-02  0.27236E-02  0.91715E-03  0.15218E-04 -0.31747E-03 -0.29387E-03
 0.20000E+01 -0.36883E-01 -0.38671E-01  0.51523E-02  0.49409E-01  0.61229E-01  0.51352E-01  0.36569E-01  0.23925E-01  0.14729E-01  0.85599E-02  0.46622E-02  0.23287E-02  0.10067E-02  0.31098E-03  0.17234E-05 -0.72341E-04
 0.22000E+01 -0.41675E-01 -0.33476E-01  0.69648E-03  0.28526E-01  0.34997E-01  0.29147E-01  0.20813E-01  0.13801E-01  0.87577E-02  0.53928E-02  0.32501E-02  0.19296E-02  0.11346E-02  0.66108E-03  0.37196E-03  0.18300E-03
 0.24000E+01 -0.48076E-01 -0.26279E-01 -0.35524E-03  0.98014E-02  0.94680E-02  0.69319E-02  0.48412E-02  0.34615E-02  0.26381E-02  0.21495E-02  0.18177E-02  0.15456E-02  0.12955E-02  0.10498E-02  0.77633E-03  0.46041E-03
 0.26000E+01 -0.55587E-01 -0.17795E-01  0.10454E-02 -0.70709E-02 -0.15143E-01 -0.14930E-01 -0.11026E-01 -0.68623E-02 -0.34850E-02 -0.10904E-02  0.40075E-03  0.11858E-02  0.14847E-02  0.14662E-02  0.12036E-02  0.75220E-03
 0.28000E+01 -0.63998E-01 -0.85040E-02  0.42601E-02 -0.22386E-01 -0.38827E-01 -0.36315E-01 -0.26663E-01 -0.17075E-01 -0.95503E-02 -0.42928E-02 -0.98575E-03  0.85375E-03  0.16993E-02  0.19049E-02  0.16483E-02  0.10547E-02
 0.30000E+01 -0.69911E-01 -0.29256E-02  0.40345E-02 -0.36414E-01 -0.58394E-01 -0.53464E-01 -0.39032E-01 -0.25092E-01 -0.14287E-01 -0.67832E-02 -0.20583E-02  0.60169E-03  0.18714E-02  0.22499E-02  0.19969E-02  0.12916E-02
