 0.00000E+00  0.71647E+00  0.31533E+00 -0.73889E-01 -0.14545E+00 -0.63317E-01  0.26212E-02  0.25476E-01  0.26179E-01  0.20257E-01  0.13949E-01  0.90053E-02  0.55617E-02  0.33091E-02  0.18939E-02  0.10204E-02  0.47767E-03
 0.20000E+00  0.41153E+00  0.47624E+00  0.33311E+00  0.13021E+00  0.33613E-02 -0.40835E-01 -0.43831E-01 -0.34361E-01 -0.23947E-01 -0.15742E-01 -0.99952E-02 -0.61956E-02 -0.37655E-02 -0.22393E-02 -0.12685E-02 -0.62254E-03
 0.40000E+00 -0.10328E+00  0.25284E+00  0.42467E+00  0.31108E+00  0.13489E+00  0.29757E-01 -0.97318E-02 -0.18123E-01 -0.15995E-01 -0.11636E-01 -0.77225E-02 -0.48353E-02 -0.28895E-02 -0.16483E-02 -0.88065E-03 -0.40870E-03
 0.60000E+00 -0.12188E+00  0.10127E+00  0.27546E+00  0.27926E+00  0.19723E+00  0.11932E+00  0.68749E-01  0.39425E-01  0.22783E-01  0.13288E-01  0.78143E-02  0.46272E-02  0.27544E-02  0.16374E-02  0.93828E-03  0.46600E-03
 0.80000E+00 -0.59674E-01  0.17949E-01  0.14273E+00  0.21878E+00  0.21554E+00  0.16953E+00  0.11834E+00  0.77547E-01  0.49044E-01  0.30326E-01  0.18447E-01  0.11066E-01  0.65466E-02  0.38011E-02  0.21060E-02  0.10142E-02
 0.10000E+01 -0.10833E-01 -0.24724E-01  0.59442E-01  0.17043E+00  0.21283E+00  0.18844E+00  0.14019E+00  0.95229E-01  0.61506E-01  0.38495E-01  0.23558E-01  0.14151E-01  0.83463E-02  0.48114E-02  0.26393E-02  0.12592E-02
 0.12000E+01  0.18437E-01 -0.46241E-01  0.10654E-01  0.13562E+00  0.20150E+00  0.19037E+00  0.14604E+00  0.10083E+00  0.65737E-01  0.41368E-01  0.25392E-01  0.15270E-01  0.90026E-02  0.51795E-02  0.28328E-02  0.13476E-02
 0.14000E+01  0.34032E-01 -0.56491E-01 -0.17220E-01  0.11043E+00  0.18675E+00  0.18353E+00  0.14325E+00  0.99817E-01  0.65431E-01  0.41327E-01  0.25436E-01  0.15329E-01  0.90538E-02  0.52180E-02  0.28588E-02  0.13621E-02
 0.16000E+01  0.40654E-01 -0.60294E-01 -0.32159E-01  0.91728E-01  0.17055E+00  0.17179E+00  0.13549E+00  0.94947E-01  0.62486E-01  0.39601E-01  0.24457E-01  0.14796E-01  0.87796E-02  0.50890E-02  0.28065E-02  0.13453E-02
 0.18000E+01  0.41462E-01 -0.60301E-01 -0.38928E-01  0.77509E-01  0.15398E+00  0.15745E+00  0.12495E+00  0.87889E-01  0.58034E-01  0.36918E-01  0.22905E-01  0.13938E-01  0.83331E-02  0.48770E-02  0.27195E-02  0.13168E-02
 0.20000E+01  0.38816E-01 -0.58165E-01 -0.40722E-01  0.66454E-01  0.13786E+00  0.14217E+00  0.11320E+00  0.79835E-01  0.52883E-01  0.33786E-01  0.21083E-01  0.12927E-01  0.78061E-02  0.46270E-02  0.26174E-02  0.12835E-02
 0.22000E+01  0.33753E-01 -0.54624E-01 -0.39052E-01  0.57751E-01  0.12226E+00  0.12641E+00  0.10075E+00  0.71181E-01  0.47308E-01  0.30385E-01  0.19104E-01  0.11833E-01  0.72405E-02  0.43631E-02  0.25133E-02  0.12519E-02
 0.24000E+01  0.27216E-01 -0.50256E-01 -0.35156E-01  0.50786E-01  0.10734E+00  0.11068E+00  0.88116E-01  0.62322E-01  0.41579E-01  0.26887E-01  0.17072E-01  0.10714E-01  0.66671E-02  0.41005E-02  0.24137E-02  0.12241E-02
 0.26000E+01  0.19625E-01 -0.45360E-01 -0.29683E-01  0.45159E-01  0.93073E-01  0.95124E-01  0.75450E-01  0.53391E-01  0.35791E-01  0.23353E-01  0.15023E-01  0.95919E-02  0.60973E-02  0.38447E-02  0.23210E-02  0.12009E-02
 0.28000E+01  0.11378E-01 -0.40127E-01 -0.23144E-01  0.40519E-01  0.79372E-01  0.79808E-01  0.62864E-01  0.44481E-01  0.30006E-01  0.19822E-01  0.12981E-01  0.84782E-02  0.55372E-02  0.35980E-02  0.22356E-02  0.11823E-02
 0.30000E+01  0.53375E-02 -0.36258E-01 -0.19314E-01  0.34990E-01  0.66851E-01  0.66468E-01  0.52103E-01  0.36922E-01  0.25109E-01  0.16824E-01  0.11233E-01  0.75095E-02  0.50354E-02  0.33635E-02  0.21429E-02  0.11540E-02
