 0.00000E+00  0.65821E+00  0.35756E+00  0.83430E-01 -0.83324E-01 -0.13592E+00 -0.11678E+00 -0.74071E-01 -0.36679E-01 -0.13228E-01 -0.16081E-02  0.28593E-02  0.38370E-02  0.34142E-02  0.25827E-02  0.17554E-02  0.10831E-02
 0.20000E+00  0.41771E+00  0.38442E+00  0.29623E+00  0.18640E+00  0.88762E-01  0.21854E-01 -0.13309E-01 -0.25692E-01 -0.25763E-01 -0.21052E-01 -0.15556E-01 -0.10844E-01 -0.72580E-02 -0.46756E-02 -0.28749E-02 -0.16613E-02
 0.40000E+00  0.42685E-01  0.18499E+00  0.26518E+00  0.26543E+00  0.20905E+00  0.13493E+00  0.71967E-01  0.30631E-01  0.85135E-02 -0.11330E-02 -0.42257E-02 -0.44445E-02 -0.36525E-02 -0.26583E-02 -0.17677E-02 -0.10763E-02
 0.60000E+00 -0.51195E-01  0.90001E-01  0.19337E+00  0.23096E+00  0.21083E+00  0.16105E+00  0.10812E+00  0.66186E-01  0.38137E-01  0.21245E-01  0.11670E-01  0.63941E-02  0.35048E-02  0.19124E-02  0.10262E-02  0.53162E-03
 0.80000E+00 -0.62895E-01  0.45233E-01  0.13643E+00  0.18403E+00  0.18586E+00  0.15761E+00  0.11863E+00  0.82333E-01  0.54235E-01  0.34656E-01  0.21794E-01  0.13583E-01  0.83885E-02  0.50951E-02  0.30003E-02  0.16799E-02
 0.10000E+01 -0.56466E-01  0.23086E-01  0.98906E-01  0.14756E+00  0.16120E+00  0.14698E+00  0.11852E+00  0.87696E-01  0.61180E-01  0.41072E-01  0.26910E-01  0.17340E-01  0.10998E-01  0.68219E-02  0.40832E-02  0.23146E-02
 0.12000E+01 -0.47799E-01  0.11034E-01  0.74157E-01  0.12116E+00  0.14113E+00  0.13577E+00  0.11463E+00  0.88174E-01  0.63510E-01  0.43740E-01  0.29239E-01  0.19136E-01  0.12284E-01  0.76903E-02  0.46353E-02  0.26414E-02
 0.14000E+01 -0.40021E-01  0.38318E-02  0.56983E-01  0.10156E+00  0.12499E+00  0.12540E+00  0.10948E+00  0.86473E-01  0.63589E-01  0.44500E-01  0.30111E-01  0.19890E-01  0.12859E-01  0.80937E-02  0.48982E-02  0.27996E-02
 0.16000E+01 -0.33536E-01 -0.76939E-03  0.44489E-01  0.86477E-01  0.11175E+00  0.11606E+00  0.10397E+00  0.83745E-01  0.62502E-01  0.44229E-01  0.30179E-01  0.20062E-01  0.13032E-01  0.82322E-02  0.49957E-02  0.28611E-02
 0.18000E+01 -0.28229E-01 -0.38307E-02  0.35094E-01  0.74543E-01  0.10069E+00  0.10766E+00  0.98468E-01  0.80530E-01  0.60781E-01  0.43370E-01  0.29777E-01  0.19886E-01  0.12963E-01  0.82106E-02  0.49925E-02  0.28635E-02
 0.20000E+01 -0.23917E-01 -0.59132E-02  0.27874E-01  0.64920E-01  0.91318E-01  0.10012E+00  0.93151E-01  0.77116E-01  0.58720E-01  0.42171E-01  0.29092E-01  0.19499E-01  0.12745E-01  0.80889E-02  0.49261E-02  0.28287E-02
 0.22000E+01 -0.20425E-01 -0.73437E-02  0.22245E-01  0.57060E-01  0.83317E-01  0.93351E-01  0.88108E-01  0.73671E-01  0.56498E-01  0.40786E-01  0.28244E-01  0.18984E-01  0.12435E-01  0.79052E-02  0.48201E-02  0.27703E-02
 0.24000E+01 -0.17592E-01 -0.83336E-02  0.17790E-01  0.50555E-01  0.76419E-01  0.87271E-01  0.83379E-01  0.70298E-01  0.54229E-01  0.39313E-01  0.27309E-01  0.18398E-01  0.12072E-01  0.76849E-02  0.46905E-02  0.26978E-02
 0.26000E+01 -0.15278E-01 -0.90188E-02  0.14211E-01  0.45094E-01  0.70407E-01  0.81778E-01  0.78957E-01  0.67041E-01  0.51971E-01  0.37810E-01  0.26333E-01  0.17775E-01  0.11680E-01  0.74436E-02  0.45470E-02  0.26169E-02
 0.28000E+01 -0.13381E-01 -0.94847E-02  0.11304E-01  0.40454E-01  0.65110E-01  0.76778E-01  0.74811E-01  0.63906E-01  0.49749E-01  0.36302E-01  0.25337E-01  0.17131E-01  0.11271E-01  0.71895E-02  0.43949E-02  0.25307E-02
 0.30000E+01 -0.11434E-01 -0.98164E-02  0.84141E-02  0.35571E-01  0.59307E-01  0.71117E-01  0.69984E-01  0.60170E-01  0.47049E-01  0.34440E-01  0.24093E-01  0.16317E-01  0.10750E-01  0.68638E-02  0.41989E-02  0.24192E-02
 0.00000E+00  0.65821E+00  0.35756E+00  0.83430E-01 -0.83324E-01 -0.13592E+00 -0.11678E+00 -0.74071E-01 -0.36679E-01 -0.13228E-01 -0.16081E-02  0.28593E-02  0.38370E-02  0.34142E-02  0.25827E-02  0.17554E-02  0.10831E-02
 0.20000E+00  0.41771E+00  0.38442E+00  0.29623E+00  0.18640E+00  0.88762E-01  0.21854E-01 -0.13309E-01 -0.25692E-01 -0.25763E-01 -0.21052E-01 -0.15556E-01 -0.10844E-01 -0.72580E-02 -0.46756E-02 -0.28749E-02 -0.16613E-02
 0.40000E+00  0.42685E-01  0.18499E+00  0.26518E+00  0.26543E+00  0.20905E+00  0.13493E+00  0.71967E-01  0.30631E-01  0.85135E-02 -0.11330E-02 -0.42257E-02 -0.44445E-02 -0.36525E-02 -0.26583E-02 -0.17677E-02 -0.10763E-02
 0.60000E+00 -0.51195E-01  0.90001E-01  0.19337E+00  0.23096E+00  0.21083E+00  0.16105E+00  0.10812E+00  0.66186E-01  0.38137E-01  0.21245E-01  0.11670E-01  0.63941E-02  0.35048E-02  0.19124E-02  0.10262E-02  0.53162E-03
 0.80000E+00 -0.62895E-01  0.45233E-01  0.13643E+00  0.18403E+00  0.18586E+00  0.15761E+00  0.11863E+00  0.82333E-01  0.54235E-01  0.34656E-01  0.21794E-01  0.13583E-01  0.83885E-02  0.50951E-02  0.30003E-02  0.16799E-02
 0.10000E+01 -0.56466E-01  0.23086E-01  0.98906E-01  0.14756E+00  0.16120E+00  0.14698E+00  0.11852E+00  0.87696E-01  0.61180E-01  0.41072E-01  0.26910E-01  0.17340E-01  0.10998E-01  0.68219E-02  0.40832E-02  0.23146E-02
 0.12000E+01 -0.47799E-01  0.11034E-01  0.74157E-01  0.12116E+00  0.14113E+00  0.13577E+00  0.11463E+00  0.88174E-01  0.63510E-01  0.43740E-01  0.29239E-01  0.19136E-01  0.12284E-01  0.76903E-02  0.46353E-02  0.26414E-02
 0.14000E+01 -0.40021E-01  0.38318E-02  0.56983E-01  0.10156E+00  0.12499E+00  0.12540E+00  0.10948E+00  0.86473E-01  0.63589E-01  0.44500E-01  0.30111E-01  0.19890E-01  0.12859E-01  0.80937E-02  0.48982E-02  0.27996E-02
 0.16000E+01 -0.33536E-01 -0.76939E-03  0.44489E-01  0.86477E-01  0.11175E+00  0.11606E+00  0.10397E+00  0.83745E-01  0.62502E-01  0.44229E-01  0.30179E-01  0.20062E-01  0.13032E-01  0.82322E-02  0.49957E-02  0.28611E-02
 0.18000E+01 -0.28229E-01 -0.38307E-02  0.35094E-01  0.74543E-01  0.10069E+00  0.10766E+00  0.98468E-01  0.80530E-01  0.60781E-01  0.43370E-01  0.29777E-01  0.19886E-01  0.12963E-01  0.82106E-02  0.49925E-02  0.28635E-02
 0.20000E+01 -0.23917E-01 -0.59132E-02  0.27874E-01  0.64920E-01  0.91318E-01  0.10012E+00  0.93151E-01  0.77116E-01  0.58720E-01  0.42171E-01  0.29092E-01  0.19499E-01  0.12745E-01  0.80889E-02  0.49261E-02  0.28287E-02
 0.22000E+01 -0.20425E-01 -0.73437E-02  0.22245E-01  0.57060E-01  0.83317E-01  0.93351E-01  0.88108E-01  0.73671E-01  0.56498E-01  0.40786E-01  0.28244E-01  0.18984E-01  0.12435E-01  0.79052E-02  0.48201E-02  0.27703E-02
 0.24000E+01 -0.17592E-01 -0.83336E-02  0.17790E-01  0.50555E-01  0.76419E-01  0.87271E-01  0.83379E-01  0.70298E-01  0.54229E-01  0.39313E-01  0.27309E-01  0.18398E-01  0.12072E-01  0.76849E-02  0.46905E-02  0.26978E-02
 0.26000E+01 -0.15278E-01 -0.90188E-02  0.14211E-01  0.45094E-01  0.70407E-01  0.81778E-01  0.78957E-01  0.67041E-01  0.51971E-01  0.37810E-01  0.26333E-01  0.17775E-01  0.11680E-01  0.74436E-02  0.45470E-02  0.26169E-02
 0.28000E+01 -0.13381E-01 -0.94847E-02  0.11304E-01  0.40454E-01  0.65110E-01  0.76778E-01  0.74811E-01  0.63906E-01  0.49749E-01  0.36302E-01  0.25337E-01  0.17131E-01  0.11271E-01  0.71895E-02  0.43949E-02  0.25307E-02
 0.30000E+01 -0.11434E-01 -0.98164E-02  0.84141E-02  0.35571E-01  0.59307E-01  0.71117E-01  0.69984E-01  0.60170E-01  0.47049E-01  0.34440E-01  0.24093E-01  0.16317E-01  0.10750E-01  0.68638E-02  0.41989E-02  0.24192E-02
