 0.00000E+00  0.77315E+00  0.28972E+00 -0.11573E+00 -0.14872E+00 -0.41880E-01  0.24427E-01  0.39353E-01  0.33042E-01  0.22854E-01  0.14397E-01  0.85388E-02  0.48108E-02  0.25618E-02  0.12644E-02  0.55624E-03  0.20431E-03
 0.20000E+00  0.35036E+00  0.49541E+00  0.37762E+00  0.14127E+00 -0.13945E-01 -0.63244E-01 -0.60487E-01 -0.44312E-01 -0.29184E-01 -0.18210E-01 -0.10985E-01 -0.64555E-02 -0.37021E-02 -0.20615E-02 -0.10870E-02 -0.49946E-03
 0.40000E+00 -0.11860E+00  0.27106E+00  0.43915E+00  0.30365E+00  0.12029E+00  0.20004E-01 -0.13279E-01 -0.17840E-01 -0.14083E-01 -0.93738E-02 -0.56789E-02 -0.31927E-02 -0.16538E-02 -0.76257E-03 -0.29144E-03 -0.82541E-04
 0.60000E+00 -0.10266E+00  0.98147E-01  0.26129E+00  0.27339E+00  0.20190E+00  0.12752E+00  0.75781E-01  0.44184E-01  0.25653E-01  0.14891E-01  0.86434E-02  0.50113E-02  0.28972E-02  0.16596E-02  0.91281E-03  0.43731E-03
 0.80000E+00 -0.34856E-01  0.40018E-02  0.12248E+00  0.21987E+00  0.23038E+00  0.18394E+00  0.12710E+00  0.81317E-01  0.49804E-01  0.29644E-01  0.17241E-01  0.98024E-02  0.54290E-02  0.29012E-02  0.14553E-02  0.63484E-03
 0.10000E+01  0.93086E-02 -0.40457E-01  0.42433E-01  0.17504E+00  0.22764E+00  0.19990E+00  0.14497E+00  0.95185E-01  0.59093E-01  0.35369E-01  0.20556E-01  0.11607E-01  0.63364E-02  0.33043E-02  0.15989E-02  0.66904E-03
 0.12000E+01  0.30949E-01 -0.59914E-01 -0.80550E-06  0.14214E+00  0.21285E+00  0.19635E+00  0.14570E+00  0.96781E-01  0.60406E-01  0.36192E-01  0.20977E-01  0.11764E-01  0.63433E-02  0.32399E-02  0.15187E-02  0.61087E-03
 0.14000E+01  0.38156E-01 -0.66316E-01 -0.20577E-01  0.11744E+00  0.19232E+00  0.18217E+00  0.13677E+00  0.91425E-01  0.57293E-01  0.34431E-01  0.20010E-01  0.11252E-01  0.60876E-02  0.31236E-02  0.14740E-02  0.59793E-03
 0.16000E+01  0.37552E-01 -0.66506E-01 -0.29459E-01  0.98428E-01  0.17054E+00  0.16387E+00  0.12378E+00  0.83049E-01  0.52232E-01  0.31529E-01  0.18434E-01  0.10456E-01  0.57292E-02  0.29978E-02  0.14560E-02  0.61193E-03
 0.18000E+01  0.32441E-01 -0.63332E-01 -0.31476E-01  0.83307E-01  0.14875E+00  0.14376E+00  0.10881E+00  0.73160E-01  0.46194E-01  0.28070E-01  0.16580E-01  0.95479E-02  0.53509E-02  0.28954E-02  0.14736E-02  0.65291E-03
 0.20000E+01  0.24776E-01 -0.58276E-01 -0.29366E-01  0.70880E-01  0.12747E+00  0.12300E+00  0.92954E-01  0.62563E-01  0.39701E-01  0.24364E-01  0.14619E-01  0.86154E-02  0.49908E-02  0.28287E-02  0.15269E-02  0.71819E-03
 0.22000E+01  0.15810E-01 -0.52414E-01 -0.24953E-01  0.60531E-01  0.10732E+00  0.10266E+00  0.77190E-01  0.51953E-01  0.33189E-01  0.20659E-01  0.12677E-01  0.77118E-02  0.46625E-02  0.27918E-02  0.16042E-02  0.79821E-03
 0.24000E+01  0.61300E-02 -0.46132E-01 -0.19076E-01  0.51764E-01  0.88281E-01  0.82934E-01  0.61731E-01  0.41500E-01  0.26772E-01  0.17022E-01  0.10789E-01  0.68540E-02  0.43724E-02  0.27855E-02  0.17039E-02  0.89145E-03
 0.26000E+01 -0.37671E-02 -0.39694E-01 -0.12383E-01  0.44181E-01  0.70321E-01  0.63979E-01  0.46763E-01  0.31348E-01  0.20540E-01  0.13502E-01  0.89781E-02  0.60472E-02  0.41169E-02  0.28030E-02  0.18191E-02  0.99323E-03
 0.28000E+01 -0.13866E-01 -0.33327E-01 -0.52167E-02  0.37525E-01  0.53328E-01  0.45772E-01  0.32297E-01  0.21513E-01  0.14504E-01  0.10103E-01  0.72418E-02  0.52874E-02  0.38913E-02  0.28395E-02  0.19459E-02  0.11011E-02
 0.30000E+01 -0.22323E-01 -0.28173E-01 -0.13132E-03  0.30440E-01  0.37604E-01  0.29405E-01  0.19451E-01  0.12823E-01  0.91712E-02  0.70839E-02  0.56793E-02  0.45814E-02  0.36567E-02  0.28400E-02  0.20332E-02  0.11812E-02
