 0.00000E+00  0.72878E+00  0.31976E+00 -0.66813E-01 -0.14101E+00 -0.67263E-01 -0.50568E-02  0.18574E-01  0.21128E-01  0.16814E-01  0.11698E-01  0.75750E-02  0.46688E-02  0.27550E-02  0.15482E-02  0.80748E-03  0.36239E-03
 0.20000E+00  0.37119E+00  0.46314E+00  0.34419E+00  0.14657E+00  0.14639E-01 -0.35747E-01 -0.42464E-01 -0.34475E-01 -0.24467E-01 -0.16296E-01 -0.10468E-01 -0.65588E-02 -0.40253E-02 -0.24120E-02 -0.13711E-02 -0.67229E-03
 0.40000E+00 -0.64457E-01  0.25332E+00  0.39445E+00  0.28916E+00  0.13452E+00  0.40106E-01  0.14539E-02 -0.94316E-02 -0.10042E-01 -0.78487E-02 -0.54430E-02 -0.35304E-02 -0.21813E-02 -0.12867E-02 -0.70850E-03 -0.33545E-03
 0.60000E+00 -0.10293E+00  0.11101E+00  0.26801E+00  0.26566E+00  0.18812E+00  0.11555E+00  0.67820E-01  0.39602E-01  0.23295E-01  0.13827E-01  0.82659E-02  0.49645E-02  0.29878E-02  0.17891E-02  0.10295E-02  0.51266E-03
 0.80000E+00 -0.64359E-01  0.26525E-01  0.15111E+00  0.21605E+00  0.20602E+00  0.16048E+00  0.11234E+00  0.74243E-01  0.47524E-01  0.29854E-01  0.18512E-01  0.11357E-01  0.68927E-02  0.41163E-02  0.23445E-02  0.11539E-02
 0.10000E+01 -0.24797E-01 -0.19682E-01  0.72271E-01  0.17341E+00  0.20636E+00  0.18084E+00  0.13526E+00  0.92859E-01  0.60767E-01  0.38646E-01  0.24103E-01  0.14797E-01  0.89455E-02  0.52983E-02  0.29839E-02  0.14528E-02
 0.12000E+01  0.63262E-04 -0.43584E-01  0.25340E-01  0.14225E+00  0.19819E+00  0.18528E+00  0.14318E+00  0.10011E+00  0.66243E-01  0.42428E-01  0.26584E-01  0.16367E-01  0.99111E-02  0.58738E-02  0.33077E-02  0.16097E-02
 0.14000E+01  0.12763E-01 -0.55208E-01 -0.13306E-02  0.11955E+00  0.18590E+00  0.18052E+00  0.14212E+00  0.10054E+00  0.67112E-01  0.43315E-01  0.27345E-01  0.16974E-01  0.10377E-01  0.62204E-02  0.35472E-02  0.17459E-02
 0.16000E+01  0.17913E-01 -0.60653E-01 -0.16422E-01  0.10269E+00  0.17259E+00  0.17163E+00  0.13671E+00  0.97492E-01  0.65548E-01  0.42614E-01  0.27119E-01  0.16994E-01  0.10508E-01  0.63869E-02  0.36981E-02  0.18448E-02
 0.18000E+01  0.18141E-01 -0.62633E-01 -0.24479E-01  0.89646E-01  0.15896E+00  0.16046E+00  0.12881E+00  0.92447E-01  0.62588E-01  0.41018E-01  0.26354E-01  0.16707E-01  0.10480E-01  0.64794E-02  0.38214E-02  0.19366E-02
 0.20000E+01  0.15461E-01 -0.62355E-01 -0.28066E-01  0.79086E-01  0.14525E+00  0.14795E+00  0.11939E+00  0.86190E-01  0.58799E-01  0.38905E-01  0.25294E-01  0.16268E-01  0.10385E-01  0.65536E-02  0.39485E-02  0.20366E-02
 0.22000E+01  0.10719E-01 -0.60735E-01 -0.28675E-01  0.70391E-01  0.13178E+00  0.13480E+00  0.10916E+00  0.79267E-01  0.54550E-01  0.36510E-01  0.24077E-01  0.15755E-01  0.10263E-01  0.66275E-02  0.40856E-02  0.21460E-02
 0.24000E+01  0.45731E-02 -0.58223E-01 -0.27232E-01  0.63057E-01  0.11858E+00  0.12133E+00  0.98465E-01  0.71948E-01  0.50034E-01  0.33960E-01  0.22784E-01  0.15214E-01  0.10143E-01  0.67157E-02  0.42399E-02  0.22681E-02
 0.26000E+01 -0.25833E-02 -0.55084E-01 -0.24341E-01  0.56679E-01  0.10556E+00  0.10761E+00  0.87424E-01  0.64351E-01  0.45341E-01  0.31318E-01  0.21458E-01  0.14675E-01  0.10041E-01  0.68299E-02  0.44185E-02  0.24062E-02
 0.28000E+01 -0.10503E-01 -0.51345E-01 -0.20239E-01  0.51004E-01  0.92561E-01  0.93544E-01  0.75990E-01  0.56447E-01  0.40454E-01  0.28572E-01  0.20089E-01  0.14130E-01  0.99538E-02  0.69659E-02  0.46184E-02  0.25588E-02
 0.30000E+01 -0.18061E-01 -0.48029E-01 -0.16772E-01  0.45141E-01  0.79832E-01  0.79940E-01  0.64967E-01  0.48810E-01  0.35691E-01  0.25850E-01  0.18683E-01  0.13519E-01  0.97909E-02  0.70297E-02  0.47597E-02  0.26748E-02
