 0.00000E+00  0.72995E+00  0.32604E+00  0.53205E-03 -0.15470E+00 -0.15786E+00 -0.86767E-01 -0.11914E-01  0.34242E-01  0.50597E-01  0.48552E-01  0.39061E-01  0.28546E-01  0.19613E-01  0.12820E-01  0.79476E-02  0.46150E-02
 0.20000E+00  0.38999E+00  0.39904E+00  0.32812E+00  0.20834E+00  0.86984E-01 -0.13217E-02 -0.47039E-01 -0.59396E-01 -0.53426E-01 -0.41101E-01 -0.28940E-01 -0.19305E-01 -0.12409E-01 -0.77147E-02 -0.46046E-02 -0.25985E-02
 0.40000E+00 -0.10075E-01  0.21884E+00  0.33997E+00  0.32695E+00  0.22542E+00  0.10509E+00  0.13980E-01 -0.34646E-01 -0.50031E-01 -0.47180E-01 -0.37564E-01 -0.27301E-01 -0.18713E-01 -0.12224E-01 -0.75805E-02 -0.44047E-02
 0.60000E+00 -0.92435E-01  0.10482E+00  0.24029E+00  0.27738E+00  0.23424E+00  0.15643E+00  0.83268E-01  0.32697E-01  0.51090E-02 -0.65682E-02 -0.96145E-02 -0.88990E-02 -0.69790E-02 -0.49674E-02 -0.32647E-02 -0.19753E-02
 0.80000E+00 -0.72699E-01  0.38144E-01  0.13693E+00  0.19312E+00  0.20032E+00  0.17254E+00  0.13031E+00  0.89414E-01  0.57297E-01  0.35070E-01  0.20866E-01  0.12211E-01  0.70645E-02  0.40295E-02  0.22420E-02  0.11959E-02
 0.10000E+01 -0.37210E-01  0.27167E-02  0.63620E-01  0.12374E+00  0.16205E+00  0.17004E+00  0.15300E+00  0.12294E+00  0.90911E-01  0.63378E-01  0.42439E-01  0.27643E-01  0.17607E-01  0.10930E-01  0.65388E-02  0.37034E-02
 0.12000E+01 -0.95300E-02 -0.15433E-01  0.17922E-01  0.76069E-01  0.13081E+00  0.16045E+00  0.16031E+00  0.13902E+00  0.10899E+00  0.79589E-01  0.55342E-01  0.37183E-01  0.24295E-01  0.15399E-01  0.93653E-02  0.53728E-02
 0.14000E+01  0.88690E-02 -0.24729E-01 -0.97973E-02  0.44562E-01  0.10718E+00  0.14921E+00  0.15984E+00  0.14508E+00  0.11755E+00  0.88040E-01  0.62473E-01  0.42674E-01  0.28261E-01  0.18109E-01  0.11109E-01  0.64155E-02
 0.16000E+01  0.20628E-01 -0.29494E-01 -0.26784E-01  0.23511E-01  0.89407E-01  0.13835E+00  0.15584E+00  0.14586E+00  0.12077E+00  0.91973E-01  0.66139E-01  0.45672E-01  0.30518E-01  0.19696E-01  0.12151E-01  0.70478E-02
 0.18000E+01  0.28090E-01 -0.31868E-01 -0.37384E-01  0.90856E-02  0.75812E-01  0.12848E+00  0.15036E+00  0.14395E+00  0.12108E+00  0.93321E-01  0.67761E-01  0.47166E-01  0.31722E-01  0.20581E-01  0.12750E-01  0.74186E-02
 0.20000E+01  0.32807E-01 -0.32928E-01 -0.44083E-01 -0.10613E-02  0.65182E-01  0.11969E+00  0.14441E+00  0.14068E+00  0.11977E+00  0.93174E-01  0.68164E-01  0.47741E-01  0.32272E-01  0.21023E-01  0.13066E-01  0.76212E-02
 0.22000E+01  0.35737E-01 -0.33241E-01 -0.48314E-01 -0.83518E-02  0.56704E-01  0.11190E+00  0.13844E+00  0.13677E+00  0.11757E+00  0.92152E-01  0.67826E-01  0.47742E-01  0.32405E-01  0.21180E-01  0.13197E-01  0.77134E-02
 0.24000E+01  0.37500E-01 -0.33126E-01 -0.50954E-01 -0.13699E-01  0.49808E-01  0.10499E+00  0.13267E+00  0.13261E+00  0.11492E+00  0.90628E-01  0.67041E-01  0.47386E-01  0.32273E-01  0.21152E-01  0.13208E-01  0.77326E-02
 0.26000E+01  0.38485E-01 -0.32758E-01 -0.52544E-01 -0.17695E-01  0.44085E-01  0.98820E-01  0.12719E+00  0.12839E+00  0.11203E+00  0.88818E-01  0.65985E-01  0.46805E-01  0.31971E-01  0.21003E-01  0.13139E-01  0.77032E-02
 0.28000E+01  0.38933E-01 -0.32241E-01 -0.53414E-01 -0.20717E-01  0.39257E-01  0.93262E-01  0.12200E+00  0.12422E+00  0.10903E+00  0.86844E-01  0.64760E-01  0.46078E-01  0.31555E-01  0.20772E-01  0.13016E-01  0.76402E-02
 0.30000E+01  0.38942E-01 -0.31411E-01 -0.53706E-01 -0.23427E-01  0.34200E-01  0.86978E-01  0.11581E+00  0.11904E+00  0.10516E+00  0.84174E-01  0.63024E-01  0.44995E-01  0.30898E-01  0.20385E-01  0.12796E-01  0.75211E-02
 0.00000E+00  0.72995E+00  0.32604E+00  0.53205E-03 -0.15470E+00 -0.15786E+00 -0.86767E-01 -0.11914E-01  0.34242E-01  0.50597E-01  0.48552E-01  0.39061E-01  0.28546E-01  0.19613E-01  0.12820E-01  0.79476E-02  0.46150E-02
 0.20000E+00  0.38999E+00  0.39904E+00  0.32812E+00  0.20834E+00  0.86984E-01 -0.13217E-02 -0.47039E-01 -0.59396E-01 -0.53426E-01 -0.41101E-01 -0.28940E-01 -0.19305E-01 -0.12409E-01 -0.77147E-02 -0.46046E-02 -0.25985E-02
 0.40000E+00 -0.10075E-01  0.21884E+00  0.33997E+00  0.32695E+00  0.22542E+00  0.10509E+00  0.13980E-01 -0.34646E-01 -0.50031E-01 -0.47180E-01 -0.37564E-01 -0.27301E-01 -0.18713E-01 -0.12224E-01 -0.75805E-02 -0.44047E-02
 0.60000E+00 -0.92435E-01  0.10482E+00  0.24029E+00  0.27738E+00  0.23424E+00  0.15643E+00  0.83268E-01  0.32697E-01  0.51090E-02 -0.65682E-02 -0.96145E-02 -0.88990E-02 -0.69790E-02 -0.49674E-02 -0.32647E-02 -0.19753E-02
 0.80000E+00 -0.72699E-01  0.38144E-01  0.13693E+00  0.19312E+00  0.20032E+00  0.17254E+00  0.13031E+00  0.89414E-01  0.57297E-01  0.35070E-01  0.20866E-01  0.12211E-01  0.70645E-02  0.40295E-02  0.22420E-02  0.11959E-02
 0.10000E+01 -0.37210E-01  0.27167E-02  0.63620E-01  0.12374E+00  0.16205E+00  0.17004E+00  0.15300E+00  0.12294E+00  0.90911E-01  0.63378E-01  0.42439E-01  0.27643E-01  0.17607E-01  0.10930E-01  0.65388E-02  0.37034E-02
 0.12000E+01 -0.95300E-02 -0.15433E-01  0.17922E-01  0.76069E-01  0.13081E+00  0.16045E+00  0.16031E+00  0.13902E+00  0.10899E+00  0.79589E-01  0.55342E-01  0.37183E-01  0.24295E-01  0.15399E-01  0.93653E-02  0.53728E-02
 0.14000E+01  0.88690E-02 -0.24729E-01 -0.97973E-02  0.44562E-01  0.10718E+00  0.14921E+00  0.15984E+00  0.14508E+00  0.11755E+00  0.88040E-01  0.62473E-01  0.42674E-01  0.28261E-01  0.18109E-01  0.11109E-01  0.64155E-02
 0.16000E+01  0.20628E-01 -0.29494E-01 -0.26784E-01  0.23511E-01  0.89407E-01  0.13835E+00  0.15584E+00  0.14586E+00  0.12077E+00  0.91973E-01  0.66139E-01  0.45672E-01  0.30518E-01  0.19696E-01  0.12151E-01  0.70478E-02
 0.18000E+01  0.28090E-01 -0.31868E-01 -0.37384E-01  0.90856E-02  0.75812E-01  0.12848E+00  0.15036E+00  0.14395E+00  0.12108E+00  0.93321E-01  0.67761E-01  0.47166E-01  0.31722E-01  0.20581E-01  0.12750E-01  0.74186E-02
 0.20000E+01  0.32807E-01 -0.32928E-01 -0.44083E-01 -0.10613E-02  0.65182E-01  0.11969E+00  0.14441E+00  0.14068E+00  0.11977E+00  0.93174E-01  0.68164E-01  0.47741E-01  0.32272E-01  0.21023E-01  0.13066E-01  0.76212E-02
 0.22000E+01  0.35737E-01 -0.33241E-01 -0.48314E-01 -0.83518E-02  0.56704E-01  0.11190E+00  0.13844E+00  0.13677E+00  0.11757E+00  0.92152E-01  0.67826E-01  0.47742E-01  0.32405E-01  0.21180E-01  0.13197E-01  0.77134E-02
 0.24000E+01  0.37500E-01 -0.33126E-01 -0.50954E-01 -0.13699E-01  0.49808E-01  0.10499E+00  0.13267E+00  0.13261E+00  0.11492E+00  0.90628E-01  0.67041E-01  0.47386E-01  0.32273E-01  0.21152E-01  0.13208E-01  0.77326E-02
 0.26000E+01  0.38485E-01 -0.32758E-01 -0.52544E-01 -0.17695E-01  0.44085E-01  0.98820E-01  0.12719E+00  0.12839E+00  0.11203E+00  0.88818E-01  0.65985E-01  0.46805E-01  0.31971E-01  0.21003E-01  0.13139E-01  0.77032E-02
 0.28000E+01  0.38933E-01 -0.32241E-01 -0.53414E-01 -0.20717E-01  0.39257E-01  0.93262E-01  0.12200E+00  0.12422E+00  0.10903E+00  0.86844E-01  0.64760E-01  0.46078E-01  0.31555E-01  0.20772E-01  0.13016E-01  0.76402E-02
 0.30000E+01  0.38942E-01 -0.31411E-01 -0.53706E-01 -0.23427E-01  0.34200E-01  0.86978E-01  0.11581E+00  0.11904E+00  0.10516E+00  0.84174E-01  0.63024E-01  0.44995E-01  0.30898E-01  0.20385E-01  0.12796E-01  0.75211E-02
