 0.00000E+00  0.52178E+00  0.34055E+00  0.61396E-01 -0.79126E-01 -0.84490E-01 -0.46431E-01 -0.15193E-01  0.26445E-03  0.52676E-02  0.56087E-02  0.44824E-02  0.31862E-02  0.21207E-02  0.13429E-02  0.79321E-03  0.39916E-03
 0.20000E+00  0.48543E+00  0.45523E+00  0.27066E+00  0.10044E+00  0.11697E-01 -0.18236E-01 -0.21951E-01 -0.17583E-01 -0.12301E-01 -0.81110E-02 -0.51926E-02 -0.32666E-02 -0.20277E-02 -0.12374E-02 -0.71927E-03 -0.35995E-03
 0.40000E+00  0.87227E-01  0.24708E+00  0.31443E+00  0.25220E+00  0.14535E+00  0.61800E-01  0.16006E-01 -0.27978E-02 -0.78816E-02 -0.76247E-02 -0.59089E-02 -0.41622E-02 -0.27779E-02 -0.17786E-02 -0.10675E-02 -0.54544E-03
 0.60000E+00 -0.95061E-01  0.10507E+00  0.27181E+00  0.28598E+00  0.20724E+00  0.12116E+00  0.61982E-01  0.29284E-01  0.13297E-01  0.59399E-02  0.26265E-02  0.11447E-02  0.48763E-03  0.20055E-03  0.76791E-04  0.24958E-04
 0.80000E+00 -0.14866E+00  0.14174E-01  0.19267E+00  0.25667E+00  0.22393E+00  0.16037E+00  0.10387E+00  0.64139E-01  0.38893E-01  0.23480E-01  0.14173E-01  0.85539E-02  0.51528E-02  0.30773E-02  0.17618E-02  0.87275E-03
 0.10000E+01 -0.12061E+00 -0.29698E-01  0.10970E+00  0.19797E+00  0.21108E+00  0.17911E+00  0.13381E+00  0.92551E-01  0.61088E-01  0.39199E-01  0.24711E-01  0.15382E-01  0.94691E-02  0.57375E-02  0.33148E-02  0.16510E-02
 0.12000E+01 -0.72342E-01 -0.45589E-01  0.46917E-01  0.14256E+00  0.18814E+00  0.18234E+00  0.14875E+00  0.10904E+00  0.74760E-01  0.49184E-01  0.31529E-01  0.19855E-01  0.12321E-01  0.75072E-02  0.43533E-02  0.21735E-02
 0.14000E+01 -0.33678E-01 -0.49766E-01  0.69595E-02  0.10199E+00  0.16602E+00  0.17720E+00  0.15255E+00  0.11549E+00  0.80798E-01  0.53868E-01  0.34858E-01  0.22109E-01  0.13803E-01  0.84548E-02  0.49264E-02  0.24690E-02
 0.16000E+01 -0.83663E-02 -0.49696E-01 -0.16789E-01  0.74320E-01  0.14716E+00  0.16817E+00  0.14978E+00  0.11563E+00  0.81897E-01  0.55081E-01  0.35894E-01  0.22911E-01  0.14395E-01  0.88767E-02  0.52076E-02  0.26250E-02
 0.18000E+01  0.70559E-02 -0.48020E-01 -0.30500E-01  0.55262E-01  0.13103E+00  0.15731E+00  0.14332E+00  0.11208E+00  0.80090E-01  0.54250E-01  0.35589E-01  0.22876E-01  0.14484E-01  0.90116E-02  0.53362E-02  0.27112E-02
 0.20000E+01  0.15940E-01 -0.45820E-01 -0.38181E-01  0.41770E-01  0.11710E+00  0.14585E+00  0.13504E+00  0.10661E+00  0.76718E-01  0.52305E-01  0.34549E-01  0.22378E-01  0.14297E-01  0.89881E-02  0.53807E-02  0.27589E-02
 0.22000E+01  0.20338E-01 -0.43380E-01 -0.41862E-01  0.32055E-01  0.10475E+00  0.13411E+00  0.12564E+00  0.99915E-01  0.72353E-01  0.49659E-01  0.33053E-01  0.21603E-01  0.13949E-01  0.88785E-02  0.53836E-02  0.27897E-02
 0.24000E+01  0.21687E-01 -0.40877E-01 -0.42920E-01  0.24936E-01  0.93607E-01  0.12238E+00  0.11566E+00  0.92536E-01  0.67422E-01  0.46611E-01  0.31298E-01  0.20672E-01  0.13515E-01  0.87258E-02  0.53680E-02  0.28141E-02
 0.26000E+01  0.20772E-01 -0.38302E-01 -0.42017E-01  0.19713E-01  0.83307E-01  0.11056E+00  0.10517E+00  0.84602E-01  0.62044E-01  0.43257E-01  0.29354E-01  0.19636E-01  0.13030E-01  0.85532E-02  0.53486E-02  0.28403E-02
 0.28000E+01  0.17961E-01 -0.35676E-01 -0.39518E-01  0.15994E-01  0.73605E-01  0.98590E-01  0.94192E-01  0.76150E-01  0.56262E-01  0.39634E-01  0.27252E-01  0.18517E-01  0.12509E-01  0.83726E-02  0.53338E-02  0.28727E-02
 0.30000E+01  0.15802E-01 -0.33042E-01 -0.37490E-01  0.11880E-01  0.63837E-01  0.86808E-01  0.83498E-01  0.67955E-01  0.50661E-01  0.36114E-01  0.25194E-01  0.17405E-01  0.11974E-01  0.81694E-02  0.52964E-02  0.28897E-02
