 0.00000E+00  0.72402E+00  0.32451E+00  0.29525E-02 -0.15042E+00 -0.15433E+00 -0.85824E-01 -0.13976E-01  0.29952E-01  0.45344E-01  0.43441E-01  0.34743E-01  0.25239E-01  0.17263E-01  0.11252E-01  0.69665E-02  0.40440E-02
 0.20000E+00  0.39546E+00  0.40185E+00  0.32802E+00  0.20628E+00  0.84469E-01 -0.30821E-02 -0.47590E-01 -0.58955E-01 -0.52491E-01 -0.40114E-01 -0.28145E-01 -0.18767E-01 -0.12091E-01 -0.75485E-02 -0.45287E-02 -0.25689E-02
 0.40000E+00 -0.10036E-01  0.21968E+00  0.34041E+00  0.32654E+00  0.22478E+00  0.10532E+00  0.15755E-01 -0.31471E-01 -0.46135E-01 -0.43312E-01 -0.34231E-01 -0.24707E-01 -0.16846E-01 -0.10968E-01 -0.67889E-02 -0.39417E-02
 0.60000E+00 -0.91652E-01  0.10235E+00  0.23626E+00  0.27404E+00  0.23322E+00  0.15822E+00  0.87319E-01  0.37984E-01  0.10605E-01 -0.15874E-02 -0.55104E-02 -0.57510E-02 -0.47032E-02 -0.34121E-02 -0.22658E-02 -0.13796E-02
 0.80000E+00 -0.69423E-01  0.35669E-01  0.13151E+00  0.18814E+00  0.19792E+00  0.17301E+00  0.13280E+00  0.92826E-01  0.60787E-01  0.38176E-01  0.23411E-01  0.14180E-01  0.85137E-02  0.50424E-02  0.29075E-02  0.16008E-02
 0.10000E+01 -0.35236E-01  0.21961E-02  0.61654E-01  0.12148E+00  0.16009E+00  0.16841E+00  0.15153E+00  0.12156E+00  0.89689E-01  0.62408E-01  0.41759E-01  0.27222E-01  0.17378E-01  0.10824E-01  0.64991E-02  0.36940E-02
 0.12000E+01 -0.10920E-01 -0.13869E-01  0.20965E-01  0.78402E-01  0.13072E+00  0.15747E+00  0.15511E+00  0.13282E+00  0.10295E+00  0.74423E-01  0.51324E-01  0.34272E-01  0.22302E-01  0.14104E-01  0.85690E-02  0.49148E-02
 0.14000E+01  0.40844E-02 -0.21634E-01 -0.23407E-02  0.51309E-01  0.10941E+00  0.14585E+00  0.15216E+00  0.13533E+00  0.10780E+00  0.79568E-01  0.55778E-01  0.37736E-01  0.24814E-01  0.15822E-01  0.96753E-02  0.55766E-02
 0.16000E+01  0.13175E-01 -0.25455E-01 -0.16084E-01  0.33772E-01  0.93830E-01  0.13528E+00  0.14685E+00  0.13391E+00  0.10856E+00  0.81218E-01  0.57543E-01  0.39264E-01  0.25998E-01  0.16668E-01  0.10236E-01  0.59190E-02
 0.18000E+01  0.18768E-01 -0.27324E-01 -0.24515E-01  0.21910E-01  0.82089E-01  0.12606E+00  0.14091E+00  0.13080E+00  0.10739E+00  0.81116E-01  0.57913E-01  0.39762E-01  0.26460E-01  0.17032E-01  0.10492E-01  0.60816E-02
 0.20000E+01  0.22274E-01 -0.28170E-01 -0.29869E-01  0.13532E-01  0.72941E-01  0.11806E+00  0.13500E+00  0.12704E+00  0.10530E+00  0.80126E-01  0.57543E-01  0.39698E-01  0.26519E-01  0.17124E-01  0.10574E-01  0.61405E-02
 0.22000E+01  0.24484E-01 -0.28453E-01 -0.33347E-01  0.73968E-02  0.65596E-01  0.11106E+00  0.12937E+00  0.12307E+00  0.10279E+00  0.78676E-01  0.56770E-01  0.39316E-01  0.26347E-01  0.17055E-01  0.10552E-01  0.61370E-02
 0.24000E+01  0.25869E-01 -0.28413E-01 -0.35635E-01  0.27572E-02  0.59539E-01  0.10488E+00  0.12407E+00  0.11910E+00  0.10011E+00  0.76996E-01  0.55777E-01  0.38753E-01  0.26038E-01  0.16890E-01  0.10468E-01  0.60954E-02
 0.26000E+01  0.26712E-01 -0.28180E-01 -0.37142E-01 -0.85213E-03  0.54421E-01  0.99353E-01  0.11911E+00  0.11522E+00  0.97373E-01  0.75206E-01  0.54664E-01  0.38085E-01  0.25647E-01  0.16667E-01  0.10344E-01  0.60298E-02
 0.28000E+01  0.27178E-01 -0.27829E-01 -0.38110E-01 -0.37225E-02  0.50005E-01  0.94342E-01  0.11445E+00  0.11146E+00  0.94640E-01  0.73363E-01  0.53483E-01  0.37354E-01  0.25205E-01  0.16406E-01  0.10195E-01  0.59484E-02
 0.30000E+01  0.27371E-01 -0.27235E-01 -0.38715E-01 -0.65064E-02  0.45229E-01  0.88603E-01  0.10890E+00  0.10684E+00  0.91187E-01  0.70972E-01  0.51911E-01  0.36354E-01  0.24585E-01  0.16030E-01  0.99752E-02  0.58266E-02
 0.00000E+00  0.72402E+00  0.32451E+00  0.29525E-02 -0.15042E+00 -0.15433E+00 -0.85824E-01 -0.13976E-01  0.29952E-01  0.45344E-01  0.43441E-01  0.34743E-01  0.25239E-01  0.17263E-01  0.11252E-01  0.69665E-02  0.40440E-02
 0.20000E+00  0.39546E+00  0.40185E+00  0.32802E+00  0.20628E+00  0.84469E-01 -0.30821E-02 -0.47590E-01 -0.58955E-01 -0.52491E-01 -0.40114E-01 -0.28145E-01 -0.18767E-01 -0.12091E-01 -0.75485E-02 -0.45287E-02 -0.25689E-02
 0.40000E+00 -0.10036E-01  0.21968E+00  0.34041E+00  0.32654E+00  0.22478E+00  0.10532E+00  0.15755E-01 -0.31471E-01 -0.46135E-01 -0.43312E-01 -0.34231E-01 -0.24707E-01 -0.16846E-01 -0.10968E-01 -0.67889E-02 -0.39417E-02
 0.60000E+00 -0.91652E-01  0.10235E+00  0.23626E+00  0.27404E+00  0.23322E+00  0.15822E+00  0.87319E-01  0.37984E-01  0.10605E-01 -0.15874E-02 -0.55104E-02 -0.57510E-02 -0.47032E-02 -0.34121E-02 -0.22658E-02 -0.13796E-02
 0.80000E+00 -0.69423E-01  0.35669E-01  0.13151E+00  0.18814E+00  0.19792E+00  0.17301E+00  0.13280E+00  0.92826E-01  0.60787E-01  0.38176E-01  0.23411E-01  0.14180E-01  0.85137E-02  0.50424E-02  0.29075E-02  0.16008E-02
 0.10000E+01 -0.35236E-01  0.21961E-02  0.61654E-01  0.12148E+00  0.16009E+00  0.16841E+00  0.15153E+00  0.12156E+00  0.89689E-01  0.62408E-01  0.41759E-01  0.27222E-01  0.17378E-01  0.10824E-01  0.64991E-02  0.36940E-02
 0.12000E+01 -0.10920E-01 -0.13869E-01  0.20965E-01  0.78402E-01  0.13072E+00  0.15747E+00  0.15511E+00  0.13282E+00  0.10295E+00  0.74423E-01  0.51324E-01  0.34272E-01  0.22302E-01  0.14104E-01  0.85690E-02  0.49148E-02
 0.14000E+01  0.40844E-02 -0.21634E-01 -0.23407E-02  0.51309E-01  0.10941E+00  0.14585E+00  0.15216E+00  0.13533E+00  0.10780E+00  0.79568E-01  0.55778E-01  0.37736E-01  0.24814E-01  0.15822E-01  0.96753E-02  0.55766E-02
 0.16000E+01  0.13175E-01 -0.25455E-01 -0.16084E-01  0.33772E-01  0.93830E-01  0.13528E+00  0.14685E+00  0.13391E+00  0.10856E+00  0.81218E-01  0.57543E-01  0.39264E-01  0.25998E-01  0.16668E-01  0.10236E-01  0.59190E-02
 0.18000E+01  0.18768E-01 -0.27324E-01 -0.24515E-01  0.21910E-01  0.82089E-01  0.12606E+00  0.14091E+00  0.13080E+00  0.10739E+00  0.81116E-01  0.57913E-01  0.39762E-01  0.26460E-01  0.17032E-01  0.10492E-01  0.60816E-02
 0.20000E+01  0.22274E-01 -0.28170E-01 -0.29869E-01  0.13532E-01  0.72941E-01  0.11806E+00  0.13500E+00  0.12704E+00  0.10530E+00  0.80126E-01  0.57543E-01  0.39698E-01  0.26519E-01  0.17124E-01  0.10574E-01  0.61405E-02
 0.22000E+01  0.24484E-01 -0.28453E-01 -0.33347E-01  0.73968E-02  0.65596E-01  0.11106E+00  0.12937E+00  0.12307E+00  0.10279E+00  0.78676E-01  0.56770E-01  0.39316E-01  0.26347E-01  0.17055E-01  0.10552E-01  0.61370E-02
 0.24000E+01  0.25869E-01 -0.28413E-01 -0.35635E-01  0.27572E-02  0.59539E-01  0.10488E+00  0.12407E+00  0.11910E+00  0.10011E+00  0.76996E-01  0.55777E-01  0.38753E-01  0.26038E-01  0.16890E-01  0.10468E-01  0.60954E-02
 0.26000E+01  0.26712E-01 -0.28180E-01 -0.37142E-01 -0.85213E-03  0.54421E-01  0.99353E-01  0.11911E+00  0.11522E+00  0.97373E-01  0.75206E-01  0.54664E-01  0.38085E-01  0.25647E-01  0.16667E-01  0.10344E-01  0.60298E-02
 0.28000E+01  0.27178E-01 -0.27829E-01 -0.38110E-01 -0.37225E-02  0.50005E-01  0.94342E-01  0.11445E+00  0.11146E+00  0.94640E-01  0.73363E-01  0.53483E-01  0.37354E-01  0.25205E-01  0.16406E-01  0.10195E-01  0.59484E-02
 0.30000E+01  0.27371E-01 -0.27235E-01 -0.38715E-01 -0.65064E-02  0.45229E-01  0.88603E-01  0.10890E+00  0.10684E+00  0.91187E-01  0.70972E-01  0.51911E-01  0.36354E-01  0.24585E-01  0.16030E-01  0.99752E-02  0.58266E-02
