 0.00000E+00  0.70723E+00  0.31393E+00 -0.73631E-01 -0.14584E+00 -0.60978E-01  0.72736E-02  0.29507E-01  0.28323E-01  0.20903E-01  0.13823E-01  0.86044E-02  0.51337E-02  0.29505E-02  0.16268E-02  0.84109E-03  0.37824E-03
 0.20000E+00  0.42124E+00  0.47738E+00  0.32860E+00  0.12497E+00 -0.10029E-02 -0.43458E-01 -0.44354E-01 -0.33411E-01 -0.22431E-01 -0.14252E-01 -0.87747E-02 -0.52852E-02 -0.31247E-02 -0.18076E-02 -0.99631E-03 -0.47754E-03
 0.40000E+00 -0.10197E+00  0.25894E+00  0.43451E+00  0.31617E+00  0.13081E+00  0.20933E-01 -0.17598E-01 -0.22995E-01 -0.18375E-01 -0.12549E-01 -0.79200E-02 -0.47411E-02 -0.27108E-02 -0.14740E-02 -0.74578E-03 -0.32764E-03
 0.60000E+00 -0.13449E+00  0.99928E-01  0.28496E+00  0.28900E+00  0.20064E+00  0.11735E+00  0.64802E-01  0.35698E-01  0.19990E-01  0.11401E-01  0.66043E-02  0.38730E-02  0.22927E-02  0.13595E-02  0.77849E-03  0.38649E-03
 0.80000E+00 -0.61386E-01  0.97541E-02  0.13626E+00  0.22135E+00  0.22470E+00  0.17873E+00  0.12409E+00  0.79980E-01  0.49493E-01  0.29880E-01  0.17712E-01  0.10327E-01  0.59147E-02  0.33070E-02  0.17567E-02  0.81336E-03
 0.10000E+01 -0.15741E-02 -0.33543E-01  0.43226E-01  0.16541E+00  0.22144E+00  0.20123E+00  0.14980E+00  0.10024E+00  0.63272E-01  0.38547E-01  0.22883E-01  0.13272E-01  0.75099E-02  0.41155E-02  0.21279E-02  0.95852E-03
 0.12000E+01  0.30126E-01 -0.51166E-01 -0.48876E-02  0.12707E+00  0.20529E+00  0.19918E+00  0.15284E+00  0.10392E+00  0.66194E-01  0.40548E-01  0.24152E-01  0.14038E-01  0.79516E-02  0.43587E-02  0.22530E-02  0.10144E-02
 0.14000E+01  0.44586E-01 -0.57302E-01 -0.28867E-01  0.10105E+00  0.18634E+00  0.18768E+00  0.14635E+00  0.10033E+00  0.64219E-01  0.39460E-01  0.23557E-01  0.13716E-01  0.77820E-02  0.42728E-02  0.22127E-02  0.99816E-03
 0.16000E+01  0.48599E-01 -0.57547E-01 -0.39055E-01  0.82704E-01  0.16646E+00  0.17120E+00  0.13466E+00  0.92779E-01  0.59603E-01  0.36757E-01  0.22037E-01  0.12901E-01  0.73731E-02  0.40887E-02  0.21442E-02  0.97979E-03
 0.18000E+01  0.46999E-01 -0.54932E-01 -0.41838E-01  0.69076E-01  0.14698E+00  0.15285E+00  0.12079E+00  0.83488E-01  0.53823E-01  0.33346E-01  0.20120E-01  0.11883E-01  0.68748E-02  0.38763E-02  0.20752E-02  0.96791E-03
 0.20000E+01  0.42237E-01 -0.50861E-01 -0.40388E-01  0.58547E-01  0.12832E+00  0.13401E+00  0.10607E+00  0.73485E-01  0.47557E-01  0.29644E-01  0.18048E-01  0.10795E-01  0.63546E-02  0.36664E-02  0.20174E-02  0.96568E-03
 0.22000E+01  0.35481E-01 -0.45986E-01 -0.36253E-01  0.50233E-01  0.11055E+00  0.11518E+00  0.91078E-01  0.63201E-01  0.41094E-01  0.25829E-01  0.15925E-01  0.96935E-02  0.58404E-02  0.34710E-02  0.19748E-02  0.97387E-03
 0.24000E+01  0.27750E-01 -0.40820E-01 -0.30682E-01  0.43490E-01  0.93881E-01  0.96955E-01  0.76391E-01  0.53075E-01  0.34720E-01  0.22072E-01  0.13842E-01  0.86222E-02  0.53499E-02  0.32938E-02  0.19451E-02  0.98955E-03
 0.26000E+01  0.19516E-01 -0.35498E-01 -0.24204E-01  0.37906E-01  0.78176E-01  0.79384E-01  0.62104E-01  0.43189E-01  0.28491E-01  0.18404E-01  0.11816E-01  0.75880E-02  0.48841E-02  0.31331E-02  0.19260E-02  0.10110E-02
 0.28000E+01  0.10827E-01 -0.30120E-01 -0.17053E-01  0.33225E-01  0.63234E-01  0.62330E-01  0.48134E-01  0.33493E-01  0.22378E-01  0.14809E-01  0.98372E-02  0.65854E-02  0.44399E-02  0.29873E-02  0.19167E-02  0.10377E-02
 0.30000E+01  0.40998E-02 -0.25806E-01 -0.12206E-01  0.27784E-01  0.49430E-01  0.47178E-01  0.35906E-01  0.25057E-01  0.17064E-01  0.11674E-01  0.80967E-02  0.56878E-02  0.40266E-02  0.28358E-02  0.18890E-02  0.10491E-02
