 0.00000E+00  0.75023E+00  0.34186E+00 -0.52413E-01 -0.14309E+00 -0.84661E-01 -0.26311E-01  0.27940E-02  0.12624E-01  0.13250E-01  0.10489E-01  0.72173E-02  0.45426E-02  0.26715E-02  0.14710E-02  0.74125E-03  0.31927E-03
 0.20000E+00  0.35354E+00  0.43645E+00  0.32987E+00  0.15670E+00  0.38698E-01 -0.13660E-01 -0.29164E-01 -0.28737E-01 -0.22758E-01 -0.16006E-01 -0.10416E-01 -0.64208E-02 -0.37995E-02 -0.21624E-02 -0.11566E-02 -0.53546E-03
 0.40000E+00 -0.66709E-01  0.22269E+00  0.36141E+00  0.28326E+00  0.15419E+00  0.66697E-01  0.22116E-01  0.27948E-02 -0.38387E-02 -0.48665E-02 -0.39415E-02 -0.26853E-02 -0.16525E-02 -0.93780E-03 -0.48432E-03 -0.21340E-03
 0.60000E+00 -0.82937E-01  0.12466E+00  0.26608E+00  0.25529E+00  0.17991E+00  0.11181E+00  0.66154E-01  0.38156E-01  0.21611E-01  0.12069E-01  0.66723E-02  0.36615E-02  0.19924E-02  0.10661E-02  0.54394E-03  0.24277E-03
 0.80000E+00 -0.65810E-01  0.63695E-01  0.18811E+00  0.22120E+00  0.18799E+00  0.13800E+00  0.94289E-01  0.61591E-01  0.38748E-01  0.23521E-01  0.13815E-01  0.78732E-02  0.43509E-02  0.23108E-02  0.11454E-02  0.49129E-03
 0.10000E+01 -0.44409E-01  0.17320E-01  0.12069E+00  0.18509E+00  0.18587E+00  0.15248E+00  0.11263E+00  0.78013E-01  0.51404E-01  0.32415E-01  0.19686E-01  0.11585E-01  0.66254E-02  0.36651E-02  0.19088E-02  0.86268E-03
 0.12000E+01 -0.23397E-01 -0.17687E-01  0.64359E-01  0.15033E+00  0.17765E+00  0.15875E+00  0.12373E+00  0.89116E-01  0.60604E-01  0.39313E-01  0.24553E-01  0.14895E-01  0.88270E-02  0.51007E-02  0.27967E-02  0.13292E-02
 0.14000E+01 -0.53073E-02 -0.42784E-01  0.19901E-01  0.11934E+00  0.16607E+00  0.15904E+00  0.12907E+00  0.95692E-01  0.66656E-01  0.44220E-01  0.28263E-01  0.17588E-01  0.10734E-01  0.64207E-02  0.36569E-02  0.17988E-02
 0.16000E+01  0.72749E-02 -0.57027E-01 -0.10315E-01  0.93135E-01  0.15057E+00  0.15214E+00  0.12741E+00  0.96781E-01  0.68908E-01  0.46744E-01  0.30612E-01  0.19578E-01  0.12327E-01  0.76387E-02  0.45132E-02  0.22900E-02
 0.18000E+01  0.13745E-01 -0.61801E-01 -0.27076E-01  0.72155E-01  0.13228E+00  0.13925E+00  0.11977E+00  0.93120E-01  0.67858E-01  0.47203E-01  0.31790E-01  0.20974E-01  0.13666E-01  0.87852E-02  0.53798E-02  0.28087E-02
 0.20000E+01  0.15396E-01 -0.61061E-01 -0.34616E-01  0.56095E-01  0.11400E+00  0.12400E+00  0.10931E+00  0.87007E-01  0.64976E-01  0.46422E-01  0.32189E-01  0.21909E-01  0.14747E-01  0.97963E-02  0.61818E-02  0.33011E-02
 0.22000E+01  0.13682E-01 -0.56953E-01 -0.36023E-01  0.43722E-01  0.96313E-01  0.10773E+00  0.97400E-01  0.79582E-01  0.61093E-01  0.44959E-01  0.32161E-01  0.22594E-01  0.15692E-01  0.10739E-01  0.69537E-02  0.37827E-02
 0.24000E+01  0.98150E-02 -0.51458E-01 -0.34060E-01  0.34003E-01  0.79847E-01  0.91725E-01  0.85311E-01  0.71831E-01  0.56887E-01  0.43230E-01  0.31934E-01  0.23140E-01  0.16541E-01  0.11619E-01  0.76860E-02  0.42432E-02
 0.26000E+01  0.44496E-02 -0.45603E-01 -0.30283E-01  0.26171E-01  0.64673E-01  0.76425E-01  0.73523E-01  0.64146E-01  0.52626E-01  0.41397E-01  0.31593E-01  0.23581E-01  0.17303E-01  0.12430E-01  0.83695E-02  0.46755E-02
 0.28000E+01 -0.21570E-02 -0.39081E-01 -0.24903E-01  0.19382E-01  0.49714E-01  0.60898E-01  0.61398E-01  0.56168E-01  0.48163E-01  0.39450E-01  0.31204E-01  0.24013E-01  0.18078E-01  0.13262E-01  0.90737E-02  0.51219E-02
 0.30000E+01 -0.86504E-02 -0.33557E-01 -0.20415E-01  0.12763E-01  0.35664E-01  0.46330E-01  0.49911E-01  0.48456E-01  0.43678E-01  0.37300E-01  0.30529E-01  0.24146E-01  0.18577E-01  0.13863E-01  0.96044E-02  0.54648E-02
