 0.00000E+00  0.74133E+00  0.32856E+00  0.17031E-02 -0.15132E+00 -0.15456E+00 -0.88154E-01 -0.20446E-01  0.19681E-01  0.33261E-01  0.31694E-01  0.24719E-01  0.17446E-01  0.11618E-01  0.74083E-02  0.45102E-02  0.25861E-02
 0.20000E+00  0.35694E+00  0.39194E+00  0.33592E+00  0.21854E+00  0.93028E-01  0.60069E-03 -0.46452E-01 -0.58078E-01 -0.50991E-01 -0.38149E-01 -0.26164E-01 -0.17088E-01 -0.10828E-01 -0.66786E-02 -0.39744E-02 -0.22431E-02
 0.40000E+00  0.40489E-02  0.22544E+00  0.33670E+00  0.31752E+00  0.21710E+00  0.10391E+00  0.21710E-01 -0.20239E-01 -0.32839E-01 -0.30608E-01 -0.23578E-01 -0.16534E-01 -0.10980E-01 -0.69946E-02 -0.42581E-02 -0.24422E-02
 0.60000E+00 -0.80226E-01  0.10355E+00  0.23089E+00  0.26818E+00  0.23173E+00  0.16269E+00  0.96475E-01  0.49332E-01  0.21893E-01  0.82569E-02  0.23508E-02  0.13934E-03 -0.51140E-03 -0.57437E-03 -0.45169E-03 -0.29950E-03
 0.80000E+00 -0.60788E-01  0.32288E-01  0.12277E+00  0.18113E+00  0.19610E+00  0.17586E+00  0.13792E+00  0.98071E-01  0.65091E-01  0.41342E-01  0.25631E-01  0.15711E-01  0.95599E-02  0.57425E-02  0.33571E-02  0.18716E-02
 0.10000E+01 -0.32155E-01  0.15627E-02  0.59283E-01  0.11860E+00  0.15651E+00  0.16336E+00  0.14479E+00  0.11378E+00  0.81933E-01  0.55570E-01  0.36287E-01  0.23157E-01  0.14532E-01  0.89358E-02  0.53164E-02  0.30027E-02
 0.12000E+01 -0.15179E-01 -0.10189E-01  0.28151E-01  0.82744E-01  0.12759E+00  0.14599E+00  0.13768E+00  0.11319E+00  0.84333E-01  0.58722E-01  0.39134E-01  0.25371E-01  0.16115E-01  0.10000E-01  0.59909E-02  0.34011E-02
 0.14000E+01 -0.61959E-02 -0.14692E-01  0.12606E-01  0.62094E-01  0.10786E+00  0.13081E+00  0.12787E+00  0.10776E+00  0.81791E-01  0.57769E-01  0.38931E-01  0.25460E-01  0.16282E-01  0.10157E-01  0.61088E-02  0.34783E-02
 0.16000E+01 -0.12622E-02 -0.16434E-01  0.41610E-02  0.49272E-01  0.93976E-01  0.11859E+00  0.11865E+00  0.10158E+00  0.78002E-01  0.55595E-01  0.37736E-01  0.24819E-01  0.15943E-01  0.99799E-02  0.60180E-02  0.34333E-02
 0.18000E+01  0.16212E-02 -0.17042E-01 -0.83657E-03  0.40652E-01  0.83702E-01  0.10876E+00  0.11060E+00  0.95741E-01  0.74123E-01  0.53170E-01  0.36275E-01  0.23956E-01  0.15438E-01  0.96880E-02  0.58532E-02  0.33440E-02
 0.20000E+01  0.33950E-02 -0.17141E-01 -0.40010E-02  0.34471E-01  0.75744E-01  0.10067E+00  0.10366E+00  0.90477E-01  0.70481E-01  0.50803E-01  0.34795E-01  0.23051E-01  0.14892E-01  0.93633E-02  0.56654E-02  0.32404E-02
 0.22000E+01  0.45226E-02 -0.16998E-01 -0.61038E-02  0.29822E-01  0.69358E-01  0.93897E-01  0.97638E-01  0.85780E-01  0.67149E-01  0.48588E-01  0.33382E-01  0.22170E-01  0.14351E-01  0.90377E-02  0.54750E-02  0.31343E-02
 0.24000E+01  0.52546E-02 -0.16738E-01 -0.75535E-02  0.26190E-01  0.64091E-01  0.88114E-01  0.92370E-01  0.81588E-01  0.64123E-01  0.46546E-01  0.32062E-01  0.21338E-01  0.13836E-01  0.87244E-02  0.52904E-02  0.30309E-02
 0.26000E+01  0.57337E-02 -0.16422E-01 -0.85819E-02  0.23263E-01  0.59643E-01  0.83093E-01  0.87708E-01  0.77823E-01  0.61372E-01  0.44669E-01  0.30836E-01  0.20559E-01  0.13350E-01  0.84274E-02  0.51148E-02  0.29322E-02
 0.28000E+01  0.60422E-02 -0.16081E-01 -0.93264E-02  0.20843E-01  0.55807E-01  0.78666E-01  0.83533E-01  0.74410E-01  0.58854E-01  0.42937E-01  0.29698E-01  0.19831E-01  0.12893E-01  0.81471E-02  0.49484E-02  0.28384E-02
 0.30000E+01  0.62757E-02 -0.15606E-01 -0.99397E-02  0.18366E-01  0.51673E-01  0.73767E-01  0.78836E-01  0.70524E-01  0.55958E-01  0.40929E-01  0.28368E-01  0.18976E-01  0.12354E-01  0.78151E-02  0.47508E-02  0.27268E-02
 0.00000E+00  0.74133E+00  0.32856E+00  0.17031E-02 -0.15132E+00 -0.15456E+00 -0.88154E-01 -0.20446E-01  0.19681E-01  0.33261E-01  0.31694E-01  0.24719E-01  0.17446E-01  0.11618E-01  0.74083E-02  0.45102E-02  0.25861E-02
 0.20000E+00  0.35694E+00  0.39194E+00  0.33592E+00  0.21854E+00  0.93028E-01  0.60069E-03 -0.46452E-01 -0.58078E-01 -0.50991E-01 -0.38149E-01 -0.26164E-01 -0.17088E-01 -0.10828E-01 -0.66786E-02 -0.39744E-02 -0.22431E-02
 0.40000E+00  0.40489E-02  0.22544E+00  0.33670E+00  0.31752E+00  0.21710E+00  0.10391E+00  0.21710E-01 -0.20239E-01 -0.32839E-01 -0.30608E-01 -0.23578E-01 -0.16534E-01 -0.10980E-01 -0.69946E-02 -0.42581E-02 -0.24422E-02
 0.60000E+00 -0.80226E-01  0.10355E+00  0.23089E+00  0.26818E+00  0.23173E+00  0.16269E+00  0.96475E-01  0.49332E-01  0.21893E-01  0.82569E-02  0.23508E-02  0.13934E-03 -0.51140E-03 -0.57437E-03 -0.45169E-03 -0.29950E-03
 0.80000E+00 -0.60788E-01  0.32288E-01  0.12277E+00  0.18113E+00  0.19610E+00  0.17586E+00  0.13792E+00  0.98071E-01  0.65091E-01  0.41342E-01  0.25631E-01  0.15711E-01  0.95599E-02  0.57425E-02  0.33571E-02  0.18716E-02
 0.10000E+01 -0.32155E-01  0.15627E-02  0.59283E-01  0.11860E+00  0.15651E+00  0.16336E+00  0.14479E+00  0.11378E+00  0.81933E-01  0.55570E-01  0.36287E-01  0.23157E-01  0.14532E-01  0.89358E-02  0.53164E-02  0.30027E-02
 0.12000E+01 -0.15179E-01 -0.10189E-01  0.28151E-01  0.82744E-01  0.12759E+00  0.14599E+00  0.13768E+00  0.11319E+00  0.84333E-01  0.58722E-01  0.39134E-01  0.25371E-01  0.16115E-01  0.10000E-01  0.59909E-02  0.34011E-02
 0.14000E+01 -0.61959E-02 -0.14692E-01  0.12606E-01  0.62094E-01  0.10786E+00  0.13081E+00  0.12787E+00  0.10776E+00  0.81791E-01  0.57769E-01  0.38931E-01  0.25460E-01  0.16282E-01  0.10157E-01  0.61088E-02  0.34783E-02
 0.16000E+01 -0.12622E-02 -0.16434E-01  0.41610E-02  0.49272E-01  0.93976E-01  0.11859E+00  0.11865E+00  0.10158E+00  0.78002E-01  0.55595E-01  0.37736E-01  0.24819E-01  0.15943E-01  0.99799E-02  0.60180E-02  0.34333E-02
 0.18000E+01  0.16212E-02 -0.17042E-01 -0.83657E-03  0.40652E-01  0.83702E-01  0.10876E+00  0.11060E+00  0.95741E-01  0.74123E-01  0.53170E-01  0.36275E-01  0.23956E-01  0.15438E-01  0.96880E-02  0.58532E-02  0.33440E-02
 0.20000E+01  0.33950E-02 -0.17141E-01 -0.40010E-02  0.34471E-01  0.75744E-01  0.10067E+00  0.10366E+00  0.90477E-01  0.70481E-01  0.50803E-01  0.34795E-01  0.23051E-01  0.14892E-01  0.93633E-02  0.56654E-02  0.32404E-02
 0.22000E+01  0.45226E-02 -0.16998E-01 -0.61038E-02  0.29822E-01  0.69358E-01  0.93897E-01  0.97638E-01  0.85780E-01  0.67149E-01  0.48588E-01  0.33382E-01  0.22170E-01  0.14351E-01  0.90377E-02  0.54750E-02  0.31343E-02
 0.24000E+01  0.52546E-02 -0.16738E-01 -0.75535E-02  0.26190E-01  0.64091E-01  0.88114E-01  0.92370E-01  0.81588E-01  0.64123E-01  0.46546E-01  0.32062E-01  0.21338E-01  0.13836E-01  0.87244E-02  0.52904E-02  0.30309E-02
 0.26000E+01  0.57337E-02 -0.16422E-01 -0.85819E-02  0.23263E-01  0.59643E-01  0.83093E-01  0.87708E-01  0.77823E-01  0.61372E-01  0.44669E-01  0.30836E-01  0.20559E-01  0.13350E-01  0.84274E-02  0.51148E-02  0.29322E-02
 0.28000E+01  0.60422E-02 -0.16081E-01 -0.93264E-02  0.20843E-01  0.55807E-01  0.78666E-01  0.83533E-01  0.74410E-01  0.58854E-01  0.42937E-01  0.29698E-01  0.19831E-01  0.12893E-01  0.81471E-02  0.49484E-02  0.28384E-02
 0.30000E+01  0.62757E-02 -0.15606E-01 -0.99397E-02  0.18366E-01  0.51673E-01  0.73767E-01  0.78836E-01  0.70524E-01  0.55958E-01  0.40929E-01  0.28368E-01  0.18976E-01  0.12354E-01  0.78151E-02  0.47508E-02  0.27268E-02
