 0.00000E+00  0.70080E+00  0.33910E+00  0.33760E-01 -0.12685E+00 -0.14996E+00 -0.99069E-01 -0.36286E-01  0.67964E-02  0.25927E-01  0.28999E-01  0.24721E-01  0.18556E-01  0.12923E-01  0.85101E-02  0.52998E-02  0.30869E-02
 0.20000E+00  0.39439E+00  0.38670E+00  0.31091E+00  0.19763E+00  0.87473E-01  0.82602E-02 -0.33430E-01 -0.46138E-01 -0.42769E-01 -0.33502E-01 -0.23937E-01 -0.16188E-01 -0.10547E-01 -0.66438E-02 -0.40138E-02 -0.22892E-02
 0.40000E+00  0.23974E-01  0.21228E+00  0.31174E+00  0.30046E+00  0.21513E+00  0.11271E+00  0.33197E-01 -0.11615E-01 -0.28588E-01 -0.29746E-01 -0.24515E-01 -0.18059E-01 -0.12439E-01 -0.81374E-02 -0.50475E-02 -0.29327E-02
 0.60000E+00 -0.76834E-01  0.10463E+00  0.23060E+00  0.26716E+00  0.22988E+00  0.15959E+00  0.92030E-01  0.43989E-01  0.16395E-01  0.32688E-02 -0.17502E-02 -0.29834E-02 -0.27460E-02 -0.20852E-02 -0.14130E-02 -0.86857E-03
 0.80000E+00 -0.75383E-01  0.40028E-01  0.14039E+00  0.19551E+00  0.20077E+00  0.17171E+00  0.12932E+00  0.89010E-01  0.57643E-01  0.35963E-01  0.22004E-01  0.13346E-01  0.80454E-02  0.47919E-02  0.27800E-02  0.15396E-02
 0.10000E+01 -0.48935E-01  0.62603E-02  0.74395E-01  0.13259E+00  0.16385E+00  0.16480E+00  0.14365E+00  0.11269E+00  0.81833E-01  0.56276E-01  0.37314E-01  0.24143E-01  0.15316E-01  0.94902E-02  0.56744E-02  0.32148E-02
 0.12000E+01 -0.26310E-01 -0.10014E-01  0.34200E-01  0.89599E-01  0.13341E+00  0.15154E+00  0.14407E+00  0.12053E+00  0.91862E-01  0.65527E-01  0.44666E-01  0.29511E-01  0.19019E-01  0.11925E-01  0.71937E-02  0.41022E-02
 0.14000E+01 -0.11440E-01 -0.17699E-01  0.10970E-01  0.62168E-01  0.11101E+00  0.13800E+00  0.13862E+00  0.12032E+00  0.94130E-01  0.68435E-01  0.47313E-01  0.31594E-01  0.20526E-01  0.12949E-01  0.78469E-02  0.44899E-02
 0.16000E+01 -0.22133E-02 -0.21339E-01 -0.26279E-02  0.44488E-01  0.94722E-01  0.12608E+00  0.13145E+00  0.11681E+00  0.92871E-01  0.68311E-01  0.47639E-01  0.32022E-01  0.20909E-01  0.13241E-01  0.80468E-02  0.46141E-02
 0.18000E+01  0.35442E-02 -0.23043E-01 -0.10892E-01  0.32634E-01  0.82606E-01  0.11599E+00  0.12421E+00  0.11219E+00  0.90187E-01  0.66866E-01  0.46909E-01  0.31674E-01  0.20754E-01  0.13178E-01  0.80246E-02  0.46084E-02
 0.20000E+01  0.72192E-02 -0.23777E-01 -0.16122E-01  0.24316E-01  0.73282E-01  0.10745E+00  0.11743E+00  0.10736E+00  0.87007E-01  0.64886E-01  0.45720E-01  0.30975E-01  0.20349E-01  0.12946E-01  0.78958E-02  0.45396E-02
 0.22000E+01  0.96114E-02 -0.23999E-01 -0.19540E-01  0.18236E-01  0.65874E-01  0.10015E+00  0.11125E+00  0.10267E+00  0.83728E-01  0.62723E-01  0.44347E-01  0.30125E-01  0.19831E-01  0.12637E-01  0.77163E-02  0.44404E-02
 0.24000E+01  0.11193E-01 -0.23940E-01 -0.21834E-01  0.13625E-01  0.59810E-01  0.93828E-01  0.10562E+00  0.98232E-01  0.80515E-01  0.60538E-01  0.42922E-01  0.29219E-01  0.19267E-01  0.12294E-01  0.75143E-02  0.43273E-02
 0.26000E+01  0.12245E-01 -0.23720E-01 -0.23398E-01  0.10012E-01  0.54711E-01  0.88248E-01  0.10049E+00  0.94058E-01  0.77424E-01  0.58394E-01  0.41499E-01  0.28302E-01  0.18689E-01  0.11938E-01  0.73032E-02  0.42085E-02
 0.28000E+01  0.12928E-01 -0.23402E-01 -0.24461E-01  0.71105E-02  0.50323E-01  0.83243E-01  0.95740E-01  0.90118E-01  0.74455E-01  0.56305E-01  0.40095E-01  0.27389E-01  0.18108E-01  0.11578E-01  0.70884E-02  0.40870E-02
 0.30000E+01  0.13416E-01 -0.22877E-01 -0.25246E-01  0.42333E-02  0.45575E-01  0.77569E-01  0.90197E-01  0.85417E-01  0.70853E-01  0.53737E-01  0.38352E-01  0.26243E-01  0.17375E-01  0.11121E-01  0.68140E-02  0.39312E-02
 0.00000E+00  0.70080E+00  0.33910E+00  0.33760E-01 -0.12685E+00 -0.14996E+00 -0.99069E-01 -0.36286E-01  0.67964E-02  0.25927E-01  0.28999E-01  0.24721E-01  0.18556E-01  0.12923E-01  0.85101E-02  0.52998E-02  0.30869E-02
 0.20000E+00  0.39439E+00  0.38670E+00  0.31091E+00  0.19763E+00  0.87473E-01  0.82602E-02 -0.33430E-01 -0.46138E-01 -0.42769E-01 -0.33502E-01 -0.23937E-01 -0.16188E-01 -0.10547E-01 -0.66438E-02 -0.40138E-02 -0.22892E-02
 0.40000E+00  0.23974E-01  0.21228E+00  0.31174E+00  0.30046E+00  0.21513E+00  0.11271E+00  0.33197E-01 -0.11615E-01 -0.28588E-01 -0.29746E-01 -0.24515E-01 -0.18059E-01 -0.12439E-01 -0.81374E-02 -0.50475E-02 -0.29327E-02
 0.60000E+00 -0.76834E-01  0.10463E+00  0.23060E+00  0.26716E+00  0.22988E+00  0.15959E+00  0.92030E-01  0.43989E-01  0.16395E-01  0.32688E-02 -0.17502E-02 -0.29834E-02 -0.27460E-02 -0.20852E-02 -0.14130E-02 -0.86857E-03
 0.80000E+00 -0.75383E-01  0.40028E-01  0.14039E+00  0.19551E+00  0.20077E+00  0.17171E+00  0.12932E+00  0.89010E-01  0.57643E-01  0.35963E-01  0.22004E-01  0.13346E-01  0.80454E-02  0.47919E-02  0.27800E-02  0.15396E-02
 0.10000E+01 -0.48935E-01  0.62603E-02  0.74395E-01  0.13259E+00  0.16385E+00  0.16480E+00  0.14365E+00  0.11269E+00  0.81833E-01  0.56276E-01  0.37314E-01  0.24143E-01  0.15316E-01  0.94902E-02  0.56744E-02  0.32148E-02
 0.12000E+01 -0.26310E-01 -0.10014E-01  0.34200E-01  0.89599E-01  0.13341E+00  0.15154E+00  0.14407E+00  0.12053E+00  0.91862E-01  0.65527E-01  0.44666E-01  0.29511E-01  0.19019E-01  0.11925E-01  0.71937E-02  0.41022E-02
 0.14000E+01 -0.11440E-01 -0.17699E-01  0.10970E-01  0.62168E-01  0.11101E+00  0.13800E+00  0.13862E+00  0.12032E+00  0.94130E-01  0.68435E-01  0.47313E-01  0.31594E-01  0.20526E-01  0.12949E-01  0.78469E-02  0.44899E-02
 0.16000E+01 -0.22133E-02 -0.21339E-01 -0.26279E-02  0.44488E-01  0.94722E-01  0.12608E+00  0.13145E+00  0.11681E+00  0.92871E-01  0.68311E-01  0.47639E-01  0.32022E-01  0.20909E-01  0.13241E-01  0.80468E-02  0.46141E-02
 0.18000E+01  0.35442E-02 -0.23043E-01 -0.10892E-01  0.32634E-01  0.82606E-01  0.11599E+00  0.12421E+00  0.11219E+00  0.90187E-01  0.66866E-01  0.46909E-01  0.31674E-01  0.20754E-01  0.13178E-01  0.80246E-02  0.46084E-02
 0.20000E+01  0.72192E-02 -0.23777E-01 -0.16122E-01  0.24316E-01  0.73282E-01  0.10745E+00  0.11743E+00  0.10736E+00  0.87007E-01  0.64886E-01  0.45720E-01  0.30975E-01  0.20349E-01  0.12946E-01  0.78958E-02  0.45396E-02
 0.22000E+01  0.96114E-02 -0.23999E-01 -0.19540E-01  0.18236E-01  0.65874E-01  0.10015E+00  0.11125E+00  0.10267E+00  0.83728E-01  0.62723E-01  0.44347E-01  0.30125E-01  0.19831E-01  0.12637E-01  0.77163E-02  0.44404E-02
 0.24000E+01  0.11193E-01 -0.23940E-01 -0.21834E-01  0.13625E-01  0.59810E-01  0.93828E-01  0.10562E+00  0.98232E-01  0.80515E-01  0.60538E-01  0.42922E-01  0.29219E-01  0.19267E-01  0.12294E-01  0.75143E-02  0.43273E-02
 0.26000E+01  0.12245E-01 -0.23720E-01 -0.23398E-01  0.10012E-01  0.54711E-01  0.88248E-01  0.10049E+00  0.94058E-01  0.77424E-01  0.58394E-01  0.41499E-01  0.28302E-01  0.18689E-01  0.11938E-01  0.73032E-02  0.42085E-02
 0.28000E+01  0.12928E-01 -0.23402E-01 -0.24461E-01  0.71105E-02  0.50323E-01  0.83243E-01  0.95740E-01  0.90118E-01  0.74455E-01  0.56305E-01  0.40095E-01  0.27389E-01  0.18108E-01  0.11578E-01  0.70884E-02  0.40870E-02
 0.30000E+01  0.13416E-01 -0.22877E-01 -0.25246E-01  0.42333E-02  0.45575E-01  0.77569E-01  0.90197E-01  0.85417E-01  0.70853E-01  0.53737E-01  0.38352E-01  0.26243E-01  0.17375E-01  0.11121E-01  0.68140E-02  0.39312E-02
