 0.00000E+00  0.69210E+00  0.32610E+00 -0.51174E-01 -0.13993E+00 -0.72679E-01 -0.85682E-02  0.17973E-01  0.22173E-01  0.18434E-01  0.13320E-01  0.89727E-02  0.57908E-02  0.36216E-02  0.21965E-02  0.12585E-02  0.62042E-03
 0.20000E+00  0.41903E+00  0.46418E+00  0.31988E+00  0.13069E+00  0.12507E-01 -0.31576E-01 -0.37479E-01 -0.30657E-01 -0.22019E-01 -0.14882E-01 -0.97281E-02 -0.62263E-02 -0.39233E-02 -0.24288E-02 -0.14319E-02 -0.72528E-03
 0.40000E+00 -0.70306E-01  0.24859E+00  0.40396E+00  0.30356E+00  0.14036E+00  0.37093E-01 -0.52286E-02 -0.16250E-01 -0.15653E-01 -0.12040E-01 -0.84164E-02 -0.55791E-02 -0.35682E-02 -0.22100E-02 -0.12919E-02 -0.64780E-03
 0.60000E+00 -0.12370E+00  0.10680E+00  0.28166E+00  0.28035E+00  0.19348E+00  0.11336E+00  0.62856E-01  0.34726E-01  0.19462E-01  0.11099E-01  0.64303E-02  0.37749E-02  0.22393E-02  0.13320E-02  0.76583E-03  0.38182E-03
 0.80000E+00 -0.76065E-01  0.23890E-01  0.15498E+00  0.22042E+00  0.20885E+00  0.16196E+00  0.11308E+00  0.74695E-01  0.47875E-01  0.30145E-01  0.18756E-01  0.11561E-01  0.70611E-02  0.42526E-02  0.24464E-02  0.12151E-02
 0.10000E+01 -0.26011E-01 -0.20272E-01  0.67526E-01  0.16827E+00  0.20565E+00  0.18377E+00  0.13939E+00  0.96816E-01  0.64062E-01  0.41198E-01  0.26003E-01  0.16184E-01  0.99488E-02  0.60146E-02  0.34668E-02  0.17238E-02
 0.12000E+01  0.73137E-02 -0.43285E-01  0.14029E-01  0.13069E+00  0.19545E+00  0.18950E+00  0.14975E+00  0.10645E+00  0.71446E-01  0.46379E-01  0.29463E-01  0.18421E-01  0.11360E-01  0.68831E-02  0.39734E-02  0.19777E-02
 0.14000E+01  0.26291E-01 -0.55075E-01 -0.17470E-01  0.10427E+00  0.18271E+00  0.18634E+00  0.15075E+00  0.10857E+00  0.73481E-01  0.47983E-01  0.30625E-01  0.19224E-01  0.11899E-01  0.72363E-02  0.41921E-02  0.20926E-02
 0.16000E+01  0.35896E-01 -0.60820E-01 -0.35782E-01  0.85197E-01  0.16927E+00  0.17853E+00  0.14664E+00  0.10654E+00  0.72556E-01  0.47631E-01  0.30556E-01  0.19286E-01  0.12010E-01  0.73538E-02  0.42909E-02  0.21550E-02
 0.18000E+01  0.39513E-01 -0.63090E-01 -0.45928E-01  0.71003E-01  0.15585E+00  0.16822E+00  0.13960E+00  0.10208E+00  0.69882E-01  0.46117E-01  0.29757E-01  0.18907E-01  0.11868E-01  0.73349E-02  0.43221E-02  0.21887E-02
 0.20000E+01  0.39150E-01 -0.63325E-01 -0.50857E-01  0.60152E-01  0.14274E+00  0.15657E+00  0.13088E+00  0.96188E-01  0.66175E-01  0.43919E-01  0.28532E-01  0.18279E-01  0.11589E-01  0.72467E-02  0.43225E-02  0.22111E-02
 0.22000E+01  0.36266E-01 -0.62197E-01 -0.52288E-01  0.51676E-01  0.13006E+00  0.14422E+00  0.12119E+00  0.89452E-01  0.61849E-01  0.41311E-01  0.27056E-01  0.17507E-01  0.11233E-01  0.71226E-02  0.43093E-02  0.22299E-02
 0.24000E+01  0.31707E-01 -0.60213E-01 -0.51389E-01  0.44885E-01  0.11781E+00  0.13156E+00  0.11097E+00  0.82231E-01  0.57168E-01  0.38474E-01  0.25445E-01  0.16663E-01  0.10846E-01  0.69897E-02  0.42977E-02  0.22524E-02
 0.26000E+01  0.25849E-01 -0.57725E-01 -0.48850E-01  0.39366E-01  0.10599E+00  0.11878E+00  0.10044E+00  0.74719E-01  0.52271E-01  0.35497E-01  0.23754E-01  0.15780E-01  0.10444E-01  0.68558E-02  0.42907E-02  0.22795E-02
 0.28000E+01  0.19012E-01 -0.54805E-01 -0.45049E-01  0.34746E-01  0.94349E-01  0.10576E+00  0.89566E-01  0.66901E-01  0.47157E-01  0.32385E-01  0.21989E-01  0.14864E-01  0.10033E-01  0.67252E-02  0.42914E-02  0.23130E-02
 0.30000E+01  0.12798E-01 -0.52242E-01 -0.42074E-01  0.29704E-01  0.82868E-01  0.93177E-01  0.79134E-01  0.59413E-01  0.42239E-01  0.29363E-01  0.20242E-01  0.13924E-01  0.95789E-02  0.65461E-02  0.42499E-02  0.23193E-02
