 0.00000E+00  0.86393E+00  0.29358E+00 -0.97447E-01 -0.22617E+00 -0.16743E+00 -0.49159E-01  0.41638E-01  0.81183E-01  0.82856E-01  0.67317E-01  0.48543E-01  0.32630E-01  0.20941E-01  0.12933E-01  0.76522E-02  0.42802E-02
 0.20000E+00  0.22724E+00  0.43577E+00  0.45215E+00  0.30902E+00  0.11434E+00 -0.37024E-01 -0.11065E+00 -0.12151E+00 -0.10051E+00 -0.71656E-01 -0.46696E-01 -0.28739E-01 -0.17008E-01 -0.97459E-02 -0.53894E-02 -0.28427E-02
 0.40000E+00 -0.45448E-01  0.22329E+00  0.35589E+00  0.33366E+00  0.21935E+00  0.93556E-01  0.46496E-02 -0.38849E-01 -0.50018E-01 -0.45029E-01 -0.34881E-01 -0.24892E-01 -0.16838E-01 -0.10887E-01 -0.66954E-02 -0.38643E-02
 0.60000E+00 -0.52851E-01  0.10033E+00  0.20946E+00  0.24445E+00  0.21565E+00  0.15562E+00  0.94616E-01  0.48456E-01  0.19765E-01  0.46354E-02 -0.20280E-02 -0.41593E-02 -0.41773E-02 -0.33785E-02 -0.23980E-02 -0.15239E-02
 0.80000E+00 -0.30637E-01  0.35478E-01  0.11186E+00  0.16943E+00  0.19024E+00  0.17566E+00  0.14025E+00  0.10015E+00  0.65688E-01  0.40458E-01  0.23815E-01  0.13568E-01  0.75367E-02  0.40869E-02  0.21517E-02  0.10866E-02
 0.10000E+01 -0.11416E-01  0.74951E-03  0.51423E-01  0.11595E+00  0.16315E+00  0.17673E+00  0.16028E+00  0.12794E+00  0.93176E-01  0.63668E-01  0.41686E-01  0.26522E-01  0.16503E-01  0.10022E-01  0.58796E-02  0.32759E-02
 0.12000E+01  0.21653E-02 -0.18538E-01  0.13189E-01  0.77764E-01  0.13860E+00  0.16962E+00  0.16695E+00  0.14206E+00  0.10930E+00  0.78506E-01  0.53832E-01  0.35746E-01  0.23120E-01  0.14525E-01  0.87670E-02  0.49978E-02
 0.14000E+01  0.11269E-01 -0.29352E-01 -0.11550E-01  0.49921E-01  0.11718E+00  0.15899E+00  0.16637E+00  0.14809E+00  0.11829E+00  0.87779E-01  0.61968E-01  0.42221E-01  0.27923E-01  0.17874E-01  0.10952E-01  0.63177E-02
 0.16000E+01  0.17089E-01 -0.35166E-01 -0.27540E-01  0.29472E-01  0.98889E-01  0.14713E+00  0.16177E+00  0.14914E+00  0.12254E+00  0.93166E-01  0.67167E-01  0.46599E-01  0.31294E-01  0.20284E-01  0.12553E-01  0.72967E-02
 0.18000E+01  0.20569E-01 -0.37965E-01 -0.37678E-01  0.14506E-01  0.83592E-01  0.13535E+00  0.15513E+00  0.14715E+00  0.12366E+00  0.95810E-01  0.70194E-01  0.49368E-01  0.33531E-01  0.21933E-01  0.13672E-01  0.79901E-02
 0.20000E+01  0.22448E-01 -0.38978E-01 -0.43915E-01  0.36048E-02  0.70993E-01  0.12437E+00  0.14769E+00  0.14343E+00  0.12276E+00  0.96569E-01  0.71657E-01  0.50935E-01  0.34897E-01  0.22987E-01  0.14406E-01  0.84539E-02
 0.22000E+01  0.23278E-01 -0.38972E-01 -0.47590E-01 -0.43176E-02  0.60711E-01  0.11448E+00  0.14017E+00  0.13885E+00  0.12066E+00  0.96088E-01  0.72032E-01  0.51636E-01  0.35622E-01  0.23592E-01  0.14848E-01  0.87409E-02
 0.24000E+01  0.23454E-01 -0.38414E-01 -0.49616E-01 -0.10100E-01  0.52321E-01  0.10576E+00  0.13298E+00  0.13395E+00  0.11788E+00  0.94836E-01  0.71690E-01  0.51743E-01  0.35893E-01  0.23876E-01  0.15077E-01  0.88984E-02
 0.26000E+01  0.23234E-01 -0.37570E-01 -0.50584E-01 -0.14353E-01  0.45430E-01  0.98094E-01  0.12627E+00  0.12903E+00  0.11477E+00  0.93122E-01  0.70884E-01  0.51450E-01  0.35852E-01  0.23934E-01  0.15156E-01  0.89630E-02
 0.28000E+01  0.22774E-01 -0.36590E-01 -0.50863E-01 -0.17492E-01  0.39733E-01  0.91368E-01  0.12007E+00  0.12424E+00  0.11152E+00  0.91139E-01  0.69780E-01  0.50888E-01  0.35595E-01  0.23833E-01  0.15126E-01  0.89607E-02
 0.30000E+01  0.22034E-01 -0.35167E-01 -0.50401E-01 -0.20113E-01  0.34010E-01  0.84054E-01  0.11292E+00  0.11836E+00  0.10724E+00  0.88288E-01  0.67997E-01  0.49824E-01  0.34983E-01  0.23493E-01  0.14944E-01  0.88681E-02
 0.00000E+00  0.86393E+00  0.29358E+00 -0.97447E-01 -0.22617E+00 -0.16743E+00 -0.49159E-01  0.41638E-01  0.81183E-01  0.82856E-01  0.67317E-01  0.48543E-01  0.32630E-01  0.20941E-01  0.12933E-01  0.76522E-02  0.42802E-02
 0.20000E+00  0.22724E+00  0.43577E+00  0.45215E+00  0.30902E+00  0.11434E+00 -0.37024E-01 -0.11065E+00 -0.12151E+00 -0.10051E+00 -0.71656E-01 -0.46696E-01 -0.28739E-01 -0.17008E-01 -0.97459E-02 -0.53894E-02 -0.28427E-02
 0.40000E+00 -0.45448E-01  0.22329E+00  0.35589E+00  0.33366E+00  0.21935E+00  0.93556E-01  0.46496E-02 -0.38849E-01 -0.50018E-01 -0.45029E-01 -0.34881E-01 -0.24892E-01 -0.16838E-01 -0.10887E-01 -0.66954E-02 -0.38643E-02
 0.60000E+00 -0.52851E-01  0.10033E+00  0.20946E+00  0.24445E+00  0.21565E+00  0.15562E+00  0.94616E-01  0.48456E-01  0.19765E-01  0.46354E-02 -0.20280E-02 -0.41593E-02 -0.41773E-02 -0.33785E-02 -0.23980E-02 -0.15239E-02
 0.80000E+00 -0.30637E-01  0.35478E-01  0.11186E+00  0.16943E+00  0.19024E+00  0.17566E+00  0.14025E+00  0.10015E+00  0.65688E-01  0.40458E-01  0.23815E-01  0.13568E-01  0.75367E-02  0.40869E-02  0.21517E-02  0.10866E-02
 0.10000E+01 -0.11416E-01  0.74951E-03  0.51423E-01  0.11595E+00  0.16315E+00  0.17673E+00  0.16028E+00  0.12794E+00  0.93176E-01  0.63668E-01  0.41686E-01  0.26522E-01  0.16503E-01  0.10022E-01  0.58796E-02  0.32759E-02
 0.12000E+01  0.21653E-02 -0.18538E-01  0.13189E-01  0.77764E-01  0.13860E+00  0.16962E+00  0.16695E+00  0.14206E+00  0.10930E+00  0.78506E-01  0.53832E-01  0.35746E-01  0.23120E-01  0.14525E-01  0.87670E-02  0.49978E-02
 0.14000E+01  0.11269E-01 -0.29352E-01 -0.11550E-01  0.49921E-01  0.11718E+00  0.15899E+00  0.16637E+00  0.14809E+00  0.11829E+00  0.87779E-01  0.61968E-01  0.42221E-01  0.27923E-01  0.17874E-01  0.10952E-01  0.63177E-02
 0.16000E+01  0.17089E-01 -0.35166E-01 -0.27540E-01  0.29472E-01  0.98889E-01  0.14713E+00  0.16177E+00  0.14914E+00  0.12254E+00  0.93166E-01  0.67167E-01  0.46599E-01  0.31294E-01  0.20284E-01  0.12553E-01  0.72967E-02
 0.18000E+01  0.20569E-01 -0.37965E-01 -0.37678E-01  0.14506E-01  0.83592E-01  0.13535E+00  0.15513E+00  0.14715E+00  0.12366E+00  0.95810E-01  0.70194E-01  0.49368E-01  0.33531E-01  0.21933E-01  0.13672E-01  0.79901E-02
 0.20000E+01  0.22448E-01 -0.38978E-01 -0.43915E-01  0.36048E-02  0.70993E-01  0.12437E+00  0.14769E+00  0.14343E+00  0.12276E+00  0.96569E-01  0.71657E-01  0.50935E-01  0.34897E-01  0.22987E-01  0.14406E-01  0.84539E-02
 0.22000E+01  0.23278E-01 -0.38972E-01 -0.47590E-01 -0.43176E-02  0.60711E-01  0.11448E+00  0.14017E+00  0.13885E+00  0.12066E+00  0.96088E-01  0.72032E-01  0.51636E-01  0.35622E-01  0.23592E-01  0.14848E-01  0.87409E-02
 0.24000E+01  0.23454E-01 -0.38414E-01 -0.49616E-01 -0.10100E-01  0.52321E-01  0.10576E+00  0.13298E+00  0.13395E+00  0.11788E+00  0.94836E-01  0.71690E-01  0.51743E-01  0.35893E-01  0.23876E-01  0.15077E-01  0.88984E-02
 0.26000E+01  0.23234E-01 -0.37570E-01 -0.50584E-01 -0.14353E-01  0.45430E-01  0.98094E-01  0.12627E+00  0.12903E+00  0.11477E+00  0.93122E-01  0.70884E-01  0.51450E-01  0.35852E-01  0.23934E-01  0.15156E-01  0.89630E-02
 0.28000E+01  0.22774E-01 -0.36590E-01 -0.50863E-01 -0.17492E-01  0.39733E-01  0.91368E-01  0.12007E+00  0.12424E+00  0.11152E+00  0.91139E-01  0.69780E-01  0.50888E-01  0.35595E-01  0.23833E-01  0.15126E-01  0.89607E-02
 0.30000E+01  0.22034E-01 -0.35167E-01 -0.50401E-01 -0.20113E-01  0.34010E-01  0.84054E-01  0.11292E+00  0.11836E+00  0.10724E+00  0.88288E-01  0.67997E-01  0.49824E-01  0.34983E-01  0.23493E-01  0.14944E-01  0.88681E-02
