 0.00000E+00  0.74189E+00  0.31103E+00 -0.21963E-01 -0.16784E+00 -0.15675E+00 -0.76647E-01 -0.54672E-03  0.42148E-01  0.54247E-01  0.49247E-01  0.38377E-01  0.27528E-01  0.18736E-01  0.12208E-01  0.75724E-02  0.44075E-02
 0.20000E+00  0.39367E+00  0.41939E+00  0.35050E+00  0.22111E+00  0.87322E-01 -0.91946E-02 -0.57248E-01 -0.68160E-01 -0.59619E-01 -0.45107E-01 -0.31509E-01 -0.21015E-01 -0.13592E-01 -0.85358E-02 -0.51549E-02 -0.29426E-02
 0.40000E+00 -0.41307E-01  0.22435E+00  0.36283E+00  0.34692E+00  0.23297E+00  0.10196E+00  0.65607E-02 -0.41358E-01 -0.54213E-01 -0.49143E-01 -0.38244E-01 -0.27445E-01 -0.18711E-01 -0.12218E-01 -0.75955E-02 -0.44294E-02
 0.60000E+00 -0.93914E-01  0.94356E-01  0.22513E+00  0.26342E+00  0.22600E+00  0.15546E+00  0.88342E-01  0.41250E-01  0.14602E-01  0.21315E-02 -0.25218E-02 -0.35626E-02 -0.32024E-02 -0.24370E-02 -0.16662E-02 -0.10343E-02
 0.80000E+00 -0.56675E-01  0.29099E-01  0.11385E+00  0.16983E+00  0.18581E+00  0.16871E+00  0.13442E+00  0.97504E-01  0.66297E-01  0.43271E-01  0.27594E-01  0.17375E-01  0.10826E-01  0.66325E-02  0.39382E-02  0.22218E-02
 0.10000E+01 -0.23283E-01  0.24749E-03  0.51717E-01  0.11072E+00  0.15298E+00  0.16585E+00  0.15231E+00  0.12410E+00  0.92830E-01  0.65498E-01  0.44488E-01  0.29467E-01  0.19116E-01  0.12088E-01  0.73553E-02  0.42274E-02
 0.12000E+01 -0.25805E-02 -0.12616E-01  0.18733E-01  0.76314E-01  0.13044E+00  0.15880E+00  0.15719E+00  0.13503E+00  0.10506E+00  0.76398E-01  0.53121E-01  0.35835E-01  0.23580E-01  0.15076E-01  0.92504E-02  0.53500E-02
 0.14000E+01  0.98607E-02 -0.18668E-01  0.37424E-03  0.55439E-01  0.11482E+00  0.15136E+00  0.15678E+00  0.13881E+00  0.11039E+00  0.81609E-01  0.57480E-01  0.39169E-01  0.25978E-01  0.16711E-01  0.10301E-01  0.59784E-02
 0.16000E+01  0.17547E-01 -0.21638E-01 -0.10500E-01  0.41953E-01  0.10348E+00  0.14448E+00  0.15426E+00  0.13927E+00  0.11232E+00  0.83933E-01  0.59615E-01  0.40893E-01  0.27263E-01  0.17607E-01  0.10887E-01  0.63329E-02
 0.18000E+01  0.22441E-01 -0.23113E-01 -0.17303E-01  0.32714E-01  0.94850E-01  0.13831E+00  0.15091E+00  0.13814E+00  0.11251E+00  0.84716E-01  0.60532E-01  0.41719E-01  0.27917E-01  0.18083E-01  0.11206E-01  0.65289E-02
 0.20000E+01  0.25607E-01 -0.23826E-01 -0.21754E-01  0.26062E-01  0.88008E-01  0.13278E+00  0.14727E+00  0.13620E+00  0.11176E+00  0.84629E-01  0.60744E-01  0.42016E-01  0.28196E-01  0.18304E-01  0.11362E-01  0.66281E-02
 0.22000E+01  0.27646E-01 -0.24141E-01 -0.24769E-01  0.21077E-01  0.82404E-01  0.12780E+00  0.14357E+00  0.13385E+00  0.11047E+00  0.84030E-01  0.60529E-01  0.41987E-01  0.28240E-01  0.18364E-01  0.11415E-01  0.66654E-02
 0.24000E+01  0.28925E-01 -0.24257E-01 -0.26891E-01  0.17186E-01  0.77669E-01  0.12327E+00  0.13994E+00  0.13131E+00  0.10888E+00  0.83126E-01  0.60052E-01  0.41753E-01  0.28134E-01  0.18321E-01  0.11400E-01  0.66624E-02
 0.26000E+01  0.29687E-01 -0.24265E-01 -0.28430E-01  0.14042E-01  0.73555E-01  0.11909E+00  0.13639E+00  0.12868E+00  0.10712E+00  0.82031E-01  0.59405E-01  0.41383E-01  0.27928E-01  0.18209E-01  0.11341E-01  0.66322E-02
 0.28000E+01  0.30082E-01 -0.24201E-01 -0.29551E-01  0.11449E-01  0.69916E-01  0.11520E+00  0.13293E+00  0.12600E+00  0.10525E+00  0.80804E-01  0.58639E-01  0.40917E-01  0.27650E-01  0.18046E-01  0.11248E-01  0.65819E-02
 0.30000E+01  0.30190E-01 -0.23903E-01 -0.30305E-01  0.89598E-02  0.65942E-01  0.11060E+00  0.12860E+00  0.12247E+00  0.10264E+00  0.79011E-01  0.57459E-01  0.40162E-01  0.27177E-01  0.17756E-01  0.11076E-01  0.64850E-02
 0.00000E+00  0.74189E+00  0.31103E+00 -0.21963E-01 -0.16784E+00 -0.15675E+00 -0.76647E-01 -0.54672E-03  0.42148E-01  0.54247E-01  0.49247E-01  0.38377E-01  0.27528E-01  0.18736E-01  0.12208E-01  0.75724E-02  0.44075E-02
 0.20000E+00  0.39367E+00  0.41939E+00  0.35050E+00  0.22111E+00  0.87322E-01 -0.91946E-02 -0.57248E-01 -0.68160E-01 -0.59619E-01 -0.45107E-01 -0.31509E-01 -0.21015E-01 -0.13592E-01 -0.85358E-02 -0.51549E-02 -0.29426E-02
 0.40000E+00 -0.41307E-01  0.22435E+00  0.36283E+00  0.34692E+00  0.23297E+00  0.10196E+00  0.65607E-02 -0.41358E-01 -0.54213E-01 -0.49143E-01 -0.38244E-01 -0.27445E-01 -0.18711E-01 -0.12218E-01 -0.75955E-02 -0.44294E-02
 0.60000E+00 -0.93914E-01  0.94356E-01  0.22513E+00  0.26342E+00  0.22600E+00  0.15546E+00  0.88342E-01  0.41250E-01  0.14602E-01  0.21315E-02 -0.25218E-02 -0.35626E-02 -0.32024E-02 -0.24370E-02 -0.16662E-02 -0.10343E-02
 0.80000E+00 -0.56675E-01  0.29099E-01  0.11385E+00  0.16983E+00  0.18581E+00  0.16871E+00  0.13442E+00  0.97504E-01  0.66297E-01  0.43271E-01  0.27594E-01  0.17375E-01  0.10826E-01  0.66325E-02  0.39382E-02  0.22218E-02
 0.10000E+01 -0.23283E-01  0.24749E-03  0.51717E-01  0.11072E+00  0.15298E+00  0.16585E+00  0.15231E+00  0.12410E+00  0.92830E-01  0.65498E-01  0.44488E-01  0.29467E-01  0.19116E-01  0.12088E-01  0.73553E-02  0.42274E-02
 0.12000E+01 -0.25805E-02 -0.12616E-01  0.18733E-01  0.76314E-01  0.13044E+00  0.15880E+00  0.15719E+00  0.13503E+00  0.10506E+00  0.76398E-01  0.53121E-01  0.35835E-01  0.23580E-01  0.15076E-01  0.92504E-02  0.53500E-02
 0.14000E+01  0.98607E-02 -0.18668E-01  0.37424E-03  0.55439E-01  0.11482E+00  0.15136E+00  0.15678E+00  0.13881E+00  0.11039E+00  0.81609E-01  0.57480E-01  0.39169E-01  0.25978E-01  0.16711E-01  0.10301E-01  0.59784E-02
 0.16000E+01  0.17547E-01 -0.21638E-01 -0.10500E-01  0.41953E-01  0.10348E+00  0.14448E+00  0.15426E+00  0.13927E+00  0.11232E+00  0.83933E-01  0.59615E-01  0.40893E-01  0.27263E-01  0.17607E-01  0.10887E-01  0.63329E-02
 0.18000E+01  0.22441E-01 -0.23113E-01 -0.17303E-01  0.32714E-01  0.94850E-01  0.13831E+00  0.15091E+00  0.13814E+00  0.11251E+00  0.84716E-01  0.60532E-01  0.41719E-01  0.27917E-01  0.18083E-01  0.11206E-01  0.65289E-02
 0.20000E+01  0.25607E-01 -0.23826E-01 -0.21754E-01  0.26062E-01  0.88008E-01  0.13278E+00  0.14727E+00  0.13620E+00  0.11176E+00  0.84629E-01  0.60744E-01  0.42016E-01  0.28196E-01  0.18304E-01  0.11362E-01  0.66281E-02
 0.22000E+01  0.27646E-01 -0.24141E-01 -0.24769E-01  0.21077E-01  0.82404E-01  0.12780E+00  0.14357E+00  0.13385E+00  0.11047E+00  0.84030E-01  0.60529E-01  0.41987E-01  0.28240E-01  0.18364E-01  0.11415E-01  0.66654E-02
 0.24000E+01  0.28925E-01 -0.24257E-01 -0.26891E-01  0.17186E-01  0.77669E-01  0.12327E+00  0.13994E+00  0.13131E+00  0.10888E+00  0.83126E-01  0.60052E-01  0.41753E-01  0.28134E-01  0.18321E-01  0.11400E-01  0.66624E-02
 0.26000E+01  0.29687E-01 -0.24265E-01 -0.28430E-01  0.14042E-01  0.73555E-01  0.11909E+00  0.13639E+00  0.12868E+00  0.10712E+00  0.82031E-01  0.59405E-01  0.41383E-01  0.27928E-01  0.18209E-01  0.11341E-01  0.66322E-02
 0.28000E+01  0.30082E-01 -0.24201E-01 -0.29551E-01  0.11449E-01  0.69916E-01  0.11520E+00  0.13293E+00  0.12600E+00  0.10525E+00  0.80804E-01  0.58639E-01  0.40917E-01  0.27650E-01  0.18046E-01  0.11248E-01  0.65819E-02
 0.30000E+01  0.30190E-01 -0.23903E-01 -0.30305E-01  0.89598E-02  0.65942E-01  0.11060E+00  0.12860E+00  0.12247E+00  0.10264E+00  0.79011E-01  0.57459E-01  0.40162E-01  0.27177E-01  0.17756E-01  0.11076E-01  0.64850E-02
