 0.00000E+00  0.86949E+00  0.31879E+00 -0.77033E-01 -0.22941E+00 -0.19584E+00 -0.89465E-01  0.58701E-02  0.59805E-01  0.76864E-01  0.72146E-01  0.58423E-01  0.43211E-01  0.29912E-01  0.19551E-01  0.12044E-01  0.69259E-02
 0.20000E+00  0.20551E+00  0.42398E+00  0.46362E+00  0.34523E+00  0.16328E+00  0.70941E-02 -0.84179E-01 -0.11582E+00 -0.11081E+00 -0.90173E-01 -0.66707E-01 -0.46229E-01 -0.30442E-01 -0.19130E-01 -0.11426E-01 -0.64165E-02
 0.40000E+00 -0.31572E-01  0.18882E+00  0.30582E+00  0.30085E+00  0.21814E+00  0.11799E+00  0.39382E-01 -0.70800E-02 -0.27445E-01 -0.31900E-01 -0.28627E-01 -0.22623E-01 -0.16443E-01 -0.11161E-01 -0.70809E-02 -0.41647E-02
 0.60000E+00 -0.36334E-01  0.91006E-01  0.18185E+00  0.21312E+00  0.19341E+00  0.14779E+00  0.99224E-01  0.60005E-01  0.33037E-01  0.16445E-01  0.71314E-02  0.23763E-02  0.24028E-03 -0.51675E-03 -0.62687E-03 -0.49158E-03
 0.80000E+00 -0.28251E-01  0.51585E-01  0.12464E+00  0.16805E+00  0.17537E+00  0.15532E+00  0.12240E+00  0.88602E-01  0.60270E-01  0.39150E-01  0.24545E-01  0.14953E-01  0.88808E-02  0.51376E-02  0.28751E-02  0.15357E-02
 0.10000E+01 -0.20894E-01  0.28165E-01  0.88631E-01  0.13843E+00  0.16215E+00  0.15825E+00  0.13570E+00  0.10593E+00  0.77265E-01  0.53628E-01  0.35852E-01  0.23248E-01  0.14658E-01  0.89619E-02  0.52660E-02  0.29300E-02
 0.12000E+01 -0.12073E-01  0.57563E-02  0.52558E-01  0.10763E+00  0.14710E+00  0.15937E+00  0.14764E+00  0.12252E+00  0.94037E-01  0.68233E-01  0.47461E-01  0.31893E-01  0.20755E-01  0.13040E-01  0.78367E-02  0.44388E-02
 0.14000E+01 -0.79590E-03 -0.17267E-01  0.13087E-01  0.71974E-01  0.12733E+00  0.15700E+00  0.15770E+00  0.13864E+00  0.11130E+00  0.83822E-01  0.60196E-01  0.41584E-01  0.27711E-01  0.17759E-01  0.10844E-01  0.62184E-02
 0.16000E+01  0.11010E-01 -0.36434E-01 -0.22761E-01  0.37081E-01  0.10503E+00  0.15005E+00  0.16277E+00  0.15046E+00  0.12541E+00  0.97357E-01  0.71724E-01  0.50638E-01  0.34370E-01  0.22362E-01  0.13820E-01  0.79983E-02
 0.18000E+01  0.20746E-01 -0.48737E-01 -0.48912E-01  0.89105E-02  0.83926E-01  0.13949E+00  0.16165E+00  0.15561E+00  0.13360E+00  0.10621E+00  0.79819E-01  0.57311E-01  0.39453E-01  0.25966E-01  0.16195E-01  0.94384E-02
 0.20000E+01  0.27260E-01 -0.54723E-01 -0.64748E-01 -0.10814E-01  0.66252E-01  0.12738E+00  0.15575E+00  0.15474E+00  0.13593E+00  0.11006E+00  0.83992E-01  0.61090E-01  0.42510E-01  0.28225E-01  0.17725E-01  0.10385E-01
 0.22000E+01  0.30925E-01 -0.56418E-01 -0.72740E-01 -0.23354E-01  0.52492E-01  0.11547E+00  0.14735E+00  0.15000E+00  0.13410E+00  0.11012E+00  0.85024E-01  0.62452E-01  0.43814E-01  0.29283E-01  0.18485E-01  0.10873E-01
 0.24000E+01  0.32581E-01 -0.55771E-01 -0.75828E-01 -0.30868E-01  0.42111E-01  0.10473E+00  0.13824E+00  0.14341E+00  0.12995E+00  0.10787E+00  0.84042E-01  0.62197E-01  0.43907E-01  0.29494E-01  0.18692E-01  0.11027E-01
 0.26000E+01  0.32974E-01 -0.54086E-01 -0.76222E-01 -0.35210E-01  0.34320E-01  0.95450E-01  0.12947E+00  0.13631E+00  0.12484E+00  0.10451E+00  0.81992E-01  0.61035E-01  0.43294E-01  0.29195E-01  0.18558E-01  0.10973E-01
 0.28000E+01  0.32654E-01 -0.52111E-01 -0.75314E-01 -0.37640E-01  0.28475E-01  0.87700E-01  0.12161E+00  0.12956E+00  0.11966E+00  0.10084E+00  0.79546E-01  0.59485E-01  0.42354E-01  0.28647E-01  0.18254E-01  0.10813E-01
 0.30000E+01  0.31880E-01 -0.49370E-01 -0.72962E-01 -0.38684E-01  0.23424E-01  0.79989E-01  0.11317E+00  0.12185E+00  0.11338E+00  0.96117E-01  0.76194E-01  0.57210E-01  0.40870E-01  0.27717E-01  0.17698E-01  0.10500E-01
 0.00000E+00  0.86949E+00  0.31879E+00 -0.77033E-01 -0.22941E+00 -0.19584E+00 -0.89465E-01  0.58701E-02  0.59805E-01  0.76864E-01  0.72146E-01  0.58423E-01  0.43211E-01  0.29912E-01  0.19551E-01  0.12044E-01  0.69259E-02
 0.20000E+00  0.20551E+00  0.42398E+00  0.46362E+00  0.34523E+00  0.16328E+00  0.70941E-02 -0.84179E-01 -0.11582E+00 -0.11081E+00 -0.90173E-01 -0.66707E-01 -0.46229E-01 -0.30442E-01 -0.19130E-01 -0.11426E-01 -0.64165E-02
 0.40000E+00 -0.31572E-01  0.18882E+00  0.30582E+00  0.30085E+00  0.21814E+00  0.11799E+00  0.39382E-01 -0.70800E-02 -0.27445E-01 -0.31900E-01 -0.28627E-01 -0.22623E-01 -0.16443E-01 -0.11161E-01 -0.70809E-02 -0.41647E-02
 0.60000E+00 -0.36334E-01  0.91006E-01  0.18185E+00  0.21312E+00  0.19341E+00  0.14779E+00  0.99224E-01  0.60005E-01  0.33037E-01  0.16445E-01  0.71314E-02  0.23763E-02  0.24028E-03 -0.51675E-03 -0.62687E-03 -0.49158E-03
 0.80000E+00 -0.28251E-01  0.51585E-01  0.12464E+00  0.16805E+00  0.17537E+00  0.15532E+00  0.12240E+00  0.88602E-01  0.60270E-01  0.39150E-01  0.24545E-01  0.14953E-01  0.88808E-02  0.51376E-02  0.28751E-02  0.15357E-02
 0.10000E+01 -0.20894E-01  0.28165E-01  0.88631E-01  0.13843E+00  0.16215E+00  0.15825E+00  0.13570E+00  0.10593E+00  0.77265E-01  0.53628E-01  0.35852E-01  0.23248E-01  0.14658E-01  0.89619E-02  0.52660E-02  0.29300E-02
 0.12000E+01 -0.12073E-01  0.57563E-02  0.52558E-01  0.10763E+00  0.14710E+00  0.15937E+00  0.14764E+00  0.12252E+00  0.94037E-01  0.68233E-01  0.47461E-01  0.31893E-01  0.20755E-01  0.13040E-01  0.78367E-02  0.44388E-02
 0.14000E+01 -0.79590E-03 -0.17267E-01  0.13087E-01  0.71974E-01  0.12733E+00  0.15700E+00  0.15770E+00  0.13864E+00  0.11130E+00  0.83822E-01  0.60196E-01  0.41584E-01  0.27711E-01  0.17759E-01  0.10844E-01  0.62184E-02
 0.16000E+01  0.11010E-01 -0.36434E-01 -0.22761E-01  0.37081E-01  0.10503E+00  0.15005E+00  0.16277E+00  0.15046E+00  0.12541E+00  0.97357E-01  0.71724E-01  0.50638E-01  0.34370E-01  0.22362E-01  0.13820E-01  0.79983E-02
 0.18000E+01  0.20746E-01 -0.48737E-01 -0.48912E-01  0.89105E-02  0.83926E-01  0.13949E+00  0.16165E+00  0.15561E+00  0.13360E+00  0.10621E+00  0.79819E-01  0.57311E-01  0.39453E-01  0.25966E-01  0.16195E-01  0.94384E-02
 0.20000E+01  0.27260E-01 -0.54723E-01 -0.64748E-01 -0.10814E-01  0.66252E-01  0.12738E+00  0.15575E+00  0.15474E+00  0.13593E+00  0.11006E+00  0.83992E-01  0.61090E-01  0.42510E-01  0.28225E-01  0.17725E-01  0.10385E-01
 0.22000E+01  0.30925E-01 -0.56418E-01 -0.72740E-01 -0.23354E-01  0.52492E-01  0.11547E+00  0.14735E+00  0.15000E+00  0.13410E+00  0.11012E+00  0.85024E-01  0.62452E-01  0.43814E-01  0.29283E-01  0.18485E-01  0.10873E-01
 0.24000E+01  0.32581E-01 -0.55771E-01 -0.75828E-01 -0.30868E-01  0.42111E-01  0.10473E+00  0.13824E+00  0.14341E+00  0.12995E+00  0.10787E+00  0.84042E-01  0.62197E-01  0.43907E-01  0.29494E-01  0.18692E-01  0.11027E-01
 0.26000E+01  0.32974E-01 -0.54086E-01 -0.76222E-01 -0.35210E-01  0.34320E-01  0.95450E-01  0.12947E+00  0.13631E+00  0.12484E+00  0.10451E+00  0.81992E-01  0.61035E-01  0.43294E-01  0.29195E-01  0.18558E-01  0.10973E-01
 0.28000E+01  0.32654E-01 -0.52111E-01 -0.75314E-01 -0.37640E-01  0.28475E-01  0.87700E-01  0.12161E+00  0.12956E+00  0.11966E+00  0.10084E+00  0.79546E-01  0.59485E-01  0.42354E-01  0.28647E-01  0.18254E-01  0.10813E-01
 0.30000E+01  0.31880E-01 -0.49370E-01 -0.72962E-01 -0.38684E-01  0.23424E-01  0.79989E-01  0.11317E+00  0.12185E+00  0.11338E+00  0.96117E-01  0.76194E-01  0.57210E-01  0.40870E-01  0.27717E-01  0.17698E-01  0.10500E-01
