 0.00000E+00  0.63679E+00  0.36320E+00  0.19296E-01 -0.11768E+00 -0.10388E+00 -0.58746E-01 -0.26276E-01 -0.87000E-02 -0.49257E-03  0.27218E-02  0.35208E-02  0.32801E-02  0.26845E-02  0.20337E-02  0.14020E-02  0.79128E-03
 0.20000E+00  0.44148E+00  0.42751E+00  0.27258E+00  0.12395E+00  0.41853E-01  0.78512E-02 -0.37320E-02 -0.64055E-02 -0.58989E-02 -0.45223E-02 -0.31514E-02 -0.20593E-02 -0.12777E-02 -0.75410E-03 -0.41573E-03 -0.19801E-03
 0.40000E+00 -0.53362E-02  0.21174E+00  0.33051E+00  0.28191E+00  0.17480E+00  0.90319E-01  0.40897E-01  0.15540E-01  0.36263E-02 -0.13752E-02 -0.30258E-02 -0.31741E-02 -0.27425E-02 -0.21470E-02 -0.15131E-02 -0.86608E-03
 0.60000E+00 -0.10251E+00  0.11580E+00  0.27929E+00  0.27753E+00  0.19423E+00  0.11470E+00  0.61996E-01  0.31339E-01  0.14545E-01  0.57555E-02  0.14140E-02 -0.53495E-03 -0.12529E-02 -0.13596E-02 -0.11336E-02 -0.70906E-03
 0.80000E+00 -0.10987E+00  0.63829E-01  0.21462E+00  0.23647E+00  0.18100E+00  0.11740E+00  0.70391E-01  0.40230E-01  0.21985E-01  0.11336E-01  0.53320E-02  0.20893E-02  0.44069E-03 -0.30378E-03 -0.51262E-03 -0.39538E-03
 0.10000E+01 -0.91644E-01  0.31919E-01  0.15519E+00  0.18933E+00  0.15805E+00  0.11126E+00  0.72121E-01  0.44545E-01  0.26466E-01  0.15098E-01  0.81878E-02  0.41286E-02  0.18375E-02  0.62031E-03  0.62417E-04 -0.91828E-04
 0.12000E+01 -0.66357E-01  0.11147E-01  0.10432E+00  0.14446E+00  0.13278E+00  0.10117E+00  0.70045E-01  0.45823E-01  0.28748E-01  0.17363E-01  0.10069E-01  0.55586E-02  0.28672E-02  0.13317E-02  0.52147E-03  0.15677E-03
 0.14000E+01 -0.39979E-01 -0.25946E-02  0.61412E-01  0.10349E+00  0.10735E+00  0.88966E-01  0.65490E-01  0.44952E-01  0.29393E-01  0.18471E-01  0.11175E-01  0.64889E-02  0.35865E-02  0.18571E-02  0.87532E-03  0.35390E-03
 0.16000E+01 -0.14743E-01 -0.11371E-01  0.25574E-01  0.66651E-01  0.82489E-01  0.75417E-01  0.59067E-01  0.42364E-01  0.28689E-01  0.18602E-01  0.11612E-01  0.69797E-02  0.40267E-02  0.22111E-02  0.11297E-02  0.50127E-03
 0.18000E+01  0.84917E-02 -0.16810E-01 -0.47633E-02  0.33173E-01  0.58212E-01  0.60958E-01  0.51321E-01  0.38551E-01  0.27021E-01  0.18042E-01  0.11582E-01  0.71715E-02  0.42838E-02  0.24584E-02  0.13262E-02  0.62157E-03
 0.20000E+01  0.29286E-01 -0.19663E-01 -0.30040E-01  0.31752E-02  0.34939E-01  0.46025E-01  0.42590E-01  0.33744E-01  0.24535E-01  0.16874E-01  0.11129E-01  0.70822E-02  0.43612E-02  0.25950E-02  0.14585E-02  0.70993E-03
 0.22000E+01  0.47455E-01 -0.20457E-01 -0.50575E-01 -0.23187E-01  0.13079E-01  0.31028E-01  0.33193E-01  0.28162E-01  0.21371E-01  0.15179E-01  0.10294E-01  0.67276E-02  0.42611E-02  0.26164E-02  0.15202E-02  0.76135E-03
 0.24000E+01  0.63110E-01 -0.20037E-01 -0.67667E-01 -0.46809E-01 -0.76110E-02  0.16156E-01  0.23478E-01  0.22157E-01  0.17822E-01  0.13184E-01  0.92431E-02  0.62280E-02  0.40678E-02  0.25808E-02  0.15494E-02  0.79695E-03
 0.26000E+01  0.76452E-01 -0.18707E-01 -0.81756E-01 -0.67881E-01 -0.27074E-01  0.15642E-02  0.13602E-01  0.15854E-01  0.13977E-01  0.10946E-01  0.80117E-02  0.56017E-02  0.37896E-02  0.24906E-02  0.15458E-02  0.81577E-03
 0.28000E+01  0.87791E-01 -0.16633E-01 -0.93245E-01 -0.86668E-01 -0.45379E-01 -0.12714E-01  0.36285E-02  0.93133E-02  0.98841E-02  0.84965E-02  0.66187E-02  0.48591E-02  0.34314E-02  0.23473E-02  0.15091E-02  0.81710E-03
 0.30000E+01  0.97362E-01 -0.15953E-01 -0.10435E+00 -0.10328E+00 -0.60776E-01 -0.24254E-01 -0.41650E-02  0.43505E-02  0.68665E-02  0.67514E-02  0.56714E-02  0.43902E-02  0.32363E-02  0.22984E-02  0.15244E-02  0.84339E-03
