 0.00000E+00  0.77444E+00  0.29551E+00 -0.10476E+00 -0.14264E+00 -0.47512E-01  0.11958E-01  0.27460E-01  0.24743E-01  0.17807E-01  0.11420E-01  0.67079E-02  0.35955E-02  0.16965E-02  0.62942E-03  0.11501E-03 -0.46651E-04
 0.20000E+00  0.34786E+00  0.49458E+00  0.37381E+00  0.13882E+00 -0.10291E-01 -0.56440E-01 -0.54794E-01 -0.40918E-01 -0.27401E-01 -0.17178E-01 -0.10214E-01 -0.57638E-02 -0.30576E-02 -0.14895E-02 -0.63942E-03 -0.22731E-03
 0.40000E+00 -0.11392E+00  0.25385E+00  0.41483E+00  0.29601E+00  0.13319E+00  0.41487E-01  0.60462E-02 -0.42955E-02 -0.56629E-02 -0.43952E-02 -0.27605E-02 -0.14549E-02 -0.59059E-03 -0.98745E-04  0.11078E-03  0.12585E-03
 0.60000E+00 -0.88520E-01  0.94924E-01  0.24955E+00  0.26675E+00  0.20292E+00  0.13259E+00  0.81368E-01  0.48571E-01  0.28492E-01  0.16449E-01  0.93282E-02  0.51760E-02  0.27910E-02  0.14435E-02  0.69502E-03  0.28990E-03
 0.80000E+00 -0.39693E-01  0.18191E-01  0.14133E+00  0.22368E+00  0.21870E+00  0.16754E+00  0.11345E+00  0.72050E-01  0.43969E-01  0.25970E-01  0.14840E-01  0.81597E-02  0.42646E-02  0.20684E-02  0.89206E-03  0.31994E-03
 0.10000E+01 -0.97607E-02 -0.20240E-01  0.77712E-01  0.18731E+00  0.21258E+00  0.17463E+00  0.12265E+00  0.79589E-01  0.49242E-01  0.29349E-01  0.16865E-01  0.92956E-02  0.48531E-02  0.23399E-02  0.99617E-03  0.34994E-03
 0.12000E+01  0.71013E-02 -0.40641E-01  0.38258E-01  0.15717E+00  0.19791E+00  0.16937E+00  0.12142E+00  0.79773E-01  0.49805E-01  0.29912E-01  0.17318E-01  0.96268E-02  0.50834E-02  0.24944E-02  0.10939E-02  0.40232E-03
 0.14000E+01  0.15447E-01 -0.50725E-01  0.13683E-01  0.13191E+00  0.17934E+00  0.15768E+00  0.11459E+00  0.75986E-01  0.47823E-01  0.28966E-01  0.16942E-01  0.95489E-02  0.51462E-02  0.26094E-02  0.12069E-02  0.47816E-03
 0.16000E+01  0.17706E-01 -0.54031E-01 -0.57355E-03  0.11053E+00  0.15875E+00  0.14212E+00  0.10431E+00  0.69733E-01  0.44269E-01  0.27100E-01  0.16077E-01  0.92433E-02  0.51306E-02  0.27225E-02  0.13467E-02  0.57916E-03
 0.18000E+01  0.15576E-01 -0.52700E-01 -0.74444E-02  0.92282E-01  0.13719E+00  0.12420E+00  0.91860E-01  0.61920E-01  0.39725E-01  0.24666E-01  0.14921E-01  0.88159E-02  0.50870E-02  0.28532E-02  0.15181E-02  0.70487E-03
 0.20000E+01  0.10305E-01 -0.48203E-01 -0.90174E-02  0.76559E-01  0.11532E+00  0.10493E+00  0.78102E-01  0.53159E-01  0.34587E-01  0.21900E-01  0.13607E-01  0.83339E-02  0.50450E-02  0.30111E-02  0.17214E-02  0.85328E-03
 0.22000E+01  0.29282E-02 -0.41658E-01 -0.68973E-02  0.62946E-01  0.93735E-01  0.85156E-01  0.63757E-01  0.43954E-01  0.29171E-01  0.18988E-01  0.12233E-01  0.78435E-02  0.50213E-02  0.31974E-02  0.19519E-02  0.10198E-02
 0.24000E+01 -0.57472E-02 -0.33887E-01 -0.23093E-02  0.51080E-01  0.72825E-01  0.65486E-01  0.49336E-01  0.34660E-01  0.23700E-01  0.16055E-01  0.10864E-01  0.73727E-02  0.50228E-02  0.34090E-02  0.22033E-02  0.11994E-02
 0.26000E+01 -0.15239E-01 -0.25405E-01  0.39195E-02  0.40603E-01  0.52689E-01  0.46172E-01  0.35075E-01  0.25448E-01  0.18282E-01  0.13164E-01  0.95311E-02  0.69332E-02  0.50513E-02  0.36429E-02  0.24713E-02  0.13889E-02
 0.28000E+01 -0.25255E-01 -0.16510E-01  0.11266E-01  0.31221E-01  0.33290E-01  0.27287E-01  0.21058E-01  0.16382E-01  0.12956E-01  0.10336E-01  0.82434E-02  0.65275E-02  0.51055E-02  0.38960E-02  0.27528E-02  0.15860E-02
 0.30000E+01 -0.32402E-01 -0.10405E-01  0.14945E-01  0.21795E-01  0.16638E-01  0.11618E-01  0.95760E-02  0.89904E-02  0.86123E-02  0.80148E-02  0.71668E-02  0.61643E-02  0.51165E-02  0.40724E-02  0.29587E-02  0.17324E-02
