 0.00000E+00  0.73085E+00  0.32936E+00  0.76890E-02 -0.14717E+00 -0.15591E+00 -0.94337E-01 -0.28511E-01  0.12459E-01  0.28154E-01  0.28678E-01  0.23186E-01  0.16760E-01  0.11342E-01  0.73043E-02  0.44707E-02  0.25696E-02
 0.20000E+00  0.37676E+00  0.40226E+00  0.33884E+00  0.21809E+00  0.92258E-01  0.40944E-03 -0.46537E-01 -0.58650E-01 -0.52156E-01 -0.39621E-01 -0.27593E-01 -0.18258E-01 -0.11678E-01 -0.72426E-02 -0.43206E-02 -0.24396E-02
 0.40000E+00 -0.84428E-02  0.21160E+00  0.32747E+00  0.31689E+00  0.22496E+00  0.11679E+00  0.35312E-01 -0.89106E-02 -0.24840E-01 -0.25601E-01 -0.20693E-01 -0.14945E-01 -0.10114E-01 -0.65171E-02 -0.39926E-02 -0.22969E-02
 0.60000E+00 -0.74290E-01  0.96065E-01  0.21654E+00  0.25527E+00  0.22558E+00  0.16395E+00  0.10262E+00  0.57154E-01  0.29115E-01  0.13895E-01  0.63270E-02  0.27735E-02  0.11657E-02  0.46043E-03  0.16377E-03  0.47899E-04
 0.80000E+00 -0.58009E-01  0.36444E-01  0.12495E+00  0.17941E+00  0.19102E+00  0.16952E+00  0.13235E+00  0.94210E-01  0.62880E-01  0.40259E-01  0.25154E-01  0.15502E-01  0.94525E-02  0.56736E-02  0.33082E-02  0.18383E-02
 0.10000E+01 -0.36151E-01  0.85407E-02  0.70298E-01  0.12637E+00  0.15761E+00  0.15877E+00  0.13760E+00  0.10673E+00  0.76370E-01  0.51678E-01  0.33715E-01  0.21483E-01  0.13439E-01  0.82249E-02  0.48667E-02  0.27338E-02
 0.12000E+01 -0.21165E-01 -0.45797E-02  0.39524E-01  0.92711E-01  0.13188E+00  0.14449E+00  0.13279E+00  0.10749E+00  0.79399E-01  0.55024E-01  0.36551E-01  0.23610E-01  0.14923E-01  0.92053E-02  0.54789E-02  0.30913E-02
 0.14000E+01 -0.11745E-01 -0.11014E-01  0.21570E-01  0.70794E-01  0.11251E+00  0.13079E+00  0.12476E+00  0.10361E+00  0.77952E-01  0.54761E-01  0.36751E-01  0.23925E-01  0.15213E-01  0.94272E-02  0.56303E-02  0.31848E-02
 0.16000E+01 -0.58084E-02 -0.14246E-01  0.10559E-01  0.55813E-01  0.97611E-01  0.11860E+00  0.11611E+00  0.98094E-01  0.74705E-01  0.52954E-01  0.35781E-01  0.23416E-01  0.14950E-01  0.92927E-02  0.55631E-02  0.31523E-02
 0.18000E+01 -0.20156E-02 -0.15834E-01  0.35302E-02  0.45131E-01  0.85873E-01  0.10799E+00  0.10778E+00  0.92196E-01  0.70829E-01  0.50533E-01  0.34313E-01  0.22542E-01  0.14435E-01  0.89930E-02  0.53931E-02  0.30600E-02
 0.20000E+01  0.42932E-03 -0.16533E-01 -0.10888E-02  0.37258E-01  0.76448E-01  0.98839E-01  0.10012E+00  0.86458E-01  0.66862E-01  0.47937E-01  0.32674E-01  0.21528E-01  0.13817E-01  0.86236E-02  0.51786E-02  0.29413E-02
 0.22000E+01  0.20077E-02 -0.16741E-01 -0.41877E-02  0.31303E-01  0.68766E-01  0.90957E-01  0.93235E-01  0.81111E-01  0.63054E-01  0.45381E-01  0.31024E-01  0.20489E-01  0.13174E-01  0.82343E-02  0.49502E-02  0.28138E-02
 0.24000E+01  0.30252E-02 -0.16679E-01 -0.63072E-02  0.26690E-01  0.62418E-01  0.84160E-01  0.87107E-01  0.76238E-01  0.59515E-01  0.42969E-01  0.29446E-01  0.19484E-01  0.12547E-01  0.78514E-02  0.47243E-02  0.26872E-02
 0.26000E+01  0.36753E-02 -0.16469E-01 -0.77825E-02  0.23034E-01  0.57093E-01  0.78261E-01  0.81663E-01  0.71832E-01  0.56271E-01  0.40733E-01  0.27970E-01  0.18537E-01  0.11952E-01  0.74866E-02  0.45082E-02  0.25658E-02
 0.28000E+01  0.40761E-02 -0.16181E-01 -0.88208E-02  0.20078E-01  0.52567E-01  0.73103E-01  0.76813E-01  0.67854E-01  0.53313E-01  0.38677E-01  0.26604E-01  0.17655E-01  0.11396E-01  0.71442E-02  0.43048E-02  0.24512E-02
 0.30000E+01  0.43567E-02 -0.15731E-01 -0.96585E-02  0.17137E-01  0.47790E-01  0.67495E-01  0.71442E-01  0.63391E-01  0.49960E-01  0.36328E-01  0.25034E-01  0.16637E-01  0.10751E-01  0.67459E-02  0.40676E-02  0.23173E-02
 0.00000E+00  0.73085E+00  0.32936E+00  0.76890E-02 -0.14717E+00 -0.15591E+00 -0.94337E-01 -0.28511E-01  0.12459E-01  0.28154E-01  0.28678E-01  0.23186E-01  0.16760E-01  0.11342E-01  0.73043E-02  0.44707E-02  0.25696E-02
 0.20000E+00  0.37676E+00  0.40226E+00  0.33884E+00  0.21809E+00  0.92258E-01  0.40944E-03 -0.46537E-01 -0.58650E-01 -0.52156E-01 -0.39621E-01 -0.27593E-01 -0.18258E-01 -0.11678E-01 -0.72426E-02 -0.43206E-02 -0.24396E-02
 0.40000E+00 -0.84428E-02  0.21160E+00  0.32747E+00  0.31689E+00  0.22496E+00  0.11679E+00  0.35312E-01 -0.89106E-02 -0.24840E-01 -0.25601E-01 -0.20693E-01 -0.14945E-01 -0.10114E-01 -0.65171E-02 -0.39926E-02 -0.22969E-02
 0.60000E+00 -0.74290E-01  0.96065E-01  0.21654E+00  0.25527E+00  0.22558E+00  0.16395E+00  0.10262E+00  0.57154E-01  0.29115E-01  0.13895E-01  0.63270E-02  0.27735E-02  0.11657E-02  0.46043E-03  0.16377E-03  0.47899E-04
 0.80000E+00 -0.58009E-01  0.36444E-01  0.12495E+00  0.17941E+00  0.19102E+00  0.16952E+00  0.13235E+00  0.94210E-01  0.62880E-01  0.40259E-01  0.25154E-01  0.15502E-01  0.94525E-02  0.56736E-02  0.33082E-02  0.18383E-02
 0.10000E+01 -0.36151E-01  0.85407E-02  0.70298E-01  0.12637E+00  0.15761E+00  0.15877E+00  0.13760E+00  0.10673E+00  0.76370E-01  0.51678E-01  0.33715E-01  0.21483E-01  0.13439E-01  0.82249E-02  0.48667E-02  0.27338E-02
 0.12000E+01 -0.21165E-01 -0.45797E-02  0.39524E-01  0.92711E-01  0.13188E+00  0.14449E+00  0.13279E+00  0.10749E+00  0.79399E-01  0.55024E-01  0.36551E-01  0.23610E-01  0.14923E-01  0.92053E-02  0.54789E-02  0.30913E-02
 0.14000E+01 -0.11745E-01 -0.11014E-01  0.21570E-01  0.70794E-01  0.11251E+00  0.13079E+00  0.12476E+00  0.10361E+00  0.77952E-01  0.54761E-01  0.36751E-01  0.23925E-01  0.15213E-01  0.94272E-02  0.56303E-02  0.31848E-02
 0.16000E+01 -0.58084E-02 -0.14246E-01  0.10559E-01  0.55813E-01  0.97611E-01  0.11860E+00  0.11611E+00  0.98094E-01  0.74705E-01  0.52954E-01  0.35781E-01  0.23416E-01  0.14950E-01  0.92927E-02  0.55631E-02  0.31523E-02
 0.18000E+01 -0.20156E-02 -0.15834E-01  0.35302E-02  0.45131E-01  0.85873E-01  0.10799E+00  0.10778E+00  0.92196E-01  0.70829E-01  0.50533E-01  0.34313E-01  0.22542E-01  0.14435E-01  0.89930E-02  0.53931E-02  0.30600E-02
 0.20000E+01  0.42932E-03 -0.16533E-01 -0.10888E-02  0.37258E-01  0.76448E-01  0.98839E-01  0.10012E+00  0.86458E-01  0.66862E-01  0.47937E-01  0.32674E-01  0.21528E-01  0.13817E-01  0.86236E-02  0.51786E-02  0.29413E-02
 0.22000E+01  0.20077E-02 -0.16741E-01 -0.41877E-02  0.31303E-01  0.68766E-01  0.90957E-01  0.93235E-01  0.81111E-01  0.63054E-01  0.45381E-01  0.31024E-01  0.20489E-01  0.13174E-01  0.82343E-02  0.49502E-02  0.28138E-02
 0.24000E+01  0.30252E-02 -0.16679E-01 -0.63072E-02  0.26690E-01  0.62418E-01  0.84160E-01  0.87107E-01  0.76238E-01  0.59515E-01  0.42969E-01  0.29446E-01  0.19484E-01  0.12547E-01  0.78514E-02  0.47243E-02  0.26872E-02
 0.26000E+01  0.36753E-02 -0.16469E-01 -0.77825E-02  0.23034E-01  0.57093E-01  0.78261E-01  0.81663E-01  0.71832E-01  0.56271E-01  0.40733E-01  0.27970E-01  0.18537E-01  0.11952E-01  0.74866E-02  0.45082E-02  0.25658E-02
 0.28000E+01  0.40761E-02 -0.16181E-01 -0.88208E-02  0.20078E-01  0.52567E-01  0.73103E-01  0.76813E-01  0.67854E-01  0.53313E-01  0.38677E-01  0.26604E-01  0.17655E-01  0.11396E-01  0.71442E-02  0.43048E-02  0.24512E-02
 0.30000E+01  0.43567E-02 -0.15731E-01 -0.96585E-02  0.17137E-01  0.47790E-01  0.67495E-01  0.71442E-01  0.63391E-01  0.49960E-01  0.36328E-01  0.25034E-01  0.16637E-01  0.10751E-01  0.67459E-02  0.40676E-02  0.23173E-02
