 0.00000E+00  0.76436E+00  0.32311E+00 -0.18836E-01 -0.17012E+00 -0.16075E+00 -0.79937E-01 -0.23020E-02  0.41577E-01  0.54122E-01  0.49029E-01  0.37889E-01  0.26844E-01  0.18009E-01  0.11565E-01  0.70798E-02  0.40755E-02
 0.20000E+00  0.34625E+00  0.39772E+00  0.34980E+00  0.23047E+00  0.96818E-01 -0.44062E-02 -0.57224E-01 -0.70747E-01 -0.62712E-01 -0.47567E-01 -0.33059E-01 -0.21821E-01 -0.13925E-01 -0.86216E-02 -0.51381E-02 -0.28999E-02
 0.40000E+00 -0.16321E-01  0.22448E+00  0.34739E+00  0.32891E+00  0.22123E+00  0.98575E-01  0.91810E-02 -0.35978E-01 -0.48337E-01 -0.43844E-01 -0.33863E-01 -0.24009E-01 -0.16138E-01 -0.10388E-01 -0.63749E-02 -0.36775E-02
 0.60000E+00 -0.83695E-01  0.10728E+00  0.23707E+00  0.27169E+00  0.22980E+00  0.15551E+00  0.86074E-01  0.38040E-01  0.11436E-01 -0.47450E-03 -0.44273E-02 -0.48413E-02 -0.40062E-02 -0.29157E-02 -0.19369E-02 -0.11787E-02
 0.80000E+00 -0.60618E-01  0.35733E-01  0.12715E+00  0.18428E+00  0.19718E+00  0.17528E+00  0.13654E+00  0.96540E-01  0.63712E-01  0.40181E-01  0.24675E-01  0.14940E-01  0.89621E-02  0.53035E-02  0.30566E-02  0.16828E-02
 0.10000E+01 -0.27891E-01 -0.32270E-03  0.55270E-01  0.11706E+00  0.16007E+00  0.17187E+00  0.15622E+00  0.12571E+00  0.92577E-01  0.64086E-01  0.42588E-01  0.27560E-01  0.17474E-01  0.10821E-01  0.64676E-02  0.36636E-02
 0.12000E+01 -0.58793E-02 -0.16750E-01  0.15415E-01  0.74873E-01  0.13084E+00  0.16015E+00  0.15839E+00  0.13535E+00  0.10431E+00  0.74833E-01  0.51176E-01  0.33894E-01  0.21895E-01  0.13762E-01  0.83212E-02  0.47555E-02
 0.14000E+01  0.68943E-02 -0.24052E-01 -0.61236E-02  0.49210E-01  0.10969E+00  0.14741E+00  0.15359E+00  0.13586E+00  0.10740E+00  0.78588E-01  0.54603E-01  0.36633E-01  0.23911E-01  0.15154E-01  0.92223E-02  0.52964E-02
 0.16000E+01  0.14188E-01 -0.27252E-01 -0.18133E-01  0.33042E-01  0.94301E-01  0.13589E+00  0.14668E+00  0.13273E+00  0.10667E+00  0.79066E-01  0.55512E-01  0.37561E-01  0.24687E-01  0.15732E-01  0.96150E-02  0.55400E-02
 0.18000E+01  0.18419E-01 -0.28545E-01 -0.25114E-01  0.22322E-01  0.82754E-01  0.12595E+00  0.13951E+00  0.12830E+00  0.10433E+00  0.78058E-01  0.55219E-01  0.37595E-01  0.24834E-01  0.15889E-01  0.97416E-02  0.56263E-02
 0.20000E+01  0.20901E-01 -0.28903E-01 -0.29303E-01  0.14865E-01  0.73791E-01  0.11742E+00  0.13269E+00  0.12355E+00  0.10137E+00  0.76385E-01  0.54351E-01  0.37181E-01  0.24657E-01  0.15825E-01  0.97258E-02  0.56275E-02
 0.22000E+01  0.22343E-01 -0.28783E-01 -0.31852E-01  0.94727E-02  0.66626E-01  0.11006E+00  0.12638E+00  0.11884E+00  0.98220E-01  0.74431E-01  0.53209E-01  0.36541E-01  0.24309E-01  0.15641E-01  0.96315E-02  0.55813E-02
 0.24000E+01  0.23145E-01 -0.28413E-01 -0.33399E-01  0.54406E-02  0.60751E-01  0.10365E+00  0.12062E+00  0.11436E+00  0.95075E-01  0.72389E-01  0.51951E-01  0.35792E-01  0.23873E-01  0.15393E-01  0.94943E-02  0.55086E-02
 0.26000E+01  0.23544E-01 -0.27913E-01 -0.34310E-01  0.23351E-02  0.55818E-01  0.97997E-01  0.11535E+00  0.11012E+00  0.92020E-01  0.70347E-01  0.50654E-01  0.34995E-01  0.23394E-01  0.15111E-01  0.93335E-02  0.54211E-02
 0.28000E+01  0.23673E-01 -0.27344E-01 -0.34797E-01 -0.11298E-03  0.51592E-01  0.92941E-01  0.11051E+00  0.10613E+00  0.89081E-01  0.68342E-01  0.49354E-01  0.34179E-01  0.22894E-01  0.14811E-01  0.91596E-02  0.53251E-02
 0.30000E+01  0.23580E-01 -0.26538E-01 -0.34946E-01 -0.24710E-02  0.47059E-01  0.87258E-01  0.10489E+00  0.10141E+00  0.85527E-01  0.65870E-01  0.47721E-01  0.33136E-01  0.22244E-01  0.14416E-01  0.89274E-02  0.51955E-02
 0.00000E+00  0.76436E+00  0.32311E+00 -0.18836E-01 -0.17012E+00 -0.16075E+00 -0.79937E-01 -0.23020E-02  0.41577E-01  0.54122E-01  0.49029E-01  0.37889E-01  0.26844E-01  0.18009E-01  0.11565E-01  0.70798E-02  0.40755E-02
 0.20000E+00  0.34625E+00  0.39772E+00  0.34980E+00  0.23047E+00  0.96818E-01 -0.44062E-02 -0.57224E-01 -0.70747E-01 -0.62712E-01 -0.47567E-01 -0.33059E-01 -0.21821E-01 -0.13925E-01 -0.86216E-02 -0.51381E-02 -0.28999E-02
 0.40000E+00 -0.16321E-01  0.22448E+00  0.34739E+00  0.32891E+00  0.22123E+00  0.98575E-01  0.91810E-02 -0.35978E-01 -0.48337E-01 -0.43844E-01 -0.33863E-01 -0.24009E-01 -0.16138E-01 -0.10388E-01 -0.63749E-02 -0.36775E-02
 0.60000E+00 -0.83695E-01  0.10728E+00  0.23707E+00  0.27169E+00  0.22980E+00  0.15551E+00  0.86074E-01  0.38040E-01  0.11436E-01 -0.47450E-03 -0.44273E-02 -0.48413E-02 -0.40062E-02 -0.29157E-02 -0.19369E-02 -0.11787E-02
 0.80000E+00 -0.60618E-01  0.35733E-01  0.12715E+00  0.18428E+00  0.19718E+00  0.17528E+00  0.13654E+00  0.96540E-01  0.63712E-01  0.40181E-01  0.24675E-01  0.14940E-01  0.89621E-02  0.53035E-02  0.30566E-02  0.16828E-02
 0.10000E+01 -0.27891E-01 -0.32270E-03  0.55270E-01  0.11706E+00  0.16007E+00  0.17187E+00  0.15622E+00  0.12571E+00  0.92577E-01  0.64086E-01  0.42588E-01  0.27560E-01  0.17474E-01  0.10821E-01  0.64676E-02  0.36636E-02
 0.12000E+01 -0.58793E-02 -0.16750E-01  0.15415E-01  0.74873E-01  0.13084E+00  0.16015E+00  0.15839E+00  0.13535E+00  0.10431E+00  0.74833E-01  0.51176E-01  0.33894E-01  0.21895E-01  0.13762E-01  0.83212E-02  0.47555E-02
 0.14000E+01  0.68943E-02 -0.24052E-01 -0.61236E-02  0.49210E-01  0.10969E+00  0.14741E+00  0.15359E+00  0.13586E+00  0.10740E+00  0.78588E-01  0.54603E-01  0.36633E-01  0.23911E-01  0.15154E-01  0.92223E-02  0.52964E-02
 0.16000E+01  0.14188E-01 -0.27252E-01 -0.18133E-01  0.33042E-01  0.94301E-01  0.13589E+00  0.14668E+00  0.13273E+00  0.10667E+00  0.79066E-01  0.55512E-01  0.37561E-01  0.24687E-01  0.15732E-01  0.96150E-02  0.55400E-02
 0.18000E+01  0.18419E-01 -0.28545E-01 -0.25114E-01  0.22322E-01  0.82754E-01  0.12595E+00  0.13951E+00  0.12830E+00  0.10433E+00  0.78058E-01  0.55219E-01  0.37595E-01  0.24834E-01  0.15889E-01  0.97416E-02  0.56263E-02
 0.20000E+01  0.20901E-01 -0.28903E-01 -0.29303E-01  0.14865E-01  0.73791E-01  0.11742E+00  0.13269E+00  0.12355E+00  0.10137E+00  0.76385E-01  0.54351E-01  0.37181E-01  0.24657E-01  0.15825E-01  0.97258E-02  0.56275E-02
 0.22000E+01  0.22343E-01 -0.28783E-01 -0.31852E-01  0.94727E-02  0.66626E-01  0.11006E+00  0.12638E+00  0.11884E+00  0.98220E-01  0.74431E-01  0.53209E-01  0.36541E-01  0.24309E-01  0.15641E-01  0.96315E-02  0.55813E-02
 0.24000E+01  0.23145E-01 -0.28413E-01 -0.33399E-01  0.54406E-02  0.60751E-01  0.10365E+00  0.12062E+00  0.11436E+00  0.95075E-01  0.72389E-01  0.51951E-01  0.35792E-01  0.23873E-01  0.15393E-01  0.94943E-02  0.55086E-02
 0.26000E+01  0.23544E-01 -0.27913E-01 -0.34310E-01  0.23351E-02  0.55818E-01  0.97997E-01  0.11535E+00  0.11012E+00  0.92020E-01  0.70347E-01  0.50654E-01  0.34995E-01  0.23394E-01  0.15111E-01  0.93335E-02  0.54211E-02
 0.28000E+01  0.23673E-01 -0.27344E-01 -0.34797E-01 -0.11298E-03  0.51592E-01  0.92941E-01  0.11051E+00  0.10613E+00  0.89081E-01  0.68342E-01  0.49354E-01  0.34179E-01  0.22894E-01  0.14811E-01  0.91596E-02  0.53251E-02
 0.30000E+01  0.23580E-01 -0.26538E-01 -0.34946E-01 -0.24710E-02  0.47059E-01  0.87258E-01  0.10489E+00  0.10141E+00  0.85527E-01  0.65870E-01  0.47721E-01  0.33136E-01  0.22244E-01  0.14416E-01  0.89274E-02  0.51955E-02
