 0.00000E+00  0.53311E+00  0.34847E+00  0.68443E-01 -0.71970E-01 -0.81991E-01 -0.50702E-01 -0.23049E-01 -0.73006E-02 -0.29927E-03  0.20328E-02  0.23267E-02  0.19153E-02  0.13727E-02  0.90147E-03  0.54041E-03  0.27325E-03
 0.20000E+00  0.47752E+00  0.44684E+00  0.26780E+00  0.10464E+00  0.18908E-01 -0.12353E-01 -0.18878E-01 -0.16691E-01 -0.12518E-01 -0.86954E-02 -0.57873E-02 -0.37478E-02 -0.23785E-02 -0.14772E-02 -0.87092E-03 -0.44046E-03
 0.40000E+00  0.79699E-01  0.23447E+00  0.30048E+00  0.24366E+00  0.14639E+00  0.70278E-01  0.26515E-01  0.58796E-02 -0.20706E-02 -0.41580E-02 -0.39570E-02 -0.30876E-02 -0.21882E-02 -0.14545E-02 -0.89409E-03 -0.46375E-03
 0.60000E+00 -0.73847E-01  0.11006E+00  0.25734E+00  0.26641E+00  0.19625E+00  0.12128E+00  0.68261E-01  0.36568E-01  0.19142E-01  0.99522E-02  0.51881E-02  0.27273E-02  0.14509E-02  0.77946E-03  0.41018E-03  0.19096E-03
 0.80000E+00 -0.12502E+00  0.31207E-01  0.19285E+00  0.24446E+00  0.21050E+00  0.15230E+00  0.10126E+00  0.64521E-01  0.40252E-01  0.24850E-01  0.15256E-01  0.93298E-02  0.56828E-02  0.34281E-02  0.19810E-02  0.98875E-03
 0.10000E+01 -0.12211E+00 -0.14621E-01  0.12853E+00  0.20465E+00  0.20479E+00  0.16775E+00  0.12371E+00  0.85791E-01  0.57261E-01  0.37275E-01  0.23847E-01  0.15057E-01  0.94004E-02  0.57792E-02  0.33874E-02  0.17077E-02
 0.12000E+01 -0.97927E-01 -0.38788E-01  0.75407E-01  0.16351E+00  0.19026E+00  0.17235E+00  0.13638E+00  0.99433E-01  0.68793E-01  0.45966E-01  0.29979E-01  0.19206E-01  0.12127E-01  0.75218E-02  0.44396E-02  0.22494E-02
 0.14000E+01 -0.71190E-01 -0.50596E-01  0.36104E-01  0.12850E+00  0.17348E+00  0.17025E+00  0.14148E+00  0.10650E+00  0.75307E-01  0.51103E-01  0.33715E-01  0.21796E-01  0.13865E-01  0.86560E-02  0.51377E-02  0.26144E-02
 0.16000E+01 -0.48873E-01 -0.55852E-01  0.86323E-02  0.10097E+00  0.15726E+00  0.16435E+00  0.14143E+00  0.10879E+00  0.78052E-01  0.53524E-01  0.35604E-01  0.23178E-01  0.14838E-01  0.93210E-02  0.55647E-02  0.28448E-02
 0.18000E+01 -0.32339E-01 -0.57591E-01 -0.98424E-02  0.79922E-01  0.14234E+00  0.15627E+00  0.13794E+00  0.10776E+00  0.78126E-01  0.54008E-01  0.36172E-01  0.23699E-01  0.15271E-01  0.96590E-02  0.58056E-02  0.29842E-02
 0.20000E+01 -0.20959E-01 -0.57359E-01 -0.21766E-01  0.63942E-01  0.12880E+00  0.14695E+00  0.13220E+00  0.10448E+00  0.76380E-01  0.53164E-01  0.35838E-01  0.23636E-01  0.15341E-01  0.97802E-02  0.59256E-02  0.30658E-02
 0.22000E+01 -0.13870E-01 -0.55982E-01 -0.28858E-01  0.51902E-01  0.11652E+00  0.13693E+00  0.12497E+00  0.99668E-01  0.73378E-01  0.51404E-01  0.34881E-01  0.23174E-01  0.15166E-01  0.97587E-02  0.59682E-02  0.31112E-02
 0.24000E+01 -0.99484E-02 -0.53962E-01 -0.32595E-01  0.42747E-01  0.10533E+00  0.12665E+00  0.11689E+00  0.93931E-01  0.69598E-01  0.49071E-01  0.33535E-01  0.22461E-01  0.14838E-01  0.96487E-02  0.59633E-02  0.31349E-02
 0.26000E+01 -0.85057E-02 -0.51466E-01 -0.33760E-01  0.35794E-01  0.94970E-01  0.11614E+00  0.10815E+00  0.87478E-01  0.65225E-01  0.46306E-01  0.31900E-01  0.21568E-01  0.14404E-01  0.94813E-02  0.59303E-02  0.31468E-02
 0.28000E+01 -0.93329E-02 -0.48655E-01 -0.32776E-01  0.30668E-01  0.85241E-01  0.10539E+00  0.98785E-01  0.80379E-01  0.60326E-01  0.43167E-01  0.30023E-01  0.20530E-01  0.13890E-01  0.92749E-02  0.58817E-02  0.31542E-02
 0.30000E+01 -0.92120E-02 -0.45833E-01 -0.32435E-01  0.25024E-01  0.75404E-01  0.94800E-01  0.89684E-01  0.73519E-01  0.55600E-01  0.40130E-01  0.28192E-01  0.19500E-01  0.13364E-01  0.90458E-02  0.58100E-02  0.31456E-02
