 0.00000E+00  0.68958E+00  0.32267E+00 -0.55106E-01 -0.13922E+00 -0.67040E-01 -0.26263E-02  0.21413E-01  0.23079E-01  0.17717E-01  0.11823E-01  0.72525E-02  0.41574E-02  0.22186E-02  0.10765E-02  0.45369E-03  0.15550E-03
 0.20000E+00  0.43323E+00  0.47154E+00  0.31607E+00  0.12033E+00  0.25026E-02 -0.37790E-01 -0.39956E-01 -0.30694E-01 -0.20809E-01 -0.13206E-01 -0.80255E-02 -0.47105E-02 -0.26729E-02 -0.14571E-02 -0.74482E-03 -0.33143E-03
 0.40000E+00 -0.86946E-01  0.24977E+00  0.41734E+00  0.31114E+00  0.13794E+00  0.31281E-01 -0.95074E-02 -0.17989E-01 -0.15498E-01 -0.10840E-01 -0.68069E-02 -0.39468E-02 -0.21115E-02 -0.10169E-02 -0.41948E-03 -0.13829E-03
 0.60000E+00 -0.13092E+00  0.10035E+00  0.28404E+00  0.28955E+00  0.20291E+00  0.12007E+00  0.66888E-01  0.36861E-01  0.20431E-01  0.11426E-01  0.64415E-02  0.36553E-02  0.20838E-02  0.11854E-02  0.65070E-03  0.31164E-03
 0.80000E+00 -0.71694E-01  0.16630E-01  0.14976E+00  0.22688E+00  0.22133E+00  0.17239E+00  0.11862E+00  0.76102E-01  0.46790E-01  0.27921E-01  0.16246E-01  0.92181E-02  0.50797E-02  0.26901E-02  0.13318E-02  0.57279E-03
 0.10000E+01 -0.18603E-01 -0.25780E-01  0.61549E-01  0.17297E+00  0.21606E+00  0.19135E+00  0.14133E+00  0.94397E-01  0.59398E-01  0.35892E-01  0.20984E-01  0.11880E-01  0.64818E-02  0.33643E-02  0.16136E-02  0.66826E-03
 0.12000E+01  0.13599E-01 -0.45800E-01  0.10441E-01  0.13350E+00  0.20054E+00  0.19056E+00  0.14555E+00  0.98969E-01  0.62907E-01  0.38229E-01  0.22413E-01  0.12693E-01  0.69097E-02  0.35666E-02  0.16946E-02  0.69361E-03
 0.14000E+01  0.29749E-01 -0.53884E-01 -0.17201E-01  0.10504E+00  0.18087E+00  0.17922E+00  0.13946E+00  0.95766E-01  0.61246E-01  0.37387E-01  0.22003E-01  0.12509E-01  0.68395E-02  0.35514E-02  0.17016E-02  0.70372E-03
 0.16000E+01  0.35504E-01 -0.55517E-01 -0.30645E-01  0.84163E-01  0.15999E+00  0.16264E+00  0.12795E+00  0.88421E-01  0.56824E-01  0.34857E-01  0.20632E-01  0.11819E-01  0.65324E-02  0.34469E-02  0.16904E-02  0.71877E-03
 0.18000E+01  0.34673E-01 -0.53475E-01 -0.35293E-01  0.68497E-01  0.13910E+00  0.14351E+00  0.11361E+00  0.78856E-01  0.50916E-01  0.31425E-01  0.18760E-01  0.10876E-01  0.61172E-02  0.33121E-02  0.16834E-02  0.74512E-03
 0.20000E+01  0.29564E-01 -0.49212E-01 -0.34238E-01  0.56533E-01  0.11868E+00  0.12317E+00  0.97770E-01  0.68083E-01  0.44195E-01  0.27506E-01  0.16623E-01  0.98094E-02  0.56576E-02  0.31742E-02  0.16894E-02  0.78420E-03
 0.22000E+01  0.21970E-01 -0.43828E-01 -0.29784E-01  0.47262E-01  0.99317E-01  0.10284E+00  0.81596E-01  0.56973E-01  0.37233E-01  0.23442E-01  0.14414E-01  0.87148E-02  0.51959E-02  0.30462E-02  0.17082E-02  0.83263E-03
 0.24000E+01  0.12842E-01 -0.37832E-01 -0.23154E-01  0.39997E-01  0.81063E-01  0.82943E-01  0.65533E-01  0.45867E-01  0.30257E-01  0.19372E-01  0.12211E-01  0.76333E-02  0.47503E-02  0.29344E-02  0.17403E-02  0.88944E-03
 0.26000E+01  0.27703E-02 -0.31520E-01 -0.15129E-01  0.34213E-01  0.63829E-01  0.63616E-01  0.49766E-01  0.34918E-01  0.23371E-01  0.15360E-01  0.10047E-01  0.65815E-02  0.43275E-02  0.28399E-02  0.17847E-02  0.95331E-03
 0.28000E+01 -0.80177E-02 -0.24971E-01 -0.60322E-02  0.29582E-01  0.47397E-01  0.44743E-01  0.34238E-01  0.24099E-01  0.16562E-01  0.11399E-01  0.79215E-02  0.55588E-02  0.39275E-02  0.27629E-02  0.18416E-02  0.10245E-02
 0.30000E+01 -0.15901E-01 -0.19978E-01 -0.17996E-03  0.23990E-01  0.32599E-01  0.28467E-01  0.21062E-01  0.14988E-01  0.10850E-01  0.80810E-02  0.61386E-02  0.46972E-02  0.35856E-02  0.26913E-02  0.18832E-02  0.10803E-02
