 0.00000E+00  0.76609E+00  0.30727E+00 -0.86601E-01 -0.13984E+00 -0.58583E-01 -0.15573E-02  0.16355E-01  0.16136E-01  0.11087E-01  0.62152E-02  0.27646E-02  0.67828E-03 -0.41741E-03 -0.86726E-03 -0.88088E-03 -0.59974E-03
 0.20000E+00  0.33405E+00  0.47659E+00  0.36677E+00  0.14646E+00  0.20079E-02 -0.46749E-01 -0.48000E-01 -0.35582E-01 -0.22870E-01 -0.13368E-01 -0.71400E-02 -0.33821E-02 -0.12712E-02 -0.19210E-03  0.23919E-03  0.26576E-03
 0.40000E+00 -0.74320E-01  0.25177E+00  0.39106E+00  0.28559E+00  0.13868E+00  0.51104E-01  0.14073E-01  0.15929E-02 -0.13902E-02 -0.13172E-02 -0.58357E-03  0.52315E-04  0.43342E-03  0.58360E-03  0.54279E-03  0.35827E-03
 0.60000E+00 -0.85763E-01  0.10745E+00  0.25931E+00  0.26835E+00  0.20006E+00  0.12827E+00  0.76696E-01  0.44108E-01  0.24615E-01  0.13315E-01  0.69226E-02  0.33956E-02  0.15079E-02  0.54325E-03  0.10247E-03 -0.35941E-04
 0.80000E+00 -0.54913E-01  0.26050E-01  0.15623E+00  0.22911E+00  0.21617E+00  0.16241E+00  0.10760E+00  0.66007E-01  0.38232E-01  0.20963E-01  0.10750E-01  0.49764E-02  0.18722E-02  0.32880E-03 -0.28652E-03 -0.34140E-03
 0.10000E+01 -0.29873E-01 -0.18115E-01  0.88421E-01  0.19016E+00  0.20873E+00  0.16912E+00  0.11672E+00  0.73258E-01  0.42948E-01  0.23633E-01  0.12046E-01  0.54463E-02  0.18963E-02  0.14948E-03 -0.50967E-03 -0.50317E-03
 0.12000E+01 -0.15613E-01 -0.40515E-01  0.46231E-01  0.15572E+00  0.18944E+00  0.16017E+00  0.11291E+00  0.71692E-01  0.42291E-01  0.23326E-01  0.11868E-01  0.53175E-02  0.17903E-02  0.60841E-04 -0.57741E-03 -0.54412E-03
 0.14000E+01 -0.10112E-01 -0.50046E-01  0.21164E-01  0.12606E+00  0.16448E+00  0.14264E+00  0.10177E+00  0.65051E-01  0.38539E-01  0.21323E-01  0.10878E-01  0.48880E-02  0.16551E-02  0.66377E-04 -0.52237E-03 -0.49500E-03
 0.16000E+01 -0.10776E-01 -0.51740E-01  0.74770E-02  0.10053E+00  0.13706E+00  0.12050E+00  0.86524E-01  0.55538E-01  0.33034E-01  0.18372E-01  0.94517E-02  0.43195E-02  0.15357E-02  0.15463E-03 -0.37452E-03 -0.38056E-03
 0.18000E+01 -0.15740E-01 -0.48694E-01  0.13958E-02  0.78522E-01  0.10900E+00  0.96163E-01  0.69153E-01  0.44496E-01  0.26595E-01  0.14927E-01  0.78139E-02  0.37020E-02  0.14508E-02  0.31093E-03 -0.15820E-03 -0.21960E-03
 0.20000E+01 -0.23465E-01 -0.42708E-01  0.41544E-03  0.59369E-01  0.81231E-01  0.70977E-01  0.50811E-01  0.32723E-01  0.19707E-01  0.11254E-01  0.60916E-02  0.30829E-02  0.14050E-02  0.52057E-03  0.10740E-03 -0.26201E-04
 0.22000E+01 -0.32950E-01 -0.34923E-01  0.29183E-02  0.42637E-01  0.54333E-01  0.45812E-01  0.32236E-01  0.20728E-01  0.12679E-01  0.75192E-02  0.43628E-02  0.24881E-02  0.13973E-02  0.77064E-03  0.40726E-03  0.18895E-03
 0.24000E+01 -0.43451E-01 -0.26215E-01  0.76692E-02  0.27987E-01  0.28745E-01  0.21334E-01  0.13998E-01  0.89019E-02  0.57480E-02  0.38492E-02  0.26835E-02  0.19340E-02  0.14235E-02  0.10482E-02  0.72758E-03  0.41629E-03
 0.26000E+01 -0.54497E-01 -0.17084E-01  0.13852E-01  0.15035E-01  0.45305E-02 -0.22271E-02 -0.36784E-02 -0.25916E-02 -0.98812E-03  0.29522E-03  0.10749E-02  0.14243E-02  0.14785E-02  0.13449E-02  0.10602E-02  0.65035E-03
 0.28000E+01 -0.66001E-01 -0.77313E-02  0.21084E-01  0.34368E-02 -0.18534E-01 -0.24994E-01 -0.20858E-01 -0.13787E-01 -0.75468E-02 -0.31521E-02 -0.46821E-03  0.95605E-03  0.15605E-02  0.16597E-02  0.14045E-02  0.89076E-03
 0.30000E+01 -0.75142E-01 -0.74710E-03  0.25452E-01 -0.77968E-02 -0.38830E-01 -0.44603E-01 -0.35530E-01 -0.23308E-01 -0.13112E-01 -0.60740E-02 -0.17761E-02  0.55803E-03  0.16281E-02  0.19241E-02  0.16943E-02  0.10933E-02
