 0.00000E+00  0.83856E+00  0.33271E+00 -0.41213E-01 -0.18917E+00 -0.15901E+00 -0.60113E-01  0.23358E-01  0.62500E-01  0.66060E-01  0.52910E-01  0.36740E-01  0.23526E-01  0.14374E-01  0.85054E-02  0.48682E-02  0.26588E-02
 0.20000E+00  0.23675E+00  0.36317E+00  0.36202E+00  0.25288E+00  0.10719E+00 -0.83575E-02 -0.66885E-01 -0.77649E-01 -0.63551E-01 -0.43385E-01 -0.26470E-01 -0.15049E-01 -0.81958E-02 -0.43415E-02 -0.22415E-02 -0.11168E-02
 0.40000E+00  0.49080E-02  0.23962E+00  0.34782E+00  0.31289E+00  0.19444E+00  0.70086E-01 -0.13465E-01 -0.49450E-01 -0.53259E-01 -0.42929E-01 -0.30053E-01 -0.19464E-01 -0.12053E-01 -0.72314E-02 -0.41923E-02 -0.23148E-02
 0.60000E+00 -0.70088E-01  0.13938E+00  0.27109E+00  0.29196E+00  0.22940E+00  0.13726E+00  0.58152E-01  0.87615E-02 -0.13820E-01 -0.19674E-01 -0.17809E-01 -0.13631E-01 -0.95445E-02 -0.62882E-02 -0.39134E-02 -0.22782E-02
 0.80000E+00 -0.64589E-01  0.35932E-01  0.13836E+00  0.20655E+00  0.22332E+00  0.19590E+00  0.14581E+00  0.94297E-01  0.53712E-01  0.27076E-01  0.11945E-01  0.43655E-02  0.10236E-02 -0.21106E-03 -0.50796E-03 -0.44758E-03
 0.10000E+01 -0.19951E-01 -0.19292E-01  0.33481E-01  0.11289E+00  0.17848E+00  0.20388E+00  0.18868E+00  0.14974E+00  0.10592E+00  0.68929E-01  0.42419E-01  0.25253E-01  0.14760E-01  0.85018E-02  0.47859E-02  0.25864E-02
 0.12000E+01  0.92579E-02 -0.35289E-01 -0.15859E-01  0.53888E-01  0.13193E+00  0.18088E+00  0.18841E+00  0.16450E+00  0.12699E+00  0.89962E-01  0.60182E-01  0.38823E-01  0.24434E-01  0.15014E-01  0.89170E-02  0.50284E-02
 0.14000E+01  0.21450E-01 -0.36466E-01 -0.34034E-01  0.23125E-01  0.98457E-01  0.15421E+00  0.17330E+00  0.16038E+00  0.13028E+00  0.96704E-01  0.67506E-01  0.45221E-01  0.29384E-01  0.18527E-01  0.11226E-01  0.64266E-02
 0.16000E+01  0.25598E-01 -0.33993E-01 -0.39850E-01  0.72314E-02  0.76487E-01  0.13270E+00  0.15722E+00  0.15132E+00  0.12706E+00  0.97105E-01  0.69541E-01  0.47606E-01  0.31487E-01  0.20131E-01  0.12327E-01  0.71119E-02
 0.18000E+01  0.26598E-01 -0.31140E-01 -0.41197E-01 -0.14754E-02  0.61922E-01  0.11661E+00  0.14365E+00  0.14218E+00  0.12216E+00  0.95221E-01  0.69346E-01  0.48139E-01  0.32197E-01  0.20763E-01  0.12796E-01  0.74177E-02
 0.20000E+01  0.26406E-01 -0.28629E-01 -0.40941E-01 -0.66196E-02  0.51812E-01  0.10449E+00  0.13268E+00  0.13410E+00  0.11719E+00  0.92653E-01  0.68282E-01  0.47862E-01  0.32258E-01  0.20926E-01  0.12953E-01  0.75326E-02
 0.22000E+01  0.25770E-01 -0.26525E-01 -0.40106E-01 -0.98733E-02  0.44433E-01  0.95094E-01  0.12374E+00  0.12716E+00  0.11259E+00  0.89983E-01  0.66909E-01  0.47239E-01  0.32020E-01  0.20861E-01  0.12955E-01  0.75510E-02
 0.24000E+01  0.24981E-01 -0.24760E-01 -0.39078E-01 -0.12054E-01  0.38788E-01  0.87551E-01  0.11630E+00  0.12115E+00  0.10842E+00  0.87403E-01  0.65451E-01  0.46472E-01  0.31639E-01  0.20682E-01  0.12876E-01  0.75186E-02
 0.26000E+01  0.24150E-01 -0.23252E-01 -0.37999E-01 -0.13587E-01  0.34285E-01  0.81291E-01  0.10994E+00  0.11588E+00  0.10463E+00  0.84958E-01  0.63992E-01  0.45648E-01  0.31190E-01  0.20445E-01  0.12754E-01  0.74583E-02
 0.28000E+01  0.23316E-01 -0.21937E-01 -0.36922E-01 -0.14703E-01  0.30563E-01  0.75937E-01  0.10438E+00  0.11115E+00  0.10115E+00  0.82642E-01  0.62560E-01  0.44803E-01  0.30708E-01  0.20175E-01  0.12607E-01  0.73819E-02
 0.30000E+01  0.22299E-01 -0.20457E-01 -0.35556E-01 -0.15673E-01  0.26689E-01  0.70139E-01  0.98195E-01  0.10577E+00  0.97086E-01  0.79866E-01  0.60788E-01  0.43722E-01  0.30066E-01  0.19804E-01  0.12398E-01  0.72692E-02
 0.00000E+00  0.83856E+00  0.33271E+00 -0.41213E-01 -0.18917E+00 -0.15901E+00 -0.60113E-01  0.23358E-01  0.62500E-01  0.66060E-01  0.52910E-01  0.36740E-01  0.23526E-01  0.14374E-01  0.85054E-02  0.48682E-02  0.26588E-02
 0.20000E+00  0.23675E+00  0.36317E+00  0.36202E+00  0.25288E+00  0.10719E+00 -0.83575E-02 -0.66885E-01 -0.77649E-01 -0.63551E-01 -0.43385E-01 -0.26470E-01 -0.15049E-01 -0.81958E-02 -0.43415E-02 -0.22415E-02 -0.11168E-02
 0.40000E+00  0.49080E-02  0.23962E+00  0.34782E+00  0.31289E+00  0.19444E+00  0.70086E-01 -0.13465E-01 -0.49450E-01 -0.53259E-01 -0.42929E-01 -0.30053E-01 -0.19464E-01 -0.12053E-01 -0.72314E-02 -0.41923E-02 -0.23148E-02
 0.60000E+00 -0.70088E-01  0.13938E+00  0.27109E+00  0.29196E+00  0.22940E+00  0.13726E+00  0.58152E-01  0.87615E-02 -0.13820E-01 -0.19674E-01 -0.17809E-01 -0.13631E-01 -0.95445E-02 -0.62882E-02 -0.39134E-02 -0.22782E-02
 0.80000E+00 -0.64589E-01  0.35932E-01  0.13836E+00  0.20655E+00  0.22332E+00  0.19590E+00  0.14581E+00  0.94297E-01  0.53712E-01  0.27076E-01  0.11945E-01  0.43655E-02  0.10236E-02 -0.21106E-03 -0.50796E-03 -0.44758E-03
 0.10000E+01 -0.19951E-01 -0.19292E-01  0.33481E-01  0.11289E+00  0.17848E+00  0.20388E+00  0.18868E+00  0.14974E+00  0.10592E+00  0.68929E-01  0.42419E-01  0.25253E-01  0.14760E-01  0.85018E-02  0.47859E-02  0.25864E-02
 0.12000E+01  0.92579E-02 -0.35289E-01 -0.15859E-01  0.53888E-01  0.13193E+00  0.18088E+00  0.18841E+00  0.16450E+00  0.12699E+00  0.89962E-01  0.60182E-01  0.38823E-01  0.24434E-01  0.15014E-01  0.89170E-02  0.50284E-02
 0.14000E+01  0.21450E-01 -0.36466E-01 -0.34034E-01  0.23125E-01  0.98457E-01  0.15421E+00  0.17330E+00  0.16038E+00  0.13028E+00  0.96704E-01  0.67506E-01  0.45221E-01  0.29384E-01  0.18527E-01  0.11226E-01  0.64266E-02
 0.16000E+01  0.25598E-01 -0.33993E-01 -0.39850E-01  0.72314E-02  0.76487E-01  0.13270E+00  0.15722E+00  0.15132E+00  0.12706E+00  0.97105E-01  0.69541E-01  0.47606E-01  0.31487E-01  0.20131E-01  0.12327E-01  0.71119E-02
 0.18000E+01  0.26598E-01 -0.31140E-01 -0.41197E-01 -0.14754E-02  0.61922E-01  0.11661E+00  0.14365E+00  0.14218E+00  0.12216E+00  0.95221E-01  0.69346E-01  0.48139E-01  0.32197E-01  0.20763E-01  0.12796E-01  0.74177E-02
 0.20000E+01  0.26406E-01 -0.28629E-01 -0.40941E-01 -0.66196E-02  0.51812E-01  0.10449E+00  0.13268E+00  0.13410E+00  0.11719E+00  0.92653E-01  0.68282E-01  0.47862E-01  0.32258E-01  0.20926E-01  0.12953E-01  0.75326E-02
 0.22000E+01  0.25770E-01 -0.26525E-01 -0.40106E-01 -0.98733E-02  0.44433E-01  0.95094E-01  0.12374E+00  0.12716E+00  0.11259E+00  0.89983E-01  0.66909E-01  0.47239E-01  0.32020E-01  0.20861E-01  0.12955E-01  0.75510E-02
 0.24000E+01  0.24981E-01 -0.24760E-01 -0.39078E-01 -0.12054E-01  0.38788E-01  0.87551E-01  0.11630E+00  0.12115E+00  0.10842E+00  0.87403E-01  0.65451E-01  0.46472E-01  0.31639E-01  0.20682E-01  0.12876E-01  0.75186E-02
 0.26000E+01  0.24150E-01 -0.23252E-01 -0.37999E-01 -0.13587E-01  0.34285E-01  0.81291E-01  0.10994E+00  0.11588E+00  0.10463E+00  0.84958E-01  0.63992E-01  0.45648E-01  0.31190E-01  0.20445E-01  0.12754E-01  0.74583E-02
 0.28000E+01  0.23316E-01 -0.21937E-01 -0.36922E-01 -0.14703E-01  0.30563E-01  0.75937E-01  0.10438E+00  0.11115E+00  0.10115E+00  0.82642E-01  0.62560E-01  0.44803E-01  0.30708E-01  0.20175E-01  0.12607E-01  0.73819E-02
 0.30000E+01  0.22299E-01 -0.20457E-01 -0.35556E-01 -0.15673E-01  0.26689E-01  0.70139E-01  0.98195E-01  0.10577E+00  0.97086E-01  0.79866E-01  0.60788E-01  0.43722E-01  0.30066E-01  0.19804E-01  0.12398E-01  0.72692E-02
