 0.00000E+00  0.71370E+00  0.34922E+00  0.39451E-01 -0.12607E+00 -0.15314E+00 -0.10434E+00 -0.41829E-01  0.20604E-02  0.22316E-01  0.26393E-01  0.22878E-01  0.17268E-01  0.12040E-01  0.79260E-02  0.49329E-02  0.28719E-02
 0.20000E+00  0.36207E+00  0.36940E+00  0.30858E+00  0.20541E+00  0.99063E-01  0.19026E-01 -0.25482E-01 -0.41029E-01 -0.39710E-01 -0.31689E-01 -0.22828E-01 -0.15486E-01 -0.10097E-01 -0.63593E-02 -0.38416E-02 -0.21913E-02
 0.40000E+00  0.39438E-01  0.21183E+00  0.30142E+00  0.28877E+00  0.20792E+00  0.11132E+00  0.35939E-01 -0.71064E-02 -0.24007E-01 -0.25882E-01 -0.21558E-01 -0.15925E-01 -0.10968E-01 -0.71682E-02 -0.44421E-02 -0.25795E-02
 0.60000E+00 -0.64224E-01  0.11280E+00  0.23347E+00  0.26575E+00  0.22606E+00  0.15502E+00  0.87711E-01  0.40382E-01  0.13625E-01  0.12834E-02 -0.30894E-02 -0.38427E-02 -0.32760E-02 -0.24014E-02 -0.15950E-02 -0.96842E-03
 0.80000E+00 -0.75735E-01  0.44336E-01  0.14626E+00  0.19988E+00  0.20212E+00  0.17021E+00  0.12609E+00  0.85207E-01  0.54085E-01  0.33043E-01  0.19807E-01  0.11795E-01  0.70040E-02  0.41239E-02  0.23728E-02  0.13067E-02
 0.10000E+01 -0.51862E-01  0.65819E-02  0.76268E-01  0.13427E+00  0.16448E+00  0.16442E+00  0.14267E+00  0.11152E+00  0.80703E-01  0.55306E-01  0.36546E-01  0.23576E-01  0.14925E-01  0.92377E-02  0.55220E-02  0.31294E-02
 0.12000E+01 -0.28404E-01 -0.10950E-01  0.33485E-01  0.88545E-01  0.13215E+00  0.15052E+00  0.14358E+00  0.12052E+00  0.92121E-01  0.65851E-01  0.44951E-01  0.29732E-01  0.19183E-01  0.12045E-01  0.72774E-02  0.41569E-02
 0.14000E+01 -0.13039E-01 -0.18548E-01  0.98159E-02  0.60274E-01  0.10881E+00  0.13629E+00  0.13785E+00  0.12043E+00  0.94750E-01  0.69213E-01  0.48034E-01  0.32178E-01  0.20966E-01  0.13263E-01  0.80585E-02  0.46222E-02
 0.16000E+01 -0.38215E-02 -0.21766E-01 -0.32864E-02  0.42854E-01  0.92485E-01  0.12416E+00  0.13048E+00  0.11685E+00  0.93565E-01  0.69249E-01  0.48547E-01  0.32779E-01  0.21489E-01  0.13658E-01  0.83284E-02  0.47898E-02
 0.18000E+01  0.17393E-02 -0.23073E-01 -0.10865E-01  0.31631E-01  0.80762E-01  0.11423E+00  0.12331E+00  0.11229E+00  0.90976E-01  0.67930E-01  0.47951E-01  0.32552E-01  0.21431E-01  0.13667E-01  0.83548E-02  0.48141E-02
 0.20000E+01  0.52130E-02 -0.23509E-01 -0.15479E-01  0.23991E-01  0.72000E-01  0.10610E+00  0.11681E+00  0.10768E+00  0.87983E-01  0.66118E-01  0.46907E-01  0.31972E-01  0.21116E-01  0.13499E-01  0.82683E-02  0.47711E-02
 0.22000E+01  0.74617E-02 -0.23523E-01 -0.18413E-01  0.18521E-01  0.65186E-01  0.99306E-01  0.11103E+00  0.10331E+00  0.84965E-01  0.64167E-01  0.45701E-01  0.31247E-01  0.20690E-01  0.13252E-01  0.81293E-02  0.46963E-02
 0.24000E+01  0.89637E-02 -0.23326E-01 -0.20346E-01  0.14423E-01  0.59690E-01  0.93520E-01  0.10587E+00  0.99253E-01  0.82059E-01  0.62219E-01  0.44455E-01  0.30473E-01  0.20218E-01  0.12971E-01  0.79668E-02  0.46067E-02
 0.26000E+01  0.99911E-02 -0.23017E-01 -0.21652E-01  0.11231E-01  0.55112E-01  0.88478E-01  0.10123E+00  0.95491E-01  0.79295E-01  0.60325E-01  0.43216E-01  0.29688E-01  0.19732E-01  0.12677E-01  0.77940E-02  0.45104E-02
 0.28000E+01  0.10698E-01 -0.22647E-01 -0.22542E-01  0.86673E-02  0.51194E-01  0.83996E-01  0.96981E-01  0.91982E-01  0.76669E-01  0.58497E-01  0.42004E-01  0.28909E-01  0.19243E-01  0.12378E-01  0.76173E-02  0.44113E-02
 0.30000E+01  0.11277E-01 -0.22096E-01 -0.23206E-01  0.61165E-02  0.46970E-01  0.78954E-01  0.92068E-01  0.87832E-01  0.73510E-01  0.56262E-01  0.40502E-01  0.27934E-01  0.18625E-01  0.11996E-01  0.73900E-02  0.42829E-02
 0.00000E+00  0.71370E+00  0.34922E+00  0.39451E-01 -0.12607E+00 -0.15314E+00 -0.10434E+00 -0.41829E-01  0.20604E-02  0.22316E-01  0.26393E-01  0.22878E-01  0.17268E-01  0.12040E-01  0.79260E-02  0.49329E-02  0.28719E-02
 0.20000E+00  0.36207E+00  0.36940E+00  0.30858E+00  0.20541E+00  0.99063E-01  0.19026E-01 -0.25482E-01 -0.41029E-01 -0.39710E-01 -0.31689E-01 -0.22828E-01 -0.15486E-01 -0.10097E-01 -0.63593E-02 -0.38416E-02 -0.21913E-02
 0.40000E+00  0.39438E-01  0.21183E+00  0.30142E+00  0.28877E+00  0.20792E+00  0.11132E+00  0.35939E-01 -0.71064E-02 -0.24007E-01 -0.25882E-01 -0.21558E-01 -0.15925E-01 -0.10968E-01 -0.71682E-02 -0.44421E-02 -0.25795E-02
 0.60000E+00 -0.64224E-01  0.11280E+00  0.23347E+00  0.26575E+00  0.22606E+00  0.15502E+00  0.87711E-01  0.40382E-01  0.13625E-01  0.12834E-02 -0.30894E-02 -0.38427E-02 -0.32760E-02 -0.24014E-02 -0.15950E-02 -0.96842E-03
 0.80000E+00 -0.75735E-01  0.44336E-01  0.14626E+00  0.19988E+00  0.20212E+00  0.17021E+00  0.12609E+00  0.85207E-01  0.54085E-01  0.33043E-01  0.19807E-01  0.11795E-01  0.70040E-02  0.41239E-02  0.23728E-02  0.13067E-02
 0.10000E+01 -0.51862E-01  0.65819E-02  0.76268E-01  0.13427E+00  0.16448E+00  0.16442E+00  0.14267E+00  0.11152E+00  0.80703E-01  0.55306E-01  0.36546E-01  0.23576E-01  0.14925E-01  0.92377E-02  0.55220E-02  0.31294E-02
 0.12000E+01 -0.28404E-01 -0.10950E-01  0.33485E-01  0.88545E-01  0.13215E+00  0.15052E+00  0.14358E+00  0.12052E+00  0.92121E-01  0.65851E-01  0.44951E-01  0.29732E-01  0.19183E-01  0.12045E-01  0.72774E-02  0.41569E-02
 0.14000E+01 -0.13039E-01 -0.18548E-01  0.98159E-02  0.60274E-01  0.10881E+00  0.13629E+00  0.13785E+00  0.12043E+00  0.94750E-01  0.69213E-01  0.48034E-01  0.32178E-01  0.20966E-01  0.13263E-01  0.80585E-02  0.46222E-02
 0.16000E+01 -0.38215E-02 -0.21766E-01 -0.32864E-02  0.42854E-01  0.92485E-01  0.12416E+00  0.13048E+00  0.11685E+00  0.93565E-01  0.69249E-01  0.48547E-01  0.32779E-01  0.21489E-01  0.13658E-01  0.83284E-02  0.47898E-02
 0.18000E+01  0.17393E-02 -0.23073E-01 -0.10865E-01  0.31631E-01  0.80762E-01  0.11423E+00  0.12331E+00  0.11229E+00  0.90976E-01  0.67930E-01  0.47951E-01  0.32552E-01  0.21431E-01  0.13667E-01  0.83548E-02  0.48141E-02
 0.20000E+01  0.52130E-02 -0.23509E-01 -0.15479E-01  0.23991E-01  0.72000E-01  0.10610E+00  0.11681E+00  0.10768E+00  0.87983E-01  0.66118E-01  0.46907E-01  0.31972E-01  0.21116E-01  0.13499E-01  0.82683E-02  0.47711E-02
 0.22000E+01  0.74617E-02 -0.23523E-01 -0.18413E-01  0.18521E-01  0.65186E-01  0.99306E-01  0.11103E+00  0.10331E+00  0.84965E-01  0.64167E-01  0.45701E-01  0.31247E-01  0.20690E-01  0.13252E-01  0.81293E-02  0.46963E-02
 0.24000E+01  0.89637E-02 -0.23326E-01 -0.20346E-01  0.14423E-01  0.59690E-01  0.93520E-01  0.10587E+00  0.99253E-01  0.82059E-01  0.62219E-01  0.44455E-01  0.30473E-01  0.20218E-01  0.12971E-01  0.79668E-02  0.46067E-02
 0.26000E+01  0.99911E-02 -0.23017E-01 -0.21652E-01  0.11231E-01  0.55112E-01  0.88478E-01  0.10123E+00  0.95491E-01  0.79295E-01  0.60325E-01  0.43216E-01  0.29688E-01  0.19732E-01  0.12677E-01  0.77940E-02  0.45104E-02
 0.28000E+01  0.10698E-01 -0.22647E-01 -0.22542E-01  0.86673E-02  0.51194E-01  0.83996E-01  0.96981E-01  0.91982E-01  0.76669E-01  0.58497E-01  0.42004E-01  0.28909E-01  0.19243E-01  0.12378E-01  0.76173E-02  0.44113E-02
 0.30000E+01  0.11277E-01 -0.22096E-01 -0.23206E-01  0.61165E-02  0.46970E-01  0.78954E-01  0.92068E-01  0.87832E-01  0.73510E-01  0.56262E-01  0.40502E-01  0.27934E-01  0.18625E-01  0.11996E-01  0.73900E-02  0.42829E-02
