 0.00000E+00  0.71232E+00  0.33635E+00  0.25115E-01 -0.13408E+00 -0.15321E+00 -0.99326E-01 -0.35130E-01  0.87011E-02  0.28586E-01  0.32382E-01  0.28497E-01  0.22250E-01  0.16136E-01  0.11026E-01  0.70828E-02  0.42271E-02
 0.20000E+00  0.39841E+00  0.40343E+00  0.33128E+00  0.21340E+00  0.95027E-01  0.83124E-02 -0.38291E-01 -0.53410E-01 -0.50706E-01 -0.41037E-01 -0.30475E-01 -0.21471E-01 -0.14549E-01 -0.94859E-02 -0.58948E-02 -0.34364E-02
 0.40000E+00 -0.75569E-02  0.19892E+00  0.31191E+00  0.30752E+00  0.22421E+00  0.12135E+00  0.40219E-01 -0.69005E-02 -0.26401E-01 -0.29737E-01 -0.25946E-01 -0.20134E-01 -0.14545E-01 -0.99159E-02 -0.63608E-02 -0.37932E-02
 0.60000E+00 -0.71213E-01  0.91171E-01  0.20596E+00  0.24289E+00  0.21466E+00  0.15593E+00  0.97305E-01  0.53599E-01  0.26454E-01  0.11645E-01  0.43378E-02  0.10574E-02 -0.23083E-03 -0.59641E-03 -0.57266E-03 -0.41952E-03
 0.80000E+00 -0.59225E-01  0.39878E-01  0.12728E+00  0.17683E+00  0.18374E+00  0.16049E+00  0.12460E+00  0.89252E-01  0.60658E-01  0.39929E-01  0.25803E-01  0.16475E-01  0.10389E-01  0.64209E-02  0.38350E-02  0.21713E-02
 0.10000E+01 -0.40893E-01  0.14410E-01  0.79296E-01  0.13209E+00  0.15831E+00  0.15666E+00  0.13580E+00  0.10706E+00  0.78914E-01  0.55563E-01  0.37935E-01  0.25327E-01  0.16557E-01  0.10533E-01  0.64356E-02  0.37076E-02
 0.12000E+01 -0.25867E-01 -0.13296E-04  0.48457E-01  0.10149E+00  0.13896E+00  0.15088E+00  0.14004E+00  0.11618E+00  0.88999E-01  0.64509E-01  0.45026E-01  0.30576E-01  0.20254E-01  0.13018E-01  0.80159E-02  0.46453E-02
 0.14000E+01 -0.13978E-01 -0.92173E-02  0.26783E-01  0.78899E-01  0.12348E+00  0.14466E+00  0.14099E+00  0.12096E+00  0.94878E-01  0.69964E-01  0.49461E-01  0.33914E-01  0.22633E-01  0.14631E-01  0.90484E-02  0.52609E-02
 0.16000E+01 -0.45054E-02 -0.15476E-01  0.10715E-01  0.61377E-01  0.11060E+00  0.13835E+00  0.14008E+00  0.12315E+00  0.98224E-01  0.73296E-01  0.52271E-01  0.36078E-01  0.24200E-01  0.15704E-01  0.97415E-02  0.56766E-02
 0.18000E+01  0.30212E-02 -0.19818E-01 -0.14423E-02  0.47492E-01  0.99676E-01  0.13214E+00  0.13797E+00  0.12361E+00  0.99839E-01  0.75163E-01  0.53951E-01  0.37421E-01  0.25196E-01  0.16398E-01  0.10195E-01  0.59507E-02
 0.20000E+01  0.89362E-02 -0.22817E-01 -0.10673E-01  0.36412E-01  0.90346E-01  0.12612E+00  0.13508E+00  0.12285E+00  0.10021E+00  0.75963E-01  0.54801E-01  0.38156E-01  0.25767E-01  0.16809E-01  0.10468E-01  0.61183E-02
 0.22000E+01  0.13515E-01 -0.24846E-01 -0.17650E-01  0.27564E-01  0.82362E-01  0.12039E+00  0.13170E+00  0.12125E+00  0.99682E-01  0.75979E-01  0.55033E-01  0.38436E-01  0.26017E-01  0.17003E-01  0.10604E-01  0.62046E-02
 0.24000E+01  0.17024E-01 -0.26179E-01 -0.22912E-01  0.20464E-01  0.75492E-01  0.11498E+00  0.12805E+00  0.11907E+00  0.98526E-01  0.75434E-01  0.54819E-01  0.38382E-01  0.26032E-01  0.17039E-01  0.10639E-01  0.62303E-02
 0.26000E+01  0.19689E-01 -0.27009E-01 -0.26869E-01  0.14731E-01  0.69533E-01  0.10989E+00  0.12425E+00  0.11652E+00  0.96930E-01  0.74488E-01  0.54279E-01  0.38084E-01  0.25872E-01  0.16955E-01  0.10597E-01  0.62105E-02
 0.28000E+01  0.21675E-01 -0.27459E-01 -0.29804E-01  0.10087E-01  0.64323E-01  0.10509E+00  0.12039E+00  0.11370E+00  0.95007E-01  0.73237E-01  0.53491E-01  0.37597E-01  0.25576E-01  0.16780E-01  0.10496E-01  0.61552E-02
 0.30000E+01  0.23447E-01 -0.27591E-01 -0.32336E-01  0.55121E-02  0.58685E-01  0.99467E-01  0.11554E+00  0.10993E+00  0.92293E-01  0.71377E-01  0.52258E-01  0.36799E-01  0.25070E-01  0.16466E-01  0.10309E-01  0.60497E-02
 0.00000E+00  0.71232E+00  0.33635E+00  0.25115E-01 -0.13408E+00 -0.15321E+00 -0.99326E-01 -0.35130E-01  0.87011E-02  0.28586E-01  0.32382E-01  0.28497E-01  0.22250E-01  0.16136E-01  0.11026E-01  0.70828E-02  0.42271E-02
 0.20000E+00  0.39841E+00  0.40343E+00  0.33128E+00  0.21340E+00  0.95027E-01  0.83124E-02 -0.38291E-01 -0.53410E-01 -0.50706E-01 -0.41037E-01 -0.30475E-01 -0.21471E-01 -0.14549E-01 -0.94859E-02 -0.58948E-02 -0.34364E-02
 0.40000E+00 -0.75569E-02  0.19892E+00  0.31191E+00  0.30752E+00  0.22421E+00  0.12135E+00  0.40219E-01 -0.69005E-02 -0.26401E-01 -0.29737E-01 -0.25946E-01 -0.20134E-01 -0.14545E-01 -0.99159E-02 -0.63608E-02 -0.37932E-02
 0.60000E+00 -0.71213E-01  0.91171E-01  0.20596E+00  0.24289E+00  0.21466E+00  0.15593E+00  0.97305E-01  0.53599E-01  0.26454E-01  0.11645E-01  0.43378E-02  0.10574E-02 -0.23083E-03 -0.59641E-03 -0.57266E-03 -0.41952E-03
 0.80000E+00 -0.59225E-01  0.39878E-01  0.12728E+00  0.17683E+00  0.18374E+00  0.16049E+00  0.12460E+00  0.89252E-01  0.60658E-01  0.39929E-01  0.25803E-01  0.16475E-01  0.10389E-01  0.64209E-02  0.38350E-02  0.21713E-02
 0.10000E+01 -0.40893E-01  0.14410E-01  0.79296E-01  0.13209E+00  0.15831E+00  0.15666E+00  0.13580E+00  0.10706E+00  0.78914E-01  0.55563E-01  0.37935E-01  0.25327E-01  0.16557E-01  0.10533E-01  0.64356E-02  0.37076E-02
 0.12000E+01 -0.25867E-01 -0.13296E-04  0.48457E-01  0.10149E+00  0.13896E+00  0.15088E+00  0.14004E+00  0.11618E+00  0.88999E-01  0.64509E-01  0.45026E-01  0.30576E-01  0.20254E-01  0.13018E-01  0.80159E-02  0.46453E-02
 0.14000E+01 -0.13978E-01 -0.92173E-02  0.26783E-01  0.78899E-01  0.12348E+00  0.14466E+00  0.14099E+00  0.12096E+00  0.94878E-01  0.69964E-01  0.49461E-01  0.33914E-01  0.22633E-01  0.14631E-01  0.90484E-02  0.52609E-02
 0.16000E+01 -0.45054E-02 -0.15476E-01  0.10715E-01  0.61377E-01  0.11060E+00  0.13835E+00  0.14008E+00  0.12315E+00  0.98224E-01  0.73296E-01  0.52271E-01  0.36078E-01  0.24200E-01  0.15704E-01  0.97415E-02  0.56766E-02
 0.18000E+01  0.30212E-02 -0.19818E-01 -0.14423E-02  0.47492E-01  0.99676E-01  0.13214E+00  0.13797E+00  0.12361E+00  0.99839E-01  0.75163E-01  0.53951E-01  0.37421E-01  0.25196E-01  0.16398E-01  0.10195E-01  0.59507E-02
 0.20000E+01  0.89362E-02 -0.22817E-01 -0.10673E-01  0.36412E-01  0.90346E-01  0.12612E+00  0.13508E+00  0.12285E+00  0.10021E+00  0.75963E-01  0.54801E-01  0.38156E-01  0.25767E-01  0.16809E-01  0.10468E-01  0.61183E-02
 0.22000E+01  0.13515E-01 -0.24846E-01 -0.17650E-01  0.27564E-01  0.82362E-01  0.12039E+00  0.13170E+00  0.12125E+00  0.99682E-01  0.75979E-01  0.55033E-01  0.38436E-01  0.26017E-01  0.17003E-01  0.10604E-01  0.62046E-02
 0.24000E+01  0.17024E-01 -0.26179E-01 -0.22912E-01  0.20464E-01  0.75492E-01  0.11498E+00  0.12805E+00  0.11907E+00  0.98526E-01  0.75434E-01  0.54819E-01  0.38382E-01  0.26032E-01  0.17039E-01  0.10639E-01  0.62303E-02
 0.26000E+01  0.19689E-01 -0.27009E-01 -0.26869E-01  0.14731E-01  0.69533E-01  0.10989E+00  0.12425E+00  0.11652E+00  0.96930E-01  0.74488E-01  0.54279E-01  0.38084E-01  0.25872E-01  0.16955E-01  0.10597E-01  0.62105E-02
 0.28000E+01  0.21675E-01 -0.27459E-01 -0.29804E-01  0.10087E-01  0.64323E-01  0.10509E+00  0.12039E+00  0.11370E+00  0.95007E-01  0.73237E-01  0.53491E-01  0.37597E-01  0.25576E-01  0.16780E-01  0.10496E-01  0.61552E-02
 0.30000E+01  0.23447E-01 -0.27591E-01 -0.32336E-01  0.55121E-02  0.58685E-01  0.99467E-01  0.11554E+00  0.10993E+00  0.92293E-01  0.71377E-01  0.52258E-01  0.36799E-01  0.25070E-01  0.16466E-01  0.10309E-01  0.60497E-02
