 0.00000E+00  0.82372E+00  0.36646E+00  0.91462E-03 -0.17353E+00 -0.17916E+00 -0.10229E+00 -0.20374E-01  0.30645E-01  0.49136E-01  0.47442E-01  0.37661E-01  0.26919E-01  0.18038E-01  0.11515E-01  0.69988E-02  0.40026E-02
 0.20000E+00  0.23168E+00  0.33537E+00  0.34108E+00  0.25834E+00  0.13762E+00  0.31149E-01 -0.34473E-01 -0.59863E-01 -0.59262E-01 -0.47435E-01 -0.33824E-01 -0.22509E-01 -0.14334E-01 -0.88142E-02 -0.52118E-02 -0.29211E-02
 0.40000E+00  0.20169E-01  0.20555E+00  0.30150E+00  0.28853E+00  0.20392E+00  0.10359E+00  0.26318E-01 -0.16541E-01 -0.31850E-01 -0.31612E-01 -0.25327E-01 -0.18203E-01 -0.12254E-01 -0.78560E-02 -0.47927E-02 -0.27493E-02
 0.60000E+00 -0.38063E-01  0.13945E+00  0.25075E+00  0.26866E+00  0.21582E+00  0.13662E+00  0.66643E-01  0.20622E-01 -0.27541E-02 -0.11159E-01 -0.11948E-01 -0.98490E-02 -0.71933E-02 -0.48651E-02 -0.30790E-02 -0.18121E-02
 0.80000E+00 -0.61379E-01  0.65630E-01  0.16692E+00  0.21357E+00  0.20639E+00  0.16618E+00  0.11665E+00  0.73422E-01  0.42292E-01  0.22664E-01  0.11451E-01  0.55078E-02  0.25317E-02  0.11074E-02  0.45432E-03  0.17046E-03
 0.10000E+01 -0.43312E-01  0.47623E-02  0.71306E-01  0.13355E+00  0.17124E+00  0.17708E+00  0.15723E+00  0.12432E+00  0.89943E-01  0.60930E-01  0.39429E-01  0.24764E-01  0.15234E-01  0.91773E-02  0.53603E-02  0.29820E-02
 0.12000E+01 -0.14677E-01 -0.24992E-01  0.80943E-02  0.70288E-01  0.13144E+00  0.16700E+00  0.17013E+00  0.14897E+00  0.11691E+00  0.84770E-01  0.58151E-01  0.38402E-01  0.24649E-01  0.15377E-01  0.92343E-02  0.52479E-02
 0.14000E+01  0.41931E-02 -0.35512E-01 -0.23270E-01  0.33010E-01  0.10128E+00  0.15017E+00  0.16617E+00  0.15378E+00  0.12589E+00  0.94503E-01  0.66764E-01  0.45208E-01  0.29629E-01  0.18799E-01  0.11439E-01  0.65658E-02
 0.16000E+01  0.14160E-01 -0.38234E-01 -0.37488E-01  0.12552E-01  0.80964E-01  0.13464E+00  0.15710E+00  0.15044E+00  0.12638E+00  0.96923E-01  0.69732E-01  0.47954E-01  0.31835E-01  0.20408E-01  0.12518E-01  0.72286E-02
 0.18000E+01  0.19216E-01 -0.38249E-01 -0.43905E-01  0.95056E-03  0.67249E-01  0.12207E+00  0.14775E+00  0.14478E+00  0.12378E+00  0.96315E-01  0.70158E-01  0.48756E-01  0.32650E-01  0.21076E-01  0.12997E-01  0.75360E-02
 0.20000E+01  0.21812E-01 -0.37375E-01 -0.46782E-01 -0.60534E-02  0.57596E-01  0.11210E+00  0.13938E+00  0.13889E+00  0.12026E+00  0.94564E-01  0.69504E-01  0.48670E-01  0.32798E-01  0.21278E-01  0.13172E-01  0.76597E-02
 0.22000E+01  0.23139E-01 -0.36236E-01 -0.47959E-01 -0.10549E-01  0.50455E-01  0.10404E+00  0.13208E+00  0.13332E+00  0.11657E+00  0.92403E-01  0.68384E-01  0.48165E-01  0.32613E-01  0.21239E-01  0.13186E-01  0.76847E-02
 0.24000E+01  0.23778E-01 -0.35050E-01 -0.48267E-01 -0.13592E-01  0.44920E-01  0.97334E-01  0.12569E+00  0.12818E+00  0.11296E+00  0.90123E-01  0.67065E-01  0.47455E-01  0.32255E-01  0.21069E-01  0.13112E-01  0.76544E-02
 0.26000E+01  0.24025E-01 -0.33886E-01 -0.48100E-01 -0.15744E-01  0.40450E-01  0.91600E-01  0.12000E+00  0.12344E+00  0.10949E+00  0.87836E-01  0.65663E-01  0.46642E-01  0.31803E-01  0.20826E-01  0.12985E-01  0.75916E-02
 0.28000E+01  0.24026E-01 -0.32766E-01 -0.47655E-01 -0.17315E-01  0.36713E-01  0.86568E-01  0.11485E+00  0.11903E+00  0.10618E+00  0.85579E-01  0.64229E-01  0.45776E-01  0.31297E-01  0.20539E-01  0.12827E-01  0.75086E-02
 0.30000E+01  0.23805E-01 -0.31370E-01 -0.46780E-01 -0.18678E-01  0.32767E-01  0.80938E-01  0.10888E+00  0.11378E+00  0.10213E+00  0.82730E-01  0.62359E-01  0.44603E-01  0.30586E-01  0.20119E-01  0.12588E-01  0.73783E-02
 0.00000E+00  0.82372E+00  0.36646E+00  0.91462E-03 -0.17353E+00 -0.17916E+00 -0.10229E+00 -0.20374E-01  0.30645E-01  0.49136E-01  0.47442E-01  0.37661E-01  0.26919E-01  0.18038E-01  0.11515E-01  0.69988E-02  0.40026E-02
 0.20000E+00  0.23168E+00  0.33537E+00  0.34108E+00  0.25834E+00  0.13762E+00  0.31149E-01 -0.34473E-01 -0.59863E-01 -0.59262E-01 -0.47435E-01 -0.33824E-01 -0.22509E-01 -0.14334E-01 -0.88142E-02 -0.52118E-02 -0.29211E-02
 0.40000E+00  0.20169E-01  0.20555E+00  0.30150E+00  0.28853E+00  0.20392E+00  0.10359E+00  0.26318E-01 -0.16541E-01 -0.31850E-01 -0.31612E-01 -0.25327E-01 -0.18203E-01 -0.12254E-01 -0.78560E-02 -0.47927E-02 -0.27493E-02
 0.60000E+00 -0.38063E-01  0.13945E+00  0.25075E+00  0.26866E+00  0.21582E+00  0.13662E+00  0.66643E-01  0.20622E-01 -0.27541E-02 -0.11159E-01 -0.11948E-01 -0.98490E-02 -0.71933E-02 -0.48651E-02 -0.30790E-02 -0.18121E-02
 0.80000E+00 -0.61379E-01  0.65630E-01  0.16692E+00  0.21357E+00  0.20639E+00  0.16618E+00  0.11665E+00  0.73422E-01  0.42292E-01  0.22664E-01  0.11451E-01  0.55078E-02  0.25317E-02  0.11074E-02  0.45432E-03  0.17046E-03
 0.10000E+01 -0.43312E-01  0.47623E-02  0.71306E-01  0.13355E+00  0.17124E+00  0.17708E+00  0.15723E+00  0.12432E+00  0.89943E-01  0.60930E-01  0.39429E-01  0.24764E-01  0.15234E-01  0.91773E-02  0.53603E-02  0.29820E-02
 0.12000E+01 -0.14677E-01 -0.24992E-01  0.80943E-02  0.70288E-01  0.13144E+00  0.16700E+00  0.17013E+00  0.14897E+00  0.11691E+00  0.84770E-01  0.58151E-01  0.38402E-01  0.24649E-01  0.15377E-01  0.92343E-02  0.52479E-02
 0.14000E+01  0.41931E-02 -0.35512E-01 -0.23270E-01  0.33010E-01  0.10128E+00  0.15017E+00  0.16617E+00  0.15378E+00  0.12589E+00  0.94503E-01  0.66764E-01  0.45208E-01  0.29629E-01  0.18799E-01  0.11439E-01  0.65658E-02
 0.16000E+01  0.14160E-01 -0.38234E-01 -0.37488E-01  0.12552E-01  0.80964E-01  0.13464E+00  0.15710E+00  0.15044E+00  0.12638E+00  0.96923E-01  0.69732E-01  0.47954E-01  0.31835E-01  0.20408E-01  0.12518E-01  0.72286E-02
 0.18000E+01  0.19216E-01 -0.38249E-01 -0.43905E-01  0.95056E-03  0.67249E-01  0.12207E+00  0.14775E+00  0.14478E+00  0.12378E+00  0.96315E-01  0.70158E-01  0.48756E-01  0.32650E-01  0.21076E-01  0.12997E-01  0.75360E-02
 0.20000E+01  0.21812E-01 -0.37375E-01 -0.46782E-01 -0.60534E-02  0.57596E-01  0.11210E+00  0.13938E+00  0.13889E+00  0.12026E+00  0.94564E-01  0.69504E-01  0.48670E-01  0.32798E-01  0.21278E-01  0.13172E-01  0.76597E-02
 0.22000E+01  0.23139E-01 -0.36236E-01 -0.47959E-01 -0.10549E-01  0.50455E-01  0.10404E+00  0.13208E+00  0.13332E+00  0.11657E+00  0.92403E-01  0.68384E-01  0.48165E-01  0.32613E-01  0.21239E-01  0.13186E-01  0.76847E-02
 0.24000E+01  0.23778E-01 -0.35050E-01 -0.48267E-01 -0.13592E-01  0.44920E-01  0.97334E-01  0.12569E+00  0.12818E+00  0.11296E+00  0.90123E-01  0.67065E-01  0.47455E-01  0.32255E-01  0.21069E-01  0.13112E-01  0.76544E-02
 0.26000E+01  0.24025E-01 -0.33886E-01 -0.48100E-01 -0.15744E-01  0.40450E-01  0.91600E-01  0.12000E+00  0.12344E+00  0.10949E+00  0.87836E-01  0.65663E-01  0.46642E-01  0.31803E-01  0.20826E-01  0.12985E-01  0.75916E-02
 0.28000E+01  0.24026E-01 -0.32766E-01 -0.47655E-01 -0.17315E-01  0.36713E-01  0.86568E-01  0.11485E+00  0.11903E+00  0.10618E+00  0.85579E-01  0.64229E-01  0.45776E-01  0.31297E-01  0.20539E-01  0.12827E-01  0.75086E-02
 0.30000E+01  0.23805E-01 -0.31370E-01 -0.46780E-01 -0.18678E-01  0.32767E-01  0.80938E-01  0.10888E+00  0.11378E+00  0.10213E+00  0.82730E-01  0.62359E-01  0.44603E-01  0.30586E-01  0.20119E-01  0.12588E-01  0.73783E-02
