 0.00000E+00  0.54699E+00  0.34048E+00  0.39902E-01 -0.97457E-01 -0.87343E-01 -0.38264E-01 -0.39273E-02  0.10265E-01  0.12832E-01  0.10935E-01  0.80985E-02  0.55922E-02  0.37035E-02  0.23722E-02  0.14321E-02  0.73710E-03
 0.20000E+00  0.49334E+00  0.45993E+00  0.26941E+00  0.96082E-01  0.78632E-02 -0.20381E-01 -0.22889E-01 -0.17978E-01 -0.12514E-01 -0.82702E-02 -0.53293E-02 -0.33852E-02 -0.21289E-02 -0.13212E-02 -0.78301E-03 -0.39870E-03
 0.40000E+00  0.50606E-01  0.24443E+00  0.34062E+00  0.27601E+00  0.15120E+00  0.54211E-01  0.39499E-02 -0.14043E-01 -0.16632E-01 -0.13893E-01 -0.10210E-01 -0.70423E-02 -0.46789E-02 -0.30164E-02 -0.18357E-02 -0.95149E-03
 0.60000E+00 -0.12734E+00  0.99991E-01  0.29237E+00  0.30687E+00  0.21404E+00  0.11656E+00  0.53217E-01  0.20849E-01  0.67014E-02  0.12363E-02 -0.57076E-03 -0.96921E-03 -0.88593E-03 -0.67723E-03 -0.45757E-03 -0.25314E-03
 0.80000E+00 -0.14975E+00  0.12425E-01  0.19327E+00  0.25909E+00  0.22576E+00  0.16097E+00  0.10386E+00  0.64053E-01  0.38891E-01  0.23551E-01  0.14275E-01  0.86580E-02  0.52462E-02  0.31554E-02  0.18208E-02  0.90828E-03
 0.10000E+01 -0.95475E-01 -0.28577E-01  0.92837E-01  0.18377E+00  0.20802E+00  0.18382E+00  0.14111E+00  0.99514E-01  0.66713E-01  0.43405E-01  0.27723E-01  0.17485E-01  0.10918E-01  0.67229E-02  0.39520E-02  0.19984E-02
 0.12000E+01 -0.33102E-01 -0.43774E-01  0.19144E-01  0.11840E+00  0.18249E+00  0.19002E+00  0.16091E+00  0.12061E+00  0.84039E-01  0.56076E-01  0.36440E-01  0.23269E-01  0.14664E-01  0.90953E-02  0.53769E-02  0.27303E-02
 0.14000E+01  0.12172E-01 -0.48378E-01 -0.26953E-01  0.72727E-01  0.15958E+00  0.18718E+00  0.16793E+00  0.12998E+00  0.92312E-01  0.62335E-01  0.40825E-01  0.26208E-01  0.16577E-01  0.10309E-01  0.61054E-02  0.31041E-02
 0.16000E+01  0.40150E-01 -0.48921E-01 -0.53783E-01  0.42754E-01  0.14069E+00  0.17971E+00  0.16715E+00  0.13184E+00  0.94677E-01  0.64392E-01  0.42388E-01  0.27322E-01  0.17342E-01  0.10819E-01  0.64263E-02  0.32747E-02
 0.18000E+01  0.56316E-01 -0.47982E-01 -0.69033E-01  0.22901E-01  0.12507E+00  0.17018E+00  0.16217E+00  0.12949E+00  0.93676E-01  0.64036E-01  0.42327E-01  0.27385E-01  0.17449E-01  0.10929E-01  0.65171E-02  0.33316E-02
 0.20000E+01  0.64626E-01 -0.46398E-01 -0.76982E-01  0.96521E-02  0.11180E+00  0.15958E+00  0.15469E+00  0.12458E+00  0.90610E-01  0.62196E-01  0.41271E-01  0.26813E-01  0.17163E-01  0.10806E-01  0.64780E-02  0.33258E-02
 0.22000E+01  0.67626E-01 -0.44549E-01 -0.80206E-01  0.79319E-03  0.10020E+00  0.14842E+00  0.14568E+00  0.11807E+00  0.86235E-01  0.59420E-01  0.39593E-01  0.25848E-01  0.16642E-01  0.10549E-01  0.63670E-02  0.32870E-02
 0.24000E+01  0.67380E-01 -0.42603E-01 -0.80540E-01 -0.52178E-02  0.89897E-01  0.13721E+00  0.13600E+00  0.11077E+00  0.81201E-01  0.56161E-01  0.37591E-01  0.24678E-01  0.15997E-01  0.10220E-01  0.62182E-02  0.32309E-02
 0.26000E+01  0.64578E-01 -0.40642E-01 -0.78711E-01 -0.91058E-02  0.80529E-01  0.12592E+00  0.12575E+00  0.10283E+00  0.75633E-01  0.52519E-01  0.35337E-01  0.23355E-01  0.15265E-01  0.98450E-02  0.60476E-02  0.31660E-02
 0.28000E+01  0.59943E-01 -0.38666E-01 -0.75316E-01 -0.11443E-01  0.71860E-01  0.11457E+00  0.11511E+00  0.94437E-01  0.69683E-01  0.48602E-01  0.32903E-01  0.21921E-01  0.14469E-01  0.94372E-02  0.58616E-02  0.30952E-02
 0.30000E+01  0.56238E-01 -0.36754E-01 -0.72725E-01 -0.14459E-01  0.63034E-01  0.10347E+00  0.10486E+00  0.86426E-01  0.64025E-01  0.44873E-01  0.30572E-01  0.20530E-01  0.13680E-01  0.90169E-02  0.56576E-02  0.30106E-02
