 0.00000E+00  0.80662E+00  0.34025E+00 -0.21293E-01 -0.18168E+00 -0.17183E+00 -0.85347E-01 -0.14985E-02  0.46356E-01  0.60093E-01  0.54270E-01  0.41645E-01  0.29169E-01  0.19286E-01  0.12193E-01  0.73548E-02  0.41803E-02
 0.20000E+00  0.27919E+00  0.36955E+00  0.35347E+00  0.24978E+00  0.11672E+00  0.83910E-02 -0.52075E-01 -0.70240E-01 -0.63694E-01 -0.48246E-01 -0.32949E-01 -0.21120E-01 -0.12993E-01 -0.77378E-02 -0.44437E-02 -0.24277E-02
 0.40000E+00  0.35258E-03  0.21911E+00  0.33015E+00  0.31202E+00  0.21157E+00  0.96278E-01  0.10979E-01 -0.33138E-01 -0.45902E-01 -0.42052E-01 -0.32530E-01 -0.22963E-01 -0.15308E-01 -0.97562E-02 -0.59281E-02 -0.33902E-02
 0.60000E+00 -0.67334E-01  0.12540E+00  0.25100E+00  0.27737E+00  0.22640E+00  0.14486E+00  0.71267E-01  0.22178E-01 -0.31660E-02 -0.12564E-01 -0.13676E-01 -0.11504E-01 -0.85774E-02 -0.59119E-02 -0.38013E-02 -0.22652E-02
 0.80000E+00 -0.65575E-01  0.48439E-01  0.14831E+00  0.20306E+00  0.20670E+00  0.17429E+00  0.12763E+00  0.83528E-01  0.49873E-01  0.27595E-01  0.14305E-01  0.69810E-02  0.31939E-02  0.13461E-02  0.50241E-03  0.15176E-03
 0.10000E+01 -0.33236E-01 -0.53314E-03  0.59608E-01  0.12424E+00  0.16816E+00  0.17924E+00  0.16175E+00  0.12888E+00  0.93536E-01  0.63419E-01  0.41030E-01  0.25735E-01  0.15789E-01  0.94725E-02  0.55044E-02  0.30454E-02
 0.12000E+01 -0.39041E-02 -0.24009E-01  0.43599E-02  0.66946E-01  0.13068E+00  0.16827E+00  0.17202E+00  0.15061E+00  0.11815E+00  0.85760E-01  0.58999E-01  0.39124E-01  0.25223E-01  0.15796E-01  0.95131E-02  0.54165E-02
 0.14000E+01  0.14234E-01 -0.33347E-01 -0.25050E-01  0.31512E-01  0.10201E+00  0.15276E+00  0.16942E+00  0.15691E+00  0.12867E+00  0.96965E-01  0.68930E-01  0.47037E-01  0.31077E-01  0.19862E-01  0.12159E-01  0.70110E-02
 0.16000E+01  0.24232E-01 -0.36431E-01 -0.40092E-01  0.10219E-01  0.81518E-01  0.13811E+00  0.16224E+00  0.15603E+00  0.13175E+00  0.10175E+00  0.73875E-01  0.51333E-01  0.34436E-01  0.22284E-01  0.13775E-01  0.80031E-02
 0.18000E+01  0.29619E-01 -0.36939E-01 -0.47837E-01 -0.29649E-02  0.66786E-01  0.12564E+00  0.15410E+00  0.15234E+00  0.13137E+00  0.10325E+00  0.76089E-01  0.53544E-01  0.36299E-01  0.23690E-01  0.14741E-01  0.86076E-02
 0.20000E+01  0.32503E-01 -0.36394E-01 -0.51834E-01 -0.11508E-01  0.55865E-01  0.11522E+00  0.14625E+00  0.14768E+00  0.12942E+00  0.10308E+00  0.76822E-01  0.54573E-01  0.37285E-01  0.24485E-01  0.15310E-01  0.89722E-02
 0.22000E+01  0.33985E-01 -0.35426E-01 -0.53811E-01 -0.17279E-01  0.47486E-01  0.10647E+00  0.13902E+00  0.14281E+00  0.12677E+00  0.10204E+00  0.76723E-01  0.54906E-01  0.37739E-01  0.24902E-01  0.15629E-01  0.91849E-02
 0.24000E+01  0.34655E-01 -0.34303E-01 -0.54650E-01 -0.21323E-01  0.40849E-01  0.99001E-01  0.13243E+00  0.13801E+00  0.12383E+00  0.10054E+00  0.76145E-01  0.54820E-01  0.37864E-01  0.25082E-01  0.15788E-01  0.92995E-02
 0.26000E+01  0.34839E-01 -0.33138E-01 -0.54816E-01 -0.24241E-01  0.35430E-01  0.92514E-01  0.12642E+00  0.13339E+00  0.12079E+00  0.98796E-01  0.75282E-01  0.54473E-01  0.37779E-01  0.25106E-01  0.15843E-01  0.93490E-02
 0.28000E+01  0.34710E-01 -0.31980E-01 -0.54562E-01 -0.26391E-01  0.30898E-01  0.86784E-01  0.12089E+00  0.12897E+00  0.11773E+00  0.96917E-01  0.74244E-01  0.53957E-01  0.37553E-01  0.25025E-01  0.15826E-01  0.93538E-02
 0.30000E+01  0.34249E-01 -0.30514E-01 -0.53779E-01 -0.28254E-01  0.26163E-01  0.80395E-01  0.11445E+00  0.12360E+00  0.11383E+00  0.94376E-01  0.72718E-01  0.53099E-01  0.37098E-01  0.24796E-01  0.15717E-01  0.93057E-02
 0.00000E+00  0.80662E+00  0.34025E+00 -0.21293E-01 -0.18168E+00 -0.17183E+00 -0.85347E-01 -0.14985E-02  0.46356E-01  0.60093E-01  0.54270E-01  0.41645E-01  0.29169E-01  0.19286E-01  0.12193E-01  0.73548E-02  0.41803E-02
 0.20000E+00  0.27919E+00  0.36955E+00  0.35347E+00  0.24978E+00  0.11672E+00  0.83910E-02 -0.52075E-01 -0.70240E-01 -0.63694E-01 -0.48246E-01 -0.32949E-01 -0.21120E-01 -0.12993E-01 -0.77378E-02 -0.44437E-02 -0.24277E-02
 0.40000E+00  0.35258E-03  0.21911E+00  0.33015E+00  0.31202E+00  0.21157E+00  0.96278E-01  0.10979E-01 -0.33138E-01 -0.45902E-01 -0.42052E-01 -0.32530E-01 -0.22963E-01 -0.15308E-01 -0.97562E-02 -0.59281E-02 -0.33902E-02
 0.60000E+00 -0.67334E-01  0.12540E+00  0.25100E+00  0.27737E+00  0.22640E+00  0.14486E+00  0.71267E-01  0.22178E-01 -0.31660E-02 -0.12564E-01 -0.13676E-01 -0.11504E-01 -0.85774E-02 -0.59119E-02 -0.38013E-02 -0.22652E-02
 0.80000E+00 -0.65575E-01  0.48439E-01  0.14831E+00  0.20306E+00  0.20670E+00  0.17429E+00  0.12763E+00  0.83528E-01  0.49873E-01  0.27595E-01  0.14305E-01  0.69810E-02  0.31939E-02  0.13461E-02  0.50241E-03  0.15176E-03
 0.10000E+01 -0.33236E-01 -0.53314E-03  0.59608E-01  0.12424E+00  0.16816E+00  0.17924E+00  0.16175E+00  0.12888E+00  0.93536E-01  0.63419E-01  0.41030E-01  0.25735E-01  0.15789E-01  0.94725E-02  0.55044E-02  0.30454E-02
 0.12000E+01 -0.39041E-02 -0.24009E-01  0.43599E-02  0.66946E-01  0.13068E+00  0.16827E+00  0.17202E+00  0.15061E+00  0.11815E+00  0.85760E-01  0.58999E-01  0.39124E-01  0.25223E-01  0.15796E-01  0.95131E-02  0.54165E-02
 0.14000E+01  0.14234E-01 -0.33347E-01 -0.25050E-01  0.31512E-01  0.10201E+00  0.15276E+00  0.16942E+00  0.15691E+00  0.12867E+00  0.96965E-01  0.68930E-01  0.47037E-01  0.31077E-01  0.19862E-01  0.12159E-01  0.70110E-02
 0.16000E+01  0.24232E-01 -0.36431E-01 -0.40092E-01  0.10219E-01  0.81518E-01  0.13811E+00  0.16224E+00  0.15603E+00  0.13175E+00  0.10175E+00  0.73875E-01  0.51333E-01  0.34436E-01  0.22284E-01  0.13775E-01  0.80031E-02
 0.18000E+01  0.29619E-01 -0.36939E-01 -0.47837E-01 -0.29649E-02  0.66786E-01  0.12564E+00  0.15410E+00  0.15234E+00  0.13137E+00  0.10325E+00  0.76089E-01  0.53544E-01  0.36299E-01  0.23690E-01  0.14741E-01  0.86076E-02
 0.20000E+01  0.32503E-01 -0.36394E-01 -0.51834E-01 -0.11508E-01  0.55865E-01  0.11522E+00  0.14625E+00  0.14768E+00  0.12942E+00  0.10308E+00  0.76822E-01  0.54573E-01  0.37285E-01  0.24485E-01  0.15310E-01  0.89722E-02
 0.22000E+01  0.33985E-01 -0.35426E-01 -0.53811E-01 -0.17279E-01  0.47486E-01  0.10647E+00  0.13902E+00  0.14281E+00  0.12677E+00  0.10204E+00  0.76723E-01  0.54906E-01  0.37739E-01  0.24902E-01  0.15629E-01  0.91849E-02
 0.24000E+01  0.34655E-01 -0.34303E-01 -0.54650E-01 -0.21323E-01  0.40849E-01  0.99001E-01  0.13243E+00  0.13801E+00  0.12383E+00  0.10054E+00  0.76145E-01  0.54820E-01  0.37864E-01  0.25082E-01  0.15788E-01  0.92995E-02
 0.26000E+01  0.34839E-01 -0.33138E-01 -0.54816E-01 -0.24241E-01  0.35430E-01  0.92514E-01  0.12642E+00  0.13339E+00  0.12079E+00  0.98796E-01  0.75282E-01  0.54473E-01  0.37779E-01  0.25106E-01  0.15843E-01  0.93490E-02
 0.28000E+01  0.34710E-01 -0.31980E-01 -0.54562E-01 -0.26391E-01  0.30898E-01  0.86784E-01  0.12089E+00  0.12897E+00  0.11773E+00  0.96917E-01  0.74244E-01  0.53957E-01  0.37553E-01  0.25025E-01  0.15826E-01  0.93538E-02
 0.30000E+01  0.34249E-01 -0.30514E-01 -0.53779E-01 -0.28254E-01  0.26163E-01  0.80395E-01  0.11445E+00  0.12360E+00  0.11383E+00  0.94376E-01  0.72718E-01  0.53099E-01  0.37098E-01  0.24796E-01  0.15717E-01  0.93057E-02
