 0.00000E+00  0.68644E+00  0.31695E+00 -0.65181E-01 -0.14854E+00 -0.64311E-01  0.12074E-01  0.38296E-01  0.35825E-01  0.25792E-01  0.16756E-01  0.10391E-01  0.62834E-02  0.37287E-02  0.21659E-02  0.11990E-02  0.57680E-03
 0.20000E+00  0.42841E+00  0.47318E+00  0.32144E+00  0.12143E+00 -0.30651E-02 -0.45219E-01 -0.44829E-01 -0.32575E-01 -0.21114E-01 -0.13095E-01 -0.79911E-02 -0.48453E-02 -0.29261E-02 -0.17518E-02 -0.10067E-02 -0.50080E-03
 0.40000E+00 -0.67957E-01  0.26556E+00  0.42822E+00  0.31440E+00  0.12668E+00  0.90928E-02 -0.31621E-01 -0.33988E-01 -0.25490E-01 -0.16882E-01 -0.10588E-01 -0.64488E-02 -0.38443E-02 -0.22391E-02 -0.12417E-02 -0.59825E-03
 0.60000E+00 -0.16890E+00  0.10241E+00  0.31845E+00  0.32147E+00  0.21126E+00  0.10798E+00  0.47709E-01  0.19894E-01  0.84148E-02  0.37803E-02  0.18445E-02  0.98723E-03  0.58062E-03  0.36697E-03  0.23038E-03  0.12334E-03
 0.80000E+00 -0.84653E-01 -0.21410E-02  0.14060E+00  0.23604E+00  0.24096E+00  0.19008E+00  0.12922E+00  0.81046E-01  0.48957E-01  0.29134E-01  0.17236E-01  0.10157E-01  0.59544E-02  0.34501E-02  0.19157E-02  0.92494E-03
 0.10000E+01  0.13705E-01 -0.47126E-01  0.12470E-01  0.14792E+00  0.22916E+00  0.22319E+00  0.17174E+00  0.11607E+00  0.73239E-01  0.44621E-01  0.26666E-01  0.15718E-01  0.91354E-02  0.52043E-02  0.28258E-02  0.13359E-02
 0.12000E+01  0.64071E-01 -0.60251E-01 -0.48315E-01  0.92989E-01  0.20489E+00  0.22293E+00  0.18132E+00  0.12648E+00  0.81214E-01  0.49892E-01  0.29867E-01  0.17537E-01  0.10098E-01  0.56645E-02  0.30148E-02  0.13979E-02
 0.14000E+01  0.80832E-01 -0.61165E-01 -0.70700E-01  0.62485E-01  0.17956E+00  0.20700E+00  0.17290E+00  0.12239E+00  0.79240E-01  0.48876E-01  0.29290E-01  0.17176E-01  0.98518E-02  0.54904E-02  0.28965E-02  0.13312E-02
 0.16000E+01  0.82669E-01 -0.58363E-01 -0.76638E-01  0.44891E-01  0.15711E+00  0.18707E+00  0.15842E+00  0.11297E+00  0.73450E-01  0.45410E-01  0.27244E-01  0.15979E-01  0.91604E-02  0.50981E-02  0.26842E-02  0.12311E-02
 0.18000E+01  0.78102E-01 -0.54517E-01 -0.75477E-01  0.33981E-01  0.13748E+00  0.16668E+00  0.14210E+00  0.10167E+00  0.66231E-01  0.41010E-01  0.24641E-01  0.14478E-01  0.83185E-02  0.46437E-02  0.24542E-02  0.11299E-02
 0.20000E+01  0.70597E-01 -0.50472E-01 -0.70953E-01  0.26891E-01  0.12012E+00  0.14685E+00  0.12539E+00  0.89720E-01  0.58468E-01  0.36246E-01  0.21828E-01  0.12873E-01  0.74375E-02  0.41850E-02  0.22341E-02  0.10388E-02
 0.22000E+01  0.62356E-01 -0.46586E-01 -0.65290E-01  0.21854E-01  0.10476E+00  0.12844E+00  0.10949E+00  0.78194E-01  0.50921E-01  0.31600E-01  0.19087E-01  0.11315E-01  0.65899E-02  0.37506E-02  0.20307E-02  0.95720E-03
 0.24000E+01  0.53063E-01 -0.42801E-01 -0.58418E-01  0.18513E-01  0.90654E-01  0.11054E+00  0.93600E-01  0.66494E-01  0.43199E-01  0.26836E-01  0.16285E-01  0.97359E-02  0.57444E-02  0.33296E-02  0.18428E-02  0.88664E-03
 0.26000E+01  0.43735E-01 -0.39186E-01 -0.51254E-01  0.16110E-01  0.77702E-01  0.93595E-01  0.78339E-01  0.55163E-01  0.35689E-01  0.22198E-01  0.13560E-01  0.82067E-02  0.49324E-02  0.29314E-02  0.16698E-02  0.82427E-03
 0.28000E+01  0.34349E-01 -0.35795E-01 -0.43971E-01  0.14371E-01  0.65645E-01  0.77424E-01  0.63610E-01  0.44158E-01  0.28371E-01  0.17675E-01  0.10906E-01  0.67223E-02  0.41495E-02  0.25524E-02  0.15090E-02  0.76840E-03
 0.30000E+01  0.26359E-01 -0.32653E-01 -0.38081E-01  0.11722E-01  0.53909E-01  0.62456E-01  0.50301E-01  0.34349E-01  0.21893E-01  0.13675E-01  0.85513E-02  0.53934E-02  0.34365E-02  0.21961E-02  0.13490E-02  0.70780E-03
