 0.00000E+00  0.71989E+00  0.30998E+00 -0.85368E-01 -0.15402E+00 -0.59511E-01  0.16915E-01  0.40858E-01  0.37113E-01  0.26559E-01  0.17255E-01  0.10715E-01  0.64864E-02  0.38532E-02  0.22408E-02  0.12417E-02  0.59764E-03
 0.20000E+00  0.40011E+00  0.47545E+00  0.33995E+00  0.13281E+00 -0.25895E-02 -0.49897E-01 -0.50300E-01 -0.37117E-01 -0.24390E-01 -0.15290E-01 -0.94020E-02 -0.57302E-02 -0.34721E-02 -0.20831E-02 -0.11985E-02 -0.59670E-03
 0.40000E+00 -0.87010E-01  0.27042E+00  0.43807E+00  0.31471E+00  0.12377E+00  0.89592E-02 -0.29776E-01 -0.32094E-01 -0.24191E-01 -0.16099E-01 -0.10131E-01 -0.61819E-02 -0.36886E-02 -0.21492E-02 -0.11917E-02 -0.57387E-03
 0.60000E+00 -0.15135E+00  0.10544E+00  0.30444E+00  0.30489E+00  0.20435E+00  0.11076E+00  0.54382E-01  0.26251E-01  0.13120E-01  0.69201E-02  0.38453E-02  0.22325E-02  0.13432E-02  0.82559E-03  0.49384E-03  0.25428E-03
 0.80000E+00 -0.69015E-01  0.14523E-03  0.13254E+00  0.22699E+00  0.23535E+00  0.18828E+00  0.12990E+00  0.82696E-01  0.50632E-01  0.30474E-01  0.18198E-01  0.10811E-01  0.63859E-02  0.37284E-02  0.20860E-02  0.10138E-02
 0.10000E+01  0.15692E-01 -0.48168E-01  0.14835E-01  0.15220E+00  0.22976E+00  0.22024E+00  0.16832E+00  0.11378E+00  0.72077E-01  0.44138E-01  0.26514E-01  0.15709E-01  0.91821E-02  0.52668E-02  0.28816E-02  0.13719E-02
 0.12000E+01  0.59075E-01 -0.64004E-01 -0.41754E-01  0.10399E+00  0.20950E+00  0.22023E+00  0.17616E+00  0.12215E+00  0.78470E-01  0.48359E-01  0.29075E-01  0.17163E-01  0.99504E-02  0.56344E-02  0.30329E-02  0.14216E-02
 0.14000E+01  0.74075E-01 -0.66596E-01 -0.63892E-01  0.75750E-01  0.18686E+00  0.20620E+00  0.16869E+00  0.11844E+00  0.76605E-01  0.47360E-01  0.28488E-01  0.16788E-01  0.96949E-02  0.54549E-02  0.29121E-02  0.13540E-02
 0.16000E+01  0.75714E-01 -0.64466E-01 -0.70357E-01  0.58569E-01  0.16570E+00  0.18773E+00  0.15534E+00  0.10974E+00  0.71225E-01  0.44119E-01  0.26564E-01  0.15657E-01  0.90388E-02  0.50809E-02  0.27087E-02  0.12577E-02
 0.18000E+01  0.71260E-01 -0.60733E-01 -0.69702E-01  0.47371E-01  0.14649E+00  0.16821E+00  0.13986E+00  0.99034E-01  0.64377E-01  0.39935E-01  0.24087E-01  0.14230E-01  0.82406E-02  0.46517E-02  0.24926E-02  0.11632E-02
 0.20000E+01  0.64318E-01 -0.56579E-01 -0.65913E-01  0.39563E-01  0.12930E+00  0.14931E+00  0.12423E+00  0.87953E-01  0.57192E-01  0.35525E-01  0.21482E-01  0.12743E-01  0.74236E-02  0.42255E-02  0.22874E-02  0.10779E-02
 0.22000E+01  0.56178E-01 -0.52372E-01 -0.60525E-01  0.33858E-01  0.11369E+00  0.13120E+00  0.10885E+00  0.76876E-01  0.49950E-01  0.31070E-01  0.18858E-01  0.11256E-01  0.66184E-02  0.38156E-02  0.20976E-02  0.10029E-02
 0.24000E+01  0.47476E-01 -0.48251E-01 -0.54276E-01  0.29588E-01  0.99378E-01  0.11391E+00  0.93872E-01  0.65973E-01  0.42784E-01  0.26655E-01  0.16264E-01  0.97968E-02  0.58383E-02  0.34277E-02  0.19248E-02  0.93808E-03
 0.26000E+01  0.38566E-01 -0.44271E-01 -0.47603E-01  0.26289E-01  0.86117E-01  0.97415E-01  0.79384E-01  0.55343E-01  0.35769E-01  0.22331E-01  0.13728E-01  0.83777E-02  0.50873E-02  0.30609E-02  0.17663E-02  0.88144E-03
 0.28000E+01  0.29626E-01 -0.40415E-01 -0.40706E-01  0.23681E-01  0.73692E-01  0.81605E-01  0.65350E-01  0.44985E-01  0.28916E-01  0.18104E-01  0.11254E-01  0.69980E-02  0.43625E-02  0.27117E-02  0.16194E-02  0.83108E-03
 0.30000E+01  0.21872E-01 -0.36992E-01 -0.35219E-01  0.20271E-01  0.61682E-01  0.67007E-01  0.52682E-01  0.35756E-01  0.22846E-01  0.14363E-01  0.90527E-02  0.57571E-02  0.36971E-02  0.23789E-02  0.14697E-02  0.77420E-03
