 0.00000E+00  0.66280E+00  0.32810E+00 -0.39744E-01 -0.13574E+00 -0.72854E-01 -0.96735E-02  0.16634E-01  0.20837E-01  0.17269E-01  0.12384E-01  0.82528E-02  0.52505E-02  0.32245E-02  0.19144E-02  0.10745E-02  0.52192E-03
 0.20000E+00  0.46124E+00  0.47140E+00  0.30057E+00  0.11234E+00  0.57092E-02 -0.30230E-01 -0.33200E-01 -0.26279E-01 -0.18478E-01 -0.12277E-01 -0.78987E-02 -0.49746E-02 -0.30820E-02 -0.18752E-02 -0.10883E-02 -0.54506E-03
 0.40000E+00 -0.82049E-01  0.24286E+00  0.41331E+00  0.31526E+00  0.14363E+00  0.34355E-01 -0.91505E-02 -0.19303E-01 -0.17564E-01 -0.13067E-01 -0.88708E-02 -0.56998E-02 -0.35169E-02 -0.20904E-02 -0.11722E-02 -0.56886E-03
 0.60000E+00 -0.13902E+00  0.97613E-01  0.28689E+00  0.29121E+00  0.20043E+00  0.11570E+00  0.63021E-01  0.34265E-01  0.18952E-01  0.10697E-01  0.61542E-02  0.36023E-02  0.21409E-02  0.12815E-02  0.74289E-03  0.37284E-03
 0.80000E+00 -0.79887E-01  0.19775E-01  0.15441E+00  0.22403E+00  0.21365E+00  0.16550E+00  0.11491E+00  0.75299E-01  0.47795E-01  0.29757E-01  0.18278E-01  0.11104E-01  0.66746E-02  0.39516E-02  0.22366E-02  0.10974E-02
 0.10000E+01 -0.24559E-01 -0.19786E-01  0.65941E-01  0.16821E+00  0.20800E+00  0.18607E+00  0.14026E+00  0.96419E-01  0.62979E-01  0.39890E-01  0.24740E-01  0.15089E-01  0.90619E-02  0.53379E-02  0.29986E-02  0.14609E-02
 0.12000E+01  0.10682E-01 -0.39553E-01  0.13205E-01  0.12885E+00  0.19541E+00  0.18952E+00  0.14855E+00  0.10428E+00  0.68942E-01  0.43983E-01  0.27395E-01  0.16745E-01  0.10060E-01  0.59201E-02  0.33193E-02  0.16142E-02
 0.14000E+01  0.30758E-01 -0.49141E-01 -0.17404E-01  0.10140E+00  0.18068E+00  0.18419E+00  0.14759E+00  0.10480E+00  0.69757E-01  0.44699E-01  0.27927E-01  0.17109E-01  0.10298E-01  0.60693E-02  0.34076E-02  0.16590E-02
 0.16000E+01  0.40606E-01 -0.52952E-01 -0.34167E-01  0.81865E-01  0.16519E+00  0.17382E+00  0.14113E+00  0.10092E+00  0.67477E-01  0.43393E-01  0.27200E-01  0.16721E-01  0.10103E-01  0.59806E-02  0.33739E-02  0.16496E-02
 0.18000E+01  0.44302E-01 -0.53637E-01 -0.42746E-01  0.67547E-01  0.15007E+00  0.16125E+00  0.13202E+00  0.94849E-01  0.63641E-01  0.41063E-01  0.25833E-01  0.15948E-01  0.96864E-02  0.57705E-02  0.32781E-02  0.16126E-02
 0.20000E+01  0.43734E-01 -0.52368E-01 -0.45816E-01  0.56915E-01  0.13542E+00  0.14740E+00  0.12128E+00  0.87406E-01  0.58826E-01  0.38093E-01  0.24072E-01  0.14946E-01  0.91429E-02  0.54951E-02  0.31521E-02  0.15636E-02
 0.22000E+01  0.40423E-01 -0.49870E-01 -0.45248E-01  0.48931E-01  0.12144E+00  0.13304E+00  0.10973E+00  0.79246E-01  0.53489E-01  0.34779E-01  0.22100E-01  0.13821E-01  0.85331E-02  0.51869E-02  0.30118E-02  0.15095E-02
 0.24000E+01  0.35260E-01 -0.46629E-01 -0.42240E-01  0.42878E-01  0.10814E+00  0.11857E+00  0.97805E-01  0.70724E-01  0.47882E-01  0.31287E-01  0.20021E-01  0.12637E-01  0.78939E-02  0.48665E-02  0.28680E-02  0.14552E-02
 0.26000E+01  0.28912E-01 -0.42928E-01 -0.37604E-01  0.38242E-01  0.95515E-01  0.10424E+00  0.85803E-01  0.62082E-01  0.42174E-01  0.27728E-01  0.17901E-01  0.11431E-01  0.72455E-02  0.45439E-02  0.27250E-02  0.14022E-02
 0.28000E+01  0.21706E-01 -0.38946E-01 -0.31834E-01  0.34649E-01  0.83430E-01  0.90076E-01  0.73798E-01  0.53390E-01  0.36420E-01  0.24137E-01  0.15764E-01  0.10218E-01  0.65964E-02  0.42235E-02  0.25852E-02  0.13515E-02
 0.30000E+01  0.16518E-01 -0.35885E-01 -0.28412E-01  0.29985E-01  0.72057E-01  0.77452E-01  0.63320E-01  0.45874E-01  0.31459E-01  0.21036E-01  0.13908E-01  0.91540E-02  0.60153E-02  0.39269E-02  0.24480E-02  0.12975E-02
