 0.00000E+00  0.79003E+00  0.28289E+00 -0.12085E+00 -0.14222E+00 -0.36576E-01  0.22975E-01  0.34709E-01  0.28571E-01  0.19510E-01  0.12030E-01  0.68321E-02  0.35393E-02  0.15953E-02  0.53525E-03  0.44688E-04 -0.88086E-04
 0.20000E+00  0.33196E+00  0.50678E+00  0.38950E+00  0.13793E+00 -0.21653E-01 -0.67682E-01 -0.62110E-01 -0.44752E-01 -0.29095E-01 -0.17774E-01 -0.10321E-01 -0.56880E-02 -0.29358E-02 -0.13759E-02 -0.55338E-03 -0.17614E-03
 0.40000E+00 -0.12222E+00  0.26253E+00  0.42522E+00  0.29593E+00  0.12640E+00  0.34618E-01  0.16078E-02 -0.65206E-02 -0.65410E-02 -0.46160E-02 -0.27207E-02 -0.13432E-02 -0.48228E-03 -0.15931E-04  0.16600E-03  0.15625E-03
 0.60000E+00 -0.84484E-01  0.90647E-01  0.24538E+00  0.26854E+00  0.20781E+00  0.13686E+00  0.83957E-01  0.49811E-01  0.28933E-01  0.16486E-01  0.91919E-02  0.49867E-02  0.26050E-02  0.12850E-02  0.57645E-03  0.21945E-03
 0.80000E+00 -0.29966E-01  0.87105E-02  0.13044E+00  0.22513E+00  0.22746E+00  0.17575E+00  0.11842E+00  0.74292E-01  0.44597E-01  0.25831E-01  0.14418E-01  0.76911E-02  0.38473E-02  0.17343E-02  0.65233E-03  0.18088E-03
 0.10000E+01  0.66004E-03 -0.29754E-01  0.66235E-01  0.18806E+00  0.22067E+00  0.18212E+00  0.12688E+00  0.81127E-01  0.49280E-01  0.28762E-01  0.16128E-01  0.86182E-02  0.43037E-02  0.19257E-02  0.71065E-03  0.18828E-03
 0.12000E+01  0.15783E-01 -0.48041E-01  0.28988E-01  0.15725E+00  0.20342E+00  0.17416E+00  0.12356E+00  0.79912E-01  0.48981E-01  0.28833E-01  0.16325E-01  0.88355E-02  0.44985E-02  0.20839E-02  0.82596E-03  0.25588E-03
 0.14000E+01  0.21613E-01 -0.55534E-01  0.73585E-02  0.13136E+00  0.18186E+00  0.15934E+00  0.11445E+00  0.74706E-01  0.46221E-01  0.27516E-01  0.15814E-01  0.87459E-02  0.46073E-02  0.22640E-02  0.99900E-03  0.37114E-03
 0.16000E+01  0.21485E-01 -0.56534E-01 -0.43021E-02  0.10927E+00  0.15842E+00  0.14091E+00  0.10216E+00  0.67310E-01  0.42124E-01  0.25463E-01  0.14949E-01  0.85253E-02  0.47041E-02  0.24866E-02  0.12269E-02  0.52653E-03
 0.18000E+01  0.17416E-01 -0.53428E-01 -0.92730E-02  0.90203E-01  0.13436E+00  0.12062E+00  0.88156E-01  0.58709E-01  0.37299E-01  0.23024E-01  0.13914E-01  0.82598E-02  0.48203E-02  0.27550E-02  0.15025E-02  0.71445E-03
 0.20000E+01  0.10754E-01 -0.47693E-01 -0.96837E-02  0.73554E-01  0.11040E+00  0.99485E-01  0.73291E-01  0.49497E-01  0.32114E-01  0.20408E-01  0.12818E-01  0.79976E-02  0.49710E-02  0.30681E-02  0.18184E-02  0.92868E-03
 0.22000E+01  0.24387E-02 -0.40362E-01 -0.70134E-02  0.58932E-01  0.87047E-01  0.78278E-01  0.58194E-01  0.40098E-01  0.26823E-01  0.17754E-01  0.11728E-01  0.77640E-02  0.51590E-02  0.34185E-02  0.21649E-02  0.11620E-02
 0.24000E+01 -0.67967E-02 -0.32141E-01 -0.23409E-02  0.46010E-01  0.64648E-01  0.57505E-01  0.43293E-01  0.30800E-01  0.21600E-01  0.15154E-01  0.10684E-01  0.75710E-02  0.53816E-02  0.37970E-02  0.25321E-02  0.14075E-02
 0.26000E+01 -0.16559E-01 -0.23468E-01  0.36348E-02  0.34477E-01  0.43267E-01  0.37369E-01  0.28770E-01  0.21730E-01  0.16519E-01  0.12646E-01  0.97013E-02  0.74203E-02  0.56340E-02  0.41965E-02  0.29135E-02  0.16610E-02
 0.28000E+01 -0.26620E-01 -0.14578E-01  0.10465E-01  0.24029E-01  0.22804E-01  0.17866E-01  0.14651E-01  0.12911E-01  0.11594E-01  0.10236E-01  0.87814E-02  0.73102E-02  0.59131E-02  0.46136E-02  0.33060E-02  0.19204E-02
 0.30000E+01 -0.34143E-01 -0.82127E-02  0.14091E-01  0.13750E-01  0.50346E-02  0.14053E-02  0.28572E-02  0.55670E-02  0.74809E-02  0.82014E-02  0.79768E-02  0.71763E-02  0.61049E-02  0.49256E-02  0.36057E-02  0.21200E-02
