 0.00000E+00  0.68038E+00  0.34261E+00 -0.26188E-01 -0.13461E+00 -0.89978E-01 -0.34816E-01 -0.55511E-02  0.54454E-02  0.79159E-02  0.71327E-02  0.54554E-02  0.38198E-02  0.25208E-02  0.15853E-02  0.93366E-03  0.47122E-03
 0.20000E+00  0.42713E+00  0.45133E+00  0.30032E+00  0.12455E+00  0.21489E-01 -0.16726E-01 -0.23862E-01 -0.20497E-01 -0.14996E-01 -0.10091E-01 -0.64113E-02 -0.38826E-02 -0.22431E-02 -0.12290E-02 -0.62598E-03 -0.27733E-03
 0.40000E+00 -0.53515E-01  0.22789E+00  0.37443E+00  0.30096E+00  0.16487E+00  0.70034E-01  0.22529E-01  0.25151E-02 -0.44994E-02 -0.59619E-02 -0.53364E-02 -0.41401E-02 -0.29764E-02 -0.20303E-02 -0.12893E-02 -0.68941E-03
 0.60000E+00 -0.11574E+00  0.10875E+00  0.28350E+00  0.28740E+00  0.20335E+00  0.12132E+00  0.66591E-01  0.34599E-01  0.16929E-01  0.75341E-02  0.27474E-02  0.45715E-03 -0.52142E-03 -0.82858E-03 -0.77156E-03 -0.50451E-03
 0.80000E+00 -0.95922E-01  0.43512E-01  0.19156E+00  0.23767E+00  0.19992E+00  0.13925E+00  0.87988E-01  0.52505E-01  0.29974E-01  0.16329E-01  0.83565E-02  0.38686E-02  0.14577E-02  0.25962E-03 -0.21610E-03 -0.25832E-03
 0.10000E+01 -0.66286E-01  0.50255E-02  0.11948E+00  0.18623E+00  0.18067E+00  0.13890E+00  0.94366E-01  0.59747E-01  0.36038E-01  0.20810E-01  0.11437E-01  0.58820E-02  0.27210E-02  0.10220E-02  0.21730E-03 -0.45583E-04
 0.12000E+01 -0.39603E-01 -0.19004E-01  0.64354E-01  0.13984E+00  0.15607E+00  0.12979E+00  0.92757E-01  0.61008E-01  0.38042E-01  0.22708E-01  0.12963E-01  0.70095E-02  0.35123E-02  0.15554E-02  0.55394E-03  0.13371E-03
 0.14000E+01 -0.17770E-01 -0.34244E-01  0.22132E-01  0.99376E-01  0.13014E+00  0.11637E+00  0.86777E-01  0.58837E-01  0.37649E-01  0.23050E-01  0.13532E-01  0.75813E-02  0.40004E-02  0.19364E-02  0.82231E-03  0.28723E-03
 0.16000E+01 -0.71279E-03 -0.43551E-01 -0.10101E-01  0.64300E-01  0.10421E+00  0.10051E+00  0.78040E-01  0.54412E-01  0.35643E-01  0.22322E-01  0.13434E-01  0.77578E-02  0.42676E-02  0.22026E-02  0.10367E-02  0.41901E-03
 0.18000E+01  0.12030E-01 -0.48625E-01 -0.34438E-01  0.33894E-01  0.78815E-01  0.83154E-01  0.67424E-01  0.48388E-01  0.32464E-01  0.20803E-01  0.12832E-01  0.76298E-02  0.43605E-02  0.23751E-02  0.12048E-02  0.53103E-03
 0.20000E+01  0.21047E-01 -0.50612E-01 -0.52483E-01  0.75027E-02  0.54222E-01  0.64928E-01  0.55532E-01  0.41226E-01  0.28426E-01  0.18690E-01  0.11844E-01  0.72639E-02  0.43134E-02  0.24696E-02  0.13326E-02  0.62497E-03
 0.22000E+01  0.26933E-01 -0.50363E-01 -0.65480E-01 -0.15324E-01  0.30758E-01  0.46434E-01  0.42925E-01  0.33352E-01  0.23819E-01  0.16169E-01  0.10582E-01  0.67226E-02  0.41593E-02  0.25017E-02  0.14263E-02  0.70283E-03
 0.24000E+01  0.30289E-01 -0.48518E-01 -0.74466E-01 -0.35008E-01  0.86397E-02  0.28135E-01  0.30053E-01  0.25109E-01  0.18882E-01  0.13393E-01  0.91386E-02  0.60598E-02  0.39272E-02  0.24857E-02  0.14922E-02  0.76684E-03
 0.26000E+01  0.31635E-01 -0.45554E-01 -0.80331E-01 -0.52046E-01 -0.12143E-01  0.10246E-01  0.17162E-01  0.16702E-01  0.13759E-01  0.10458E-01  0.75753E-02  0.53118E-02  0.36373E-02  0.24322E-02  0.15353E-02  0.81902E-03
 0.28000E+01  0.31387E-01 -0.41816E-01 -0.83783E-01 -0.66902E-01 -0.31700E-01 -0.71551E-02  0.43764E-02  0.82430E-02  0.85389E-02  0.74256E-02  0.59300E-02  0.45017E-02  0.33033E-02  0.23486E-02  0.15591E-02  0.86095E-03
 0.30000E+01  0.32013E-01 -0.39977E-01 -0.88567E-01 -0.80112E-01 -0.47736E-01 -0.20974E-01 -0.56157E-02  0.16941E-02  0.45221E-02  0.51028E-02  0.46749E-02  0.38863E-02  0.30510E-02  0.22868E-02  0.15787E-02  0.89372E-03
