 0.00000E+00  0.82403E+00  0.36922E+00  0.45899E-02 -0.17092E+00 -0.17895E+00 -0.10465E+00 -0.24479E-01  0.25995E-01  0.44922E-01  0.44162E-01  0.35376E-01  0.25452E-01  0.17152E-01  0.11004E-01  0.67165E-02  0.38545E-02
 0.20000E+00  0.22751E+00  0.33101E+00  0.33806E+00  0.25768E+00  0.13937E+00  0.34550E-01 -0.30506E-01 -0.56253E-01 -0.56507E-01 -0.45620E-01 -0.32776E-01 -0.21979E-01 -0.14104E-01 -0.87370E-02 -0.51996E-02 -0.29300E-02
 0.40000E+00  0.22539E-01  0.20621E+00  0.30083E+00  0.28746E+00  0.20337E+00  0.10402E+00  0.27652E-01 -0.14751E-01 -0.30076E-01 -0.30153E-01 -0.24274E-01 -0.17512E-01 -0.11832E-01 -0.76106E-02 -0.46569E-02 -0.26782E-02
 0.60000E+00 -0.35537E-01  0.14022E+00  0.25004E+00  0.26734E+00  0.21485E+00  0.13660E+00  0.67600E-01  0.22209E-01 -0.99246E-03 -0.95654E-02 -0.10683E-01 -0.89313E-02 -0.65695E-02 -0.44629E-02 -0.28334E-02 -0.16714E-02
 0.80000E+00 -0.58534E-01  0.64093E-01  0.16270E+00  0.20916E+00  0.20370E+00  0.16586E+00  0.11830E+00  0.76164E-01  0.45304E-01  0.25403E-01  0.13674E-01  0.71760E-02  0.37117E-02  0.18989E-02  0.95552E-03  0.46639E-03
 0.10000E+01 -0.41829E-01  0.57655E-02  0.71169E-01  0.13213E+00  0.16895E+00  0.17461E+00  0.15519E+00  0.12302E+00  0.89377E-01  0.60908E-01  0.39713E-01  0.25156E-01  0.15613E-01  0.94849E-02  0.55809E-02  0.31237E-02
 0.12000E+01 -0.16759E-01 -0.22565E-01  0.12370E-01  0.73398E-01  0.13165E+00  0.16432E+00  0.16571E+00  0.14417E+00  0.11269E+00  0.81545E-01  0.55913E-01  0.36950E-01  0.23752E-01  0.14844E-01  0.89304E-02  0.50836E-02
 0.14000E+01  0.87800E-04 -0.33084E-01 -0.17308E-01  0.38494E-01  0.10345E+00  0.14835E+00  0.16137E+00  0.14769E+00  0.11993E+00  0.89503E-01  0.62970E-01  0.42522E-01  0.27824E-01  0.17639E-01  0.10730E-01  0.61591E-02
 0.16000E+01  0.94041E-02 -0.36165E-01 -0.31276E-01  0.18864E-01  0.84177E-01  0.13361E+00  0.15257E+00  0.14406E+00  0.11976E+00  0.91087E-01  0.65118E-01  0.44569E-01  0.29488E-01  0.18861E-01  0.11552E-01  0.66654E-02
 0.18000E+01  0.14411E-01 -0.36502E-01 -0.37879E-01  0.74533E-02  0.70964E-01  0.12159E+00  0.14356E+00  0.13844E+00  0.11691E+00  0.90082E-01  0.65107E-01  0.44973E-01  0.29982E-01  0.19293E-01  0.11872E-01  0.68744E-02
 0.20000E+01  0.17158E-01 -0.35868E-01 -0.41034E-01  0.40910E-03  0.61549E-01  0.11199E+00  0.13549E+00  0.13266E+00  0.11332E+00  0.88143E-01  0.64215E-01  0.44656E-01  0.29937E-01  0.19349E-01  0.11947E-01  0.69356E-02
 0.22000E+01  0.18697E-01 -0.34910E-01 -0.42492E-01 -0.42064E-02  0.54529E-01  0.10419E+00  0.12847E+00  0.12726E+00  0.10967E+00  0.85922E-01  0.62982E-01  0.44026E-01  0.29640E-01  0.19223E-01  0.11900E-01  0.69218E-02
 0.24000E+01  0.19562E-01 -0.33868E-01 -0.43066E-01 -0.73949E-02  0.49066E-01  0.97722E-01  0.12235E+00  0.12233E+00  0.10618E+00  0.83671E-01  0.61635E-01  0.43264E-01  0.29227E-01  0.19006E-01  0.11791E-01  0.68691E-02
 0.26000E+01  0.20032E-01 -0.32830E-01 -0.43151E-01 -0.96988E-02  0.44647E-01  0.92209E-01  0.11694E+00  0.11785E+00  0.10289E+00  0.81476E-01  0.60267E-01  0.42450E-01  0.28759E-01  0.18745E-01  0.11649E-01  0.67953E-02
 0.28000E+01  0.20254E-01 -0.31825E-01 -0.42949E-01 -0.11423E-01  0.40959E-01  0.87401E-01  0.11209E+00  0.11373E+00  0.99802E-01  0.79364E-01  0.58914E-01  0.41622E-01  0.28268E-01  0.18460E-01  0.11490E-01  0.67099E-02
 0.30000E+01  0.20326E-01 -0.30570E-01 -0.42391E-01 -0.12989E-01  0.37078E-01  0.82090E-01  0.10657E+00  0.10893E+00  0.96128E-01  0.76795E-01  0.57230E-01  0.40565E-01  0.27624E-01  0.18079E-01  0.11271E-01  0.65902E-02
 0.00000E+00  0.82403E+00  0.36922E+00  0.45899E-02 -0.17092E+00 -0.17895E+00 -0.10465E+00 -0.24479E-01  0.25995E-01  0.44922E-01  0.44162E-01  0.35376E-01  0.25452E-01  0.17152E-01  0.11004E-01  0.67165E-02  0.38545E-02
 0.20000E+00  0.22751E+00  0.33101E+00  0.33806E+00  0.25768E+00  0.13937E+00  0.34550E-01 -0.30506E-01 -0.56253E-01 -0.56507E-01 -0.45620E-01 -0.32776E-01 -0.21979E-01 -0.14104E-01 -0.87370E-02 -0.51996E-02 -0.29300E-02
 0.40000E+00  0.22539E-01  0.20621E+00  0.30083E+00  0.28746E+00  0.20337E+00  0.10402E+00  0.27652E-01 -0.14751E-01 -0.30076E-01 -0.30153E-01 -0.24274E-01 -0.17512E-01 -0.11832E-01 -0.76106E-02 -0.46569E-02 -0.26782E-02
 0.60000E+00 -0.35537E-01  0.14022E+00  0.25004E+00  0.26734E+00  0.21485E+00  0.13660E+00  0.67600E-01  0.22209E-01 -0.99246E-03 -0.95654E-02 -0.10683E-01 -0.89313E-02 -0.65695E-02 -0.44629E-02 -0.28334E-02 -0.16714E-02
 0.80000E+00 -0.58534E-01  0.64093E-01  0.16270E+00  0.20916E+00  0.20370E+00  0.16586E+00  0.11830E+00  0.76164E-01  0.45304E-01  0.25403E-01  0.13674E-01  0.71760E-02  0.37117E-02  0.18989E-02  0.95552E-03  0.46639E-03
 0.10000E+01 -0.41829E-01  0.57655E-02  0.71169E-01  0.13213E+00  0.16895E+00  0.17461E+00  0.15519E+00  0.12302E+00  0.89377E-01  0.60908E-01  0.39713E-01  0.25156E-01  0.15613E-01  0.94849E-02  0.55809E-02  0.31237E-02
 0.12000E+01 -0.16759E-01 -0.22565E-01  0.12370E-01  0.73398E-01  0.13165E+00  0.16432E+00  0.16571E+00  0.14417E+00  0.11269E+00  0.81545E-01  0.55913E-01  0.36950E-01  0.23752E-01  0.14844E-01  0.89304E-02  0.50836E-02
 0.14000E+01  0.87800E-04 -0.33084E-01 -0.17308E-01  0.38494E-01  0.10345E+00  0.14835E+00  0.16137E+00  0.14769E+00  0.11993E+00  0.89503E-01  0.62970E-01  0.42522E-01  0.27824E-01  0.17639E-01  0.10730E-01  0.61591E-02
 0.16000E+01  0.94041E-02 -0.36165E-01 -0.31276E-01  0.18864E-01  0.84177E-01  0.13361E+00  0.15257E+00  0.14406E+00  0.11976E+00  0.91087E-01  0.65118E-01  0.44569E-01  0.29488E-01  0.18861E-01  0.11552E-01  0.66654E-02
 0.18000E+01  0.14411E-01 -0.36502E-01 -0.37879E-01  0.74533E-02  0.70964E-01  0.12159E+00  0.14356E+00  0.13844E+00  0.11691E+00  0.90082E-01  0.65107E-01  0.44973E-01  0.29982E-01  0.19293E-01  0.11872E-01  0.68744E-02
 0.20000E+01  0.17158E-01 -0.35868E-01 -0.41034E-01  0.40910E-03  0.61549E-01  0.11199E+00  0.13549E+00  0.13266E+00  0.11332E+00  0.88143E-01  0.64215E-01  0.44656E-01  0.29937E-01  0.19349E-01  0.11947E-01  0.69356E-02
 0.22000E+01  0.18697E-01 -0.34910E-01 -0.42492E-01 -0.42064E-02  0.54529E-01  0.10419E+00  0.12847E+00  0.12726E+00  0.10967E+00  0.85922E-01  0.62982E-01  0.44026E-01  0.29640E-01  0.19223E-01  0.11900E-01  0.69218E-02
 0.24000E+01  0.19562E-01 -0.33868E-01 -0.43066E-01 -0.73949E-02  0.49066E-01  0.97722E-01  0.12235E+00  0.12233E+00  0.10618E+00  0.83671E-01  0.61635E-01  0.43264E-01  0.29227E-01  0.19006E-01  0.11791E-01  0.68691E-02
 0.26000E+01  0.20032E-01 -0.32830E-01 -0.43151E-01 -0.96988E-02  0.44647E-01  0.92209E-01  0.11694E+00  0.11785E+00  0.10289E+00  0.81476E-01  0.60267E-01  0.42450E-01  0.28759E-01  0.18745E-01  0.11649E-01  0.67953E-02
 0.28000E+01  0.20254E-01 -0.31825E-01 -0.42949E-01 -0.11423E-01  0.40959E-01  0.87401E-01  0.11209E+00  0.11373E+00  0.99802E-01  0.79364E-01  0.58914E-01  0.41622E-01  0.28268E-01  0.18460E-01  0.11490E-01  0.67099E-02
 0.30000E+01  0.20326E-01 -0.30570E-01 -0.42391E-01 -0.12989E-01  0.37078E-01  0.82090E-01  0.10657E+00  0.10893E+00  0.96128E-01  0.76795E-01  0.57230E-01  0.40565E-01  0.27624E-01  0.18079E-01  0.11271E-01  0.65902E-02
