 0.00000E+00  0.77155E+00  0.28435E+00 -0.11833E+00 -0.14265E+00 -0.31775E-01  0.31171E-01  0.40753E-01  0.30925E-01  0.19362E-01  0.10809E-01  0.54065E-02  0.22888E-02  0.62604E-03 -0.16295E-03 -0.41729E-03 -0.34203E-03
 0.20000E+00  0.35739E+00  0.50303E+00  0.37568E+00  0.12859E+00 -0.28095E-01 -0.71541E-01 -0.62356E-01 -0.42298E-01 -0.25637E-01 -0.14475E-01 -0.76602E-02 -0.37316E-02 -0.15778E-02 -0.47267E-03  0.98264E-05  0.12142E-03
 0.40000E+00 -0.12994E+00  0.27502E+00  0.44939E+00  0.30605E+00  0.11569E+00  0.15803E-01 -0.14043E-01 -0.16069E-01 -0.11340E-01 -0.66276E-02 -0.33326E-02 -0.13402E-02 -0.25714E-03  0.25094E-03  0.39092E-03  0.29698E-03
 0.60000E+00 -0.10292E+00  0.90233E-01  0.26037E+00  0.28416E+00  0.21568E+00  0.13735E+00  0.80557E-01  0.45350E-01  0.24828E-01  0.13201E-01  0.67464E-02  0.32414E-02  0.13935E-02  0.46481E-03  0.52745E-04 -0.62500E-04
 0.80000E+00 -0.26931E-01 -0.62275E-02  0.11560E+00  0.22946E+00  0.24588E+00  0.19363E+00  0.12878E+00  0.77797E-01  0.44121E-01  0.23678E-01  0.11892E-01  0.53839E-02  0.19606E-02  0.29425E-03 -0.35074E-03 -0.39008E-03
 0.10000E+01  0.15392E-01 -0.46020E-01  0.39304E-01  0.18207E+00  0.23599E+00  0.20128E+00  0.13925E+00  0.85935E-01  0.49339E-01  0.26671E-01  0.13446E-01  0.60873E-02  0.21974E-02  0.30020E-03 -0.42954E-03 -0.46337E-03
 0.12000E+01  0.31256E-01 -0.58896E-01  0.32473E-02  0.14499E+00  0.20990E+00  0.18610E+00  0.13133E+00  0.82160E-01  0.47783E-01  0.26238E-01  0.13536E-01  0.63852E-02  0.25447E-02  0.62072E-03 -0.17884E-03 -0.31083E-03
 0.14000E+01  0.32988E-01 -0.59676E-01 -0.12388E-01  0.11532E+00  0.17840E+00  0.16166E+00  0.11565E+00  0.73367E-01  0.43466E-01  0.24523E-01  0.13201E-01  0.67016E-02  0.31075E-02  0.12137E-02  0.31457E-03 -0.16606E-05
 0.16000E+01  0.27729E-01 -0.54966E-01 -0.17664E-01  0.90691E-01  0.14597E+00  0.13407E+00  0.97105E-01  0.62706E-01  0.38161E-01  0.22409E-01  0.12802E-01  0.71195E-02  0.38361E-02  0.19795E-02  0.95145E-03  0.39734E-03
 0.18000E+01  0.18857E-01 -0.47624E-01 -0.17304E-01  0.69609E-01  0.11417E+00  0.10574E+00  0.77687E-01  0.51454E-01  0.32572E-01  0.20222E-01  0.12450E-01  0.76377E-02  0.46790E-02  0.28516E-02  0.16724E-02  0.84772E-03
 0.20000E+01  0.82007E-02 -0.39051E-01 -0.13755E-01  0.51237E-01  0.83766E-01  0.77916E-01  0.58405E-01  0.40252E-01  0.27035E-01  0.18103E-01  0.12172E-01  0.82292E-02  0.55874E-02  0.37782E-02  0.24338E-02  0.13221E-02
 0.22000E+01 -0.32310E-02 -0.30053E-01 -0.83919E-02  0.35129E-01  0.55211E-01  0.51306E-01  0.39843E-01  0.29458E-01  0.21725E-01  0.16111E-01  0.11967E-01  0.88608E-02  0.65184E-02  0.47176E-02  0.32022E-02  0.17998E-02
 0.24000E+01 -0.14879E-01 -0.21004E-01 -0.19788E-02  0.20902E-01  0.28576E-01  0.26154E-01  0.22221E-01  0.19214E-01  0.16718E-01  0.14274E-01  0.11834E-01  0.95220E-02  0.74569E-02  0.56543E-02  0.39650E-02  0.22730E-02
 0.26000E+01 -0.26437E-01 -0.12119E-01  0.49969E-02  0.82174E-02  0.37575E-02  0.24782E-02  0.55788E-02  0.95458E-02  0.12018E-01  0.12586E-01  0.11761E-01  0.10197E-01  0.83876E-02  0.65755E-02  0.47123E-02  0.27357E-02
 0.28000E+01 -0.37824E-01 -0.34130E-02  0.12329E-01 -0.32515E-02 -0.19553E-01 -0.19942E-01 -0.10214E-01  0.38671E-03  0.75991E-02  0.11040E-01  0.11752E-01  0.10894E-01  0.93199E-02  0.74896E-02  0.54507E-02  0.31921E-02
 0.30000E+01 -0.46696E-01  0.32707E-02  0.16903E-01 -0.14332E-01 -0.39964E-01 -0.39130E-01 -0.23614E-01 -0.73676E-02  0.38414E-02  0.96959E-02  0.11699E-01  0.11437E-01  0.10067E-01  0.82275E-02  0.60488E-02  0.35624E-02
