 0.00000E+00  0.85529E+00  0.30666E+00 -0.78538E-01 -0.21442E+00 -0.16683E+00 -0.56664E-01  0.31011E-01  0.70986E-01  0.74645E-01  0.61361E-01  0.44550E-01  0.30140E-01  0.19498E-01  0.12159E-01  0.72693E-02  0.41071E-02
 0.20000E+00  0.22931E+00  0.41417E+00  0.42718E+00  0.29608E+00  0.11690E+00 -0.24381E-01 -0.95273E-01 -0.10828E+00 -0.91191E-01 -0.66054E-01 -0.43864E-01 -0.27667E-01 -0.16891E-01 -0.10035E-01 -0.57649E-02 -0.31547E-02
 0.40000E+00 -0.32101E-01  0.22667E+00  0.35260E+00  0.32792E+00  0.21420E+00  0.90398E-01  0.37491E-02 -0.37843E-01 -0.47769E-01 -0.42269E-01 -0.32198E-01 -0.22633E-01 -0.15124E-01 -0.96913E-02 -0.59246E-02 -0.34067E-02
 0.60000E+00 -0.54495E-01  0.10798E+00  0.21987E+00  0.25157E+00  0.21710E+00  0.15259E+00  0.89826E-01  0.44166E-01  0.17014E-01  0.34503E-02 -0.21058E-02 -0.36554E-02 -0.34885E-02 -0.27367E-02 -0.19035E-02 -0.11933E-02
 0.80000E+00 -0.33904E-01  0.36074E-01  0.11434E+00  0.17197E+00  0.19200E+00  0.17665E+00  0.14080E+00  0.10060E+00  0.66253E-01  0.41192E-01  0.24667E-01  0.14436E-01  0.83203E-02  0.47206E-02  0.26123E-02  0.13870E-02
 0.10000E+01 -0.12885E-01 -0.14534E-02  0.48620E-01  0.11346E+00  0.16191E+00  0.17696E+00  0.16150E+00  0.12947E+00  0.94587E-01  0.64811E-01  0.42586E-01  0.27237E-01  0.17068E-01  0.10453E-01  0.61852E-02  0.34740E-02
 0.12000E+01  0.71923E-03 -0.19509E-01  0.11535E-01  0.75323E-01  0.13604E+00  0.16753E+00  0.16540E+00  0.14080E+00  0.10814E+00  0.77414E-01  0.52885E-01  0.35007E-01  0.22600E-01  0.14191E-01  0.85699E-02  0.48906E-02
 0.14000E+01  0.86501E-02 -0.28098E-01 -0.94383E-02  0.50550E-01  0.11561E+00  0.15564E+00  0.16198E+00  0.14329E+00  0.11355E+00  0.83491E-01  0.58376E-01  0.39422E-01  0.25883E-01  0.16479E-01  0.10061E-01  0.57899E-02
 0.16000E+01  0.13175E-01 -0.32151E-01 -0.21732E-01  0.33850E-01  0.99558E-01  0.14392E+00  0.15573E+00  0.14162E+00  0.11473E+00  0.85953E-01  0.61067E-01  0.41803E-01  0.27758E-01  0.17834E-01  0.10966E-01  0.63455E-02
 0.18000E+01  0.15702E-01 -0.33929E-01 -0.29162E-01  0.22141E-01  0.86779E-01  0.13316E+00  0.14856E+00  0.13800E+00  0.11370E+00  0.86389E-01  0.62114E-01  0.42949E-01  0.28755E-01  0.18597E-01  0.11495E-01  0.66775E-02
 0.20000E+01  0.17024E-01 -0.34511E-01 -0.33716E-01  0.13676E-01  0.76448E-01  0.12353E+00  0.14131E+00  0.13352E+00  0.11149E+00  0.85661E-01  0.62170E-01  0.43323E-01  0.29191E-01  0.18976E-01  0.11775E-01  0.68608E-02
 0.22000E+01  0.17607E-01 -0.34446E-01 -0.36484E-01  0.74230E-02  0.67999E-01  0.11500E+00  0.13435E+00  0.12874E+00  0.10869E+00  0.84263E-01  0.61618E-01  0.43208E-01  0.29262E-01  0.19099E-01  0.11889E-01  0.69433E-02
 0.24000E+01  0.17738E-01 -0.34032E-01 -0.38119E-01  0.27164E-02  0.61009E-01  0.10748E+00  0.12785E+00  0.12397E+00  0.10562E+00  0.82499E-01  0.60705E-01  0.42787E-01  0.29098E-01  0.19054E-01  0.11891E-01  0.69581E-02
 0.26000E+01  0.17591E-01 -0.33430E-01 -0.39017E-01 -0.88898E-03  0.55148E-01  0.10083E+00  0.12182E+00  0.11933E+00  0.10247E+00  0.80544E-01  0.59577E-01  0.42173E-01  0.28780E-01  0.18898E-01  0.11819E-01  0.69269E-02
 0.28000E+01  0.17271E-01 -0.32731E-01 -0.39423E-01 -0.36867E-02  0.50178E-01  0.94919E-01  0.11627E+00  0.11490E+00  0.99326E-01  0.78500E-01  0.58325E-01  0.41439E-01  0.28363E-01  0.18668E-01  0.11696E-01  0.68641E-02
 0.30000E+01  0.16745E-01 -0.31682E-01 -0.39315E-01 -0.62299E-02  0.44984E-01  0.88345E-01  0.10981E+00  0.10953E+00  0.95343E-01  0.75779E-01  0.56564E-01  0.40340E-01  0.27695E-01  0.18272E-01  0.11469E-01  0.67406E-02
 0.00000E+00  0.85529E+00  0.30666E+00 -0.78538E-01 -0.21442E+00 -0.16683E+00 -0.56664E-01  0.31011E-01  0.70986E-01  0.74645E-01  0.61361E-01  0.44550E-01  0.30140E-01  0.19498E-01  0.12159E-01  0.72693E-02  0.41071E-02
 0.20000E+00  0.22931E+00  0.41417E+00  0.42718E+00  0.29608E+00  0.11690E+00 -0.24381E-01 -0.95273E-01 -0.10828E+00 -0.91191E-01 -0.66054E-01 -0.43864E-01 -0.27667E-01 -0.16891E-01 -0.10035E-01 -0.57649E-02 -0.31547E-02
 0.40000E+00 -0.32101E-01  0.22667E+00  0.35260E+00  0.32792E+00  0.21420E+00  0.90398E-01  0.37491E-02 -0.37843E-01 -0.47769E-01 -0.42269E-01 -0.32198E-01 -0.22633E-01 -0.15124E-01 -0.96913E-02 -0.59246E-02 -0.34067E-02
 0.60000E+00 -0.54495E-01  0.10798E+00  0.21987E+00  0.25157E+00  0.21710E+00  0.15259E+00  0.89826E-01  0.44166E-01  0.17014E-01  0.34503E-02 -0.21058E-02 -0.36554E-02 -0.34885E-02 -0.27367E-02 -0.19035E-02 -0.11933E-02
 0.80000E+00 -0.33904E-01  0.36074E-01  0.11434E+00  0.17197E+00  0.19200E+00  0.17665E+00  0.14080E+00  0.10060E+00  0.66253E-01  0.41192E-01  0.24667E-01  0.14436E-01  0.83203E-02  0.47206E-02  0.26123E-02  0.13870E-02
 0.10000E+01 -0.12885E-01 -0.14534E-02  0.48620E-01  0.11346E+00  0.16191E+00  0.17696E+00  0.16150E+00  0.12947E+00  0.94587E-01  0.64811E-01  0.42586E-01  0.27237E-01  0.17068E-01  0.10453E-01  0.61852E-02  0.34740E-02
 0.12000E+01  0.71923E-03 -0.19509E-01  0.11535E-01  0.75323E-01  0.13604E+00  0.16753E+00  0.16540E+00  0.14080E+00  0.10814E+00  0.77414E-01  0.52885E-01  0.35007E-01  0.22600E-01  0.14191E-01  0.85699E-02  0.48906E-02
 0.14000E+01  0.86501E-02 -0.28098E-01 -0.94383E-02  0.50550E-01  0.11561E+00  0.15564E+00  0.16198E+00  0.14329E+00  0.11355E+00  0.83491E-01  0.58376E-01  0.39422E-01  0.25883E-01  0.16479E-01  0.10061E-01  0.57899E-02
 0.16000E+01  0.13175E-01 -0.32151E-01 -0.21732E-01  0.33850E-01  0.99558E-01  0.14392E+00  0.15573E+00  0.14162E+00  0.11473E+00  0.85953E-01  0.61067E-01  0.41803E-01  0.27758E-01  0.17834E-01  0.10966E-01  0.63455E-02
 0.18000E+01  0.15702E-01 -0.33929E-01 -0.29162E-01  0.22141E-01  0.86779E-01  0.13316E+00  0.14856E+00  0.13800E+00  0.11370E+00  0.86389E-01  0.62114E-01  0.42949E-01  0.28755E-01  0.18597E-01  0.11495E-01  0.66775E-02
 0.20000E+01  0.17024E-01 -0.34511E-01 -0.33716E-01  0.13676E-01  0.76448E-01  0.12353E+00  0.14131E+00  0.13352E+00  0.11149E+00  0.85661E-01  0.62170E-01  0.43323E-01  0.29191E-01  0.18976E-01  0.11775E-01  0.68608E-02
 0.22000E+01  0.17607E-01 -0.34446E-01 -0.36484E-01  0.74230E-02  0.67999E-01  0.11500E+00  0.13435E+00  0.12874E+00  0.10869E+00  0.84263E-01  0.61618E-01  0.43208E-01  0.29262E-01  0.19099E-01  0.11889E-01  0.69433E-02
 0.24000E+01  0.17738E-01 -0.34032E-01 -0.38119E-01  0.27164E-02  0.61009E-01  0.10748E+00  0.12785E+00  0.12397E+00  0.10562E+00  0.82499E-01  0.60705E-01  0.42787E-01  0.29098E-01  0.19054E-01  0.11891E-01  0.69581E-02
 0.26000E+01  0.17591E-01 -0.33430E-01 -0.39017E-01 -0.88898E-03  0.55148E-01  0.10083E+00  0.12182E+00  0.11933E+00  0.10247E+00  0.80544E-01  0.59577E-01  0.42173E-01  0.28780E-01  0.18898E-01  0.11819E-01  0.69269E-02
 0.28000E+01  0.17271E-01 -0.32731E-01 -0.39423E-01 -0.36867E-02  0.50178E-01  0.94919E-01  0.11627E+00  0.11490E+00  0.99326E-01  0.78500E-01  0.58325E-01  0.41439E-01  0.28363E-01  0.18668E-01  0.11696E-01  0.68641E-02
 0.30000E+01  0.16745E-01 -0.31682E-01 -0.39315E-01 -0.62299E-02  0.44984E-01  0.88345E-01  0.10981E+00  0.10953E+00  0.95343E-01  0.75779E-01  0.56564E-01  0.40340E-01  0.27695E-01  0.18272E-01  0.11469E-01  0.67406E-02
