 0.00000E+00  0.64935E+00  0.32935E+00 -0.32854E-01 -0.13911E+00 -0.79801E-01 -0.92311E-02  0.23212E-01  0.28220E-01  0.22913E-01  0.16122E-01  0.10621E-01  0.67516E-02  0.41936E-02  0.25483E-02  0.14743E-02  0.73613E-03
 0.20000E+00  0.44478E+00  0.46309E+00  0.30475E+00  0.12008E+00  0.84490E-02 -0.32362E-01 -0.36423E-01 -0.28524E-01 -0.19613E-01 -0.12752E-01 -0.80780E-02 -0.50480E-02 -0.31267E-02 -0.19140E-02 -0.11214E-02 -0.56645E-03
 0.40000E+00 -0.29116E-01  0.25705E+00  0.39859E+00  0.30438E+00  0.13974E+00  0.28236E-01 -0.17727E-01 -0.26860E-01 -0.22762E-01 -0.16291E-01 -0.10840E-01 -0.69419E-02 -0.43394E-02 -0.26530E-02 -0.15439E-02 -0.77476E-03
 0.60000E+00 -0.15892E+00  0.10358E+00  0.31051E+00  0.31281E+00  0.20737E+00  0.10784E+00  0.48481E-01  0.20242E-01  0.82847E-02  0.34372E-02  0.14767E-02  0.67352E-03  0.33761E-03  0.18898E-03  0.11013E-03  0.56157E-04
 0.80000E+00 -0.11354E+00  0.84555E-02  0.16423E+00  0.24005E+00  0.22682E+00  0.17300E+00  0.11732E+00  0.74785E-01  0.46314E-01  0.28342E-01  0.17256E-01  0.10476E-01  0.63396E-02  0.38033E-02  0.21888E-02  0.10898E-02
 0.10000E+01 -0.26064E-01 -0.36084E-01  0.44004E-01  0.15740E+00  0.21551E+00  0.20491E+00  0.15963E+00  0.11097E+00  0.72463E-01  0.45771E-01  0.28380E-01  0.17386E-01  0.10545E-01  0.63082E-02  0.36100E-02  0.17882E-02
 0.12000E+01  0.33076E-01 -0.52449E-01 -0.24334E-01  0.10034E+00  0.19479E+00  0.21008E+00  0.17419E+00  0.12532E+00  0.83443E-01  0.53287E-01  0.33228E-01  0.20398E-01  0.12364E-01  0.73742E-02  0.42028E-02  0.20743E-02
 0.14000E+01  0.62405E-01 -0.56992E-01 -0.57220E-01  0.66305E-01  0.17432E+00  0.20218E+00  0.17306E+00  0.12660E+00  0.85084E-01  0.54619E-01  0.34151E-01  0.20985E-01  0.12714E-01  0.75719E-02  0.43065E-02  0.21217E-02
 0.16000E+01  0.74559E-01 -0.56916E-01 -0.71612E-01  0.45923E-01  0.15616E+00  0.18927E+00  0.16492E+00  0.12174E+00  0.82243E-01  0.52955E-01  0.33170E-01  0.20403E-01  0.12368E-01  0.73668E-02  0.41894E-02  0.20638E-02
 0.18000E+01  0.77519E-01 -0.54941E-01 -0.76461E-01  0.33267E-01  0.14015E+00  0.17457E+00  0.15367E+00  0.11401E+00  0.77247E-01  0.49838E-01  0.31270E-01  0.19264E-01  0.11697E-01  0.69794E-02  0.39767E-02  0.19622E-02
 0.20000E+01  0.75640E-01 -0.52249E-01 -0.76395E-01  0.25047E-01  0.12593E+00  0.15958E+00  0.14129E+00  0.10512E+00  0.71341E-01  0.46099E-01  0.28973E-01  0.17887E-01  0.10889E-01  0.65190E-02  0.37275E-02  0.18449E-02
 0.22000E+01  0.70897E-01 -0.49224E-01 -0.73410E-01  0.19662E-01  0.11307E+00  0.14469E+00  0.12842E+00  0.95626E-01  0.64950E-01  0.42022E-01  0.26464E-01  0.16386E-01  0.10015E-01  0.60252E-02  0.34641E-02  0.17225E-02
 0.24000E+01  0.64683E-01 -0.46130E-01 -0.68887E-01  0.16049E-01  0.10139E+00  0.13031E+00  0.11567E+00  0.86086E-01  0.58477E-01  0.37878E-01  0.23911E-01  0.14860E-01  0.91295E-02  0.55288E-02  0.32015E-02  0.16015E-02
 0.26000E+01  0.57469E-01 -0.43027E-01 -0.63329E-01  0.13697E-01  0.90608E-01  0.11637E+00  0.10305E+00  0.76547E-01  0.51968E-01  0.33700E-01  0.21337E-01  0.13325E-01  0.82421E-02  0.50345E-02  0.29423E-02  0.14832E-02
 0.28000E+01  0.49606E-01 -0.39963E-01 -0.57117E-01  0.12221E-01  0.80506E-01  0.10281E+00  0.90594E-01  0.67066E-01  0.45474E-01  0.29525E-01  0.18765E-01  0.11794E-01  0.73599E-02  0.45458E-02  0.26879E-02  0.13679E-02
 0.30000E+01  0.43528E-01 -0.37243E-01 -0.52642E-01  0.95654E-02  0.70582E-01  0.90387E-01  0.79526E-01  0.58785E-01  0.39855E-01  0.25926E-01  0.16545E-01  0.10463E-01  0.65839E-02  0.41074E-02  0.24540E-02  0.12593E-02
