 0.00000E+00  0.78089E+00  0.34716E+00 -0.41177E-03 -0.16592E+00 -0.16988E+00 -0.94810E-01 -0.15188E-01  0.34355E-01  0.52200E-01  0.50237E-01  0.40186E-01  0.29046E-01  0.19682E-01  0.12682E-01  0.77612E-02  0.44586E-02
 0.20000E+00  0.29993E+00  0.36555E+00  0.33912E+00  0.23944E+00  0.11653E+00  0.16100E-01 -0.42020E-01 -0.62100E-01 -0.58950E-01 -0.46415E-01 -0.32891E-01 -0.21847E-01 -0.13898E-01 -0.85302E-02 -0.50284E-02 -0.28076E-02
 0.40000E+00  0.11889E-01  0.21176E+00  0.31570E+00  0.30210E+00  0.21113E+00  0.10335E+00  0.20748E-01 -0.24565E-01 -0.40112E-01 -0.38890E-01 -0.31157E-01 -0.22563E-01 -0.15333E-01 -0.99138E-02 -0.60873E-02 -0.35074E-02
 0.60000E+00 -0.61156E-01  0.12336E+00  0.24459E+00  0.27133E+00  0.22361E+00  0.14558E+00  0.74137E-01  0.25624E-01 -0.14048E-03 -0.10302E-01 -0.12127E-01 -0.10487E-01 -0.79210E-02 -0.54933E-02 -0.35415E-02 -0.21121E-02
 0.80000E+00 -0.68794E-01  0.53048E-01  0.15485E+00  0.20641E+00  0.20533E+00  0.16978E+00  0.12250E+00  0.79514E-01  0.47474E-01  0.26534E-01  0.14073E-01  0.71507E-02  0.34954E-02  0.16408E-02  0.73374E-03  0.30848E-03
 0.10000E+01 -0.43171E-01  0.50199E-02  0.71376E-01  0.13290E+00  0.16958E+00  0.17469E+00  0.15483E+00  0.12256E+00  0.89092E-01  0.60827E-01  0.39742E-01  0.25199E-01  0.15622E-01  0.94594E-02  0.55395E-02  0.30840E-02
 0.12000E+01 -0.13881E-01 -0.20712E-01  0.13740E-01  0.74708E-01  0.13301E+00  0.16575E+00  0.16731E+00  0.14605E+00  0.11483E+00  0.83727E-01  0.57892E-01  0.38557E-01  0.24934E-01  0.15644E-01  0.94291E-02  0.53700E-02
 0.14000E+01  0.68827E-02 -0.32315E-01 -0.19741E-01  0.36380E-01  0.10388E+00  0.15174E+00  0.16698E+00  0.15442E+00  0.12680E+00  0.95771E-01  0.68209E-01  0.46584E-01  0.30768E-01  0.19641E-01  0.12002E-01  0.69081E-02
 0.16000E+01  0.19421E-01 -0.36880E-01 -0.37942E-01  0.12598E-01  0.82622E-01  0.13777E+00  0.16107E+00  0.15473E+00  0.13066E+00  0.10094E+00  0.73268E-01  0.50847E-01  0.34036E-01  0.21964E-01  0.13537E-01  0.78427E-02
 0.18000E+01  0.26630E-01 -0.38260E-01 -0.47718E-01 -0.22484E-02  0.67265E-01  0.12551E+00  0.15346E+00  0.15146E+00  0.13046E+00  0.10241E+00  0.75331E-01  0.52871E-01  0.35723E-01  0.23228E-01  0.14401E-01  0.83807E-02
 0.20000E+01  0.30716E-01 -0.38227E-01 -0.52950E-01 -0.11803E-01  0.55934E-01  0.11513E+00  0.14575E+00  0.14682E+00  0.12836E+00  0.10197E+00  0.75759E-01  0.53621E-01  0.36482E-01  0.23854E-01  0.14854E-01  0.86732E-02
 0.22000E+01  0.32975E-01 -0.37567E-01 -0.55667E-01 -0.18157E-01  0.47326E-01  0.10635E+00  0.13847E+00  0.14175E+00  0.12538E+00  0.10054E+00  0.75287E-01  0.53637E-01  0.36691E-01  0.24095E-01  0.15055E-01  0.88128E-02
 0.24000E+01  0.34156E-01 -0.36635E-01 -0.56946E-01 -0.22514E-01  0.40584E-01  0.98852E-01  0.13176E+00  0.13668E+00  0.12205E+00  0.98620E-01  0.74319E-01  0.53228E-01  0.36571E-01  0.24100E-01  0.15098E-01  0.88565E-02
 0.26000E+01  0.34676E-01 -0.35592E-01 -0.57369E-01 -0.25583E-01  0.35144E-01  0.92343E-01  0.12560E+00  0.13176E+00  0.11861E+00  0.96451E-01  0.73072E-01  0.52567E-01  0.36248E-01  0.23957E-01  0.15043E-01  0.88388E-02
 0.28000E+01  0.34765E-01 -0.34515E-01 -0.57253E-01 -0.27774E-01  0.30645E-01  0.86599E-01  0.11992E+00  0.12702E+00  0.11514E+00  0.94152E-01  0.71657E-01  0.51747E-01  0.35794E-01  0.23715E-01  0.14919E-01  0.87792E-02
 0.30000E+01  0.34448E-01 -0.33103E-01 -0.56513E-01 -0.29572E-01  0.26011E-01  0.80198E-01  0.11325E+00  0.12124E+00  0.11072E+00  0.91076E-01  0.69657E-01  0.50507E-01  0.35053E-01  0.23286E-01  0.14679E-01  0.86513E-02
 0.00000E+00  0.78089E+00  0.34716E+00 -0.41177E-03 -0.16592E+00 -0.16988E+00 -0.94810E-01 -0.15188E-01  0.34355E-01  0.52200E-01  0.50237E-01  0.40186E-01  0.29046E-01  0.19682E-01  0.12682E-01  0.77612E-02  0.44586E-02
 0.20000E+00  0.29993E+00  0.36555E+00  0.33912E+00  0.23944E+00  0.11653E+00  0.16100E-01 -0.42020E-01 -0.62100E-01 -0.58950E-01 -0.46415E-01 -0.32891E-01 -0.21847E-01 -0.13898E-01 -0.85302E-02 -0.50284E-02 -0.28076E-02
 0.40000E+00  0.11889E-01  0.21176E+00  0.31570E+00  0.30210E+00  0.21113E+00  0.10335E+00  0.20748E-01 -0.24565E-01 -0.40112E-01 -0.38890E-01 -0.31157E-01 -0.22563E-01 -0.15333E-01 -0.99138E-02 -0.60873E-02 -0.35074E-02
 0.60000E+00 -0.61156E-01  0.12336E+00  0.24459E+00  0.27133E+00  0.22361E+00  0.14558E+00  0.74137E-01  0.25624E-01 -0.14048E-03 -0.10302E-01 -0.12127E-01 -0.10487E-01 -0.79210E-02 -0.54933E-02 -0.35415E-02 -0.21121E-02
 0.80000E+00 -0.68794E-01  0.53048E-01  0.15485E+00  0.20641E+00  0.20533E+00  0.16978E+00  0.12250E+00  0.79514E-01  0.47474E-01  0.26534E-01  0.14073E-01  0.71507E-02  0.34954E-02  0.16408E-02  0.73374E-03  0.30848E-03
 0.10000E+01 -0.43171E-01  0.50199E-02  0.71376E-01  0.13290E+00  0.16958E+00  0.17469E+00  0.15483E+00  0.12256E+00  0.89092E-01  0.60827E-01  0.39742E-01  0.25199E-01  0.15622E-01  0.94594E-02  0.55395E-02  0.30840E-02
 0.12000E+01 -0.13881E-01 -0.20712E-01  0.13740E-01  0.74708E-01  0.13301E+00  0.16575E+00  0.16731E+00  0.14605E+00  0.11483E+00  0.83727E-01  0.57892E-01  0.38557E-01  0.24934E-01  0.15644E-01  0.94291E-02  0.53700E-02
 0.14000E+01  0.68827E-02 -0.32315E-01 -0.19741E-01  0.36380E-01  0.10388E+00  0.15174E+00  0.16698E+00  0.15442E+00  0.12680E+00  0.95771E-01  0.68209E-01  0.46584E-01  0.30768E-01  0.19641E-01  0.12002E-01  0.69081E-02
 0.16000E+01  0.19421E-01 -0.36880E-01 -0.37942E-01  0.12598E-01  0.82622E-01  0.13777E+00  0.16107E+00  0.15473E+00  0.13066E+00  0.10094E+00  0.73268E-01  0.50847E-01  0.34036E-01  0.21964E-01  0.13537E-01  0.78427E-02
 0.18000E+01  0.26630E-01 -0.38260E-01 -0.47718E-01 -0.22484E-02  0.67265E-01  0.12551E+00  0.15346E+00  0.15146E+00  0.13046E+00  0.10241E+00  0.75331E-01  0.52871E-01  0.35723E-01  0.23228E-01  0.14401E-01  0.83807E-02
 0.20000E+01  0.30716E-01 -0.38227E-01 -0.52950E-01 -0.11803E-01  0.55934E-01  0.11513E+00  0.14575E+00  0.14682E+00  0.12836E+00  0.10197E+00  0.75759E-01  0.53621E-01  0.36482E-01  0.23854E-01  0.14854E-01  0.86732E-02
 0.22000E+01  0.32975E-01 -0.37567E-01 -0.55667E-01 -0.18157E-01  0.47326E-01  0.10635E+00  0.13847E+00  0.14175E+00  0.12538E+00  0.10054E+00  0.75287E-01  0.53637E-01  0.36691E-01  0.24095E-01  0.15055E-01  0.88128E-02
 0.24000E+01  0.34156E-01 -0.36635E-01 -0.56946E-01 -0.22514E-01  0.40584E-01  0.98852E-01  0.13176E+00  0.13668E+00  0.12205E+00  0.98620E-01  0.74319E-01  0.53228E-01  0.36571E-01  0.24100E-01  0.15098E-01  0.88565E-02
 0.26000E+01  0.34676E-01 -0.35592E-01 -0.57369E-01 -0.25583E-01  0.35144E-01  0.92343E-01  0.12560E+00  0.13176E+00  0.11861E+00  0.96451E-01  0.73072E-01  0.52567E-01  0.36248E-01  0.23957E-01  0.15043E-01  0.88388E-02
 0.28000E+01  0.34765E-01 -0.34515E-01 -0.57253E-01 -0.27774E-01  0.30645E-01  0.86599E-01  0.11992E+00  0.12702E+00  0.11514E+00  0.94152E-01  0.71657E-01  0.51747E-01  0.35794E-01  0.23715E-01  0.14919E-01  0.87792E-02
 0.30000E+01  0.34448E-01 -0.33103E-01 -0.56513E-01 -0.29572E-01  0.26011E-01  0.80198E-01  0.11325E+00  0.12124E+00  0.11072E+00  0.91076E-01  0.69657E-01  0.50507E-01  0.35053E-01  0.23286E-01  0.14679E-01  0.86513E-02
