 0.00000E+00  0.70351E+00  0.31841E+00 -0.64791E-01 -0.14226E+00 -0.65494E-01 -0.81754E-03  0.22557E-01  0.24138E-01  0.19086E-01  0.13477E-01  0.89914E-02  0.57927E-02  0.36367E-02  0.22239E-02  0.12881E-02  0.64145E-03
 0.20000E+00  0.41850E+00  0.47297E+00  0.32679E+00  0.12859E+00  0.59979E-02 -0.36948E-01 -0.40391E-01 -0.31919E-01 -0.22516E-01 -0.15092E-01 -0.98434E-02 -0.63114E-02 -0.39955E-02 -0.24904E-02 -0.14795E-02 -0.75432E-03
 0.40000E+00 -0.92313E-01  0.25241E+00  0.41966E+00  0.30929E+00  0.13571E+00  0.30893E-01 -0.89156E-02 -0.17695E-01 -0.15993E-01 -0.12001E-01 -0.83057E-02 -0.54923E-02 -0.35207E-02 -0.21926E-02 -0.12911E-02 -0.65169E-03
 0.60000E+00 -0.12390E+00  0.10180E+00  0.27700E+00  0.27905E+00  0.19480E+00  0.11607E+00  0.65978E-01  0.37555E-01  0.21683E-01  0.12692E-01  0.75070E-02  0.44726E-02  0.26767E-02  0.15975E-02  0.91793E-03  0.45673E-03
 0.80000E+00 -0.63181E-01  0.18693E-01  0.14340E+00  0.21627E+00  0.21151E+00  0.16615E+00  0.11635E+00  0.76851E-01  0.49264E-01  0.31060E-01  0.19367E-01  0.11969E-01  0.73316E-02  0.44292E-02  0.25556E-02  0.12725E-02
 0.10000E+01 -0.13511E-01 -0.22947E-01  0.59763E-01  0.16686E+00  0.20869E+00  0.18616E+00  0.13984E+00  0.96184E-01  0.63194E-01  0.40467E-01  0.25484E-01  0.15842E-01  0.97308E-02  0.58795E-02  0.33871E-02  0.16833E-02
 0.12000E+01  0.15365E-01 -0.43445E-01  0.12224E-01  0.13299E+00  0.19851E+00  0.18963E+00  0.14729E+00  0.10319E+00  0.68556E-01  0.44221E-01  0.27987E-01  0.17457E-01  0.10749E-01  0.65043E-02  0.37505E-02  0.18649E-02
 0.14000E+01  0.30346E-01 -0.53705E-01 -0.14878E-01  0.10933E+00  0.18586E+00  0.18501E+00  0.14646E+00  0.10370E+00  0.69377E-01  0.44983E-01  0.28592E-01  0.17908E-01  0.11071E-01  0.67284E-02  0.38968E-02  0.19448E-02
 0.16000E+01  0.37315E-01 -0.58787E-01 -0.30703E-01  0.91897E-01  0.17258E+00  0.17652E+00  0.14145E+00  0.10087E+00  0.67838E-01  0.44187E-01  0.28215E-01  0.17760E-01  0.11043E-01  0.67565E-02  0.39407E-02  0.19787E-02
 0.18000E+01  0.39510E-01 -0.60960E-01 -0.39820E-01  0.78463E-01  0.15936E+00  0.16610E+00  0.13422E+00  0.96227E-01  0.65007E-01  0.42540E-01  0.27307E-01  0.17296E-01  0.10836E-01  0.66891E-02  0.39385E-02  0.19935E-02
 0.20000E+01  0.38550E-01 -0.61350E-01 -0.44605E-01  0.67714E-01  0.14629E+00  0.15450E+00  0.12559E+00  0.90430E-01  0.61363E-01  0.40367E-01  0.26080E-01  0.16651E-01  0.10534E-01  0.65781E-02  0.39203E-02  0.20044E-02
 0.22000E+01  0.35593E-01 -0.60578E-01 -0.46521E-01  0.58858E-01  0.13349E+00  0.14229E+00  0.11615E+00  0.83957E-01  0.57242E-01  0.37889E-01  0.24674E-01  0.15910E-01  0.10188E-01  0.64521E-02  0.39013E-02  0.20183E-02
 0.24000E+01  0.31275E-01 -0.59069E-01 -0.46470E-01  0.51429E-01  0.12107E+00  0.12984E+00  0.10631E+00  0.77119E-01  0.52859E-01  0.35246E-01  0.23173E-01  0.15122E-01  0.98227E-02  0.63235E-02  0.38864E-02  0.20368E-02
 0.26000E+01  0.26038E-01 -0.57030E-01 -0.45030E-01  0.45012E-01  0.10893E+00  0.11721E+00  0.96166E-01  0.70020E-01  0.48293E-01  0.32490E-01  0.21612E-01  0.14307E-01  0.94521E-02  0.61996E-02  0.38796E-02  0.20617E-02
 0.28000E+01  0.19869E-01 -0.54631E-01 -0.42450E-01  0.39413E-01  0.96958E-01  0.10438E+00  0.85722E-01  0.62663E-01  0.43548E-01  0.29627E-01  0.19996E-01  0.13471E-01  0.90785E-02  0.60824E-02  0.38823E-02  0.20937E-02
 0.30000E+01  0.14240E-01 -0.52560E-01 -0.40634E-01  0.33404E-01  0.85103E-01  0.91928E-01  0.75667E-01  0.55593E-01  0.38975E-01  0.26844E-01  0.18398E-01  0.12618E-01  0.86716E-02  0.59271E-02  0.38514E-02  0.21040E-02
