 0.00000E+00  0.69303E+00  0.32604E+00 -0.49541E-01 -0.13530E+00 -0.69427E-01 -0.97947E-02  0.13592E-01  0.16938E-01  0.13584E-01  0.92303E-02  0.56666E-02  0.31859E-02  0.16134E-02  0.69444E-03  0.22025E-03  0.33402E-04
 0.20000E+00  0.42707E+00  0.46947E+00  0.31648E+00  0.12188E+00  0.53873E-02 -0.34392E-01 -0.37207E-01 -0.28947E-01 -0.19827E-01 -0.12664E-01 -0.77014E-02 -0.44876E-02 -0.25000E-02 -0.13176E-02 -0.64050E-03 -0.26925E-03
 0.40000E+00 -0.82601E-01  0.24226E+00  0.40281E+00  0.30371E+00  0.14302E+00  0.43372E-01  0.27408E-02 -0.86870E-02 -0.93461E-02 -0.70433E-02 -0.45412E-02 -0.26123E-02 -0.13262E-02 -0.55554E-03 -0.15798E-03 -0.96026E-05
 0.60000E+00 -0.11877E+00  0.99751E-01  0.27388E+00  0.28136E+00  0.20166E+00  0.12354E+00  0.71563E-01  0.40832E-01  0.23221E-01  0.13188E-01  0.74746E-02  0.42217E-02  0.23702E-02  0.13135E-02  0.69715E-03  0.32330E-03
 0.80000E+00 -0.71837E-01  0.23659E-01  0.15765E+00  0.22774E+00  0.21530E+00  0.16427E+00  0.11179E+00  0.71416E-01  0.43862E-01  0.26153E-01  0.15180E-01  0.85618E-02  0.46627E-02  0.24195E-02  0.11619E-02  0.48223E-03
 0.10000E+01 -0.31225E-01 -0.15688E-01  0.82148E-01  0.18171E+00  0.20869E+00  0.17688E+00  0.12773E+00  0.84479E-01  0.52983E-01  0.31981E-01  0.18669E-01  0.10524E-01  0.56881E-02  0.29008E-02  0.13529E-02  0.54094E-03
 0.12000E+01 -0.54335E-02 -0.35920E-01  0.35713E-01  0.14603E+00  0.19357E+00  0.17430E+00  0.12973E+00  0.87260E-01  0.55289E-01  0.33590E-01  0.19686E-01  0.11122E-01  0.60125E-02  0.30604E-02  0.14213E-02  0.56501E-03
 0.14000E+01  0.89089E-02 -0.45564E-01  0.78720E-02  0.11847E+00  0.17495E+00  0.16369E+00  0.12404E+00  0.84279E-01  0.53757E-01  0.32828E-01  0.19329E-01  0.10973E-01  0.59668E-02  0.30624E-02  0.14397E-02  0.58148E-03
 0.16000E+01  0.15157E-01 -0.48845E-01 -0.77406E-02  0.96935E-01  0.15498E+00  0.14861E+00  0.11390E+00  0.77924E-01  0.49973E-01  0.30680E-01  0.18177E-01  0.10402E-01  0.57223E-02  0.29890E-02  0.14426E-02  0.60194E-03
 0.18000E+01  0.15773E-01 -0.48129E-01 -0.15104E-01  0.79890E-01  0.13471E+00  0.13110E+00  0.10118E+00  0.69579E-01  0.44856E-01  0.27717E-01  0.16564E-01  0.95956E-02  0.53736E-02  0.28835E-02  0.14461E-02  0.63090E-03
 0.20000E+01  0.12510E-01 -0.44921E-01 -0.16883E-01  0.66259E-01  0.11478E+00  0.11244E+00  0.87103E-01  0.60147E-01  0.39005E-01  0.24307E-01  0.14704E-01  0.86674E-02  0.49772E-02  0.27695E-02  0.14575E-02  0.66917E-03
 0.22000E+01  0.66219E-02 -0.40127E-01 -0.14815E-01  0.55282E-01  0.95552E-01  0.93421E-01  0.72416E-01  0.50193E-01  0.32794E-01  0.20680E-01  0.12728E-01  0.76878E-02  0.45664E-02  0.26600E-02  0.14799E-02  0.71640E-03
 0.24000E+01 -0.10310E-02 -0.34349E-01 -0.10114E-01  0.46360E-01  0.77168E-01  0.74506E-01  0.57572E-01  0.40061E-01  0.26452E-01  0.16977E-01  0.10717E-01  0.66992E-02  0.41612E-02  0.25624E-02  0.15145E-02  0.77204E-03
 0.26000E+01 -0.98071E-02 -0.28003E-01 -0.36699E-02  0.39006E-01  0.59660E-01  0.55959E-01  0.42856E-01  0.29967E-01  0.20124E-01  0.13285E-01  0.87202E-02  0.57261E-02  0.37718E-02  0.24792E-02  0.15605E-02  0.83471E-03
 0.28000E+01 -0.19411E-01 -0.21300E-01  0.40283E-02  0.32866E-01  0.42909E-01  0.37793E-01  0.28321E-01  0.19963E-01  0.13848E-01  0.96284E-02  0.67510E-02  0.47763E-02  0.34017E-02  0.24116E-02  0.16180E-02  0.90421E-03
 0.30000E+01 -0.26099E-01 -0.16457E-01  0.83476E-02  0.25955E-01  0.28035E-01  0.22350E-01  0.16170E-01  0.11671E-01  0.86701E-02  0.66197E-02  0.51325E-02  0.39952E-02  0.30961E-02  0.23539E-02  0.16633E-02  0.95994E-03
