 0.00000E+00  0.76162E+00  0.29691E+00 -0.10505E+00 -0.14862E+00 -0.50249E-01  0.14654E-01  0.32266E-01  0.29367E-01  0.21745E-01  0.14765E-01  0.95614E-02  0.59977E-02  0.36681E-02  0.21855E-02  0.12363E-02  0.60476E-03
 0.20000E+00  0.36227E+00  0.48983E+00  0.36886E+00  0.14323E+00 -0.38842E-02 -0.52746E-01 -0.53445E-01 -0.40950E-01 -0.28357E-01 -0.18745E-01 -0.12077E-01 -0.76511E-02 -0.47864E-02 -0.29503E-02 -0.17369E-02 -0.88020E-03
 0.40000E+00 -0.11500E+00  0.26358E+00  0.43068E+00  0.30298E+00  0.12606E+00  0.27289E-01 -0.77319E-02 -0.14859E-01 -0.13154E-01 -0.96741E-02 -0.65423E-02 -0.42056E-02 -0.26047E-02 -0.15590E-02 -0.88205E-03 -0.43135E-03
 0.60000E+00 -0.10157E+00  0.99103E-01  0.25757E+00  0.26508E+00  0.19366E+00  0.12249E+00  0.73961E-01  0.44322E-01  0.26659E-01  0.16123E-01  0.97997E-02  0.59800E-02  0.36590E-02  0.22307E-02  0.13073E-02  0.66087E-03
 0.80000E+00 -0.39952E-01  0.12720E-01  0.12848E+00  0.21218E+00  0.21572E+00  0.17158E+00  0.12032E+00  0.79264E-01  0.50605E-01  0.31750E-01  0.19689E-01  0.12095E-01  0.73640E-02  0.44250E-02  0.25439E-02  0.12644E-02
 0.10000E+01  0.32212E-03 -0.29329E-01  0.54414E-01  0.17217E+00  0.21547E+00  0.18877E+00  0.13917E+00  0.94240E-01  0.61102E-01  0.38652E-01  0.24044E-01  0.14755E-01  0.89408E-02  0.53289E-02  0.30334E-02  0.14947E-02
 0.12000E+01  0.21405E-01 -0.49875E-01  0.13326E-01  0.14368E+00  0.20604E+00  0.18980E+00  0.14330E+00  0.98268E-01  0.64165E-01  0.40746E-01  0.25389E-01  0.15579E-01  0.94240E-02  0.55994E-02  0.31750E-02  0.15590E-02
 0.14000E+01  0.31203E-01 -0.59814E-01 -0.97640E-02  0.12276E+00  0.19320E+00  0.18326E+00  0.14019E+00  0.96809E-01  0.63477E-01  0.40418E-01  0.25230E-01  0.15500E-01  0.93835E-02  0.55778E-02  0.31634E-02  0.15536E-02
 0.16000E+01  0.34557E-01 -0.64205E-01 -0.22776E-01  0.10665E+00  0.17915E+00  0.17301E+00  0.13338E+00  0.92497E-01  0.60828E-01  0.38826E-01  0.24294E-01  0.14963E-01  0.90844E-02  0.54180E-02  0.30838E-02  0.15191E-02
 0.18000E+01  0.34131E-01 -0.65690E-01 -0.29956E-01  0.93833E-01  0.16515E+00  0.16131E+00  0.12493E+00  0.86874E-01  0.57261E-01  0.36640E-01  0.22992E-01  0.14212E-01  0.86666E-02  0.51968E-02  0.29751E-02  0.14730E-02
 0.20000E+01  0.31083E-01 -0.65036E-01 -0.32925E-01  0.83350E-01  0.15106E+00  0.14837E+00  0.11512E+00  0.80172E-01  0.52951E-01  0.33981E-01  0.21411E-01  0.13306E-01  0.81709E-02  0.49417E-02  0.28554E-02  0.14249E-02
 0.22000E+01  0.26556E-01 -0.63202E-01 -0.33347E-01  0.74603E-01  0.13742E+00  0.13518E+00  0.10487E+00  0.73077E-01  0.48358E-01  0.31139E-01  0.19719E-01  0.12339E-01  0.76449E-02  0.46741E-02  0.27321E-02  0.13767E-02
 0.24000E+01  0.20895E-01 -0.60524E-01 -0.31847E-01  0.67211E-01  0.12414E+00  0.12178E+00  0.94270E-01  0.65669E-01  0.43542E-01  0.28158E-01  0.17950E-01  0.11334E-01  0.71054E-02  0.44057E-02  0.26131E-02  0.13324E-02
 0.26000E+01  0.14689E-01 -0.57428E-01 -0.29246E-01  0.60821E-01  0.11145E+00  0.10863E+00  0.83744E-01  0.58276E-01  0.38724E-01  0.25174E-01  0.16180E-01  0.10332E-01  0.65699E-02  0.41418E-02  0.24980E-02  0.12909E-02
 0.28000E+01  0.80234E-02 -0.54207E-01 -0.25983E-01  0.55161E-01  0.99268E-01  0.95761E-01  0.73366E-01  0.50958E-01  0.33947E-01  0.22214E-01  0.14426E-01  0.93419E-02  0.60433E-02  0.38847E-02  0.23878E-02  0.12520E-02
 0.30000E+01  0.23021E-02 -0.51646E-01 -0.24039E-01  0.48960E-01  0.87521E-01  0.83768E-01  0.63838E-01  0.44287E-01  0.29599E-01  0.19511E-01  0.12812E-01  0.84166E-02  0.55385E-02  0.36271E-02  0.22686E-02  0.12051E-02
