 0.00000E+00  0.51180E+00  0.33243E+00  0.45726E-01 -0.94447E-01 -0.85174E-01 -0.33495E-01  0.14873E-02  0.14164E-01  0.14994E-01  0.11996E-01  0.86278E-02  0.58962E-02  0.39126E-02  0.25329E-02  0.15524E-02  0.81006E-03
 0.20000E+00  0.52461E+00  0.47549E+00  0.26050E+00  0.76788E-01 -0.57095E-02 -0.23929E-01 -0.20070E-01 -0.13169E-01 -0.80621E-02 -0.48793E-02 -0.29699E-02 -0.18242E-02 -0.11299E-02 -0.70065E-03 -0.41842E-03 -0.21490E-03
 0.40000E+00  0.62949E-01  0.24992E+00  0.34690E+00  0.28266E+00  0.15035E+00  0.45873E-01 -0.59275E-02 -0.21557E-01 -0.21296E-01 -0.16573E-01 -0.11752E-01 -0.79673E-02 -0.52612E-02 -0.33954E-02 -0.20770E-02 -0.10826E-02
 0.60000E+00 -0.15942E+00  0.84510E-01  0.30983E+00  0.33753E+00  0.23112E+00  0.11509E+00  0.42691E-01  0.97458E-02 -0.18000E-02 -0.45398E-02 -0.43306E-02 -0.33820E-02 -0.24243E-02 -0.16486E-02 -0.10445E-02 -0.55725E-03
 0.80000E+00 -0.16926E+00 -0.47631E-02  0.19359E+00  0.27390E+00  0.24064E+00  0.16826E+00  0.10480E+00  0.62245E-01  0.36636E-01  0.21691E-01  0.12947E-01  0.77745E-02  0.46824E-02  0.28073E-02  0.16177E-02  0.80629E-03
 0.10000E+01 -0.81915E-01 -0.34537E-01  0.73920E-01  0.17198E+00  0.21098E+00  0.19498E+00  0.15237E+00  0.10750E+00  0.71541E-01  0.46158E-01  0.29303E-01  0.18417E-01  0.11478E-01  0.70610E-02  0.41489E-02  0.20978E-02
 0.12000E+01 -0.31970E-02 -0.39338E-01 -0.49821E-02  0.93097E-01  0.17599E+00  0.19900E+00  0.17384E+00  0.13088E+00  0.90570E-01  0.59890E-01  0.38652E-01  0.24580E-01  0.15454E-01  0.95711E-02  0.56539E-02  0.28702E-02
 0.14000E+01  0.44908E-01 -0.37904E-01 -0.48788E-01  0.44253E-01  0.14883E+00  0.19363E+00  0.17981E+00  0.13971E+00  0.98403E-01  0.65758E-01  0.42725E-01  0.27291E-01  0.17207E-01  0.10675E-01  0.63115E-02  0.32058E-02
 0.16000E+01  0.70517E-01 -0.35346E-01 -0.71131E-01  0.15507E-01  0.12796E+00  0.18298E+00  0.17597E+00  0.13915E+00  0.99050E-01  0.66671E-01  0.43554E-01  0.27948E-01  0.17700E-01  0.11032E-01  0.65529E-02  0.33407E-02
 0.18000E+01  0.84255E-01 -0.32985E-01 -0.83103E-01 -0.26091E-02  0.11186E+00  0.17183E+00  0.16923E+00  0.13536E+00  0.96990E-01  0.65574E-01  0.42980E-01  0.27658E-01  0.17565E-01  0.10978E-01  0.65386E-02  0.33406E-02
 0.20000E+01  0.90865E-01 -0.30874E-01 -0.88889E-01 -0.14236E-01  0.98673E-01  0.16026E+00  0.16053E+00  0.12943E+00  0.93196E-01  0.63234E-01  0.41571E-01  0.26829E-01  0.17092E-01  0.10720E-01  0.64074E-02  0.32830E-02
 0.22000E+01  0.93182E-01 -0.29081E-01 -0.91114E-01 -0.21918E-01  0.87475E-01  0.14874E+00  0.15092E+00  0.12242E+00  0.88490E-01  0.60231E-01  0.39713E-01  0.25710E-01  0.16438E-01  0.10353E-01  0.62147E-02  0.31954E-02
 0.24000E+01  0.92531E-01 -0.27517E-01 -0.90843E-01 -0.26808E-01  0.77675E-01  0.13721E+00  0.14059E+00  0.11458E+00  0.83105E-01  0.56746E-01  0.37539E-01  0.24395E-01  0.15669E-01  0.99228E-02  0.59902E-02  0.30941E-02
 0.26000E+01  0.89896E-01 -0.26128E-01 -0.88912E-01 -0.29795E-01  0.68881E-01  0.12574E+00  0.12985E+00  0.10622E+00  0.77290E-01  0.52956E-01  0.35165E-01  0.22956E-01  0.14828E-01  0.94540E-02  0.57472E-02  0.29852E-02
 0.28000E+01  0.85844E-01 -0.24898E-01 -0.85837E-01 -0.31451E-01  0.60787E-01  0.11431E+00  0.11879E+00  0.97480E-01  0.71157E-01  0.48941E-01  0.32645E-01  0.21428E-01  0.13937E-01  0.89599E-02  0.54929E-02  0.28722E-02
 0.30000E+01  0.82622E-01 -0.23595E-01 -0.83491E-01 -0.33899E-01  0.52424E-01  0.10314E+00  0.10823E+00  0.89231E-01  0.65389E-01  0.45159E-01  0.30259E-01  0.19969E-01  0.13073E-01  0.84683E-02  0.52309E-02  0.27515E-02
