 0.00000E+00  0.66353E+00  0.36847E+00  0.18902E-01 -0.11431E+00 -0.10351E+00 -0.64749E-01 -0.36108E-01 -0.19288E-01 -0.10172E-01 -0.54420E-02 -0.30470E-02 -0.18380E-02 -0.12090E-02 -0.84646E-03 -0.57827E-03 -0.32861E-03
 0.20000E+00  0.41455E+00  0.42139E+00  0.28034E+00  0.13189E+00  0.46122E-01  0.90935E-02 -0.43995E-02 -0.78452E-02 -0.72873E-02 -0.55022E-02 -0.36860E-02 -0.22460E-02 -0.12394E-02 -0.60042E-03 -0.24068E-03 -0.73842E-04
 0.40000E+00 -0.31057E-02  0.20568E+00  0.31420E+00  0.26733E+00  0.17181E+00  0.97714E-01  0.53037E-01  0.28170E-01  0.14755E-01  0.76628E-02  0.39742E-02  0.20796E-02  0.11121E-02  0.61114E-03  0.33259E-03  0.15911E-03
 0.60000E+00 -0.81561E-01  0.11807E+00  0.26290E+00  0.26013E+00  0.18780E+00  0.11915E+00  0.72255E-01  0.42995E-01  0.25184E-01  0.14492E-01  0.81684E-02  0.44888E-02  0.23849E-02  0.12054E-02  0.56068E-03  0.22392E-03
 0.80000E+00 -0.10114E+00  0.69136E-01  0.21316E+00  0.23209E+00  0.17934E+00  0.12045E+00  0.76732E-01  0.47641E-01  0.28930E-01  0.17152E-01  0.98999E-02  0.55359E-02  0.29717E-02  0.15055E-02  0.69709E-03  0.27667E-03
 0.10000E+01 -0.10472E+00  0.34856E-01  0.17008E+00  0.20336E+00  0.16693E+00  0.11745E+00  0.77693E-01  0.49738E-01  0.30949E-01  0.18694E-01  0.10932E-01  0.61575E-02  0.33054E-02  0.16581E-02  0.75093E-03  0.28885E-03
 0.12000E+01 -0.10126E+00  0.96461E-02  0.13344E+00  0.17663E+00  0.15367E+00  0.11265E+00  0.76904E-01  0.50470E-01  0.32003E-01  0.19590E-01  0.11547E-01  0.65167E-02  0.34765E-02  0.17106E-02  0.74521E-03  0.27016E-03
 0.14000E+01 -0.94647E-01 -0.81921E-02  0.10296E+00  0.15164E+00  0.13901E+00  0.10543E+00  0.73771E-01  0.49325E-01  0.31710E-01  0.19596E-01  0.11616E-01  0.65650E-02  0.34873E-02  0.16928E-02  0.71624E-03  0.24730E-03
 0.16000E+01 -0.87054E-01 -0.20068E-01  0.78209E-01  0.12841E+00  0.12314E+00  0.95930E-01  0.68373E-01  0.46332E-01  0.30079E-01  0.18720E-01  0.11151E-01  0.63205E-02  0.33596E-02  0.16265E-02  0.68297E-03  0.23254E-03
 0.18000E+01 -0.79706E-01 -0.27345E-01  0.58536E-01  0.10715E+00  0.10664E+00  0.84797E-01  0.61242E-01  0.41887E-01  0.27382E-01  0.17137E-01  0.10260E-01  0.58454E-02  0.31270E-02  0.15285E-02  0.65272E-03  0.22854E-03
 0.20000E+01 -0.73223E-01 -0.31107E-01  0.43254E-01  0.87911E-01  0.90030E-01  0.72611E-01  0.52883E-01  0.36372E-01  0.23887E-01  0.15022E-01  0.90478E-02  0.51995E-02  0.28200E-02  0.14121E-02  0.62962E-03  0.23589E-03
 0.22000E+01 -0.67935E-01 -0.32195E-01  0.31741E-01  0.70697E-01  0.73673E-01  0.59839E-01  0.43712E-01  0.30110E-01  0.19819E-01  0.12520E-01  0.76045E-02  0.44333E-02  0.24643E-02  0.12884E-02  0.61727E-03  0.25515E-03
 0.24000E+01 -0.63893E-01 -0.31281E-01  0.23357E-01  0.55370E-01  0.57811E-01  0.46839E-01  0.34064E-01  0.23365E-01  0.15367E-01  0.97577E-02  0.60057E-02  0.35890E-02  0.20813E-02  0.11662E-02  0.61807E-03  0.28637E-03
 0.26000E+01 -0.61059E-01 -0.28904E-01  0.17490E-01  0.41679E-01  0.42508E-01  0.33800E-01  0.24140E-01  0.16306E-01  0.10654E-01  0.68153E-02  0.43016E-02  0.26951E-02  0.16851E-02  0.10512E-02  0.63346E-03  0.32947E-03
 0.28000E+01 -0.59325E-01 -0.25428E-01  0.13645E-01  0.29356E-01  0.27731E-01  0.20798E-01  0.14046E-01  0.90249E-02  0.57508E-02  0.37412E-02  0.25219E-02  0.17685E-02  0.12842E-02  0.94710E-03  0.66448E-03  0.38453E-03
 0.30000E+01 -0.56883E-01 -0.24148E-01  0.78424E-02  0.17525E-01  0.15091E-01  0.10269E-01  0.61048E-02  0.33873E-02  0.19919E-02  0.14039E-02  0.11817E-02  0.10811E-02  0.99700E-03  0.88413E-03  0.70120E-03  0.43469E-03
