 0.00000E+00  0.82120E+00  0.27758E+00 -0.92966E-01 -0.20842E+00 -0.14271E+00 -0.23305E-01  0.63642E-01  0.96585E-01  0.91616E-01  0.71139E-01  0.49493E-01  0.32284E-01  0.20208E-01  0.12228E-01  0.71168E-02  0.39279E-02
 0.20000E+00  0.31527E+00  0.44679E+00  0.41187E+00  0.25262E+00  0.67615E-01 -0.64043E-01 -0.11963E+00 -0.11895E+00 -0.92823E-01 -0.63171E-01 -0.39512E-01 -0.23438E-01 -0.13418E-01 -0.74579E-02 -0.40080E-02 -0.20577E-02
 0.40000E+00 -0.77566E-01  0.24709E+00  0.40287E+00  0.36750E+00  0.22186E+00  0.68622E-01 -0.32603E-01 -0.74564E-01 -0.77256E-01 -0.62913E-01 -0.45455E-01 -0.30695E-01 -0.19850E-01 -0.12378E-01 -0.73983E-02 -0.41765E-02
 0.60000E+00 -0.86867E-01  0.97203E-01  0.22978E+00  0.27269E+00  0.23809E+00  0.16638E+00  0.95196E-01  0.43523E-01  0.13499E-01 -0.68961E-03 -0.57666E-02 -0.65013E-02 -0.55432E-02 -0.41395E-02 -0.28072E-02 -0.17356E-02
 0.80000E+00 -0.36470E-01  0.19366E-01  0.99350E-01  0.17006E+00  0.20428E+00  0.19672E+00  0.16111E+00  0.11663E+00  0.76959E-01  0.47523E-01  0.28060E-01  0.16090E-01  0.90336E-02  0.49663E-02  0.26531E-02  0.13579E-02
 0.10000E+01 -0.20482E-02 -0.13918E-01  0.29322E-01  0.10288E+00  0.16586E+00  0.19174E+00  0.17981E+00  0.14568E+00  0.10640E+00  0.72379E-01  0.47012E-01  0.29652E-01  0.18305E-01  0.11043E-01  0.64414E-02  0.35711E-02
 0.12000E+01  0.15727E-01 -0.27213E-01 -0.56307E-02  0.62923E-01  0.13517E+00  0.17646E+00  0.17840E+00  0.15293E+00  0.11713E+00  0.83130E-01  0.56136E-01  0.36695E-01  0.23401E-01  0.14529E-01  0.86870E-02  0.49156E-02
 0.14000E+01  0.24427E-01 -0.32309E-01 -0.23563E-01  0.38496E-01  0.11215E+00  0.16024E+00  0.17036E+00  0.15145E+00  0.11952E+00  0.87092E-01  0.60218E-01  0.40207E-01  0.26125E-01  0.16484E-01  0.99897E-02  0.57147E-02
 0.16000E+01  0.28582E-01 -0.33949E-01 -0.33210E-01  0.22619E-01  0.94597E-01  0.14546E+00  0.16064E+00  0.14668E+00  0.11833E+00  0.87883E-01  0.61802E-01  0.41888E-01  0.27575E-01  0.17593E-01  0.10759E-01  0.62000E-02
 0.18000E+01  0.30378E-01 -0.34028E-01 -0.38544E-01  0.11681E-01  0.80768E-01  0.13240E+00  0.15082E+00  0.14073E+00  0.11554E+00  0.87117E-01  0.62086E-01  0.42574E-01  0.28310E-01  0.18215E-01  0.11217E-01  0.64995E-02
 0.20000E+01  0.30869E-01 -0.33350E-01 -0.41444E-01  0.38071E-02  0.69542E-01  0.12087E+00  0.14144E+00  0.13442E+00  0.11200E+00  0.85536E-01  0.61640E-01  0.42678E-01  0.28615E-01  0.18539E-01  0.11481E-01  0.66817E-02
 0.22000E+01  0.30595E-01 -0.32296E-01 -0.42869E-01 -0.20272E-02  0.60228E-01  0.11064E+00  0.13262E+00  0.12811E+00  0.10814E+00  0.83507E-01  0.60759E-01  0.42419E-01  0.28642E-01  0.18666E-01  0.11614E-01  0.67847E-02
 0.24000E+01  0.29870E-01 -0.31064E-01 -0.43374E-01 -0.64500E-02  0.52365E-01  0.10152E+00  0.12441E+00  0.12197E+00  0.10417E+00  0.81242E-01  0.59618E-01  0.41929E-01  0.28487E-01  0.18660E-01  0.11659E-01  0.68328E-02
 0.26000E+01  0.28877E-01 -0.29760E-01 -0.43289E-01 -0.98644E-02  0.45622E-01  0.93321E-01  0.11678E+00  0.11607E+00  0.10021E+00  0.78859E-01  0.58320E-01  0.41288E-01  0.28208E-01  0.18563E-01  0.11641E-01  0.68418E-02
 0.28000E+01  0.27711E-01 -0.28434E-01 -0.42799E-01 -0.12527E-01  0.39759E-01  0.85884E-01  0.10965E+00  0.11040E+00  0.96277E-01  0.76409E-01  0.56913E-01  0.40538E-01  0.27838E-01  0.18396E-01  0.11575E-01  0.68211E-02
 0.30000E+01  0.26079E-01 -0.26728E-01 -0.41727E-01 -0.15034E-01  0.33366E-01  0.77376E-01  0.10124E+00  0.10353E+00  0.91373E-01  0.73244E-01  0.55019E-01  0.39471E-01  0.27268E-01  0.18108E-01  0.11438E-01  0.67613E-02
 0.00000E+00  0.82120E+00  0.27758E+00 -0.92966E-01 -0.20842E+00 -0.14271E+00 -0.23305E-01  0.63642E-01  0.96585E-01  0.91616E-01  0.71139E-01  0.49493E-01  0.32284E-01  0.20208E-01  0.12228E-01  0.71168E-02  0.39279E-02
 0.20000E+00  0.31527E+00  0.44679E+00  0.41187E+00  0.25262E+00  0.67615E-01 -0.64043E-01 -0.11963E+00 -0.11895E+00 -0.92823E-01 -0.63171E-01 -0.39512E-01 -0.23438E-01 -0.13418E-01 -0.74579E-02 -0.40080E-02 -0.20577E-02
 0.40000E+00 -0.77566E-01  0.24709E+00  0.40287E+00  0.36750E+00  0.22186E+00  0.68622E-01 -0.32603E-01 -0.74564E-01 -0.77256E-01 -0.62913E-01 -0.45455E-01 -0.30695E-01 -0.19850E-01 -0.12378E-01 -0.73983E-02 -0.41765E-02
 0.60000E+00 -0.86867E-01  0.97203E-01  0.22978E+00  0.27269E+00  0.23809E+00  0.16638E+00  0.95196E-01  0.43523E-01  0.13499E-01 -0.68961E-03 -0.57666E-02 -0.65013E-02 -0.55432E-02 -0.41395E-02 -0.28072E-02 -0.17356E-02
 0.80000E+00 -0.36470E-01  0.19366E-01  0.99350E-01  0.17006E+00  0.20428E+00  0.19672E+00  0.16111E+00  0.11663E+00  0.76959E-01  0.47523E-01  0.28060E-01  0.16090E-01  0.90336E-02  0.49663E-02  0.26531E-02  0.13579E-02
 0.10000E+01 -0.20482E-02 -0.13918E-01  0.29322E-01  0.10288E+00  0.16586E+00  0.19174E+00  0.17981E+00  0.14568E+00  0.10640E+00  0.72379E-01  0.47012E-01  0.29652E-01  0.18305E-01  0.11043E-01  0.64414E-02  0.35711E-02
 0.12000E+01  0.15727E-01 -0.27213E-01 -0.56307E-02  0.62923E-01  0.13517E+00  0.17646E+00  0.17840E+00  0.15293E+00  0.11713E+00  0.83130E-01  0.56136E-01  0.36695E-01  0.23401E-01  0.14529E-01  0.86870E-02  0.49156E-02
 0.14000E+01  0.24427E-01 -0.32309E-01 -0.23563E-01  0.38496E-01  0.11215E+00  0.16024E+00  0.17036E+00  0.15145E+00  0.11952E+00  0.87092E-01  0.60218E-01  0.40207E-01  0.26125E-01  0.16484E-01  0.99897E-02  0.57147E-02
 0.16000E+01  0.28582E-01 -0.33949E-01 -0.33210E-01  0.22619E-01  0.94597E-01  0.14546E+00  0.16064E+00  0.14668E+00  0.11833E+00  0.87883E-01  0.61802E-01  0.41888E-01  0.27575E-01  0.17593E-01  0.10759E-01  0.62000E-02
 0.18000E+01  0.30378E-01 -0.34028E-01 -0.38544E-01  0.11681E-01  0.80768E-01  0.13240E+00  0.15082E+00  0.14073E+00  0.11554E+00  0.87117E-01  0.62086E-01  0.42574E-01  0.28310E-01  0.18215E-01  0.11217E-01  0.64995E-02
 0.20000E+01  0.30869E-01 -0.33350E-01 -0.41444E-01  0.38071E-02  0.69542E-01  0.12087E+00  0.14144E+00  0.13442E+00  0.11200E+00  0.85536E-01  0.61640E-01  0.42678E-01  0.28615E-01  0.18539E-01  0.11481E-01  0.66817E-02
 0.22000E+01  0.30595E-01 -0.32296E-01 -0.42869E-01 -0.20272E-02  0.60228E-01  0.11064E+00  0.13262E+00  0.12811E+00  0.10814E+00  0.83507E-01  0.60759E-01  0.42419E-01  0.28642E-01  0.18666E-01  0.11614E-01  0.67847E-02
 0.24000E+01  0.29870E-01 -0.31064E-01 -0.43374E-01 -0.64500E-02  0.52365E-01  0.10152E+00  0.12441E+00  0.12197E+00  0.10417E+00  0.81242E-01  0.59618E-01  0.41929E-01  0.28487E-01  0.18660E-01  0.11659E-01  0.68328E-02
 0.26000E+01  0.28877E-01 -0.29760E-01 -0.43289E-01 -0.98644E-02  0.45622E-01  0.93321E-01  0.11678E+00  0.11607E+00  0.10021E+00  0.78859E-01  0.58320E-01  0.41288E-01  0.28208E-01  0.18563E-01  0.11641E-01  0.68418E-02
 0.28000E+01  0.27711E-01 -0.28434E-01 -0.42799E-01 -0.12527E-01  0.39759E-01  0.85884E-01  0.10965E+00  0.11040E+00  0.96277E-01  0.76409E-01  0.56913E-01  0.40538E-01  0.27838E-01  0.18396E-01  0.11575E-01  0.68211E-02
 0.30000E+01  0.26079E-01 -0.26728E-01 -0.41727E-01 -0.15034E-01  0.33366E-01  0.77376E-01  0.10124E+00  0.10353E+00  0.91373E-01  0.73244E-01  0.55019E-01  0.39471E-01  0.27268E-01  0.18108E-01  0.11438E-01  0.67613E-02
