 0.00000E+00  0.53620E+00  0.34472E+00  0.54431E-01 -0.83577E-01 -0.82037E-01 -0.43179E-01 -0.14729E-01 -0.11873E-02  0.34914E-02  0.42244E-02  0.35706E-02  0.26265E-02  0.17866E-02  0.11463E-02  0.68226E-03  0.34493E-03
 0.20000E+00  0.50924E+00  0.46492E+00  0.26319E+00  0.89680E-01  0.71572E-02 -0.17480E-01 -0.19643E-01 -0.15696E-01 -0.11188E-01 -0.75667E-02 -0.49719E-02 -0.32078E-02 -0.20417E-02 -0.12786E-02 -0.76239E-03 -0.38963E-03
 0.40000E+00  0.45076E-01  0.22839E+00  0.32251E+00  0.26545E+00  0.15267E+00  0.65745E-01  0.19383E-01  0.37379E-04 -0.59847E-02 -0.65801E-02 -0.54084E-02 -0.39433E-02 -0.26851E-02 -0.17366E-02 -0.10462E-02 -0.53508E-03
 0.60000E+00 -0.11218E+00  0.93326E-01  0.26995E+00  0.28625E+00  0.20619E+00  0.12184E+00  0.65396E-01  0.33724E-01  0.17195E-01  0.87875E-02  0.45332E-02  0.23732E-02  0.12676E-02  0.69109E-03  0.37237E-03  0.17764E-03
 0.80000E+00 -0.12857E+00  0.22579E-01  0.18881E+00  0.24676E+00  0.21401E+00  0.15448E+00  0.10245E+00  0.65342E-01  0.40902E-01  0.25345E-01  0.15597E-01  0.95417E-02  0.57992E-02  0.34818E-02  0.19992E-02  0.99180E-03
 0.10000E+01 -0.99390E-01 -0.12902E-01  0.11660E+00  0.19571E+00  0.20294E+00  0.16934E+00  0.12573E+00  0.87272E-01  0.58155E-01  0.37746E-01  0.24050E-01  0.15103E-01  0.93615E-02  0.57023E-02  0.33082E-02  0.16530E-02
 0.12000E+01 -0.65258E-01 -0.30672E-01  0.63079E-01  0.15160E+00  0.18664E+00  0.17318E+00  0.13759E+00  0.99818E-01  0.68527E-01  0.45424E-01  0.29396E-01  0.18683E-01  0.11693E-01  0.71801E-02  0.41939E-02  0.21064E-02
 0.14000E+01 -0.37668E-01 -0.39642E-01  0.25987E-01  0.11740E+00  0.16993E+00  0.17052E+00  0.14154E+00  0.10547E+00  0.73701E-01  0.49485E-01  0.32349E-01  0.20739E-01  0.13084E-01  0.80979E-02  0.47657E-02  0.24083E-02
 0.16000E+01 -0.17891E-01 -0.43997E-01  0.10518E-02  0.91666E-01  0.15421E+00  0.16410E+00  0.14038E+00  0.10649E+00  0.75335E-01  0.51064E-01  0.33658E-01  0.21748E-01  0.13833E-01  0.86361E-02  0.51271E-02  0.26099E-02
 0.18000E+01 -0.45945E-02 -0.45843E-01 -0.15436E-01  0.72286E-01  0.13976E+00  0.15556E+00  0.13600E+00  0.10455E+00  0.74671E-01  0.51026E-01  0.33893E-01  0.22077E-01  0.14165E-01  0.89307E-02  0.53552E-02  0.27485E-02
 0.20000E+01  0.36626E-02 -0.46131E-01 -0.25826E-01  0.57683E-01  0.12649E+00  0.14571E+00  0.12949E+00  0.10058E+00  0.72432E-01  0.49879E-01  0.33396E-01  0.21944E-01  0.14220E-01  0.90655E-02  0.54980E-02  0.28480E-02
 0.22000E+01  0.80682E-02 -0.45471E-01 -0.31834E-01  0.46664E-01  0.11425E+00  0.13510E+00  0.12158E+00  0.95268E-01  0.69144E-01  0.47994E-01  0.32415E-01  0.21510E-01  0.14096E-01  0.91010E-02  0.55899E-02  0.29251E-02
 0.24000E+01  0.96546E-02 -0.44197E-01 -0.34698E-01  0.38308E-01  0.10291E+00  0.12410E+00  0.11281E+00  0.89093E-01  0.65172E-01  0.45629E-01  0.31121E-01  0.20883E-01  0.13862E-01  0.90770E-02  0.56529E-02  0.29905E-02
 0.26000E+01  0.89739E-02 -0.42492E-01 -0.35131E-01  0.32014E-01  0.92244E-01  0.11277E+00  0.10334E+00  0.82239E-01  0.60673E-01  0.42901E-01  0.29597E-01  0.20122E-01  0.13554E-01  0.90178E-02  0.57023E-02  0.30520E-02
 0.28000E+01  0.64180E-02 -0.40457E-01 -0.33600E-01  0.27374E-01  0.82092E-01  0.10114E+00  0.93280E-01  0.74813E-01  0.55736E-01  0.39877E-01  0.27889E-01  0.19256E-01  0.13193E-01  0.89367E-02  0.57459E-02  0.31138E-02
 0.30000E+01  0.47216E-02 -0.38436E-01 -0.32735E-01  0.22219E-01  0.71910E-01  0.89800E-01  0.83578E-01  0.67684E-01  0.50995E-01  0.36961E-01  0.26225E-01  0.18393E-01  0.12815E-01  0.88283E-02  0.57631E-02  0.31577E-02
