 0.00000E+00  0.81558E+00  0.36462E+00  0.30535E-02 -0.17043E+00 -0.17723E+00 -0.10231E+00 -0.22060E-01  0.28077E-01  0.46469E-01  0.45183E-01  0.35993E-01  0.25805E-01  0.17348E-01  0.11111E-01  0.67745E-02  0.38849E-02
 0.20000E+00  0.24123E+00  0.33613E+00  0.33638E+00  0.25273E+00  0.13433E+00  0.31146E-01 -0.31969E-01 -0.56266E-01 -0.55757E-01 -0.44644E-01 -0.31875E-01 -0.21269E-01 -0.13595E-01 -0.83956E-02 -0.49849E-02 -0.28042E-02
 0.40000E+00  0.23867E-01  0.21068E+00  0.30613E+00  0.29102E+00  0.20391E+00  0.10188E+00  0.24100E-01 -0.18433E-01 -0.33134E-01 -0.32373E-01 -0.25755E-01 -0.18450E-01 -0.12408E-01 -0.79562E-02 -0.48580E-02 -0.27897E-02
 0.60000E+00 -0.42669E-01  0.13853E+00  0.25257E+00  0.27143E+00  0.21812E+00  0.13798E+00  0.67273E-01  0.20926E-01 -0.25221E-02 -0.10926E-01 -0.11731E-01 -0.96742E-02 -0.70690E-02 -0.47847E-02 -0.30312E-02 -0.17858E-02
 0.80000E+00 -0.64519E-01  0.59457E-01  0.16059E+00  0.20963E+00  0.20583E+00  0.16844E+00  0.12047E+00  0.77594E-01  0.46071E-01  0.25727E-01  0.13758E-01  0.71571E-02  0.36612E-02  0.18486E-02  0.91682E-03  0.44076E-03
 0.10000E+01 -0.42573E-01  0.30072E-02  0.68125E-01  0.13035E+00  0.16896E+00  0.17595E+00  0.15701E+00  0.12467E+00  0.90597E-01  0.61699E-01  0.40187E-01  0.25431E-01  0.15770E-01  0.95746E-02  0.56315E-02  0.31511E-02
 0.12000E+01 -0.14490E-01 -0.23332E-01  0.99605E-02  0.71142E-01  0.13065E+00  0.16466E+00  0.16683E+00  0.14548E+00  0.11382E+00  0.82389E-01  0.56496E-01  0.37341E-01  0.24008E-01  0.15009E-01  0.90331E-02  0.51437E-02
 0.14000E+01  0.34942E-02 -0.32771E-01 -0.19067E-01  0.36339E-01  0.10216E+00  0.14827E+00  0.16217E+00  0.14885E+00  0.12107E+00  0.90435E-01  0.63673E-01  0.43029E-01  0.28177E-01  0.17876E-01  0.10882E-01  0.62498E-02
 0.16000E+01  0.13130E-01 -0.35340E-01 -0.32592E-01  0.16919E-01  0.82874E-01  0.13343E+00  0.15329E+00  0.14522E+00  0.12097E+00  0.92141E-01  0.65950E-01  0.45189E-01  0.29931E-01  0.19163E-01  0.11748E-01  0.67830E-02
 0.18000E+01  0.18158E-01 -0.35440E-01 -0.38907E-01  0.57086E-02  0.69746E-01  0.12143E+00  0.14431E+00  0.13967E+00  0.11823E+00  0.91257E-01  0.66054E-01  0.45691E-01  0.30500E-01  0.19650E-01  0.12104E-01  0.70139E-02
 0.20000E+01  0.20829E-01 -0.34698E-01 -0.41876E-01 -0.11701E-02  0.60437E-01  0.11189E+00  0.13631E+00  0.13398E+00  0.11475E+00  0.89427E-01  0.65261E-01  0.45454E-01  0.30515E-01  0.19748E-01  0.12207E-01  0.70922E-02
 0.22000E+01  0.22265E-01 -0.33694E-01 -0.43208E-01 -0.56546E-02  0.53517E-01  0.10417E+00  0.12936E+00  0.12866E+00  0.11119E+00  0.87296E-01  0.64107E-01  0.44888E-01  0.30266E-01  0.19655E-01  0.12182E-01  0.70918E-02
 0.24000E+01  0.23025E-01 -0.32637E-01 -0.43693E-01 -0.87396E-02  0.48139E-01  0.97772E-01  0.12330E+00  0.12381E+00  0.10777E+00  0.85115E-01  0.62822E-01  0.44175E-01  0.29890E-01  0.19465E-01  0.12090E-01  0.70494E-02
 0.26000E+01  0.23394E-01 -0.31597E-01 -0.43711E-01 -0.10960E-01  0.43790E-01  0.92312E-01  0.11795E+00  0.11937E+00  0.10453E+00  0.82974E-01  0.61500E-01  0.43399E-01  0.29450E-01  0.19223E-01  0.11961E-01  0.69834E-02
 0.28000E+01  0.23520E-01 -0.30598E-01 -0.43456E-01 -0.12616E-01  0.40156E-01  0.87543E-01  0.11313E+00  0.11529E+00  0.10148E+00  0.80899E-01  0.60181E-01  0.42599E-01  0.28980E-01  0.18953E-01  0.11811E-01  0.69040E-02
 0.30000E+01  0.23471E-01 -0.29354E-01 -0.42839E-01 -0.14111E-01  0.36326E-01  0.82256E-01  0.10762E+00  0.11050E+00  0.97827E-01  0.78352E-01  0.58520E-01  0.41561E-01  0.28352E-01  0.18583E-01  0.11600E-01  0.67890E-02
 0.00000E+00  0.81558E+00  0.36462E+00  0.30535E-02 -0.17043E+00 -0.17723E+00 -0.10231E+00 -0.22060E-01  0.28077E-01  0.46469E-01  0.45183E-01  0.35993E-01  0.25805E-01  0.17348E-01  0.11111E-01  0.67745E-02  0.38849E-02
 0.20000E+00  0.24123E+00  0.33613E+00  0.33638E+00  0.25273E+00  0.13433E+00  0.31146E-01 -0.31969E-01 -0.56266E-01 -0.55757E-01 -0.44644E-01 -0.31875E-01 -0.21269E-01 -0.13595E-01 -0.83956E-02 -0.49849E-02 -0.28042E-02
 0.40000E+00  0.23867E-01  0.21068E+00  0.30613E+00  0.29102E+00  0.20391E+00  0.10188E+00  0.24100E-01 -0.18433E-01 -0.33134E-01 -0.32373E-01 -0.25755E-01 -0.18450E-01 -0.12408E-01 -0.79562E-02 -0.48580E-02 -0.27897E-02
 0.60000E+00 -0.42669E-01  0.13853E+00  0.25257E+00  0.27143E+00  0.21812E+00  0.13798E+00  0.67273E-01  0.20926E-01 -0.25221E-02 -0.10926E-01 -0.11731E-01 -0.96742E-02 -0.70690E-02 -0.47847E-02 -0.30312E-02 -0.17858E-02
 0.80000E+00 -0.64519E-01  0.59457E-01  0.16059E+00  0.20963E+00  0.20583E+00  0.16844E+00  0.12047E+00  0.77594E-01  0.46071E-01  0.25727E-01  0.13758E-01  0.71571E-02  0.36612E-02  0.18486E-02  0.91682E-03  0.44076E-03
 0.10000E+01 -0.42573E-01  0.30072E-02  0.68125E-01  0.13035E+00  0.16896E+00  0.17595E+00  0.15701E+00  0.12467E+00  0.90597E-01  0.61699E-01  0.40187E-01  0.25431E-01  0.15770E-01  0.95746E-02  0.56315E-02  0.31511E-02
 0.12000E+01 -0.14490E-01 -0.23332E-01  0.99605E-02  0.71142E-01  0.13065E+00  0.16466E+00  0.16683E+00  0.14548E+00  0.11382E+00  0.82389E-01  0.56496E-01  0.37341E-01  0.24008E-01  0.15009E-01  0.90331E-02  0.51437E-02
 0.14000E+01  0.34942E-02 -0.32771E-01 -0.19067E-01  0.36339E-01  0.10216E+00  0.14827E+00  0.16217E+00  0.14885E+00  0.12107E+00  0.90435E-01  0.63673E-01  0.43029E-01  0.28177E-01  0.17876E-01  0.10882E-01  0.62498E-02
 0.16000E+01  0.13130E-01 -0.35340E-01 -0.32592E-01  0.16919E-01  0.82874E-01  0.13343E+00  0.15329E+00  0.14522E+00  0.12097E+00  0.92141E-01  0.65950E-01  0.45189E-01  0.29931E-01  0.19163E-01  0.11748E-01  0.67830E-02
 0.18000E+01  0.18158E-01 -0.35440E-01 -0.38907E-01  0.57086E-02  0.69746E-01  0.12143E+00  0.14431E+00  0.13967E+00  0.11823E+00  0.91257E-01  0.66054E-01  0.45691E-01  0.30500E-01  0.19650E-01  0.12104E-01  0.70139E-02
 0.20000E+01  0.20829E-01 -0.34698E-01 -0.41876E-01 -0.11701E-02  0.60437E-01  0.11189E+00  0.13631E+00  0.13398E+00  0.11475E+00  0.89427E-01  0.65261E-01  0.45454E-01  0.30515E-01  0.19748E-01  0.12207E-01  0.70922E-02
 0.22000E+01  0.22265E-01 -0.33694E-01 -0.43208E-01 -0.56546E-02  0.53517E-01  0.10417E+00  0.12936E+00  0.12866E+00  0.11119E+00  0.87296E-01  0.64107E-01  0.44888E-01  0.30266E-01  0.19655E-01  0.12182E-01  0.70918E-02
 0.24000E+01  0.23025E-01 -0.32637E-01 -0.43693E-01 -0.87396E-02  0.48139E-01  0.97772E-01  0.12330E+00  0.12381E+00  0.10777E+00  0.85115E-01  0.62822E-01  0.44175E-01  0.29890E-01  0.19465E-01  0.12090E-01  0.70494E-02
 0.26000E+01  0.23394E-01 -0.31597E-01 -0.43711E-01 -0.10960E-01  0.43790E-01  0.92312E-01  0.11795E+00  0.11937E+00  0.10453E+00  0.82974E-01  0.61500E-01  0.43399E-01  0.29450E-01  0.19223E-01  0.11961E-01  0.69834E-02
 0.28000E+01  0.23520E-01 -0.30598E-01 -0.43456E-01 -0.12616E-01  0.40156E-01  0.87543E-01  0.11313E+00  0.11529E+00  0.10148E+00  0.80899E-01  0.60181E-01  0.42599E-01  0.28980E-01  0.18953E-01  0.11811E-01  0.69040E-02
 0.30000E+01  0.23471E-01 -0.29354E-01 -0.42839E-01 -0.14111E-01  0.36326E-01  0.82256E-01  0.10762E+00  0.11050E+00  0.97827E-01  0.78352E-01  0.58520E-01  0.41561E-01  0.28352E-01  0.18583E-01  0.11600E-01  0.67890E-02
