 0.00000E+00  0.70187E+00  0.30947E+00 -0.80312E-01 -0.15006E+00 -0.57286E-01  0.15814E-01  0.37567E-01  0.34024E-01  0.24720E-01  0.16535E-01  0.10667E-01  0.67546E-02  0.42264E-02  0.26081E-02  0.15378E-02  0.78046E-03
 0.20000E+00  0.43178E+00  0.48123E+00  0.32554E+00  0.11893E+00 -0.64302E-02 -0.46146E-01 -0.44492E-01 -0.32434E-01 -0.21463E-01 -0.13706E-01 -0.86372E-02 -0.54148E-02 -0.33850E-02 -0.21005E-02 -0.12492E-02 -0.63869E-03
 0.40000E+00 -0.10797E+00  0.26792E+00  0.45357E+00  0.32663E+00  0.12488E+00  0.64686E-02 -0.31473E-01 -0.33127E-01 -0.25251E-01 -0.17290E-01 -0.11310E-01 -0.72250E-02 -0.45466E-02 -0.28160E-02 -0.16648E-02 -0.84680E-03
 0.60000E+00 -0.15679E+00  0.97187E-01  0.30192E+00  0.30636E+00  0.20558E+00  0.11201E+00  0.56258E-01  0.28224E-01  0.14661E-01  0.79268E-02  0.44327E-02  0.25465E-02  0.14947E-02  0.88707E-03  0.51045E-03  0.25428E-03
 0.80000E+00 -0.58712E-01 -0.10581E-02  0.12380E+00  0.21965E+00  0.23138E+00  0.18632E+00  0.12944E+00  0.83482E-01  0.52123E-01  0.32132E-01  0.19703E-01  0.12044E-01  0.73376E-02  0.44314E-02  0.25662E-02  0.12839E-02
 0.10000E+01  0.18636E-01 -0.42311E-01  0.16854E-01  0.14949E+00  0.22390E+00  0.21284E+00  0.16198E+00  0.11014E+00  0.70950E-01  0.44550E-01  0.27600E-01  0.16947E-01  0.10326E-01  0.62146E-02  0.35802E-02  0.17835E-02
 0.12000E+01  0.54859E-01 -0.56121E-01 -0.32573E-01  0.10697E+00  0.20576E+00  0.21217E+00  0.16801E+00  0.11681E+00  0.76222E-01  0.48214E-01  0.29980E-01  0.18428E-01  0.11214E-01  0.67288E-02  0.38614E-02  0.19172E-02
 0.14000E+01  0.68920E-01 -0.59602E-01 -0.54126E-01  0.81402E-01  0.18688E+00  0.20156E+00  0.16298E+00  0.11464E+00  0.75319E-01  0.47830E-01  0.29801E-01  0.18327E-01  0.11146E-01  0.66773E-02  0.38240E-02  0.18954E-02
 0.16000E+01  0.72911E-01 -0.59278E-01 -0.63185E-01  0.64792E-01  0.16941E+00  0.18778E+00  0.15368E+00  0.10881E+00  0.71777E-01  0.45692E-01  0.28511E-01  0.17549E-01  0.10676E-01  0.63957E-02  0.36620E-02  0.18149E-02
 0.18000E+01  0.72222E-01 -0.57488E-01 -0.66326E-01  0.53114E-01  0.15356E+00  0.17324E+00  0.14279E+00  0.10149E+00  0.67107E-01  0.42792E-01  0.26738E-01  0.16479E-01  0.10038E-01  0.60215E-02  0.34527E-02  0.17133E-02
 0.20000E+01  0.69186E-01 -0.55077E-01 -0.66362E-01  0.44402E-01  0.13908E+00  0.15874E+00  0.13137E+00  0.93558E-01  0.61941E-01  0.39547E-01  0.24746E-01  0.15278E-01  0.93273E-02  0.56102E-02  0.32262E-02  0.16049E-02
 0.22000E+01  0.64840E-01 -0.52430E-01 -0.64623E-01  0.37642E-01  0.12577E+00  0.14458E+00  0.11985E+00  0.85391E-01  0.56562E-01  0.36149E-01  0.22657E-01  0.14022E-01  0.85875E-02  0.51860E-02  0.29953E-02  0.14956E-02
 0.24000E+01  0.59855E-01 -0.49716E-01 -0.61880E-01  0.32220E-01  0.11348E+00  0.13096E+00  0.10853E+00  0.77264E-01  0.51170E-01  0.32730E-01  0.20554E-01  0.12758E-01  0.78469E-02  0.47643E-02  0.27678E-02  0.13887E-02
 0.26000E+01  0.54449E-01 -0.46989E-01 -0.58463E-01  0.27768E-01  0.10198E+00  0.11778E+00  0.97394E-01  0.69194E-01  0.45787E-01  0.29308E-01  0.18447E-01  0.11496E-01  0.71096E-02  0.43469E-02  0.25445E-02  0.12846E-02
 0.28000E+01  0.48774E-01 -0.44319E-01 -0.54650E-01  0.23995E-01  0.91096E-01  0.10501E+00  0.86466E-01  0.61221E-01  0.40450E-01  0.25910E-01  0.16357E-01  0.10245E-01  0.63817E-02  0.39372E-02  0.23268E-02  0.11839E-02
 0.30000E+01  0.44036E-01 -0.41899E-01 -0.51990E-01  0.19404E-01  0.80374E-01  0.93106E-01  0.76604E-01  0.54170E-01  0.35787E-01  0.22960E-01  0.14543E-01  0.91554E-02  0.57415E-02  0.35714E-02  0.21286E-02  0.10906E-02
