 0.00000E+00  0.74371E+00  0.31444E+00 -0.16636E-01 -0.16142E+00 -0.15090E+00 -0.73011E-01  0.13379E-04  0.39810E-01  0.49937E-01  0.44116E-01  0.33376E-01  0.23230E-01  0.15370E-01  0.97714E-02  0.59411E-02  0.34049E-02
 0.20000E+00  0.38012E+00  0.40991E+00  0.34325E+00  0.21441E+00  0.81059E-01 -0.13925E-01 -0.59390E-01 -0.67572E-01 -0.57032E-01 -0.41582E-01 -0.27935E-01 -0.17919E-01 -0.11175E-01 -0.67995E-02 -0.40008E-02 -0.22377E-02
 0.40000E+00 -0.25569E-01  0.22873E+00  0.35765E+00  0.33700E+00  0.22332E+00  0.95774E-01  0.47500E-02 -0.39482E-01 -0.50049E-01 -0.44087E-01 -0.33320E-01 -0.23228E-01 -0.15416E-01 -0.98351E-02 -0.59998E-02 -0.34482E-02
 0.60000E+00 -0.93196E-01  0.10070E+00  0.23535E+00  0.27431E+00  0.23460E+00  0.16038E+00  0.89901E-01  0.40678E-01  0.13176E-01  0.68818E-03 -0.36277E-02 -0.42862E-02 -0.36271E-02 -0.26662E-02 -0.17812E-02 -0.10881E-02
 0.80000E+00 -0.59299E-01  0.29424E-01  0.11934E+00  0.17998E+00  0.19768E+00  0.17885E+00  0.14075E+00  0.99865E-01  0.65772E-01  0.41244E-01  0.25148E-01  0.15127E-01  0.90297E-02  0.53280E-02  0.30667E-02  0.16880E-02
 0.10000E+01 -0.24299E-01 -0.25206E-02  0.50725E-01  0.11343E+00  0.15856E+00  0.17180E+00  0.15637E+00  0.12537E+00  0.91723E-01  0.63011E-01  0.41577E-01  0.26760E-01  0.16910E-01  0.10456E-01  0.62483E-02  0.35413E-02
 0.12000E+01 -0.39313E-02 -0.15562E-01  0.15708E-01  0.74276E-01  0.12932E+00  0.15767E+00  0.15514E+00  0.13174E+00  0.10086E+00  0.71910E-01  0.48935E-01  0.32309E-01  0.20844E-01  0.13103E-01  0.79314E-02  0.45393E-02
 0.14000E+01  0.67923E-02 -0.20776E-01 -0.21437E-02  0.51390E-01  0.10891E+00  0.14394E+00  0.14853E+00  0.13042E+00  0.10248E+00  0.74629E-01  0.51688E-01  0.34626E-01  0.22604E-01  0.14344E-01  0.87455E-02  0.50328E-02
 0.16000E+01  0.12504E-01 -0.22803E-01 -0.11736E-01  0.37297E-01  0.94464E-01  0.13232E+00  0.14098E+00  0.12655E+00  0.10114E+00  0.74697E-01  0.52341E-01  0.35403E-01  0.23293E-01  0.14873E-01  0.91118E-02  0.52627E-02
 0.18000E+01  0.15659E-01 -0.23476E-01 -0.17217E-01  0.28043E-01  0.83848E-01  0.12276E+00  0.13385E+00  0.12206E+00  0.98754E-01  0.73667E-01  0.52053E-01  0.35454E-01  0.23459E-01  0.15046E-01  0.92497E-02  0.53563E-02
 0.20000E+01  0.17454E-01 -0.23541E-01 -0.20514E-01  0.21599E-01  0.75718E-01  0.11482E+00  0.12743E+00  0.11761E+00  0.96041E-01  0.72193E-01  0.51340E-01  0.35154E-01  0.23361E-01  0.15034E-01  0.92671E-02  0.53770E-02
 0.22000E+01  0.18481E-01 -0.23318E-01 -0.22569E-01  0.16891E-01  0.69265E-01  0.10812E+00  0.12172E+00  0.11341E+00  0.93296E-01  0.70559E-01  0.50434E-01  0.34681E-01  0.23126E-01  0.14924E-01  0.92182E-02  0.53571E-02
 0.24000E+01  0.19055E-01 -0.22956E-01 -0.23877E-01  0.13310E-01  0.63985E-01  0.10237E+00  0.11660E+00  0.10950E+00  0.90634E-01  0.68891E-01  0.49450E-01  0.34123E-01  0.22819E-01  0.14759E-01  0.91321E-02  0.53140E-02
 0.26000E+01  0.19350E-01 -0.22529E-01 -0.24715E-01  0.10491E-01  0.59543E-01  0.97336E-01  0.11199E+00  0.10588E+00  0.88090E-01  0.67245E-01  0.48441E-01  0.33527E-01  0.22474E-01  0.14564E-01  0.90247E-02  0.52574E-02
 0.28000E+01  0.19465E-01 -0.22072E-01 -0.25244E-01  0.82077E-02  0.55723E-01  0.92864E-01  0.10780E+00  0.10251E+00  0.85674E-01  0.65645E-01  0.47438E-01  0.32918E-01  0.22113E-01  0.14353E-01  0.89059E-02  0.51933E-02
 0.30000E+01  0.19436E-01 -0.21441E-01 -0.25554E-01  0.59338E-02  0.51602E-01  0.87852E-01  0.10297E+00  0.98543E-01  0.82770E-01  0.63681E-01  0.46177E-01  0.32135E-01  0.21637E-01  0.14071E-01  0.87431E-02  0.51038E-02
 0.00000E+00  0.74371E+00  0.31444E+00 -0.16636E-01 -0.16142E+00 -0.15090E+00 -0.73011E-01  0.13379E-04  0.39810E-01  0.49937E-01  0.44116E-01  0.33376E-01  0.23230E-01  0.15370E-01  0.97714E-02  0.59411E-02  0.34049E-02
 0.20000E+00  0.38012E+00  0.40991E+00  0.34325E+00  0.21441E+00  0.81059E-01 -0.13925E-01 -0.59390E-01 -0.67572E-01 -0.57032E-01 -0.41582E-01 -0.27935E-01 -0.17919E-01 -0.11175E-01 -0.67995E-02 -0.40008E-02 -0.22377E-02
 0.40000E+00 -0.25569E-01  0.22873E+00  0.35765E+00  0.33700E+00  0.22332E+00  0.95774E-01  0.47500E-02 -0.39482E-01 -0.50049E-01 -0.44087E-01 -0.33320E-01 -0.23228E-01 -0.15416E-01 -0.98351E-02 -0.59998E-02 -0.34482E-02
 0.60000E+00 -0.93196E-01  0.10070E+00  0.23535E+00  0.27431E+00  0.23460E+00  0.16038E+00  0.89901E-01  0.40678E-01  0.13176E-01  0.68818E-03 -0.36277E-02 -0.42862E-02 -0.36271E-02 -0.26662E-02 -0.17812E-02 -0.10881E-02
 0.80000E+00 -0.59299E-01  0.29424E-01  0.11934E+00  0.17998E+00  0.19768E+00  0.17885E+00  0.14075E+00  0.99865E-01  0.65772E-01  0.41244E-01  0.25148E-01  0.15127E-01  0.90297E-02  0.53280E-02  0.30667E-02  0.16880E-02
 0.10000E+01 -0.24299E-01 -0.25206E-02  0.50725E-01  0.11343E+00  0.15856E+00  0.17180E+00  0.15637E+00  0.12537E+00  0.91723E-01  0.63011E-01  0.41577E-01  0.26760E-01  0.16910E-01  0.10456E-01  0.62483E-02  0.35413E-02
 0.12000E+01 -0.39313E-02 -0.15562E-01  0.15708E-01  0.74276E-01  0.12932E+00  0.15767E+00  0.15514E+00  0.13174E+00  0.10086E+00  0.71910E-01  0.48935E-01  0.32309E-01  0.20844E-01  0.13103E-01  0.79314E-02  0.45393E-02
 0.14000E+01  0.67923E-02 -0.20776E-01 -0.21437E-02  0.51390E-01  0.10891E+00  0.14394E+00  0.14853E+00  0.13042E+00  0.10248E+00  0.74629E-01  0.51688E-01  0.34626E-01  0.22604E-01  0.14344E-01  0.87455E-02  0.50328E-02
 0.16000E+01  0.12504E-01 -0.22803E-01 -0.11736E-01  0.37297E-01  0.94464E-01  0.13232E+00  0.14098E+00  0.12655E+00  0.10114E+00  0.74697E-01  0.52341E-01  0.35403E-01  0.23293E-01  0.14873E-01  0.91118E-02  0.52627E-02
 0.18000E+01  0.15659E-01 -0.23476E-01 -0.17217E-01  0.28043E-01  0.83848E-01  0.12276E+00  0.13385E+00  0.12206E+00  0.98754E-01  0.73667E-01  0.52053E-01  0.35454E-01  0.23459E-01  0.15046E-01  0.92497E-02  0.53563E-02
 0.20000E+01  0.17454E-01 -0.23541E-01 -0.20514E-01  0.21599E-01  0.75718E-01  0.11482E+00  0.12743E+00  0.11761E+00  0.96041E-01  0.72193E-01  0.51340E-01  0.35154E-01  0.23361E-01  0.15034E-01  0.92671E-02  0.53770E-02
 0.22000E+01  0.18481E-01 -0.23318E-01 -0.22569E-01  0.16891E-01  0.69265E-01  0.10812E+00  0.12172E+00  0.11341E+00  0.93296E-01  0.70559E-01  0.50434E-01  0.34681E-01  0.23126E-01  0.14924E-01  0.92182E-02  0.53571E-02
 0.24000E+01  0.19055E-01 -0.22956E-01 -0.23877E-01  0.13310E-01  0.63985E-01  0.10237E+00  0.11660E+00  0.10950E+00  0.90634E-01  0.68891E-01  0.49450E-01  0.34123E-01  0.22819E-01  0.14759E-01  0.91321E-02  0.53140E-02
 0.26000E+01  0.19350E-01 -0.22529E-01 -0.24715E-01  0.10491E-01  0.59543E-01  0.97336E-01  0.11199E+00  0.10588E+00  0.88090E-01  0.67245E-01  0.48441E-01  0.33527E-01  0.22474E-01  0.14564E-01  0.90247E-02  0.52574E-02
 0.28000E+01  0.19465E-01 -0.22072E-01 -0.25244E-01  0.82077E-02  0.55723E-01  0.92864E-01  0.10780E+00  0.10251E+00  0.85674E-01  0.65645E-01  0.47438E-01  0.32918E-01  0.22113E-01  0.14353E-01  0.89059E-02  0.51933E-02
 0.30000E+01  0.19436E-01 -0.21441E-01 -0.25554E-01  0.59338E-02  0.51602E-01  0.87852E-01  0.10297E+00  0.98543E-01  0.82770E-01  0.63681E-01  0.46177E-01  0.32135E-01  0.21637E-01  0.14071E-01  0.87431E-02  0.51038E-02
