 0.00000E+00  0.60182E+00  0.34895E+00  0.21684E-01 -0.10382E+00 -0.81580E-01 -0.36205E-01 -0.10050E-01  0.40093E-08  0.24646E-02  0.22374E-02  0.13957E-02  0.64655E-03  0.14296E-03 -0.13528E-03 -0.22925E-03 -0.18197E-03
 0.20000E+00  0.48836E+00  0.46134E+00  0.27254E+00  0.98056E-01  0.10080E-01 -0.17579E-01 -0.20400E-01 -0.16178E-01 -0.11193E-01 -0.71763E-02 -0.43583E-02 -0.25253E-02 -0.13896E-02 -0.71260E-03 -0.32747E-03 -0.12592E-03
 0.40000E+00 -0.13394E-01  0.21982E+00  0.34423E+00  0.27881E+00  0.15304E+00  0.64402E-01  0.21523E-01  0.49105E-02 -0.22487E-03 -0.11221E-02 -0.77464E-03 -0.25915E-03  0.12167E-03  0.32508E-03  0.36087E-03  0.25776E-03
 0.60000E+00 -0.12149E+00  0.90525E-01  0.26700E+00  0.27968E+00  0.20133E+00  0.12262E+00  0.70674E-01  0.40579E-01  0.23573E-01  0.13871E-01  0.82499E-02  0.49493E-02  0.29875E-02  0.18011E-02  0.10462E-02  0.52561E-03
 0.80000E+00 -0.10582E+00  0.27297E-01  0.17841E+00  0.23584E+00  0.20887E+00  0.15365E+00  0.10342E+00  0.66573E-01  0.41641E-01  0.25435E-01  0.15201E-01  0.88928E-02  0.50758E-02  0.27991E-02  0.14484E-02  0.64909E-03
 0.10000E+01 -0.73041E-01 -0.11178E-02  0.11649E+00  0.19267E+00  0.19793E+00  0.16132E+00  0.11622E+00  0.78193E-01  0.50363E-01  0.31396E-01  0.19052E-01  0.11286E-01  0.65148E-02  0.36342E-02  0.19042E-02  0.86392E-03
 0.12000E+01 -0.46758E-01 -0.15974E-01  0.75874E-01  0.16085E+00  0.18599E+00  0.16206E+00  0.12137E+00  0.83572E-01  0.54613E-01  0.34372E-01  0.21000E-01  0.12503E-01  0.72483E-02  0.40591E-02  0.21349E-02  0.97207E-03
 0.14000E+01 -0.30057E-01 -0.22544E-01  0.51393E-01  0.13724E+00  0.17193E+00  0.15595E+00  0.11952E+00  0.83568E-01  0.55290E-01  0.35228E-01  0.21826E-01  0.13220E-01  0.78347E-02  0.45177E-02  0.24642E-02  0.11641E-02
 0.16000E+01 -0.20424E-01 -0.24927E-01  0.36749E-01  0.11927E+00  0.15739E+00  0.14637E+00  0.11391E+00  0.80610E-01  0.53991E-01  0.34910E-01  0.22034E-01  0.13664E-01  0.83460E-02  0.50016E-02  0.28537E-02  0.14060E-02
 0.18000E+01 -0.16637E-01 -0.23982E-01  0.29794E-01  0.10526E+00  0.14172E+00  0.13338E+00  0.10489E+00  0.75104E-01  0.51097E-01  0.33747E-01  0.21897E-01  0.14056E-01  0.89559E-02  0.56438E-02  0.33977E-02  0.17526E-02
 0.20000E+01 -0.16272E-01 -0.21503E-01  0.27155E-01  0.94069E-01  0.12636E+00  0.11937E+00  0.94637E-01  0.68633E-01  0.47585E-01  0.32256E-01  0.21629E-01  0.14435E-01  0.96130E-02  0.63564E-02  0.40093E-02  0.21447E-02
 0.22000E+01 -0.18375E-01 -0.17999E-01  0.27589E-01  0.85007E-01  0.11139E+00  0.10481E+00  0.83647E-01  0.61566E-01  0.43693E-01  0.30570E-01  0.21293E-01  0.14819E-01  0.10312E-01  0.71236E-02  0.46713E-02  0.25702E-02
 0.24000E+01 -0.22178E-01 -0.13853E-01  0.30100E-01  0.77466E-01  0.96821E-01  0.90014E-01  0.72270E-01  0.54184E-01  0.39610E-01  0.28800E-01  0.20946E-01  0.15232E-01  0.11058E-01  0.79422E-02  0.53774E-02  0.30239E-02
 0.26000E+01 -0.27237E-01 -0.92515E-02  0.34123E-01  0.71042E-01  0.82560E-01  0.75065E-01  0.60634E-01  0.46597E-01  0.35413E-01  0.26994E-01  0.20612E-01  0.15687E-01  0.11855E-01  0.88105E-02  0.61244E-02  0.35034E-02
 0.28000E+01 -0.33463E-01 -0.41625E-02  0.39536E-01  0.65475E-01  0.68315E-01  0.59726E-01  0.48584E-01  0.38718E-01  0.31065E-01  0.25146E-01  0.20307E-01  0.16204E-01  0.12727E-01  0.97514E-02  0.69307E-02  0.40200E-02
 0.30000E+01 -0.38760E-01  0.63156E-03  0.44157E-01  0.59741E-01  0.54617E-01  0.45165E-01  0.37192E-01  0.31272E-01  0.26940E-01  0.23368E-01  0.19978E-01  0.16649E-01  0.13510E-01  0.10605E-01  0.76649E-02  0.44914E-02
