 0.00000E+00  0.61219E+00  0.34779E+00  0.98301E-01 -0.60412E-01 -0.11698E+00 -0.10606E+00 -0.70418E-01 -0.37210E-01 -0.15518E-01 -0.42415E-02  0.51650E-03  0.19845E-02  0.20550E-02  0.16460E-02  0.11506E-02  0.72141E-03
 0.20000E+00  0.45569E+00  0.39425E+00  0.28522E+00  0.16729E+00  0.72033E-01  0.12081E-01 -0.16466E-01 -0.24671E-01 -0.22948E-01 -0.17958E-01 -0.12884E-01 -0.87938E-02 -0.57982E-02 -0.36967E-02 -0.22573E-02 -0.12986E-02
 0.40000E+00  0.60956E-01  0.18985E+00  0.26104E+00  0.25808E+00  0.20247E+00  0.13052E+00  0.69526E-01  0.29514E-01  0.81635E-02 -0.10803E-02 -0.39947E-02 -0.41681E-02 -0.34015E-02 -0.24623E-02 -0.16313E-02 -0.99089E-03
 0.60000E+00 -0.52539E-01  0.87747E-01  0.19186E+00  0.23081E+00  0.21150E+00  0.16169E+00  0.10826E+00  0.65862E-01  0.37601E-01  0.20723E-01  0.11270E-01  0.61293E-02  0.33464E-02  0.18246E-02  0.98063E-03  0.50950E-03
 0.80000E+00 -0.66249E-01  0.41946E-01  0.13429E+00  0.18337E+00  0.18624E+00  0.15831E+00  0.11918E+00  0.82583E-01  0.54264E-01  0.34591E-01  0.21721E-01  0.13537E-01  0.83713E-02  0.50968E-02  0.30101E-02  0.16904E-02
 0.10000E+01 -0.58780E-01  0.20712E-01  0.96991E-01  0.14641E+00  0.16078E+00  0.14703E+00  0.11877E+00  0.87955E-01  0.61382E-01  0.41221E-01  0.27027E-01  0.17441E-01  0.11086E-01  0.68958E-02  0.41398E-02  0.23535E-02
 0.12000E+01 -0.49575E-01  0.97260E-02  0.73166E-01  0.12041E+00  0.14064E+00  0.13555E+00  0.11463E+00  0.88301E-01  0.63681E-01  0.43914E-01  0.29399E-01  0.19280E-01  0.12408E-01  0.77910E-02  0.47106E-02  0.26922E-02
 0.14000E+01 -0.41840E-01  0.33862E-02  0.57128E-01  0.10169E+00  0.12494E+00  0.12529E+00  0.10942E+00  0.86521E-01  0.63709E-01  0.44652E-01  0.30269E-01  0.20040E-01  0.12991E-01  0.82022E-02  0.49798E-02  0.28548E-02
 0.16000E+01 -0.35709E-01 -0.58258E-03  0.45734E-01  0.87641E-01  0.11239E+00  0.11629E+00  0.10405E+00  0.83830E-01  0.62630E-01  0.44386E-01  0.30344E-01  0.20219E-01  0.13172E-01  0.83472E-02  0.50820E-02  0.29195E-02
 0.18000E+01 -0.30875E-01 -0.32063E-02  0.37298E-01  0.76727E-01  0.10212E+00  0.10840E+00  0.98833E-01  0.80770E-01  0.60998E-01  0.43584E-01  0.29981E-01  0.20072E-01  0.13122E-01  0.83388E-02  0.50874E-02  0.29270E-02
 0.20000E+01 -0.27040E-01 -0.50037E-02  0.30862E-01  0.68025E-01  0.93557E-01  0.10144E+00  0.93906E-01  0.77607E-01  0.59102E-01  0.42496E-01  0.29372E-01  0.19735E-01  0.12938E-01  0.82392E-02  0.50347E-02  0.29002E-02
 0.22000E+01 -0.23971E-01 -0.62627E-02  0.25841E-01  0.60953E-01  0.86306E-01  0.95285E-01  0.89313E-01  0.74481E-01  0.57103E-01  0.41264E-01  0.28629E-01  0.19291E-01  0.12675E-01  0.80854E-02  0.49470E-02  0.28524E-02
 0.24000E+01 -0.21482E-01 -0.71603E-02  0.21841E-01  0.55097E-01  0.80084E-01  0.89800E-01  0.85058E-01  0.71465E-01  0.55091E-01  0.39974E-01  0.27819E-01  0.18790E-01  0.12368E-01  0.79007E-02  0.48392E-02  0.27925E-02
 0.26000E+01 -0.19431E-01 -0.78081E-02  0.18590E-01  0.50158E-01  0.74664E-01  0.84869E-01  0.81112E-01  0.68581E-01  0.53112E-01  0.38670E-01  0.26982E-01  0.18261E-01  0.12038E-01  0.76989E-02  0.47198E-02  0.27254E-02
 0.28000E+01 -0.17719E-01 -0.82769E-02  0.15904E-01  0.45928E-01  0.69882E-01  0.80397E-01  0.77439E-01  0.65831E-01  0.51183E-01  0.37375E-01  0.26135E-01  0.17718E-01  0.11696E-01  0.74874E-02  0.45937E-02  0.26541E-02
 0.30000E+01 -0.15915E-01 -0.86211E-02  0.13207E-01  0.41442E-01  0.64605E-01  0.75292E-01  0.73119E-01  0.62512E-01  0.48801E-01  0.35743E-01  0.25052E-01  0.17013E-01  0.11246E-01  0.72072E-02  0.44254E-02  0.25585E-02
 0.00000E+00  0.61219E+00  0.34779E+00  0.98301E-01 -0.60412E-01 -0.11698E+00 -0.10606E+00 -0.70418E-01 -0.37210E-01 -0.15518E-01 -0.42415E-02  0.51650E-03  0.19845E-02  0.20550E-02  0.16460E-02  0.11506E-02  0.72141E-03
 0.20000E+00  0.45569E+00  0.39425E+00  0.28522E+00  0.16729E+00  0.72033E-01  0.12081E-01 -0.16466E-01 -0.24671E-01 -0.22948E-01 -0.17958E-01 -0.12884E-01 -0.87938E-02 -0.57982E-02 -0.36967E-02 -0.22573E-02 -0.12986E-02
 0.40000E+00  0.60956E-01  0.18985E+00  0.26104E+00  0.25808E+00  0.20247E+00  0.13052E+00  0.69526E-01  0.29514E-01  0.81635E-02 -0.10803E-02 -0.39947E-02 -0.41681E-02 -0.34015E-02 -0.24623E-02 -0.16313E-02 -0.99089E-03
 0.60000E+00 -0.52539E-01  0.87747E-01  0.19186E+00  0.23081E+00  0.21150E+00  0.16169E+00  0.10826E+00  0.65862E-01  0.37601E-01  0.20723E-01  0.11270E-01  0.61293E-02  0.33464E-02  0.18246E-02  0.98063E-03  0.50950E-03
 0.80000E+00 -0.66249E-01  0.41946E-01  0.13429E+00  0.18337E+00  0.18624E+00  0.15831E+00  0.11918E+00  0.82583E-01  0.54264E-01  0.34591E-01  0.21721E-01  0.13537E-01  0.83713E-02  0.50968E-02  0.30101E-02  0.16904E-02
 0.10000E+01 -0.58780E-01  0.20712E-01  0.96991E-01  0.14641E+00  0.16078E+00  0.14703E+00  0.11877E+00  0.87955E-01  0.61382E-01  0.41221E-01  0.27027E-01  0.17441E-01  0.11086E-01  0.68958E-02  0.41398E-02  0.23535E-02
 0.12000E+01 -0.49575E-01  0.97260E-02  0.73166E-01  0.12041E+00  0.14064E+00  0.13555E+00  0.11463E+00  0.88301E-01  0.63681E-01  0.43914E-01  0.29399E-01  0.19280E-01  0.12408E-01  0.77910E-02  0.47106E-02  0.26922E-02
 0.14000E+01 -0.41840E-01  0.33862E-02  0.57128E-01  0.10169E+00  0.12494E+00  0.12529E+00  0.10942E+00  0.86521E-01  0.63709E-01  0.44652E-01  0.30269E-01  0.20040E-01  0.12991E-01  0.82022E-02  0.49798E-02  0.28548E-02
 0.16000E+01 -0.35709E-01 -0.58258E-03  0.45734E-01  0.87641E-01  0.11239E+00  0.11629E+00  0.10405E+00  0.83830E-01  0.62630E-01  0.44386E-01  0.30344E-01  0.20219E-01  0.13172E-01  0.83472E-02  0.50820E-02  0.29195E-02
 0.18000E+01 -0.30875E-01 -0.32063E-02  0.37298E-01  0.76727E-01  0.10212E+00  0.10840E+00  0.98833E-01  0.80770E-01  0.60998E-01  0.43584E-01  0.29981E-01  0.20072E-01  0.13122E-01  0.83388E-02  0.50874E-02  0.29270E-02
 0.20000E+01 -0.27040E-01 -0.50037E-02  0.30862E-01  0.68025E-01  0.93557E-01  0.10144E+00  0.93906E-01  0.77607E-01  0.59102E-01  0.42496E-01  0.29372E-01  0.19735E-01  0.12938E-01  0.82392E-02  0.50347E-02  0.29002E-02
 0.22000E+01 -0.23971E-01 -0.62627E-02  0.25841E-01  0.60953E-01  0.86306E-01  0.95285E-01  0.89313E-01  0.74481E-01  0.57103E-01  0.41264E-01  0.28629E-01  0.19291E-01  0.12675E-01  0.80854E-02  0.49470E-02  0.28524E-02
 0.24000E+01 -0.21482E-01 -0.71603E-02  0.21841E-01  0.55097E-01  0.80084E-01  0.89800E-01  0.85058E-01  0.71465E-01  0.55091E-01  0.39974E-01  0.27819E-01  0.18790E-01  0.12368E-01  0.79007E-02  0.48392E-02  0.27925E-02
 0.26000E+01 -0.19431E-01 -0.78081E-02  0.18590E-01  0.50158E-01  0.74664E-01  0.84869E-01  0.81112E-01  0.68581E-01  0.53112E-01  0.38670E-01  0.26982E-01  0.18261E-01  0.12038E-01  0.76989E-02  0.47198E-02  0.27254E-02
 0.28000E+01 -0.17719E-01 -0.82769E-02  0.15904E-01  0.45928E-01  0.69882E-01  0.80397E-01  0.77439E-01  0.65831E-01  0.51183E-01  0.37375E-01  0.26135E-01  0.17718E-01  0.11696E-01  0.74874E-02  0.45937E-02  0.26541E-02
 0.30000E+01 -0.15915E-01 -0.86211E-02  0.13207E-01  0.41442E-01  0.64605E-01  0.75292E-01  0.73119E-01  0.62512E-01  0.48801E-01  0.35743E-01  0.25052E-01  0.17013E-01  0.11246E-01  0.72072E-02  0.44254E-02  0.25585E-02
