 0.00000E+00  0.86593E+00  0.27163E+00 -0.11967E+00 -0.23354E+00 -0.15988E+00 -0.35311E-01  0.53834E-01  0.88660E-01  0.86318E-01  0.68597E-01  0.49028E-01  0.32965E-01  0.21291E-01  0.13276E-01  0.79382E-02  0.44843E-02
 0.20000E+00  0.23136E+00  0.47107E+00  0.48668E+00  0.32187E+00  0.10446E+00 -0.58627E-01 -0.13282E+00 -0.13880E+00 -0.11239E+00 -0.79569E-01 -0.52100E-01 -0.32552E-01 -0.19718E-01 -0.11624E-01 -0.66240E-02 -0.35961E-02
 0.40000E+00 -0.61297E-01  0.22321E+00  0.36336E+00  0.34115E+00  0.22398E+00  0.96145E-01  0.67971E-02 -0.36494E-01 -0.47699E-01 -0.43178E-01 -0.33684E-01 -0.24276E-01 -0.16614E-01 -0.10871E-01 -0.67593E-02 -0.39373E-02
 0.60000E+00 -0.47252E-01  0.84601E-01  0.18674E+00  0.22828E+00  0.21201E+00  0.16297E+00  0.10801E+00  0.63215E-01  0.33037E-01  0.15284E-01  0.59153E-02  0.14690E-02 -0.35296E-03 -0.88664E-03 -0.85384E-03 -0.62715E-03
 0.80000E+00 -0.22554E-01  0.26856E-01  0.96118E-01  0.15602E+00  0.18385E+00  0.17615E+00  0.14515E+00  0.10697E+00  0.72726E-01  0.46806E-01  0.29084E-01  0.17676E-01  0.10567E-01  0.61998E-02  0.35327E-02  0.19220E-02
 0.10000E+01 -0.77002E-02  0.44541E-03  0.49227E-01  0.11329E+00  0.16035E+00  0.17373E+00  0.15733E+00  0.12551E+00  0.91652E-01  0.63070E-01  0.41779E-01  0.26992E-01  0.17089E-01  0.10561E-01  0.62952E-02  0.35555E-02
 0.12000E+01  0.17335E-02 -0.14166E-01  0.20439E-01  0.84105E-01  0.14076E+00  0.16667E+00  0.16026E+00  0.13397E+00  0.10178E+00  0.72539E-01  0.49594E-01  0.32961E-01  0.21392E-01  0.13502E-01  0.81892E-02  0.46888E-02
 0.14000E+01  0.81170E-02 -0.23176E-01  0.68147E-03  0.61962E-01  0.12352E+00  0.15758E+00  0.15867E+00  0.13728E+00  0.10729E+00  0.78360E-01  0.54733E-01  0.37061E-01  0.24438E-01  0.15629E-01  0.95795E-02  0.55298E-02
 0.16000E+01  0.12362E-01 -0.28756E-01 -0.13193E-01  0.44716E-01  0.10829E+00  0.14761E+00  0.15441E+00  0.13733E+00  0.10974E+00  0.81685E-01  0.57992E-01  0.39817E-01  0.26564E-01  0.17151E-01  0.10591E-01  0.61492E-02
 0.18000E+01  0.15008E-01 -0.32043E-01 -0.22793E-01  0.31375E-01  0.95107E-01  0.13762E+00  0.14867E+00  0.13526E+00  0.11006E+00  0.83176E-01  0.59816E-01  0.41518E-01  0.27949E-01  0.18177E-01  0.11289E-01  0.65826E-02
 0.20000E+01  0.16509E-01 -0.33813E-01 -0.29297E-01  0.21156E-01  0.83923E-01  0.12816E+00  0.14230E+00  0.13193E+00  0.10896E+00  0.83366E-01  0.60577E-01  0.42411E-01  0.28754E-01  0.18807E-01  0.11733E-01  0.68646E-02
 0.22000E+01  0.17231E-01 -0.34616E-01 -0.33615E-01  0.13363E-01  0.74548E-01  0.11951E+00  0.13585E+00  0.12796E+00  0.10699E+00  0.82688E-01  0.60593E-01  0.42720E-01  0.29129E-01  0.19140E-01  0.11982E-01  0.70296E-02
 0.24000E+01  0.17453E-01 -0.34822E-01 -0.36435E-01  0.73950E-02  0.66708E-01  0.11176E+00  0.12963E+00  0.12375E+00  0.10454E+00  0.81474E-01  0.60119E-01  0.42629E-01  0.29203E-01  0.19260E-01  0.12092E-01  0.71093E-02
 0.26000E+01  0.17362E-01 -0.34667E-01 -0.38235E-01  0.27761E-02  0.60115E-01  0.10486E+00  0.12378E+00  0.11952E+00  0.10185E+00  0.79939E-01  0.59330E-01  0.42271E-01  0.29070E-01  0.19230E-01  0.12103E-01  0.71282E-02
 0.28000E+01  0.17073E-01 -0.34296E-01 -0.39333E-01 -0.83157E-03  0.54531E-01  0.98701E-01  0.11832E+00  0.11539E+00  0.99067E-01  0.78224E-01  0.58343E-01  0.41735E-01  0.28795E-01  0.19098E-01  0.12043E-01  0.71039E-02
 0.30000E+01  0.16557E-01 -0.33521E-01 -0.39847E-01 -0.41474E-02  0.48718E-01  0.91852E-01  0.11192E+00  0.11028E+00  0.95420E-01  0.75813E-01  0.56832E-01  0.40823E-01  0.28259E-01  0.18792E-01  0.11875E-01  0.70154E-02
 0.00000E+00  0.86593E+00  0.27163E+00 -0.11967E+00 -0.23354E+00 -0.15988E+00 -0.35311E-01  0.53834E-01  0.88660E-01  0.86318E-01  0.68597E-01  0.49028E-01  0.32965E-01  0.21291E-01  0.13276E-01  0.79382E-02  0.44843E-02
 0.20000E+00  0.23136E+00  0.47107E+00  0.48668E+00  0.32187E+00  0.10446E+00 -0.58627E-01 -0.13282E+00 -0.13880E+00 -0.11239E+00 -0.79569E-01 -0.52100E-01 -0.32552E-01 -0.19718E-01 -0.11624E-01 -0.66240E-02 -0.35961E-02
 0.40000E+00 -0.61297E-01  0.22321E+00  0.36336E+00  0.34115E+00  0.22398E+00  0.96145E-01  0.67971E-02 -0.36494E-01 -0.47699E-01 -0.43178E-01 -0.33684E-01 -0.24276E-01 -0.16614E-01 -0.10871E-01 -0.67593E-02 -0.39373E-02
 0.60000E+00 -0.47252E-01  0.84601E-01  0.18674E+00  0.22828E+00  0.21201E+00  0.16297E+00  0.10801E+00  0.63215E-01  0.33037E-01  0.15284E-01  0.59153E-02  0.14690E-02 -0.35296E-03 -0.88664E-03 -0.85384E-03 -0.62715E-03
 0.80000E+00 -0.22554E-01  0.26856E-01  0.96118E-01  0.15602E+00  0.18385E+00  0.17615E+00  0.14515E+00  0.10697E+00  0.72726E-01  0.46806E-01  0.29084E-01  0.17676E-01  0.10567E-01  0.61998E-02  0.35327E-02  0.19220E-02
 0.10000E+01 -0.77002E-02  0.44541E-03  0.49227E-01  0.11329E+00  0.16035E+00  0.17373E+00  0.15733E+00  0.12551E+00  0.91652E-01  0.63070E-01  0.41779E-01  0.26992E-01  0.17089E-01  0.10561E-01  0.62952E-02  0.35555E-02
 0.12000E+01  0.17335E-02 -0.14166E-01  0.20439E-01  0.84105E-01  0.14076E+00  0.16667E+00  0.16026E+00  0.13397E+00  0.10178E+00  0.72539E-01  0.49594E-01  0.32961E-01  0.21392E-01  0.13502E-01  0.81892E-02  0.46888E-02
 0.14000E+01  0.81170E-02 -0.23176E-01  0.68147E-03  0.61962E-01  0.12352E+00  0.15758E+00  0.15867E+00  0.13728E+00  0.10729E+00  0.78360E-01  0.54733E-01  0.37061E-01  0.24438E-01  0.15629E-01  0.95795E-02  0.55298E-02
 0.16000E+01  0.12362E-01 -0.28756E-01 -0.13193E-01  0.44716E-01  0.10829E+00  0.14761E+00  0.15441E+00  0.13733E+00  0.10974E+00  0.81685E-01  0.57992E-01  0.39817E-01  0.26564E-01  0.17151E-01  0.10591E-01  0.61492E-02
 0.18000E+01  0.15008E-01 -0.32043E-01 -0.22793E-01  0.31375E-01  0.95107E-01  0.13762E+00  0.14867E+00  0.13526E+00  0.11006E+00  0.83176E-01  0.59816E-01  0.41518E-01  0.27949E-01  0.18177E-01  0.11289E-01  0.65826E-02
 0.20000E+01  0.16509E-01 -0.33813E-01 -0.29297E-01  0.21156E-01  0.83923E-01  0.12816E+00  0.14230E+00  0.13193E+00  0.10896E+00  0.83366E-01  0.60577E-01  0.42411E-01  0.28754E-01  0.18807E-01  0.11733E-01  0.68646E-02
 0.22000E+01  0.17231E-01 -0.34616E-01 -0.33615E-01  0.13363E-01  0.74548E-01  0.11951E+00  0.13585E+00  0.12796E+00  0.10699E+00  0.82688E-01  0.60593E-01  0.42720E-01  0.29129E-01  0.19140E-01  0.11982E-01  0.70296E-02
 0.24000E+01  0.17453E-01 -0.34822E-01 -0.36435E-01  0.73950E-02  0.66708E-01  0.11176E+00  0.12963E+00  0.12375E+00  0.10454E+00  0.81474E-01  0.60119E-01  0.42629E-01  0.29203E-01  0.19260E-01  0.12092E-01  0.71093E-02
 0.26000E+01  0.17362E-01 -0.34667E-01 -0.38235E-01  0.27761E-02  0.60115E-01  0.10486E+00  0.12378E+00  0.11952E+00  0.10185E+00  0.79939E-01  0.59330E-01  0.42271E-01  0.29070E-01  0.19230E-01  0.12103E-01  0.71282E-02
 0.28000E+01  0.17073E-01 -0.34296E-01 -0.39333E-01 -0.83157E-03  0.54531E-01  0.98701E-01  0.11832E+00  0.11539E+00  0.99067E-01  0.78224E-01  0.58343E-01  0.41735E-01  0.28795E-01  0.19098E-01  0.12043E-01  0.71039E-02
 0.30000E+01  0.16557E-01 -0.33521E-01 -0.39847E-01 -0.41474E-02  0.48718E-01  0.91852E-01  0.11192E+00  0.11028E+00  0.95420E-01  0.75813E-01  0.56832E-01  0.40823E-01  0.28259E-01  0.18792E-01  0.11875E-01  0.70154E-02
