 0.00000E+00  0.54175E+00  0.34640E+00  0.55165E-01 -0.83454E-01 -0.83490E-01 -0.45205E-01 -0.16307E-01 -0.22178E-02  0.27835E-02  0.36892E-02  0.31532E-02  0.23059E-02  0.15467E-02  0.97244E-03  0.56497E-03  0.27940E-03
 0.20000E+00  0.49481E+00  0.45794E+00  0.26648E+00  0.96266E-01  0.11264E-01 -0.16327E-01 -0.19912E-01 -0.16275E-01 -0.11655E-01 -0.78499E-02 -0.51127E-02 -0.32590E-02 -0.20430E-02 -0.12560E-02 -0.73433E-03 -0.36905E-03
 0.40000E+00  0.55489E-01  0.23251E+00  0.31807E+00  0.25959E+00  0.15027E+00  0.66107E-01  0.20702E-01  0.14731E-02 -0.46805E-02 -0.54879E-02 -0.45532E-02 -0.33097E-02 -0.22349E-02 -0.14285E-02 -0.84904E-03 -0.42916E-03
 0.60000E+00 -0.10405E+00  0.98394E-01  0.26832E+00  0.28243E+00  0.20443E+00  0.12192E+00  0.66016E-01  0.34310E-01  0.17661E-01  0.91464E-02  0.47981E-02  0.25577E-02  0.13883E-02  0.76486E-03  0.41361E-03  0.19723E-03
 0.80000E+00 -0.13109E+00  0.23045E-01  0.19002E+00  0.24749E+00  0.21461E+00  0.15489E+00  0.10247E+00  0.65032E-01  0.40455E-01  0.24903E-01  0.15226E-01  0.92562E-02  0.55893E-02  0.33325E-02  0.18998E-02  0.93673E-03
 0.10000E+01 -0.10573E+00 -0.15273E-01  0.11786E+00  0.19774E+00  0.20440E+00  0.17008E+00  0.12582E+00  0.86868E-01  0.57478E-01  0.37007E-01  0.23383E-01  0.14561E-01  0.89455E-02  0.53972E-02  0.31009E-02  0.15366E-02
 0.12000E+01 -0.71622E-01 -0.33417E-01  0.64309E-01  0.15349E+00  0.18745E+00  0.17311E+00  0.13701E+00  0.98891E-01  0.67426E-01  0.44336E-01  0.28453E-01  0.17932E-01  0.11126E-01  0.67703E-02  0.39185E-02  0.19531E-02
 0.14000E+01 -0.43443E-01 -0.41828E-01  0.27765E-01  0.11931E+00  0.17007E+00  0.16956E+00  0.14017E+00  0.10392E+00  0.72118E-01  0.48027E-01  0.31129E-01  0.19786E-01  0.12374E-01  0.75884E-02  0.44254E-02  0.22196E-02
 0.16000E+01 -0.23675E-01 -0.45164E-01  0.41841E-02  0.93975E-01  0.15358E+00  0.16184E+00  0.13775E+00  0.10395E+00  0.73036E-01  0.49120E-01  0.32121E-01  0.20597E-01  0.13002E-01  0.80571E-02  0.47495E-02  0.24039E-02
 0.18000E+01 -0.10610E-01 -0.46023E-01 -0.10914E-01  0.75108E-01  0.13857E+00  0.15222E+00  0.13228E+00  0.10113E+00  0.71754E-01  0.48676E-01  0.32104E-01  0.20776E-01  0.13252E-01  0.83087E-02  0.49580E-02  0.25352E-02
 0.20000E+01 -0.26045E-02 -0.45497E-01 -0.20200E-01  0.60879E-01  0.12483E+00  0.14150E+00  0.12490E+00  0.96477E-01  0.69048E-01  0.47240E-01  0.31442E-01  0.20556E-01  0.13266E-01  0.84303E-02  0.51002E-02  0.26375E-02
 0.22000E+01  0.16610E-02 -0.44115E-01 -0.25364E-01  0.50075E-01  0.11219E+00  0.13021E+00  0.11632E+00  0.90645E-01  0.65418E-01  0.45161E-01  0.30365E-01  0.20084E-01  0.13137E-01  0.84751E-02  0.52059E-02  0.27252E-02
 0.24000E+01  0.31852E-02 -0.42227E-01 -0.27635E-01  0.41770E-01  0.10047E+00  0.11865E+00  0.10701E+00  0.84072E-01  0.61204E-01  0.42679E-01  0.29031E-01  0.19460E-01  0.12924E-01  0.84793E-02  0.52949E-02  0.28078E-02
 0.26000E+01  0.25798E-02 -0.39953E-01 -0.27683E-01  0.35365E-01  0.89399E-01  0.10684E+00  0.97115E-01  0.76914E-01  0.56541E-01  0.39894E-01  0.27513E-01  0.18734E-01  0.12662E-01  0.84650E-02  0.53811E-02  0.28923E-02
 0.28000E+01  0.23132E-03 -0.37399E-01 -0.25982E-01  0.30435E-01  0.78805E-01  0.94780E-01  0.86705E-01  0.69265E-01  0.51509E-01  0.36868E-01  0.25853E-01  0.17934E-01  0.12369E-01  0.84442E-02  0.54717E-02  0.29828E-02
 0.30000E+01 -0.12861E-02 -0.34879E-01 -0.24905E-01  0.25067E-01  0.68242E-01  0.83047E-01  0.76679E-01  0.61925E-01  0.46676E-01  0.33946E-01  0.24231E-01  0.17132E-01  0.12052E-01  0.83914E-02  0.55322E-02  0.30532E-02
