 0.00000E+00  0.85344E+00  0.26944E+00 -0.10826E+00 -0.20965E+00 -0.13034E+00 -0.97674E-02  0.68024E-01  0.89666E-01  0.77183E-01  0.54318E-01  0.33954E-01  0.19716E-01  0.10914E-01  0.58286E-02  0.30036E-02  0.14802E-02
 0.20000E+00  0.25930E+00  0.45769E+00  0.44167E+00  0.26546E+00  0.57710E-01 -0.82194E-01 -0.13060E+00 -0.11689E+00 -0.80464E-01 -0.46236E-01 -0.22713E-01 -0.92825E-02 -0.26632E-02  0.92486E-04  0.91550E-03  0.90468E-03
 0.40000E+00 -0.67459E-01  0.24832E+00  0.39376E+00  0.35355E+00  0.21127E+00  0.66670E-01 -0.25761E-01 -0.62251E-01 -0.63416E-01 -0.50311E-01 -0.35335E-01 -0.23220E-01 -0.14661E-01 -0.89671E-02 -0.52815E-02 -0.29505E-02
 0.60000E+00 -0.68397E-01  0.93657E-01  0.21958E+00  0.26790E+00  0.24105E+00  0.17242E+00  0.99005E-01  0.42876E-01  0.91662E-02 -0.67630E-02 -0.11898E-01 -0.11750E-01 -0.95903E-02 -0.70208E-02 -0.47104E-02 -0.28938E-02
 0.80000E+00 -0.26621E-01  0.15195E-01  0.94706E-01  0.17246E+00  0.21180E+00  0.20290E+00  0.16130E+00  0.11045E+00  0.66879E-01  0.36490E-01  0.18106E-01  0.81136E-02  0.31495E-02  0.91127E-03  0.40876E-04 -0.20092E-03
 0.10000E+01 -0.38206E-03 -0.15621E-01  0.29488E-01  0.10639E+00  0.17023E+00  0.19353E+00  0.17745E+00  0.13990E+00  0.99063E-01  0.65179E-01  0.40935E-01  0.25012E-01  0.15016E-01  0.88519E-02  0.50718E-02  0.27747E-02
 0.12000E+01  0.11872E-01 -0.25949E-01 -0.20337E-02  0.65479E-01  0.13487E+00  0.17358E+00  0.17439E+00  0.14918E+00  0.11435E+00  0.81431E-01  0.55292E-01  0.36409E-01  0.23421E-01  0.14678E-01  0.88572E-02  0.50548E-02
 0.14000E+01  0.17110E-01 -0.28639E-01 -0.17632E-01  0.39962E-01  0.10815E+00  0.15400E+00  0.16557E+00  0.14985E+00  0.12085E+00  0.90135E-01  0.63803E-01  0.43569E-01  0.28901E-01  0.18572E-01  0.11432E-01  0.66249E-02
 0.16000E+01  0.19157E-01 -0.28580E-01 -0.25739E-01  0.23331E-01  0.88226E-01  0.13728E+00  0.15581E+00  0.14712E+00  0.12299E+00  0.94622E-01  0.68775E-01  0.48012E-01  0.32423E-01  0.21133E-01  0.13151E-01  0.76839E-02
 0.18000E+01  0.19737E-01 -0.27561E-01 -0.30132E-01  0.11941E-01  0.73098E-01  0.12341E+00  0.14656E+00  0.14310E+00  0.12293E+00  0.96731E-01  0.71625E-01  0.50759E-01  0.34690E-01  0.22821E-01  0.14303E-01  0.84007E-02
 0.20000E+01  0.19621E-01 -0.26241E-01 -0.32546E-01  0.38077E-02  0.61326E-01  0.11187E+00  0.13818E+00  0.13868E+00  0.12172E+00  0.97453E-01  0.73169E-01  0.52428E-01  0.36142E-01  0.23935E-01  0.15076E-01  0.88882E-02
 0.22000E+01  0.19165E-01 -0.24878E-01 -0.33838E-01 -0.21981E-02  0.51948E-01  0.10218E+00  0.13066E+00  0.13423E+00  0.11990E+00  0.97326E-01  0.73873E-01  0.53386E-01  0.37046E-01  0.24658E-01  0.15591E-01  0.92175E-02
 0.24000E+01  0.18549E-01 -0.23570E-01 -0.34465E-01 -0.67566E-02  0.44318E-01  0.93922E-01  0.12392E+00  0.12989E+00  0.11775E+00  0.96673E-01  0.74027E-01  0.53865E-01  0.37576E-01  0.25111E-01  0.15925E-01  0.94362E-02
 0.26000E+01  0.17864E-01 -0.22344E-01 -0.34680E-01 -0.10302E-01  0.37981E-01  0.86784E-01  0.11784E+00  0.12573E+00  0.11544E+00  0.95692E-01  0.73819E-01  0.54019E-01  0.37848E-01  0.25377E-01  0.16134E-01  0.95772E-02
 0.28000E+01  0.17149E-01 -0.21208E-01 -0.34634E-01 -0.13119E-01  0.32617E-01  0.80522E-01  0.11232E+00  0.12177E+00  0.11306E+00  0.94508E-01  0.73370E-01  0.53952E-01  0.37942E-01  0.25512E-01  0.16253E-01  0.96632E-02
 0.30000E+01  0.16245E-01 -0.19855E-01 -0.34248E-01 -0.15807E-01  0.26986E-01  0.73624E-01  0.10595E+00  0.11694E+00  0.10992E+00  0.92717E-01  0.72472E-01  0.53570E-01  0.37822E-01  0.25507E-01  0.16287E-01  0.96992E-02
 0.00000E+00  0.85344E+00  0.26944E+00 -0.10826E+00 -0.20965E+00 -0.13034E+00 -0.97674E-02  0.68024E-01  0.89666E-01  0.77183E-01  0.54318E-01  0.33954E-01  0.19716E-01  0.10914E-01  0.58286E-02  0.30036E-02  0.14802E-02
 0.20000E+00  0.25930E+00  0.45769E+00  0.44167E+00  0.26546E+00  0.57710E-01 -0.82194E-01 -0.13060E+00 -0.11689E+00 -0.80464E-01 -0.46236E-01 -0.22713E-01 -0.92825E-02 -0.26632E-02  0.92486E-04  0.91550E-03  0.90468E-03
 0.40000E+00 -0.67459E-01  0.24832E+00  0.39376E+00  0.35355E+00  0.21127E+00  0.66670E-01 -0.25761E-01 -0.62251E-01 -0.63416E-01 -0.50311E-01 -0.35335E-01 -0.23220E-01 -0.14661E-01 -0.89671E-02 -0.52815E-02 -0.29505E-02
 0.60000E+00 -0.68397E-01  0.93657E-01  0.21958E+00  0.26790E+00  0.24105E+00  0.17242E+00  0.99005E-01  0.42876E-01  0.91662E-02 -0.67630E-02 -0.11898E-01 -0.11750E-01 -0.95903E-02 -0.70208E-02 -0.47104E-02 -0.28938E-02
 0.80000E+00 -0.26621E-01  0.15195E-01  0.94706E-01  0.17246E+00  0.21180E+00  0.20290E+00  0.16130E+00  0.11045E+00  0.66879E-01  0.36490E-01  0.18106E-01  0.81136E-02  0.31495E-02  0.91127E-03  0.40876E-04 -0.20092E-03
 0.10000E+01 -0.38206E-03 -0.15621E-01  0.29488E-01  0.10639E+00  0.17023E+00  0.19353E+00  0.17745E+00  0.13990E+00  0.99063E-01  0.65179E-01  0.40935E-01  0.25012E-01  0.15016E-01  0.88519E-02  0.50718E-02  0.27747E-02
 0.12000E+01  0.11872E-01 -0.25949E-01 -0.20337E-02  0.65479E-01  0.13487E+00  0.17358E+00  0.17439E+00  0.14918E+00  0.11435E+00  0.81431E-01  0.55292E-01  0.36409E-01  0.23421E-01  0.14678E-01  0.88572E-02  0.50548E-02
 0.14000E+01  0.17110E-01 -0.28639E-01 -0.17632E-01  0.39962E-01  0.10815E+00  0.15400E+00  0.16557E+00  0.14985E+00  0.12085E+00  0.90135E-01  0.63803E-01  0.43569E-01  0.28901E-01  0.18572E-01  0.11432E-01  0.66249E-02
 0.16000E+01  0.19157E-01 -0.28580E-01 -0.25739E-01  0.23331E-01  0.88226E-01  0.13728E+00  0.15581E+00  0.14712E+00  0.12299E+00  0.94622E-01  0.68775E-01  0.48012E-01  0.32423E-01  0.21133E-01  0.13151E-01  0.76839E-02
 0.18000E+01  0.19737E-01 -0.27561E-01 -0.30132E-01  0.11941E-01  0.73098E-01  0.12341E+00  0.14656E+00  0.14310E+00  0.12293E+00  0.96731E-01  0.71625E-01  0.50759E-01  0.34690E-01  0.22821E-01  0.14303E-01  0.84007E-02
 0.20000E+01  0.19621E-01 -0.26241E-01 -0.32546E-01  0.38077E-02  0.61326E-01  0.11187E+00  0.13818E+00  0.13868E+00  0.12172E+00  0.97453E-01  0.73169E-01  0.52428E-01  0.36142E-01  0.23935E-01  0.15076E-01  0.88882E-02
 0.22000E+01  0.19165E-01 -0.24878E-01 -0.33838E-01 -0.21981E-02  0.51948E-01  0.10218E+00  0.13066E+00  0.13423E+00  0.11990E+00  0.97326E-01  0.73873E-01  0.53386E-01  0.37046E-01  0.24658E-01  0.15591E-01  0.92175E-02
 0.24000E+01  0.18549E-01 -0.23570E-01 -0.34465E-01 -0.67566E-02  0.44318E-01  0.93922E-01  0.12392E+00  0.12989E+00  0.11775E+00  0.96673E-01  0.74027E-01  0.53865E-01  0.37576E-01  0.25111E-01  0.15925E-01  0.94362E-02
 0.26000E+01  0.17864E-01 -0.22344E-01 -0.34680E-01 -0.10302E-01  0.37981E-01  0.86784E-01  0.11784E+00  0.12573E+00  0.11544E+00  0.95692E-01  0.73819E-01  0.54019E-01  0.37848E-01  0.25377E-01  0.16134E-01  0.95772E-02
 0.28000E+01  0.17149E-01 -0.21208E-01 -0.34634E-01 -0.13119E-01  0.32617E-01  0.80522E-01  0.11232E+00  0.12177E+00  0.11306E+00  0.94508E-01  0.73370E-01  0.53952E-01  0.37942E-01  0.25512E-01  0.16253E-01  0.96632E-02
 0.30000E+01  0.16245E-01 -0.19855E-01 -0.34248E-01 -0.15807E-01  0.26986E-01  0.73624E-01  0.10595E+00  0.11694E+00  0.10992E+00  0.92717E-01  0.72472E-01  0.53570E-01  0.37822E-01  0.25507E-01  0.16287E-01  0.96992E-02
