 0.00000E+00  0.83685E+00  0.32038E+00 -0.55165E-01 -0.19921E+00 -0.16460E+00 -0.62818E-01  0.22706E-01  0.64038E-01  0.69791E-01  0.58132E-01  0.42369E-01  0.28640E-01  0.18478E-01  0.11490E-01  0.68548E-02  0.38680E-02
 0.20000E+00  0.24673E+00  0.39028E+00  0.39131E+00  0.27251E+00  0.11310E+00 -0.14220E-01 -0.80402E-01 -0.94912E-01 -0.81488E-01 -0.59819E-01 -0.40154E-01 -0.25586E-01 -0.15789E-01 -0.94899E-02 -0.55171E-02 -0.30532E-02
 0.40000E+00 -0.16846E-01  0.23150E+00  0.35103E+00  0.32358E+00  0.20879E+00  0.84604E-01 -0.17048E-02 -0.42126E-01 -0.50414E-01 -0.43384E-01 -0.32255E-01 -0.22154E-01 -0.14491E-01 -0.91169E-02 -0.54921E-02 -0.31228E-02
 0.60000E+00 -0.62872E-01  0.11910E+00  0.23934E+00  0.26744E+00  0.22316E+00  0.14944E+00  0.81688E-01  0.35268E-01  0.98110E-02 -0.13754E-02 -0.48879E-02 -0.50420E-02 -0.40638E-02 -0.29056E-02 -0.19042E-02 -0.11467E-02
 0.80000E+00 -0.44798E-01  0.36988E-01  0.12256E+00  0.18214E+00  0.20062E+00  0.18254E+00  0.14424E+00  0.10232E+00  0.66987E-01  0.41469E-01  0.24794E-01  0.14549E-01  0.84494E-02  0.48512E-02  0.27238E-02  0.14681E-02
 0.10000E+01 -0.17137E-01 -0.61284E-02  0.45051E-01  0.11294E+00  0.16530E+00  0.18332E+00  0.16880E+00  0.13586E+00  0.99170E-01  0.67612E-01  0.44078E-01  0.27939E-01  0.17360E-01  0.10558E-01  0.62150E-02  0.34781E-02
 0.12000E+01  0.42399E-03 -0.24143E-01  0.47845E-02  0.69963E-01  0.13443E+00  0.16958E+00  0.16926E+00  0.14444E+00  0.11045E+00  0.78283E-01  0.52746E-01  0.34380E-01  0.21864E-01  0.13548E-01  0.80934E-02  0.45804E-02
 0.14000E+01  0.94629E-02 -0.30855E-01 -0.14889E-01  0.44720E-01  0.11138E+00  0.15342E+00  0.16082E+00  0.14199E+00  0.11150E+00  0.80782E-01  0.55449E-01  0.36708E-01  0.23644E-01  0.14801E-01  0.89119E-02  0.50738E-02
 0.16000E+01  0.13865E-01 -0.32975E-01 -0.24666E-01  0.29374E-01  0.94513E-01  0.13879E+00  0.15037E+00  0.13578E+00  0.10850E+00  0.79755E-01  0.55413E-01  0.37057E-01  0.24066E-01  0.15164E-01  0.91764E-02  0.52442E-02
 0.18000E+01  0.15908E-01 -0.33218E-01 -0.29641E-01  0.19502E-01  0.81876E-01  0.12631E+00  0.14020E+00  0.12866E+00  0.10411E+00  0.77325E-01  0.54192E-01  0.36502E-01  0.23844E-01  0.15093E-01  0.91663E-02  0.52523E-02
 0.20000E+01  0.16723E-01 -0.32678E-01 -0.32155E-01  0.12811E-01  0.72111E-01  0.11577E+00  0.13092E+00  0.12164E+00  0.99382E-01  0.74396E-01  0.52484E-01  0.35544E-01  0.23321E-01  0.14813E-01  0.90199E-02  0.51786E-02
 0.22000E+01  0.16879E-01 -0.31815E-01 -0.33331E-01  0.80859E-02  0.64361E-01  0.10683E+00  0.12264E+00  0.11508E+00  0.94741E-01  0.71367E-01  0.50609E-01  0.34422E-01  0.22663E-01  0.14434E-01  0.88075E-02  0.50645E-02
 0.24000E+01  0.16677E-01 -0.30841E-01 -0.33754E-01  0.46323E-02  0.58064E-01  0.99184E-01  0.11530E+00  0.10907E+00  0.90357E-01  0.68414E-01  0.48722E-01  0.33255E-01  0.21956E-01  0.14015E-01  0.85659E-02  0.49317E-02
 0.26000E+01  0.16277E-01 -0.29849E-01 -0.33740E-01  0.20321E-02  0.52837E-01  0.92561E-01  0.10875E+00  0.10360E+00  0.86275E-01  0.65605E-01  0.46889E-01  0.32097E-01  0.21241E-01  0.13584E-01  0.83140E-02  0.47917E-02
 0.28000E+01  0.15763E-01 -0.28882E-01 -0.33464E-01  0.28466E-04  0.48416E-01  0.86756E-01  0.10289E+00  0.98597E-01  0.82485E-01  0.62955E-01  0.45133E-01  0.30972E-01  0.20538E-01  0.13155E-01  0.80611E-02  0.46501E-02
 0.30000E+01  0.15061E-01 -0.27683E-01 -0.32847E-01 -0.18449E-02  0.43765E-01  0.80409E-01  0.96327E-01  0.92905E-01  0.78103E-01  0.59848E-01  0.43046E-01  0.29620E-01  0.19684E-01  0.12628E-01  0.77485E-02  0.44740E-02
 0.00000E+00  0.83685E+00  0.32038E+00 -0.55165E-01 -0.19921E+00 -0.16460E+00 -0.62818E-01  0.22706E-01  0.64038E-01  0.69791E-01  0.58132E-01  0.42369E-01  0.28640E-01  0.18478E-01  0.11490E-01  0.68548E-02  0.38680E-02
 0.20000E+00  0.24673E+00  0.39028E+00  0.39131E+00  0.27251E+00  0.11310E+00 -0.14220E-01 -0.80402E-01 -0.94912E-01 -0.81488E-01 -0.59819E-01 -0.40154E-01 -0.25586E-01 -0.15789E-01 -0.94899E-02 -0.55171E-02 -0.30532E-02
 0.40000E+00 -0.16846E-01  0.23150E+00  0.35103E+00  0.32358E+00  0.20879E+00  0.84604E-01 -0.17048E-02 -0.42126E-01 -0.50414E-01 -0.43384E-01 -0.32255E-01 -0.22154E-01 -0.14491E-01 -0.91169E-02 -0.54921E-02 -0.31228E-02
 0.60000E+00 -0.62872E-01  0.11910E+00  0.23934E+00  0.26744E+00  0.22316E+00  0.14944E+00  0.81688E-01  0.35268E-01  0.98110E-02 -0.13754E-02 -0.48879E-02 -0.50420E-02 -0.40638E-02 -0.29056E-02 -0.19042E-02 -0.11467E-02
 0.80000E+00 -0.44798E-01  0.36988E-01  0.12256E+00  0.18214E+00  0.20062E+00  0.18254E+00  0.14424E+00  0.10232E+00  0.66987E-01  0.41469E-01  0.24794E-01  0.14549E-01  0.84494E-02  0.48512E-02  0.27238E-02  0.14681E-02
 0.10000E+01 -0.17137E-01 -0.61284E-02  0.45051E-01  0.11294E+00  0.16530E+00  0.18332E+00  0.16880E+00  0.13586E+00  0.99170E-01  0.67612E-01  0.44078E-01  0.27939E-01  0.17360E-01  0.10558E-01  0.62150E-02  0.34781E-02
 0.12000E+01  0.42399E-03 -0.24143E-01  0.47845E-02  0.69963E-01  0.13443E+00  0.16958E+00  0.16926E+00  0.14444E+00  0.11045E+00  0.78283E-01  0.52746E-01  0.34380E-01  0.21864E-01  0.13548E-01  0.80934E-02  0.45804E-02
 0.14000E+01  0.94629E-02 -0.30855E-01 -0.14889E-01  0.44720E-01  0.11138E+00  0.15342E+00  0.16082E+00  0.14199E+00  0.11150E+00  0.80782E-01  0.55449E-01  0.36708E-01  0.23644E-01  0.14801E-01  0.89119E-02  0.50738E-02
 0.16000E+01  0.13865E-01 -0.32975E-01 -0.24666E-01  0.29374E-01  0.94513E-01  0.13879E+00  0.15037E+00  0.13578E+00  0.10850E+00  0.79755E-01  0.55413E-01  0.37057E-01  0.24066E-01  0.15164E-01  0.91764E-02  0.52442E-02
 0.18000E+01  0.15908E-01 -0.33218E-01 -0.29641E-01  0.19502E-01  0.81876E-01  0.12631E+00  0.14020E+00  0.12866E+00  0.10411E+00  0.77325E-01  0.54192E-01  0.36502E-01  0.23844E-01  0.15093E-01  0.91663E-02  0.52523E-02
 0.20000E+01  0.16723E-01 -0.32678E-01 -0.32155E-01  0.12811E-01  0.72111E-01  0.11577E+00  0.13092E+00  0.12164E+00  0.99382E-01  0.74396E-01  0.52484E-01  0.35544E-01  0.23321E-01  0.14813E-01  0.90199E-02  0.51786E-02
 0.22000E+01  0.16879E-01 -0.31815E-01 -0.33331E-01  0.80859E-02  0.64361E-01  0.10683E+00  0.12264E+00  0.11508E+00  0.94741E-01  0.71367E-01  0.50609E-01  0.34422E-01  0.22663E-01  0.14434E-01  0.88075E-02  0.50645E-02
 0.24000E+01  0.16677E-01 -0.30841E-01 -0.33754E-01  0.46323E-02  0.58064E-01  0.99184E-01  0.11530E+00  0.10907E+00  0.90357E-01  0.68414E-01  0.48722E-01  0.33255E-01  0.21956E-01  0.14015E-01  0.85659E-02  0.49317E-02
 0.26000E+01  0.16277E-01 -0.29849E-01 -0.33740E-01  0.20321E-02  0.52837E-01  0.92561E-01  0.10875E+00  0.10360E+00  0.86275E-01  0.65605E-01  0.46889E-01  0.32097E-01  0.21241E-01  0.13584E-01  0.83140E-02  0.47917E-02
 0.28000E+01  0.15763E-01 -0.28882E-01 -0.33464E-01  0.28466E-04  0.48416E-01  0.86756E-01  0.10289E+00  0.98597E-01  0.82485E-01  0.62955E-01  0.45133E-01  0.30972E-01  0.20538E-01  0.13155E-01  0.80611E-02  0.46501E-02
 0.30000E+01  0.15061E-01 -0.27683E-01 -0.32847E-01 -0.18449E-02  0.43765E-01  0.80409E-01  0.96327E-01  0.92905E-01  0.78103E-01  0.59848E-01  0.43046E-01  0.29620E-01  0.19684E-01  0.12628E-01  0.77485E-02  0.44740E-02
