 0.00000E+00  0.72155E+00  0.32165E+00  0.10946E-02 -0.15076E+00 -0.15371E+00 -0.85170E-01 -0.13861E-01  0.29517E-01  0.44657E-01  0.42790E-01  0.34263E-01  0.24938E-01  0.17093E-01  0.11163E-01  0.69222E-02  0.40225E-02
 0.20000E+00  0.40238E+00  0.40750E+00  0.33094E+00  0.20625E+00  0.82352E-01 -0.60854E-02 -0.50588E-01 -0.61544E-01 -0.54596E-01 -0.41782E-01 -0.29438E-01 -0.19739E-01 -0.12793E-01 -0.80305E-02 -0.48399E-02 -0.27553E-02
 0.40000E+00 -0.16867E-01  0.21882E+00  0.34325E+00  0.33033E+00  0.22790E+00  0.10745E+00  0.17224E-01 -0.30366E-01 -0.45289E-01 -0.42712E-01 -0.33852E-01 -0.24495E-01 -0.16740E-01 -0.10919E-01 -0.67677E-02 -0.39329E-02
 0.60000E+00 -0.91055E-01  0.99014E-01  0.23125E+00  0.27013E+00  0.23223E+00  0.16038E+00  0.91659E-01  0.43156E-01  0.15531E-01  0.25125E-02 -0.23884E-02 -0.35151E-02 -0.31741E-02 -0.24099E-02 -0.16406E-02 -0.10139E-02
 0.80000E+00 -0.66135E-01  0.34568E-01  0.12776E+00  0.18418E+00  0.19551E+00  0.17273E+00  0.13426E+00  0.95227E-01  0.63418E-01  0.40574E-01  0.25368E-01  0.15661E-01  0.95701E-02  0.57564E-02  0.33623E-02  0.18706E-02
 0.10000E+01 -0.34328E-01  0.30946E-02  0.62280E-01  0.12150E+00  0.15933E+00  0.16701E+00  0.14985E+00  0.11999E+00  0.88456E-01  0.61558E-01  0.41227E-01  0.26907E-01  0.17196E-01  0.10720E-01  0.64396E-02  0.36609E-02
 0.12000E+01 -0.12374E-01 -0.12230E-01  0.24395E-01  0.81498E-01  0.13180E+00  0.15607E+00  0.15186E+00  0.12881E+00  0.99083E-01  0.71202E-01  0.48872E-01  0.32510E-01  0.21088E-01  0.13298E-01  0.80594E-02  0.46126E-02
 0.14000E+01  0.13674E-02 -0.19976E-01  0.21878E-02  0.55892E-01  0.11159E+00  0.14469E+00  0.14828E+00  0.13009E+00  0.10247E+00  0.74932E-01  0.52119E-01  0.35029E-01  0.22905E-01  0.14534E-01  0.88512E-02  0.50842E-02
 0.16000E+01  0.99452E-02 -0.24026E-01 -0.11365E-01  0.38834E-01  0.96454E-01  0.13424E+00  0.14265E+00  0.12798E+00  0.10238E+00  0.75718E-01  0.53121E-01  0.35943E-01  0.23627E-01  0.15054E-01  0.91970E-02  0.52956E-02
 0.18000E+01  0.15385E-01 -0.26158E-01 -0.19967E-01  0.26962E-01  0.84762E-01  0.12496E+00  0.13643E+00  0.12441E+00  0.10062E+00  0.75023E-01  0.52962E-01  0.36009E-01  0.23761E-01  0.15186E-01  0.92989E-02  0.53637E-02
 0.20000E+01  0.18872E-01 -0.27231E-01 -0.25588E-01  0.18381E-01  0.75458E-01  0.11676E+00  0.13022E+00  0.12024E+00  0.98068E-01  0.73572E-01  0.52185E-01  0.35615E-01  0.23571E-01  0.15100E-01  0.92629E-02  0.53504E-02
 0.22000E+01  0.21100E-01 -0.27687E-01 -0.29319E-01  0.11996E-01  0.67876E-01  0.10950E+00  0.12426E+00  0.11588E+00  0.95153E-01  0.71740E-01  0.51080E-01  0.34967E-01  0.23198E-01  0.14889E-01  0.91471E-02  0.52894E-02
 0.24000E+01  0.22501E-01 -0.27774E-01 -0.31818E-01  0.71174E-02  0.61566E-01  0.10304E+00  0.11865E+00  0.11156E+00  0.92114E-01  0.69732E-01  0.49809E-01  0.34182E-01  0.22723E-01  0.14607E-01  0.89853E-02  0.52007E-02
 0.26000E+01  0.23347E-01 -0.27633E-01 -0.33487E-01  0.33015E-02  0.56206E-01  0.97234E-01  0.11338E+00  0.10736E+00  0.89063E-01  0.67658E-01  0.48458E-01  0.33327E-01  0.22193E-01  0.14286E-01  0.87971E-02  0.50959E-02
 0.28000E+01  0.23799E-01 -0.27347E-01 -0.34572E-01  0.26276E-03  0.51574E-01  0.91963E-01  0.10843E+00  0.10330E+00  0.86047E-01  0.65565E-01  0.47070E-01  0.32434E-01  0.21631E-01  0.13941E-01  0.85926E-02  0.49809E-02
 0.30000E+01  0.23965E-01 -0.26809E-01 -0.35284E-01 -0.26918E-02  0.46564E-01  0.85940E-01  0.10256E+00  0.98364E-01  0.82299E-01  0.62917E-01  0.45286E-01  0.31270E-01  0.20889E-01  0.13481E-01  0.83173E-02  0.48252E-02
 0.00000E+00  0.72155E+00  0.32165E+00  0.10946E-02 -0.15076E+00 -0.15371E+00 -0.85170E-01 -0.13861E-01  0.29517E-01  0.44657E-01  0.42790E-01  0.34263E-01  0.24938E-01  0.17093E-01  0.11163E-01  0.69222E-02  0.40225E-02
 0.20000E+00  0.40238E+00  0.40750E+00  0.33094E+00  0.20625E+00  0.82352E-01 -0.60854E-02 -0.50588E-01 -0.61544E-01 -0.54596E-01 -0.41782E-01 -0.29438E-01 -0.19739E-01 -0.12793E-01 -0.80305E-02 -0.48399E-02 -0.27553E-02
 0.40000E+00 -0.16867E-01  0.21882E+00  0.34325E+00  0.33033E+00  0.22790E+00  0.10745E+00  0.17224E-01 -0.30366E-01 -0.45289E-01 -0.42712E-01 -0.33852E-01 -0.24495E-01 -0.16740E-01 -0.10919E-01 -0.67677E-02 -0.39329E-02
 0.60000E+00 -0.91055E-01  0.99014E-01  0.23125E+00  0.27013E+00  0.23223E+00  0.16038E+00  0.91659E-01  0.43156E-01  0.15531E-01  0.25125E-02 -0.23884E-02 -0.35151E-02 -0.31741E-02 -0.24099E-02 -0.16406E-02 -0.10139E-02
 0.80000E+00 -0.66135E-01  0.34568E-01  0.12776E+00  0.18418E+00  0.19551E+00  0.17273E+00  0.13426E+00  0.95227E-01  0.63418E-01  0.40574E-01  0.25368E-01  0.15661E-01  0.95701E-02  0.57564E-02  0.33623E-02  0.18706E-02
 0.10000E+01 -0.34328E-01  0.30946E-02  0.62280E-01  0.12150E+00  0.15933E+00  0.16701E+00  0.14985E+00  0.11999E+00  0.88456E-01  0.61558E-01  0.41227E-01  0.26907E-01  0.17196E-01  0.10720E-01  0.64396E-02  0.36609E-02
 0.12000E+01 -0.12374E-01 -0.12230E-01  0.24395E-01  0.81498E-01  0.13180E+00  0.15607E+00  0.15186E+00  0.12881E+00  0.99083E-01  0.71202E-01  0.48872E-01  0.32510E-01  0.21088E-01  0.13298E-01  0.80594E-02  0.46126E-02
 0.14000E+01  0.13674E-02 -0.19976E-01  0.21878E-02  0.55892E-01  0.11159E+00  0.14469E+00  0.14828E+00  0.13009E+00  0.10247E+00  0.74932E-01  0.52119E-01  0.35029E-01  0.22905E-01  0.14534E-01  0.88512E-02  0.50842E-02
 0.16000E+01  0.99452E-02 -0.24026E-01 -0.11365E-01  0.38834E-01  0.96454E-01  0.13424E+00  0.14265E+00  0.12798E+00  0.10238E+00  0.75718E-01  0.53121E-01  0.35943E-01  0.23627E-01  0.15054E-01  0.91970E-02  0.52956E-02
 0.18000E+01  0.15385E-01 -0.26158E-01 -0.19967E-01  0.26962E-01  0.84762E-01  0.12496E+00  0.13643E+00  0.12441E+00  0.10062E+00  0.75023E-01  0.52962E-01  0.36009E-01  0.23761E-01  0.15186E-01  0.92989E-02  0.53637E-02
 0.20000E+01  0.18872E-01 -0.27231E-01 -0.25588E-01  0.18381E-01  0.75458E-01  0.11676E+00  0.13022E+00  0.12024E+00  0.98068E-01  0.73572E-01  0.52185E-01  0.35615E-01  0.23571E-01  0.15100E-01  0.92629E-02  0.53504E-02
 0.22000E+01  0.21100E-01 -0.27687E-01 -0.29319E-01  0.11996E-01  0.67876E-01  0.10950E+00  0.12426E+00  0.11588E+00  0.95153E-01  0.71740E-01  0.51080E-01  0.34967E-01  0.23198E-01  0.14889E-01  0.91471E-02  0.52894E-02
 0.24000E+01  0.22501E-01 -0.27774E-01 -0.31818E-01  0.71174E-02  0.61566E-01  0.10304E+00  0.11865E+00  0.11156E+00  0.92114E-01  0.69732E-01  0.49809E-01  0.34182E-01  0.22723E-01  0.14607E-01  0.89853E-02  0.52007E-02
 0.26000E+01  0.23347E-01 -0.27633E-01 -0.33487E-01  0.33015E-02  0.56206E-01  0.97234E-01  0.11338E+00  0.10736E+00  0.89063E-01  0.67658E-01  0.48458E-01  0.33327E-01  0.22193E-01  0.14286E-01  0.87971E-02  0.50959E-02
 0.28000E+01  0.23799E-01 -0.27347E-01 -0.34572E-01  0.26276E-03  0.51574E-01  0.91963E-01  0.10843E+00  0.10330E+00  0.86047E-01  0.65565E-01  0.47070E-01  0.32434E-01  0.21631E-01  0.13941E-01  0.85926E-02  0.49809E-02
 0.30000E+01  0.23965E-01 -0.26809E-01 -0.35284E-01 -0.26918E-02  0.46564E-01  0.85940E-01  0.10256E+00  0.98364E-01  0.82299E-01  0.62917E-01  0.45286E-01  0.31270E-01  0.20889E-01  0.13481E-01  0.83173E-02  0.48252E-02
