 0.00000E+00  0.68581E+00  0.35073E+00  0.58948E-01 -0.10764E+00 -0.15098E+00 -0.12270E+00 -0.74956E-01 -0.36035E-01 -0.12575E-01 -0.11510E-02  0.32912E-02  0.43397E-02  0.39569E-02  0.30865E-02  0.21585E-02  0.13636E-02
 0.20000E+00  0.41087E+00  0.40197E+00  0.32381E+00  0.20977E+00  0.10110E+00  0.23944E-01 -0.17266E-01 -0.31829E-01 -0.31886E-01 -0.26321E-01 -0.19801E-01 -0.14126E-01 -0.96937E-02 -0.63952E-02 -0.40140E-02 -0.23582E-02
 0.40000E+00  0.10862E-01  0.17999E+00  0.27717E+00  0.28242E+00  0.22372E+00  0.14558E+00  0.79675E-01  0.36590E-01  0.13188E-01  0.23176E-02 -0.19231E-02 -0.30764E-02 -0.29367E-02 -0.23367E-02 -0.16520E-02 -0.10506E-02
 0.60000E+00 -0.54660E-01  0.79886E-01  0.17978E+00  0.21851E+00  0.20314E+00  0.15931E+00  0.11125E+00  0.72053E-01  0.44691E-01  0.27158E-01  0.16372E-01  0.98277E-02  0.58577E-02  0.34387E-02  0.19616E-02  0.10677E-02
 0.80000E+00 -0.54396E-01  0.40859E-01  0.12319E+00  0.16821E+00  0.17260E+00  0.14924E+00  0.11501E+00  0.82079E-01  0.55806E-01  0.36881E-01  0.23979E-01  0.15410E-01  0.97708E-02  0.60620E-02  0.36282E-02  0.20557E-02
 0.10000E+01 -0.48881E-01  0.24716E-01  0.95430E-01  0.14097E+00  0.15359E+00  0.13995E+00  0.11300E+00  0.83949E-01  0.59030E-01  0.40100E-01  0.26663E-01  0.17456E-01  0.11241E-01  0.70651E-02  0.42735E-02  0.24418E-02
 0.12000E+01 -0.44405E-01  0.16096E-01  0.79285E-01  0.12437E+00  0.14129E+00  0.13317E+00  0.11055E+00  0.84012E-01  0.60143E-01  0.41435E-01  0.27858E-01  0.18402E-01  0.11937E-01  0.75480E-02  0.45877E-02  0.26312E-02
 0.14000E+01 -0.40352E-01  0.99922E-02  0.67070E-01  0.11139E+00  0.13128E+00  0.12723E+00  0.10796E+00  0.83455E-01  0.60534E-01  0.42126E-01  0.28545E-01  0.18973E-01  0.12370E-01  0.78535E-02  0.47891E-02  0.27538E-02
 0.16000E+01 -0.36320E-01  0.50171E-02  0.56429E-01  0.99702E-01  0.12189E+00  0.12129E+00  0.10498E+00  0.82371E-01  0.60423E-01  0.42405E-01  0.28920E-01  0.19321E-01  0.12649E-01  0.80574E-02  0.49265E-02  0.28386E-02
 0.18000E+01 -0.32326E-01  0.83671E-03  0.46866E-01  0.88820E-01  0.11279E+00  0.11516E+00  0.10154E+00  0.80758E-01  0.59834E-01  0.42303E-01  0.29014E-01  0.19469E-01  0.12790E-01  0.81709E-02  0.50071E-02  0.28901E-02
 0.20000E+01 -0.28517E-01 -0.26335E-02  0.38366E-01  0.78789E-01  0.10403E+00  0.10890E+00  0.97693E-01  0.78663E-01  0.58800E-01  0.41843E-01  0.28838E-01  0.19425E-01  0.12800E-01  0.81972E-02  0.50330E-02  0.29094E-02
 0.22000E+01 -0.25033E-01 -0.54455E-02  0.30976E-01  0.69731E-01  0.95788E-01  0.10268E+00  0.93583E-01  0.76185E-01  0.57391E-01  0.41071E-01  0.28426E-01  0.19209E-01  0.12692E-01  0.81445E-02  0.50089E-02  0.28992E-02
 0.24000E+01 -0.21937E-01 -0.76871E-02  0.24645E-01  0.61671E-01  0.88149E-01  0.96640E-01  0.89353E-01  0.73454E-01  0.55713E-01  0.40065E-01  0.27830E-01  0.18860E-01  0.12488E-01  0.80286E-02  0.49446E-02  0.28651E-02
 0.26000E+01 -0.19236E-01 -0.94537E-02  0.19263E-01  0.54554E-01  0.81140E-01  0.90857E-01  0.85114E-01  0.70579E-01  0.53853E-01  0.38893E-01  0.27101E-01  0.18411E-01  0.12215E-01  0.78647E-02  0.48496E-02  0.28127E-02
 0.28000E+01 -0.16914E-01 -0.10827E-01  0.14718E-01  0.48298E-01  0.74743E-01  0.85370E-01  0.80931E-01  0.67632E-01  0.51876E-01  0.37605E-01  0.26276E-01  0.17888E-01  0.11888E-01  0.76645E-02  0.47311E-02  0.27463E-02
 0.30000E+01 -0.14458E-01 -0.12072E-01  0.10041E-01  0.41523E-01  0.67501E-01  0.78894E-01  0.75796E-01  0.63883E-01  0.49283E-01  0.35869E-01  0.25137E-01  0.17152E-01  0.11419E-01  0.73733E-02  0.45566E-02  0.26473E-02
 0.00000E+00  0.68581E+00  0.35073E+00  0.58948E-01 -0.10764E+00 -0.15098E+00 -0.12270E+00 -0.74956E-01 -0.36035E-01 -0.12575E-01 -0.11510E-02  0.32912E-02  0.43397E-02  0.39569E-02  0.30865E-02  0.21585E-02  0.13636E-02
 0.20000E+00  0.41087E+00  0.40197E+00  0.32381E+00  0.20977E+00  0.10110E+00  0.23944E-01 -0.17266E-01 -0.31829E-01 -0.31886E-01 -0.26321E-01 -0.19801E-01 -0.14126E-01 -0.96937E-02 -0.63952E-02 -0.40140E-02 -0.23582E-02
 0.40000E+00  0.10862E-01  0.17999E+00  0.27717E+00  0.28242E+00  0.22372E+00  0.14558E+00  0.79675E-01  0.36590E-01  0.13188E-01  0.23176E-02 -0.19231E-02 -0.30764E-02 -0.29367E-02 -0.23367E-02 -0.16520E-02 -0.10506E-02
 0.60000E+00 -0.54660E-01  0.79886E-01  0.17978E+00  0.21851E+00  0.20314E+00  0.15931E+00  0.11125E+00  0.72053E-01  0.44691E-01  0.27158E-01  0.16372E-01  0.98277E-02  0.58577E-02  0.34387E-02  0.19616E-02  0.10677E-02
 0.80000E+00 -0.54396E-01  0.40859E-01  0.12319E+00  0.16821E+00  0.17260E+00  0.14924E+00  0.11501E+00  0.82079E-01  0.55806E-01  0.36881E-01  0.23979E-01  0.15410E-01  0.97708E-02  0.60620E-02  0.36282E-02  0.20557E-02
 0.10000E+01 -0.48881E-01  0.24716E-01  0.95430E-01  0.14097E+00  0.15359E+00  0.13995E+00  0.11300E+00  0.83949E-01  0.59030E-01  0.40100E-01  0.26663E-01  0.17456E-01  0.11241E-01  0.70651E-02  0.42735E-02  0.24418E-02
 0.12000E+01 -0.44405E-01  0.16096E-01  0.79285E-01  0.12437E+00  0.14129E+00  0.13317E+00  0.11055E+00  0.84012E-01  0.60143E-01  0.41435E-01  0.27858E-01  0.18402E-01  0.11937E-01  0.75480E-02  0.45877E-02  0.26312E-02
 0.14000E+01 -0.40352E-01  0.99922E-02  0.67070E-01  0.11139E+00  0.13128E+00  0.12723E+00  0.10796E+00  0.83455E-01  0.60534E-01  0.42126E-01  0.28545E-01  0.18973E-01  0.12370E-01  0.78535E-02  0.47891E-02  0.27538E-02
 0.16000E+01 -0.36320E-01  0.50171E-02  0.56429E-01  0.99702E-01  0.12189E+00  0.12129E+00  0.10498E+00  0.82371E-01  0.60423E-01  0.42405E-01  0.28920E-01  0.19321E-01  0.12649E-01  0.80574E-02  0.49265E-02  0.28386E-02
 0.18000E+01 -0.32326E-01  0.83671E-03  0.46866E-01  0.88820E-01  0.11279E+00  0.11516E+00  0.10154E+00  0.80758E-01  0.59834E-01  0.42303E-01  0.29014E-01  0.19469E-01  0.12790E-01  0.81709E-02  0.50071E-02  0.28901E-02
 0.20000E+01 -0.28517E-01 -0.26335E-02  0.38366E-01  0.78789E-01  0.10403E+00  0.10890E+00  0.97693E-01  0.78663E-01  0.58800E-01  0.41843E-01  0.28838E-01  0.19425E-01  0.12800E-01  0.81972E-02  0.50330E-02  0.29094E-02
 0.22000E+01 -0.25033E-01 -0.54455E-02  0.30976E-01  0.69731E-01  0.95788E-01  0.10268E+00  0.93583E-01  0.76185E-01  0.57391E-01  0.41071E-01  0.28426E-01  0.19209E-01  0.12692E-01  0.81445E-02  0.50089E-02  0.28992E-02
 0.24000E+01 -0.21937E-01 -0.76871E-02  0.24645E-01  0.61671E-01  0.88149E-01  0.96640E-01  0.89353E-01  0.73454E-01  0.55713E-01  0.40065E-01  0.27830E-01  0.18860E-01  0.12488E-01  0.80286E-02  0.49446E-02  0.28651E-02
 0.26000E+01 -0.19236E-01 -0.94537E-02  0.19263E-01  0.54554E-01  0.81140E-01  0.90857E-01  0.85114E-01  0.70579E-01  0.53853E-01  0.38893E-01  0.27101E-01  0.18411E-01  0.12215E-01  0.78647E-02  0.48496E-02  0.28127E-02
 0.28000E+01 -0.16914E-01 -0.10827E-01  0.14718E-01  0.48298E-01  0.74743E-01  0.85370E-01  0.80931E-01  0.67632E-01  0.51876E-01  0.37605E-01  0.26276E-01  0.17888E-01  0.11888E-01  0.76645E-02  0.47311E-02  0.27463E-02
 0.30000E+01 -0.14458E-01 -0.12072E-01  0.10041E-01  0.41523E-01  0.67501E-01  0.78894E-01  0.75796E-01  0.63883E-01  0.49283E-01  0.35869E-01  0.25137E-01  0.17152E-01  0.11419E-01  0.73733E-02  0.45566E-02  0.26473E-02
