 0.00000E+00  0.70749E+00  0.33896E+00 -0.41446E-01 -0.14185E+00 -0.88080E-01 -0.27023E-01  0.54200E-02  0.17029E-01  0.18273E-01  0.15452E-01  0.11675E-01  0.82401E-02  0.55459E-02  0.35860E-02  0.21777E-02  0.11271E-02
 0.20000E+00  0.39425E+00  0.44621E+00  0.31664E+00  0.14022E+00  0.26020E-01 -0.22309E-01 -0.34767E-01 -0.32482E-01 -0.25645E-01 -0.18539E-01 -0.12666E-01 -0.83045E-02 -0.52674E-02 -0.32368E-02 -0.18831E-02 -0.94475E-03
 0.40000E+00 -0.53411E-01  0.23531E+00  0.37824E+00  0.29829E+00  0.15906E+00  0.62162E-01  0.13102E-01 -0.71346E-02 -0.13114E-01 -0.12933E-01 -0.10606E-01 -0.79364E-02 -0.56151E-02 -0.38053E-02 -0.24110E-02 -0.12879E-02
 0.60000E+00 -0.10595E+00  0.11914E+00  0.28389E+00  0.27980E+00  0.19598E+00  0.11739E+00  0.65241E-01  0.34420E-01  0.17115E-01  0.77755E-02  0.29578E-02  0.62523E-03 -0.38943E-03 -0.72544E-03 -0.69532E-03 -0.45832E-03
 0.80000E+00 -0.90814E-01  0.46679E-01  0.18899E+00  0.23297E+00  0.19936E+00  0.14471E+00  0.97177E-01  0.62380E-01  0.38654E-01  0.23166E-01  0.13405E-01  0.74459E-02  0.39221E-02  0.19151E-02  0.83535E-03  0.30703E-03
 0.10000E+01 -0.60813E-01 -0.36045E-02  0.10751E+00  0.18419E+00  0.19178E+00  0.15950E+00  0.11859E+00  0.82657E-01  0.55044E-01  0.35325E-01  0.21942E-01  0.13211E-01  0.76991E-02  0.43201E-02  0.22845E-02  0.10542E-02
 0.12000E+01 -0.28568E-01 -0.39396E-01  0.39872E-01  0.13854E+00  0.17885E+00  0.16617E+00  0.13248E+00  0.97141E-01  0.67400E-01  0.44867E-01  0.28880E-01  0.18056E-01  0.10984E-01  0.64864E-02  0.36332E-02  0.17668E-02
 0.14000E+01  0.28964E-03 -0.64331E-01 -0.14365E-01  0.97237E-01  0.16191E+00  0.16553E+00  0.13916E+00  0.10579E+00  0.75508E-01  0.51518E-01  0.33951E-01  0.21748E-01  0.13587E-01  0.82691E-02  0.47800E-02  0.23869E-02
 0.16000E+01  0.23741E-01 -0.81007E-01 -0.56578E-01  0.60676E-01  0.14224E+00  0.15897E+00  0.13971E+00  0.10935E+00  0.79825E-01  0.55537E-01  0.37287E-01  0.24342E-01  0.15522E-01  0.96609E-02  0.57117E-02  0.29043E-02
 0.18000E+01  0.41333E-01 -0.91379E-01 -0.88407E-01  0.28791E-01  0.12093E+00  0.14787E+00  0.13535E+00  0.10874E+00  0.80983E-01  0.57332E-01  0.39133E-01  0.25980E-01  0.16866E-01  0.10700E-01  0.64450E-02  0.33250E-02
 0.20000E+01  0.53445E-01 -0.96939E-01 -0.11152E+00  0.12681E-02  0.98816E-01  0.13344E+00  0.12723E+00  0.10485E+00  0.79620E-01  0.57328E-01  0.39762E-01  0.26828E-01  0.17713E-01  0.11438E-01  0.70061E-02  0.36607E-02
 0.22000E+01  0.60756E-01 -0.98857E-01 -0.12742E+00 -0.22211E-01  0.76649E-01  0.11683E+00  0.11641E+00  0.98536E-01  0.76357E-01  0.55945E-01  0.39445E-01  0.27051E-01  0.18163E-01  0.11932E-01  0.74249E-02  0.39251E-02
 0.24000E+01  0.64027E-01 -0.98004E-01 -0.13743E+00 -0.42097E-01  0.54849E-01  0.98805E-01  0.10367E+00  0.90414E-01  0.71636E-01  0.53484E-01  0.38372E-01  0.26767E-01  0.18283E-01  0.12218E-01  0.77201E-02  0.41264E-02
 0.26000E+01  0.63994E-01 -0.95119E-01 -0.14276E+00 -0.58881E-01  0.33694E-01  0.79981E-01  0.89633E-01  0.81025E-01  0.65863E-01  0.50228E-01  0.36734E-01  0.26097E-01  0.18147E-01  0.12340E-01  0.79163E-02  0.42766E-02
 0.28000E+01  0.61356E-01 -0.90805E-01 -0.14447E+00 -0.73057E-01  0.13349E-01  0.60829E-01  0.74823E-01  0.70800E-01  0.59366E-01  0.46407E-01  0.34683E-01  0.25139E-01  0.17818E-01  0.12335E-01  0.80345E-02  0.43861E-02
 0.30000E+01  0.60157E-01 -0.89412E-01 -0.14848E+00 -0.85192E-01 -0.20069E-02  0.47083E-01  0.64509E-01  0.63849E-01  0.55058E-01  0.43952E-01  0.33428E-01  0.24608E-01  0.17692E-01  0.12408E-01  0.81683E-02  0.44911E-02
