 0.00000E+00  0.65289E+00  0.35186E+00  0.13734E-02 -0.11762E+00 -0.87163E-01 -0.37622E-01 -0.85794E-02  0.33678E-02  0.65050E-02  0.60449E-02  0.45422E-02  0.30473E-02  0.18851E-02  0.10818E-02  0.56538E-03  0.25195E-03
 0.20000E+00  0.43567E+00  0.44286E+00  0.29005E+00  0.12471E+00  0.27598E-01 -0.11700E-01 -0.21914E-01 -0.20705E-01 -0.16139E-01 -0.11441E-01 -0.76553E-02 -0.49226E-02 -0.30693E-02 -0.18557E-02 -0.10596E-02 -0.52075E-03
 0.40000E+00 -0.23305E-01  0.22130E+00  0.34536E+00  0.27808E+00  0.15508E+00  0.67337E-01  0.22173E-01  0.29499E-02 -0.35890E-02 -0.47378E-02 -0.39955E-02 -0.28550E-02 -0.18522E-02 -0.11136E-02 -0.61309E-03 -0.28797E-03
 0.60000E+00 -0.10022E+00  0.11060E+00  0.26849E+00  0.26789E+00  0.19019E+00  0.11636E+00  0.67245E-01  0.38102E-01  0.21486E-01  0.12152E-01  0.69264E-02  0.39877E-02  0.23187E-02  0.13527E-02  0.76417E-03  0.37587E-03
 0.80000E+00 -0.94257E-01  0.47012E-01  0.18825E+00  0.22972E+00  0.19647E+00  0.14366E+00  0.97670E-01  0.63855E-01  0.40695E-01  0.25450E-01  0.15679E-01  0.95354E-02  0.57254E-02  0.33760E-02  0.18967E-02  0.92235E-03
 0.10000E+01 -0.71910E-01  0.58366E-02  0.12168E+00  0.19023E+00  0.19198E+00  0.15793E+00  0.11669E+00  0.80959E-01  0.53866E-01  0.34760E-01  0.21906E-01  0.13538E-01  0.82184E-02  0.48794E-02  0.27519E-02  0.13411E-02
 0.12000E+01 -0.48566E-01 -0.21300E-01  0.69962E-01  0.15502E+00  0.18226E+00  0.16328E+00  0.12705E+00  0.91178E-01  0.62112E-01  0.40782E-01  0.26047E-01  0.16274E-01  0.99731E-02  0.59741E-02  0.33979E-02  0.16677E-02
 0.14000E+01 -0.29176E-01 -0.38502E-01  0.32028E-01  0.12566E+00  0.16989E+00  0.16218E+00  0.13070E+00  0.95899E-01  0.66365E-01  0.44114E-01  0.28473E-01  0.17966E-01  0.11121E-01  0.67347E-02  0.38740E-02  0.19201E-02
 0.16000E+01 -0.15288E-01 -0.48425E-01  0.60654E-02  0.10224E+00  0.15629E+00  0.15638E+00  0.12917E+00  0.96303E-01  0.67452E-01  0.45305E-01  0.29534E-01  0.18829E-01  0.11791E-01  0.72345E-02  0.42201E-02  0.21170E-02
 0.18000E+01 -0.68344E-02 -0.53297E-01 -0.10362E-01  0.84125E-01  0.14242E+00  0.14747E+00  0.12401E+00  0.93601E-01  0.66238E-01  0.44930E-01  0.29593E-01  0.19085E-01  0.12110E-01  0.75447E-02  0.44725E-02  0.22744E-02
 0.20000E+01 -0.29221E-02 -0.54770E-01 -0.19668E-01  0.70297E-01  0.12881E+00  0.13664E+00  0.11646E+00  0.88807E-01  0.63459E-01  0.43488E-01  0.28973E-01  0.18931E-01  0.12196E-01  0.77318E-02  0.46664E-02  0.24082E-02
 0.22000E+01 -0.24706E-02 -0.54023E-01 -0.23874E-01  0.59784E-01  0.11572E+00  0.12478E+00  0.10744E+00  0.82701E-01  0.59685E-01  0.41363E-01  0.27915E-01  0.18513E-01  0.12132E-01  0.78405E-02  0.48234E-02  0.25276E-02
 0.24000E+01 -0.46462E-02 -0.51908E-01 -0.24533E-01  0.51742E-01  0.10323E+00  0.11240E+00  0.97588E-01  0.75812E-01  0.55313E-01  0.38830E-01  0.26599E-01  0.17944E-01  0.11988E-01  0.79108E-02  0.49655E-02  0.26428E-02
 0.26000E+01 -0.86676E-02 -0.48826E-01 -0.22677E-01  0.45470E-01  0.91187E-01  0.99708E-01  0.87175E-01  0.68402E-01  0.50548E-01  0.36032E-01  0.25124E-01  0.17287E-01  0.11801E-01  0.79653E-02  0.51054E-02  0.27598E-02
 0.28000E+01 -0.14327E-01 -0.44986E-01 -0.18796E-01  0.40522E-01  0.79333E-01  0.86565E-01  0.76168E-01  0.60481E-01  0.45418E-01  0.33008E-01  0.23522E-01  0.16572E-01  0.11597E-01  0.80240E-02  0.52573E-02  0.28872E-02
 0.30000E+01 -0.19082E-01 -0.41577E-01 -0.15898E-01  0.35176E-01  0.67787E-01  0.74022E-01  0.65722E-01  0.52958E-01  0.40516E-01  0.30078E-01  0.21931E-01  0.15820E-01  0.11334E-01  0.80194E-02  0.53550E-02  0.29798E-02
