 0.00000E+00  0.77792E+00  0.30274E+00 -0.46104E-01 -0.18162E+00 -0.15068E+00 -0.56622E-01  0.22410E-01  0.60233E-01  0.65064E-01  0.53973E-01  0.39302E-01  0.26624E-01  0.17256E-01  0.10794E-01  0.64809E-02  0.36784E-02
 0.20000E+00  0.34908E+00  0.42005E+00  0.36965E+00  0.23263E+00  0.80563E-01 -0.29697E-01 -0.81277E-01 -0.88064E-01 -0.72755E-01 -0.52295E-01 -0.34737E-01 -0.22073E-01 -0.13657E-01 -0.82546E-02 -0.48313E-02 -0.26909E-02
 0.40000E+00 -0.45041E-01  0.23654E+00  0.37534E+00  0.34838E+00  0.22215E+00  0.85083E-01 -0.91022E-02 -0.51725E-01 -0.58846E-01 -0.49615E-01 -0.36490E-01 -0.24932E-01 -0.16286E-01 -0.10259E-01 -0.61947E-02 -0.35319E-02
 0.60000E+00 -0.89808E-01  0.10036E+00  0.23308E+00  0.27248E+00  0.23478E+00  0.16275E+00  0.93686E-01  0.44863E-01  0.17018E-01  0.38372E-02 -0.12277E-02 -0.25447E-02 -0.24112E-02 -0.18503E-02 -0.12607E-02 -0.77766E-03
 0.80000E+00 -0.49025E-01  0.25430E-01  0.11022E+00  0.17453E+00  0.19954E+00  0.18654E+00  0.15070E+00  0.10915E+00  0.73044E-01  0.46371E-01  0.28543E-01  0.17298E-01  0.10387E-01  0.61587E-02  0.35587E-02  0.19649E-02
 0.10000E+01 -0.15163E-01 -0.69608E-02  0.42044E-01  0.10888E+00  0.16102E+00  0.17923E+00  0.16512E+00  0.13281E+00  0.96921E-01  0.66175E-01  0.43308E-01  0.27622E-01  0.17297E-01  0.10607E-01  0.62931E-02  0.35457E-02
 0.12000E+01  0.28504E-02 -0.19504E-01  0.88729E-02  0.71084E-01  0.13153E+00  0.16315E+00  0.16082E+00  0.13576E+00  0.10285E+00  0.72377E-01  0.48553E-01  0.31598E-01  0.20110E-01  0.12490E-01  0.74831E-02  0.42474E-02
 0.14000E+01  0.11634E-01 -0.24076E-01 -0.73173E-02  0.49168E-01  0.11048E+00  0.14725E+00  0.15117E+00  0.13122E+00  0.10156E+00  0.72704E-01  0.49465E-01  0.32563E-01  0.20916E-01  0.13085E-01  0.78833E-02  0.44932E-02
 0.16000E+01  0.15887E-01 -0.25500E-01 -0.15588E-01  0.35714E-01  0.95305E-01  0.13366E+00  0.14098E+00  0.12464E+00  0.97814E-01  0.70820E-01  0.48632E-01  0.32259E-01  0.20847E-01  0.13104E-01  0.79234E-02  0.45284E-02
 0.18000E+01  0.17923E-01 -0.25645E-01 -0.20009E-01  0.26908E-01  0.83989E-01  0.12239E+00  0.13163E+00  0.11790E+00  0.93455E-01  0.68213E-01  0.47154E-01  0.31449E-01  0.20413E-01  0.12874E-01  0.78052E-02  0.44696E-02
 0.20000E+01  0.18827E-01 -0.25254E-01 -0.22437E-01  0.20809E-01  0.75249E-01  0.11302E+00  0.12338E+00  0.11160E+00  0.89135E-01  0.65461E-01  0.45481E-01  0.30459E-01  0.19836E-01  0.12543E-01  0.76196E-02  0.43698E-02
 0.22000E+01  0.19127E-01 -0.24643E-01 -0.23766E-01  0.16385E-01  0.68285E-01  0.10513E+00  0.11614E+00  0.10588E+00  0.85075E-01  0.62784E-01  0.43798E-01  0.29429E-01  0.19216E-01  0.12176E-01  0.74082E-02  0.42536E-02
 0.24000E+01  0.19094E-01 -0.23952E-01 -0.24459E-01  0.13051E-01  0.62588E-01  0.98393E-01  0.10977E+00  0.10073E+00  0.81332E-01  0.60264E-01  0.42180E-01  0.28418E-01  0.18596E-01  0.11804E-01  0.71909E-02  0.41328E-02
 0.26000E+01  0.18873E-01 -0.23243E-01 -0.24770E-01  0.10452E-01  0.57810E-01  0.92550E-01  0.10412E+00  0.96066E-01  0.77895E-01  0.57914E-01  0.40649E-01  0.27450E-01  0.17996E-01  0.11439E-01  0.69764E-02  0.40128E-02
 0.28000E+01  0.18540E-01 -0.22544E-01 -0.24840E-01  0.83704E-02  0.53717E-01  0.87397E-01  0.99043E-01  0.91820E-01  0.74724E-01  0.55721E-01  0.39205E-01  0.26528E-01  0.17419E-01  0.11087E-01  0.67679E-02  0.38957E-02
 0.30000E+01  0.18033E-01 -0.21659E-01 -0.24658E-01  0.63220E-02  0.49326E-01  0.81688E-01  0.93309E-01  0.86953E-01  0.71043E-01  0.53147E-01  0.37495E-01  0.25426E-01  0.16725E-01  0.10659E-01  0.65138E-02  0.37524E-02
 0.00000E+00  0.77792E+00  0.30274E+00 -0.46104E-01 -0.18162E+00 -0.15068E+00 -0.56622E-01  0.22410E-01  0.60233E-01  0.65064E-01  0.53973E-01  0.39302E-01  0.26624E-01  0.17256E-01  0.10794E-01  0.64809E-02  0.36784E-02
 0.20000E+00  0.34908E+00  0.42005E+00  0.36965E+00  0.23263E+00  0.80563E-01 -0.29697E-01 -0.81277E-01 -0.88064E-01 -0.72755E-01 -0.52295E-01 -0.34737E-01 -0.22073E-01 -0.13657E-01 -0.82546E-02 -0.48313E-02 -0.26909E-02
 0.40000E+00 -0.45041E-01  0.23654E+00  0.37534E+00  0.34838E+00  0.22215E+00  0.85083E-01 -0.91022E-02 -0.51725E-01 -0.58846E-01 -0.49615E-01 -0.36490E-01 -0.24932E-01 -0.16286E-01 -0.10259E-01 -0.61947E-02 -0.35319E-02
 0.60000E+00 -0.89808E-01  0.10036E+00  0.23308E+00  0.27248E+00  0.23478E+00  0.16275E+00  0.93686E-01  0.44863E-01  0.17018E-01  0.38372E-02 -0.12277E-02 -0.25447E-02 -0.24112E-02 -0.18503E-02 -0.12607E-02 -0.77766E-03
 0.80000E+00 -0.49025E-01  0.25430E-01  0.11022E+00  0.17453E+00  0.19954E+00  0.18654E+00  0.15070E+00  0.10915E+00  0.73044E-01  0.46371E-01  0.28543E-01  0.17298E-01  0.10387E-01  0.61587E-02  0.35587E-02  0.19649E-02
 0.10000E+01 -0.15163E-01 -0.69608E-02  0.42044E-01  0.10888E+00  0.16102E+00  0.17923E+00  0.16512E+00  0.13281E+00  0.96921E-01  0.66175E-01  0.43308E-01  0.27622E-01  0.17297E-01  0.10607E-01  0.62931E-02  0.35457E-02
 0.12000E+01  0.28504E-02 -0.19504E-01  0.88729E-02  0.71084E-01  0.13153E+00  0.16315E+00  0.16082E+00  0.13576E+00  0.10285E+00  0.72377E-01  0.48553E-01  0.31598E-01  0.20110E-01  0.12490E-01  0.74831E-02  0.42474E-02
 0.14000E+01  0.11634E-01 -0.24076E-01 -0.73173E-02  0.49168E-01  0.11048E+00  0.14725E+00  0.15117E+00  0.13122E+00  0.10156E+00  0.72704E-01  0.49465E-01  0.32563E-01  0.20916E-01  0.13085E-01  0.78833E-02  0.44932E-02
 0.16000E+01  0.15887E-01 -0.25500E-01 -0.15588E-01  0.35714E-01  0.95305E-01  0.13366E+00  0.14098E+00  0.12464E+00  0.97814E-01  0.70820E-01  0.48632E-01  0.32259E-01  0.20847E-01  0.13104E-01  0.79234E-02  0.45284E-02
 0.18000E+01  0.17923E-01 -0.25645E-01 -0.20009E-01  0.26908E-01  0.83989E-01  0.12239E+00  0.13163E+00  0.11790E+00  0.93455E-01  0.68213E-01  0.47154E-01  0.31449E-01  0.20413E-01  0.12874E-01  0.78052E-02  0.44696E-02
 0.20000E+01  0.18827E-01 -0.25254E-01 -0.22437E-01  0.20809E-01  0.75249E-01  0.11302E+00  0.12338E+00  0.11160E+00  0.89135E-01  0.65461E-01  0.45481E-01  0.30459E-01  0.19836E-01  0.12543E-01  0.76196E-02  0.43698E-02
 0.22000E+01  0.19127E-01 -0.24643E-01 -0.23766E-01  0.16385E-01  0.68285E-01  0.10513E+00  0.11614E+00  0.10588E+00  0.85075E-01  0.62784E-01  0.43798E-01  0.29429E-01  0.19216E-01  0.12176E-01  0.74082E-02  0.42536E-02
 0.24000E+01  0.19094E-01 -0.23952E-01 -0.24459E-01  0.13051E-01  0.62588E-01  0.98393E-01  0.10977E+00  0.10073E+00  0.81332E-01  0.60264E-01  0.42180E-01  0.28418E-01  0.18596E-01  0.11804E-01  0.71909E-02  0.41328E-02
 0.26000E+01  0.18873E-01 -0.23243E-01 -0.24770E-01  0.10452E-01  0.57810E-01  0.92550E-01  0.10412E+00  0.96066E-01  0.77895E-01  0.57914E-01  0.40649E-01  0.27450E-01  0.17996E-01  0.11439E-01  0.69764E-02  0.40128E-02
 0.28000E+01  0.18540E-01 -0.22544E-01 -0.24840E-01  0.83704E-02  0.53717E-01  0.87397E-01  0.99043E-01  0.91820E-01  0.74724E-01  0.55721E-01  0.39205E-01  0.26528E-01  0.17419E-01  0.11087E-01  0.67679E-02  0.38957E-02
 0.30000E+01  0.18033E-01 -0.21659E-01 -0.24658E-01  0.63220E-02  0.49326E-01  0.81688E-01  0.93309E-01  0.86953E-01  0.71043E-01  0.53147E-01  0.37495E-01  0.25426E-01  0.16725E-01  0.10659E-01  0.65138E-02  0.37524E-02
