 0.00000E+00  0.83217E+00  0.31729E+00 -0.55120E-01 -0.20547E+00 -0.18799E+00 -0.10482E+00 -0.28941E-01  0.14994E-01  0.31613E-01  0.32901E-01  0.27921E-01  0.21427E-01  0.15387E-01  0.10428E-01  0.66423E-02  0.39296E-02
 0.20000E+00  0.24885E+00  0.44452E+00  0.46327E+00  0.33584E+00  0.15868E+00  0.15295E-01 -0.63448E-01 -0.88282E-01 -0.83145E-01 -0.66971E-01 -0.49721E-01 -0.35100E-01 -0.23816E-01 -0.15511E-01 -0.96048E-02 -0.55704E-02
 0.40000E+00 -0.30440E-01  0.17697E+00  0.28942E+00  0.29079E+00  0.22201E+00  0.13721E+00  0.70016E-01  0.28664E-01  0.75562E-02 -0.15150E-02 -0.45318E-02 -0.48442E-02 -0.41008E-02 -0.30659E-02 -0.20801E-02 -0.12836E-02
 0.60000E+00 -0.32880E-01  0.71023E-01  0.15233E+00  0.18875E+00  0.18238E+00  0.15055E+00  0.11170E+00  0.77201E-01  0.51033E-01  0.32832E-01  0.20758E-01  0.12945E-01  0.79532E-02  0.47829E-02  0.27815E-02  0.15374E-02
 0.80000E+00 -0.26541E-01  0.40080E-01  0.10622E+00  0.14959E+00  0.16106E+00  0.14620E+00  0.11777E+00  0.87262E-01  0.61123E-01  0.41282E-01  0.27216E-01  0.17612E-01  0.11181E-01  0.69188E-02  0.41210E-02  0.23220E-02
 0.10000E+01 -0.23554E-01  0.28496E-01  0.88344E-01  0.13392E+00  0.15196E+00  0.14358E+00  0.11927E+00  0.90493E-01  0.64555E-01  0.44234E-01  0.29511E-01  0.19291E-01  0.12353E-01  0.76998E-02  0.46136E-02  0.26118E-02
 0.12000E+01 -0.20797E-01  0.19665E-01  0.74309E-01  0.12135E+00  0.14438E+00  0.14105E+00  0.12005E+00  0.92723E-01  0.67038E-01  0.46415E-01  0.31228E-01  0.20557E-01  0.13243E-01  0.82960E-02  0.49909E-02  0.28344E-02
 0.14000E+01 -0.17523E-01  0.10739E-01  0.59494E-01  0.10749E+00  0.13534E+00  0.13716E+00  0.11972E+00  0.94143E-01  0.68966E-01  0.48233E-01  0.32714E-01  0.21682E-01  0.14047E-01  0.88408E-02  0.53388E-02  0.30409E-02
 0.16000E+01 -0.14030E-01  0.21984E-02  0.44623E-01  0.92829E-01  0.12485E+00  0.13156E+00  0.11778E+00  0.94232E-01  0.69896E-01  0.49347E-01  0.33723E-01  0.22490E-01  0.14648E-01  0.92590E-02  0.56109E-02  0.32046E-02
 0.18000E+01 -0.10765E-01 -0.51678E-02  0.31070E-01  0.78618E-01  0.11369E+00  0.12450E+00  0.11412E+00  0.92750E-01  0.69561E-01  0.49520E-01  0.34065E-01  0.22844E-01  0.14947E-01  0.94843E-02  0.57652E-02  0.33006E-02
 0.20000E+01 -0.80198E-02 -0.10979E-01  0.19657E-01  0.65796E-01  0.10266E+00  0.11656E+00  0.10911E+00  0.89879E-01  0.68045E-01  0.48782E-01  0.33747E-01  0.22737E-01  0.14935E-01  0.95084E-02  0.57954E-02  0.33249E-02
 0.22000E+01 -0.58973E-02 -0.15248E-01  0.10589E-01  0.54804E-01  0.92341E-01  0.10834E+00  0.10326E+00  0.86038E-01  0.65649E-01  0.47342E-01  0.32905E-01  0.22257E-01  0.14670E-01  0.93656E-02  0.57215E-02  0.32885E-02
 0.24000E+01 -0.43536E-02 -0.18226E-01  0.36292E-02  0.45653E-01  0.83037E-01  0.10032E+00  0.97111E-01  0.81685E-01  0.62736E-01  0.45463E-01  0.31724E-01  0.21530E-01  0.14231E-01  0.91079E-02  0.55753E-02  0.32096E-02
 0.26000E+01 -0.32876E-02 -0.20221E-01 -0.16169E-02  0.38136E-01  0.74818E-01  0.92786E-01  0.91011E-01  0.77171E-01  0.59595E-01  0.43365E-01  0.30362E-01  0.20665E-01  0.13693E-01  0.87823E-02  0.53855E-02  0.31048E-02
 0.28000E+01 -0.25993E-02 -0.21498E-01 -0.55229E-02  0.32002E-01  0.67649E-01  0.85870E-01  0.85192E-01  0.72731E-01  0.56427E-01  0.41204E-01  0.28932E-01  0.19741E-01  0.13109E-01  0.84238E-02  0.51739E-02  0.29867E-02
 0.30000E+01 -0.20822E-02 -0.22339E-01 -0.89517E-02  0.25942E-01  0.60043E-01  0.78174E-01  0.78494E-01  0.67489E-01  0.52614E-01  0.38562E-01  0.27160E-01  0.18582E-01  0.12369E-01  0.79649E-02  0.49008E-02  0.28332E-02
 0.00000E+00  0.83217E+00  0.31729E+00 -0.55120E-01 -0.20547E+00 -0.18799E+00 -0.10482E+00 -0.28941E-01  0.14994E-01  0.31613E-01  0.32901E-01  0.27921E-01  0.21427E-01  0.15387E-01  0.10428E-01  0.66423E-02  0.39296E-02
 0.20000E+00  0.24885E+00  0.44452E+00  0.46327E+00  0.33584E+00  0.15868E+00  0.15295E-01 -0.63448E-01 -0.88282E-01 -0.83145E-01 -0.66971E-01 -0.49721E-01 -0.35100E-01 -0.23816E-01 -0.15511E-01 -0.96048E-02 -0.55704E-02
 0.40000E+00 -0.30440E-01  0.17697E+00  0.28942E+00  0.29079E+00  0.22201E+00  0.13721E+00  0.70016E-01  0.28664E-01  0.75562E-02 -0.15150E-02 -0.45318E-02 -0.48442E-02 -0.41008E-02 -0.30659E-02 -0.20801E-02 -0.12836E-02
 0.60000E+00 -0.32880E-01  0.71023E-01  0.15233E+00  0.18875E+00  0.18238E+00  0.15055E+00  0.11170E+00  0.77201E-01  0.51033E-01  0.32832E-01  0.20758E-01  0.12945E-01  0.79532E-02  0.47829E-02  0.27815E-02  0.15374E-02
 0.80000E+00 -0.26541E-01  0.40080E-01  0.10622E+00  0.14959E+00  0.16106E+00  0.14620E+00  0.11777E+00  0.87262E-01  0.61123E-01  0.41282E-01  0.27216E-01  0.17612E-01  0.11181E-01  0.69188E-02  0.41210E-02  0.23220E-02
 0.10000E+01 -0.23554E-01  0.28496E-01  0.88344E-01  0.13392E+00  0.15196E+00  0.14358E+00  0.11927E+00  0.90493E-01  0.64555E-01  0.44234E-01  0.29511E-01  0.19291E-01  0.12353E-01  0.76998E-02  0.46136E-02  0.26118E-02
 0.12000E+01 -0.20797E-01  0.19665E-01  0.74309E-01  0.12135E+00  0.14438E+00  0.14105E+00  0.12005E+00  0.92723E-01  0.67038E-01  0.46415E-01  0.31228E-01  0.20557E-01  0.13243E-01  0.82960E-02  0.49909E-02  0.28344E-02
 0.14000E+01 -0.17523E-01  0.10739E-01  0.59494E-01  0.10749E+00  0.13534E+00  0.13716E+00  0.11972E+00  0.94143E-01  0.68966E-01  0.48233E-01  0.32714E-01  0.21682E-01  0.14047E-01  0.88408E-02  0.53388E-02  0.30409E-02
 0.16000E+01 -0.14030E-01  0.21984E-02  0.44623E-01  0.92829E-01  0.12485E+00  0.13156E+00  0.11778E+00  0.94232E-01  0.69896E-01  0.49347E-01  0.33723E-01  0.22490E-01  0.14648E-01  0.92590E-02  0.56109E-02  0.32046E-02
 0.18000E+01 -0.10765E-01 -0.51678E-02  0.31070E-01  0.78618E-01  0.11369E+00  0.12450E+00  0.11412E+00  0.92750E-01  0.69561E-01  0.49520E-01  0.34065E-01  0.22844E-01  0.14947E-01  0.94843E-02  0.57652E-02  0.33006E-02
 0.20000E+01 -0.80198E-02 -0.10979E-01  0.19657E-01  0.65796E-01  0.10266E+00  0.11656E+00  0.10911E+00  0.89879E-01  0.68045E-01  0.48782E-01  0.33747E-01  0.22737E-01  0.14935E-01  0.95084E-02  0.57954E-02  0.33249E-02
 0.22000E+01 -0.58973E-02 -0.15248E-01  0.10589E-01  0.54804E-01  0.92341E-01  0.10834E+00  0.10326E+00  0.86038E-01  0.65649E-01  0.47342E-01  0.32905E-01  0.22257E-01  0.14670E-01  0.93656E-02  0.57215E-02  0.32885E-02
 0.24000E+01 -0.43536E-02 -0.18226E-01  0.36292E-02  0.45653E-01  0.83037E-01  0.10032E+00  0.97111E-01  0.81685E-01  0.62736E-01  0.45463E-01  0.31724E-01  0.21530E-01  0.14231E-01  0.91079E-02  0.55753E-02  0.32096E-02
 0.26000E+01 -0.32876E-02 -0.20221E-01 -0.16169E-02  0.38136E-01  0.74818E-01  0.92786E-01  0.91011E-01  0.77171E-01  0.59595E-01  0.43365E-01  0.30362E-01  0.20665E-01  0.13693E-01  0.87823E-02  0.53855E-02  0.31048E-02
 0.28000E+01 -0.25993E-02 -0.21498E-01 -0.55229E-02  0.32002E-01  0.67649E-01  0.85870E-01  0.85192E-01  0.72731E-01  0.56427E-01  0.41204E-01  0.28932E-01  0.19741E-01  0.13109E-01  0.84238E-02  0.51739E-02  0.29867E-02
 0.30000E+01 -0.20822E-02 -0.22339E-01 -0.89517E-02  0.25942E-01  0.60043E-01  0.78174E-01  0.78494E-01  0.67489E-01  0.52614E-01  0.38562E-01  0.27160E-01  0.18582E-01  0.12369E-01  0.79649E-02  0.49008E-02  0.28332E-02
