 0.00000E+00  0.74506E+00  0.33302E+00  0.30997E-02 -0.15413E+00 -0.15937E+00 -0.91390E-01 -0.19781E-01  0.24289E-01  0.40266E-01  0.39243E-01  0.31501E-01  0.22868E-01  0.15608E-01  0.10151E-01  0.62733E-02  0.36366E-02
 0.20000E+00  0.35549E+00  0.38997E+00  0.33673E+00  0.22304E+00  0.99234E-01  0.54815E-02 -0.44786E-01 -0.59626E-01 -0.54536E-01 -0.42294E-01 -0.29956E-01 -0.20109E-01 -0.13026E-01 -0.81692E-02 -0.49203E-02 -0.28005E-02
 0.40000E+00 -0.13407E-03  0.21659E+00  0.32913E+00  0.31500E+00  0.21909E+00  0.10714E+00  0.23105E-01 -0.21789E-01 -0.36679E-01 -0.35405E-01 -0.28211E-01 -0.20397E-01 -0.13899E-01 -0.90367E-02 -0.55866E-02 -0.32405E-02
 0.60000E+00 -0.76118E-01  0.10642E+00  0.23111E+00  0.26534E+00  0.22639E+00  0.15586E+00  0.89137E-01  0.42242E-01  0.15564E-01  0.29704E-02 -0.18137E-02 -0.29755E-02 -0.27319E-02 -0.20807E-02 -0.14162E-02 -0.87430E-03
 0.80000E+00 -0.63374E-01  0.39361E-01  0.13223E+00  0.18654E+00  0.19533E+00  0.17064E+00  0.13126E+00  0.92135E-01  0.60702E-01  0.38414E-01  0.23768E-01  0.14539E-01  0.88213E-02  0.52792E-02  0.30737E-02  0.17069E-02
 0.10000E+01 -0.35732E-01  0.45259E-02  0.64926E-01  0.12354E+00  0.15977E+00  0.16586E+00  0.14771E+00  0.11750E+00  0.86091E-01  0.59550E-01  0.39650E-01  0.25747E-01  0.16389E-01  0.10189E-01  0.61105E-02  0.34712E-02
 0.12000E+01 -0.15225E-01 -0.12024E-01  0.26077E-01  0.82738E-01  0.13152E+00  0.15429E+00  0.14924E+00  0.12603E+00  0.96575E-01  0.69144E-01  0.47291E-01  0.31361E-01  0.20294E-01  0.12779E-01  0.77394E-02  0.44291E-02
 0.14000E+01 -0.25915E-02 -0.19756E-01  0.43697E-02  0.57401E-01  0.11100E+00  0.14213E+00  0.14471E+00  0.12646E+00  0.99330E-01  0.72462E-01  0.50290E-01  0.33735E-01  0.22030E-01  0.13970E-01  0.85075E-02  0.48888E-02
 0.16000E+01  0.49805E-02 -0.23404E-01 -0.81132E-02  0.41223E-01  0.96085E-01  0.13128E+00  0.13835E+00  0.12361E+00  0.98636E-01  0.72823E-01  0.51018E-01  0.34482E-01  0.22652E-01  0.14433E-01  0.88210E-02  0.50829E-02
 0.18000E+01  0.96074E-02 -0.25106E-01 -0.15628E-01  0.30376E-01  0.84919E-01  0.12199E+00  0.13180E+00  0.11961E+00  0.96509E-01  0.71858E-01  0.50681E-01  0.34440E-01  0.22722E-01  0.14527E-01  0.89022E-02  0.51400E-02
 0.20000E+01  0.12512E-01 -0.25827E-01 -0.20347E-01  0.22740E-01  0.76261E-01  0.11406E+00  0.12561E+00  0.11533E+00  0.93833E-01  0.70315E-01  0.49847E-01  0.34013E-01  0.22516E-01  0.14433E-01  0.88628E-02  0.51252E-02
 0.22000E+01  0.14370E-01 -0.26027E-01 -0.23402E-01  0.17138E-01  0.69331E-01  0.10724E+00  0.11989E+00  0.11111E+00  0.90995E-01  0.68535E-01  0.48784E-01  0.33398E-01  0.22168E-01  0.14241E-01  0.87593E-02  0.50717E-02
 0.24000E+01  0.15570E-01 -0.25941E-01 -0.25426E-01  0.12878E-01  0.63630E-01  0.10128E+00  0.11467E+00  0.10708E+00  0.88167E-01  0.66684E-01  0.47627E-01  0.32697E-01  0.21751E-01  0.13998E-01  0.86217E-02  0.49974E-02
 0.26000E+01  0.16343E-01 -0.25690E-01 -0.26782E-01  0.95332E-02  0.58817E-01  0.96017E-01  0.10987E+00  0.10326E+00  0.85416E-01  0.64834E-01  0.46440E-01  0.31957E-01  0.21300E-01  0.13728E-01  0.84659E-02  0.49116E-02
 0.28000E+01  0.16822E-01 -0.25342E-01 -0.27684E-01  0.68409E-02  0.54666E-01  0.91288E-01  0.10544E+00  0.99652E-01  0.82761E-01  0.63015E-01  0.45251E-01  0.31204E-01  0.20833E-01  0.13446E-01  0.83003E-02  0.48193E-02
 0.30000E+01  0.17139E-01 -0.24778E-01 -0.28316E-01  0.41701E-02  0.50171E-01  0.85929E-01  0.10027E+00  0.95342E-01  0.79527E-01  0.60760E-01  0.43754E-01  0.30241E-01  0.20228E-01  0.13075E-01  0.80809E-02  0.46961E-02
 0.00000E+00  0.74506E+00  0.33302E+00  0.30997E-02 -0.15413E+00 -0.15937E+00 -0.91390E-01 -0.19781E-01  0.24289E-01  0.40266E-01  0.39243E-01  0.31501E-01  0.22868E-01  0.15608E-01  0.10151E-01  0.62733E-02  0.36366E-02
 0.20000E+00  0.35549E+00  0.38997E+00  0.33673E+00  0.22304E+00  0.99234E-01  0.54815E-02 -0.44786E-01 -0.59626E-01 -0.54536E-01 -0.42294E-01 -0.29956E-01 -0.20109E-01 -0.13026E-01 -0.81692E-02 -0.49203E-02 -0.28005E-02
 0.40000E+00 -0.13407E-03  0.21659E+00  0.32913E+00  0.31500E+00  0.21909E+00  0.10714E+00  0.23105E-01 -0.21789E-01 -0.36679E-01 -0.35405E-01 -0.28211E-01 -0.20397E-01 -0.13899E-01 -0.90367E-02 -0.55866E-02 -0.32405E-02
 0.60000E+00 -0.76118E-01  0.10642E+00  0.23111E+00  0.26534E+00  0.22639E+00  0.15586E+00  0.89137E-01  0.42242E-01  0.15564E-01  0.29704E-02 -0.18137E-02 -0.29755E-02 -0.27319E-02 -0.20807E-02 -0.14162E-02 -0.87430E-03
 0.80000E+00 -0.63374E-01  0.39361E-01  0.13223E+00  0.18654E+00  0.19533E+00  0.17064E+00  0.13126E+00  0.92135E-01  0.60702E-01  0.38414E-01  0.23768E-01  0.14539E-01  0.88213E-02  0.52792E-02  0.30737E-02  0.17069E-02
 0.10000E+01 -0.35732E-01  0.45259E-02  0.64926E-01  0.12354E+00  0.15977E+00  0.16586E+00  0.14771E+00  0.11750E+00  0.86091E-01  0.59550E-01  0.39650E-01  0.25747E-01  0.16389E-01  0.10189E-01  0.61105E-02  0.34712E-02
 0.12000E+01 -0.15225E-01 -0.12024E-01  0.26077E-01  0.82738E-01  0.13152E+00  0.15429E+00  0.14924E+00  0.12603E+00  0.96575E-01  0.69144E-01  0.47291E-01  0.31361E-01  0.20294E-01  0.12779E-01  0.77394E-02  0.44291E-02
 0.14000E+01 -0.25915E-02 -0.19756E-01  0.43697E-02  0.57401E-01  0.11100E+00  0.14213E+00  0.14471E+00  0.12646E+00  0.99330E-01  0.72462E-01  0.50290E-01  0.33735E-01  0.22030E-01  0.13970E-01  0.85075E-02  0.48888E-02
 0.16000E+01  0.49805E-02 -0.23404E-01 -0.81132E-02  0.41223E-01  0.96085E-01  0.13128E+00  0.13835E+00  0.12361E+00  0.98636E-01  0.72823E-01  0.51018E-01  0.34482E-01  0.22652E-01  0.14433E-01  0.88210E-02  0.50829E-02
 0.18000E+01  0.96074E-02 -0.25106E-01 -0.15628E-01  0.30376E-01  0.84919E-01  0.12199E+00  0.13180E+00  0.11961E+00  0.96509E-01  0.71858E-01  0.50681E-01  0.34440E-01  0.22722E-01  0.14527E-01  0.89022E-02  0.51400E-02
 0.20000E+01  0.12512E-01 -0.25827E-01 -0.20347E-01  0.22740E-01  0.76261E-01  0.11406E+00  0.12561E+00  0.11533E+00  0.93833E-01  0.70315E-01  0.49847E-01  0.34013E-01  0.22516E-01  0.14433E-01  0.88628E-02  0.51252E-02
 0.22000E+01  0.14370E-01 -0.26027E-01 -0.23402E-01  0.17138E-01  0.69331E-01  0.10724E+00  0.11989E+00  0.11111E+00  0.90995E-01  0.68535E-01  0.48784E-01  0.33398E-01  0.22168E-01  0.14241E-01  0.87593E-02  0.50717E-02
 0.24000E+01  0.15570E-01 -0.25941E-01 -0.25426E-01  0.12878E-01  0.63630E-01  0.10128E+00  0.11467E+00  0.10708E+00  0.88167E-01  0.66684E-01  0.47627E-01  0.32697E-01  0.21751E-01  0.13998E-01  0.86217E-02  0.49974E-02
 0.26000E+01  0.16343E-01 -0.25690E-01 -0.26782E-01  0.95332E-02  0.58817E-01  0.96017E-01  0.10987E+00  0.10326E+00  0.85416E-01  0.64834E-01  0.46440E-01  0.31957E-01  0.21300E-01  0.13728E-01  0.84659E-02  0.49116E-02
 0.28000E+01  0.16822E-01 -0.25342E-01 -0.27684E-01  0.68409E-02  0.54666E-01  0.91288E-01  0.10544E+00  0.99652E-01  0.82761E-01  0.63015E-01  0.45251E-01  0.31204E-01  0.20833E-01  0.13446E-01  0.83003E-02  0.48193E-02
 0.30000E+01  0.17139E-01 -0.24778E-01 -0.28316E-01  0.41701E-02  0.50171E-01  0.85929E-01  0.10027E+00  0.95342E-01  0.79527E-01  0.60760E-01  0.43754E-01  0.30241E-01  0.20228E-01  0.13075E-01  0.80809E-02  0.46961E-02
