 0.00000E+00  0.83059E+00  0.35476E+00 -0.14991E-01 -0.18027E+00 -0.17231E+00 -0.86314E-01 -0.29434E-02  0.44024E-01  0.56817E-01  0.50468E-01  0.37911E-01  0.25960E-01  0.16808E-01  0.10444E-01  0.62184E-02  0.35027E-02
 0.20000E+00  0.22998E+00  0.34116E+00  0.34554E+00  0.25517E+00  0.12689E+00  0.17705E-01 -0.45412E-01 -0.65752E-01 -0.60445E-01 -0.45688E-01 -0.30929E-01 -0.19619E-01 -0.11969E-01 -0.70962E-02 -0.40739E-02 -0.22317E-02
 0.40000E+00  0.18434E-01  0.22196E+00  0.32169E+00  0.29907E+00  0.19997E+00  0.89008E-01  0.84557E-02 -0.31930E-01 -0.42451E-01 -0.37736E-01 -0.28337E-01 -0.19434E-01 -0.12621E-01 -0.78719E-02 -0.47048E-02 -0.26589E-02
 0.60000E+00 -0.50183E-01  0.14385E+00  0.26411E+00  0.28119E+00  0.22133E+00  0.13446E+00  0.59783E-01  0.12619E-01 -0.96165E-02 -0.16108E-01 -0.15147E-01 -0.11778E-01 -0.83099E-02 -0.54939E-02 -0.34236E-02 -0.19937E-02
 0.80000E+00 -0.66447E-01  0.52468E-01  0.15545E+00  0.21090E+00  0.21327E+00  0.17848E+00  0.12933E+00  0.83327E-01  0.48663E-01  0.26161E-01  0.13111E-01  0.61791E-02  0.27424E-02  0.11344E-02  0.42507E-03  0.13555E-03
 0.10000E+01 -0.34932E-01 -0.74460E-02  0.52994E-01  0.12300E+00  0.17380E+00  0.18951E+00  0.17286E+00  0.13790E+00  0.99400E-01  0.66519E-01  0.42322E-01  0.26095E-01  0.15775E-01  0.93635E-02  0.54053E-02  0.29806E-02
 0.12000E+01 -0.43214E-02 -0.30972E-01 -0.43561E-02  0.61785E-01  0.13164E+00  0.17427E+00  0.17989E+00  0.15743E+00  0.12251E+00  0.87700E-01  0.59302E-01  0.38619E-01  0.24487E-01  0.15127E-01  0.90173E-02  0.50974E-02
 0.14000E+01  0.12232E-01 -0.36947E-01 -0.29340E-01  0.28094E-01  0.10054E+00  0.15303E+00  0.17020E+00  0.15691E+00  0.12733E+00  0.94509E-01  0.65973E-01  0.44168E-01  0.28666E-01  0.18046E-01  0.10916E-01  0.62392E-02
 0.16000E+01  0.19780E-01 -0.36994E-01 -0.39231E-01  0.10270E-01  0.79764E-01  0.13453E+00  0.15712E+00  0.14975E+00  0.12478E+00  0.94747E-01  0.67456E-01  0.45930E-01  0.30229E-01  0.19243E-01  0.11740E-01  0.67531E-02
 0.18000E+01  0.23027E-01 -0.35434E-01 -0.42877E-01  0.42704E-03  0.65811E-01  0.12006E+00  0.14513E+00  0.14152E+00  0.12009E+00  0.92607E-01  0.66817E-01  0.46010E-01  0.30563E-01  0.19598E-01  0.12023E-01  0.69448E-02
 0.20000E+01  0.24309E-01 -0.33603E-01 -0.43943E-01 -0.53844E-02  0.56039E-01  0.10884E+00  0.13498E+00  0.13387E+00  0.11512E+00  0.89776E-01  0.65399E-01  0.45398E-01  0.30355E-01  0.19565E-01  0.12051E-01  0.69808E-02
 0.22000E+01  0.24671E-01 -0.31866E-01 -0.43899E-01 -0.90400E-02  0.48862E-01  0.99963E-01  0.12650E+00  0.12710E+00  0.11043E+00  0.86864E-01  0.63742E-01  0.44519E-01  0.29915E-01  0.19357E-01  0.11957E-01  0.69418E-02
 0.24000E+01  0.24588E-01 -0.30301E-01 -0.43361E-01 -0.11469E-01  0.43351E-01  0.92745E-01  0.11932E+00  0.12117E+00  0.10615E+00  0.84073E-01  0.62055E-01  0.43552E-01  0.29380E-01  0.19069E-01  0.11806E-01  0.68661E-02
 0.26000E+01  0.24279E-01 -0.28901E-01 -0.42597E-01 -0.13157E-01  0.38946E-01  0.86703E-01  0.11313E+00  0.11591E+00  0.10225E+00  0.81451E-01  0.60411E-01  0.42568E-01  0.28809E-01  0.18746E-01  0.11629E-01  0.67722E-02
 0.28000E+01  0.23846E-01 -0.27642E-01 -0.41729E-01 -0.14370E-01  0.35308E-01  0.81513E-01  0.10768E+00  0.11119E+00  0.98671E-01  0.78992E-01  0.58831E-01  0.41598E-01  0.28230E-01  0.18408E-01  0.11438E-01  0.66692E-02
 0.30000E+01  0.23224E-01 -0.26183E-01 -0.40528E-01 -0.15406E-01  0.31530E-01  0.75883E-01  0.10161E+00  0.10582E+00  0.94525E-01  0.76083E-01  0.56920E-01  0.40397E-01  0.27497E-01  0.17972E-01  0.11187E-01  0.65312E-02
 0.00000E+00  0.83059E+00  0.35476E+00 -0.14991E-01 -0.18027E+00 -0.17231E+00 -0.86314E-01 -0.29434E-02  0.44024E-01  0.56817E-01  0.50468E-01  0.37911E-01  0.25960E-01  0.16808E-01  0.10444E-01  0.62184E-02  0.35027E-02
 0.20000E+00  0.22998E+00  0.34116E+00  0.34554E+00  0.25517E+00  0.12689E+00  0.17705E-01 -0.45412E-01 -0.65752E-01 -0.60445E-01 -0.45688E-01 -0.30929E-01 -0.19619E-01 -0.11969E-01 -0.70962E-02 -0.40739E-02 -0.22317E-02
 0.40000E+00  0.18434E-01  0.22196E+00  0.32169E+00  0.29907E+00  0.19997E+00  0.89008E-01  0.84557E-02 -0.31930E-01 -0.42451E-01 -0.37736E-01 -0.28337E-01 -0.19434E-01 -0.12621E-01 -0.78719E-02 -0.47048E-02 -0.26589E-02
 0.60000E+00 -0.50183E-01  0.14385E+00  0.26411E+00  0.28119E+00  0.22133E+00  0.13446E+00  0.59783E-01  0.12619E-01 -0.96165E-02 -0.16108E-01 -0.15147E-01 -0.11778E-01 -0.83099E-02 -0.54939E-02 -0.34236E-02 -0.19937E-02
 0.80000E+00 -0.66447E-01  0.52468E-01  0.15545E+00  0.21090E+00  0.21327E+00  0.17848E+00  0.12933E+00  0.83327E-01  0.48663E-01  0.26161E-01  0.13111E-01  0.61791E-02  0.27424E-02  0.11344E-02  0.42507E-03  0.13555E-03
 0.10000E+01 -0.34932E-01 -0.74460E-02  0.52994E-01  0.12300E+00  0.17380E+00  0.18951E+00  0.17286E+00  0.13790E+00  0.99400E-01  0.66519E-01  0.42322E-01  0.26095E-01  0.15775E-01  0.93635E-02  0.54053E-02  0.29806E-02
 0.12000E+01 -0.43214E-02 -0.30972E-01 -0.43561E-02  0.61785E-01  0.13164E+00  0.17427E+00  0.17989E+00  0.15743E+00  0.12251E+00  0.87700E-01  0.59302E-01  0.38619E-01  0.24487E-01  0.15127E-01  0.90173E-02  0.50974E-02
 0.14000E+01  0.12232E-01 -0.36947E-01 -0.29340E-01  0.28094E-01  0.10054E+00  0.15303E+00  0.17020E+00  0.15691E+00  0.12733E+00  0.94509E-01  0.65973E-01  0.44168E-01  0.28666E-01  0.18046E-01  0.10916E-01  0.62392E-02
 0.16000E+01  0.19780E-01 -0.36994E-01 -0.39231E-01  0.10270E-01  0.79764E-01  0.13453E+00  0.15712E+00  0.14975E+00  0.12478E+00  0.94747E-01  0.67456E-01  0.45930E-01  0.30229E-01  0.19243E-01  0.11740E-01  0.67531E-02
 0.18000E+01  0.23027E-01 -0.35434E-01 -0.42877E-01  0.42704E-03  0.65811E-01  0.12006E+00  0.14513E+00  0.14152E+00  0.12009E+00  0.92607E-01  0.66817E-01  0.46010E-01  0.30563E-01  0.19598E-01  0.12023E-01  0.69448E-02
 0.20000E+01  0.24309E-01 -0.33603E-01 -0.43943E-01 -0.53844E-02  0.56039E-01  0.10884E+00  0.13498E+00  0.13387E+00  0.11512E+00  0.89776E-01  0.65399E-01  0.45398E-01  0.30355E-01  0.19565E-01  0.12051E-01  0.69808E-02
 0.22000E+01  0.24671E-01 -0.31866E-01 -0.43899E-01 -0.90400E-02  0.48862E-01  0.99963E-01  0.12650E+00  0.12710E+00  0.11043E+00  0.86864E-01  0.63742E-01  0.44519E-01  0.29915E-01  0.19357E-01  0.11957E-01  0.69418E-02
 0.24000E+01  0.24588E-01 -0.30301E-01 -0.43361E-01 -0.11469E-01  0.43351E-01  0.92745E-01  0.11932E+00  0.12117E+00  0.10615E+00  0.84073E-01  0.62055E-01  0.43552E-01  0.29380E-01  0.19069E-01  0.11806E-01  0.68661E-02
 0.26000E+01  0.24279E-01 -0.28901E-01 -0.42597E-01 -0.13157E-01  0.38946E-01  0.86703E-01  0.11313E+00  0.11591E+00  0.10225E+00  0.81451E-01  0.60411E-01  0.42568E-01  0.28809E-01  0.18746E-01  0.11629E-01  0.67722E-02
 0.28000E+01  0.23846E-01 -0.27642E-01 -0.41729E-01 -0.14370E-01  0.35308E-01  0.81513E-01  0.10768E+00  0.11119E+00  0.98671E-01  0.78992E-01  0.58831E-01  0.41598E-01  0.28230E-01  0.18408E-01  0.11438E-01  0.66692E-02
 0.30000E+01  0.23224E-01 -0.26183E-01 -0.40528E-01 -0.15406E-01  0.31530E-01  0.75883E-01  0.10161E+00  0.10582E+00  0.94525E-01  0.76083E-01  0.56920E-01  0.40397E-01  0.27497E-01  0.17972E-01  0.11187E-01  0.65312E-02
