 0.00000E+00  0.69245E+00  0.31847E+00  0.12109E-01 -0.13867E+00 -0.14771E+00 -0.85547E-01 -0.17450E-01  0.25802E-01  0.42334E-01  0.41999E-01  0.34512E-01  0.25664E-01  0.17902E-01  0.11851E-01  0.74221E-02  0.43430E-02
 0.20000E+00  0.44604E+00  0.41745E+00  0.31857E+00  0.18810E+00  0.70130E-01 -0.90694E-02 -0.46832E-01 -0.55045E-01 -0.48221E-01 -0.36757E-01 -0.25907E-01 -0.17406E-01 -0.11302E-01 -0.71025E-02 -0.42810E-02 -0.24358E-02
 0.40000E+00 -0.23684E-01  0.21473E+00  0.34415E+00  0.33543E+00  0.23427E+00  0.11217E+00  0.18860E-01 -0.31658E-01 -0.48486E-01 -0.46667E-01 -0.37705E-01 -0.27770E-01 -0.19267E-01 -0.12718E-01 -0.79531E-02 -0.46504E-02
 0.60000E+00 -0.98835E-01  0.92487E-01  0.22763E+00  0.26938E+00  0.23302E+00  0.16121E+00  0.91658E-01  0.42163E-01  0.13829E-01  0.51097E-03 -0.43463E-02 -0.52135E-02 -0.45179E-02 -0.33904E-02 -0.23003E-02 -0.14201E-02
 0.80000E+00 -0.69472E-01  0.33380E-01  0.12735E+00  0.18315E+00  0.19333E+00  0.16980E+00  0.13132E+00  0.92814E-01  0.61683E-01  0.39416E-01  0.24609E-01  0.15153E-01  0.92237E-02  0.55202E-02  0.32068E-02  0.17749E-02
 0.10000E+01 -0.37160E-01  0.52541E-02  0.66043E-01  0.12377E+00  0.15903E+00  0.16495E+00  0.14746E+00  0.11828E+00  0.87707E-01  0.61555E-01  0.41618E-01  0.27413E-01  0.17656E-01  0.11072E-01  0.66792E-02  0.38078E-02
 0.12000E+01 -0.14025E-01 -0.94945E-02  0.28590E-01  0.84692E-01  0.13331E+00  0.15664E+00  0.15259E+00  0.13028E+00  0.10125E+00  0.73668E-01  0.51235E-01  0.34511E-01  0.22629E-01  0.14393E-01  0.87791E-02  0.50473E-02
 0.14000E+01  0.20786E-02 -0.17986E-01  0.42239E-02  0.57583E-01  0.11349E+00  0.14759E+00  0.15252E+00  0.13538E+00  0.10815E+00  0.80323E-01  0.56753E-01  0.38707E-01  0.25632E-01  0.16431E-01  0.10083E-01  0.58239E-02
 0.16000E+01  0.13329E-01 -0.23094E-01 -0.12279E-01  0.38006E-01  0.97734E-01  0.13860E+00  0.14971E+00  0.13658E+00  0.11118E+00  0.83729E-01  0.59795E-01  0.41128E-01  0.27419E-01  0.17671E-01  0.10889E-01  0.63090E-02
 0.18000E+01  0.21128E-01 -0.26162E-01 -0.23610E-01  0.23594E-01  0.85005E-01  0.13002E+00  0.14542E+00  0.13543E+00  0.11179E+00  0.85053E-01  0.61224E-01  0.42377E-01  0.28395E-01  0.18373E-01  0.11357E-01  0.65959E-02
 0.20000E+01  0.26440E-01 -0.27934E-01 -0.31378E-01  0.12892E-01  0.74631E-01  0.12203E+00  0.14037E+00  0.13285E+00  0.11085E+00  0.85012E-01  0.61574E-01  0.42830E-01  0.28813E-01  0.18702E-01  0.11589E-01  0.67434E-02
 0.22000E+01  0.29958E-01 -0.28864E-01 -0.36646E-01  0.49116E-02  0.66124E-01  0.11472E+00  0.13504E+00  0.12945E+00  0.10895E+00  0.84087E-01  0.61207E-01  0.42744E-01  0.28848E-01  0.18773E-01  0.11656E-01  0.67930E-02
 0.24000E+01  0.32215E-01 -0.29250E-01 -0.40173E-01 -0.10873E-02  0.59083E-01  0.10808E+00  0.12968E+00  0.12564E+00  0.10649E+00  0.82611E-01  0.60378E-01  0.42305E-01  0.28627E-01  0.18669E-01  0.11611E-01  0.67753E-02
 0.26000E+01  0.33587E-01 -0.29283E-01 -0.42482E-01 -0.56416E-02  0.53181E-01  0.10204E+00  0.12445E+00  0.12164E+00  0.10370E+00  0.80801E-01  0.59258E-01  0.41634E-01  0.28237E-01  0.18448E-01  0.11490E-01  0.67116E-02
 0.28000E+01  0.34323E-01 -0.29079E-01 -0.43914E-01 -0.91137E-02  0.48183E-01  0.96543E-01  0.11941E+00  0.11759E+00  0.10074E+00  0.78786E-01  0.57948E-01  0.40810E-01  0.27731E-01  0.18146E-01  0.11315E-01  0.66156E-02
 0.30000E+01  0.34560E-01 -0.28509E-01 -0.44664E-01 -0.12191E-01  0.42973E-01  0.90273E-01  0.11329E+00  0.11242E+00  0.96802E-01  0.75990E-01  0.56059E-01  0.39577E-01  0.26946E-01  0.17660E-01  0.11026E-01  0.64527E-02
 0.00000E+00  0.69245E+00  0.31847E+00  0.12109E-01 -0.13867E+00 -0.14771E+00 -0.85547E-01 -0.17450E-01  0.25802E-01  0.42334E-01  0.41999E-01  0.34512E-01  0.25664E-01  0.17902E-01  0.11851E-01  0.74221E-02  0.43430E-02
 0.20000E+00  0.44604E+00  0.41745E+00  0.31857E+00  0.18810E+00  0.70130E-01 -0.90694E-02 -0.46832E-01 -0.55045E-01 -0.48221E-01 -0.36757E-01 -0.25907E-01 -0.17406E-01 -0.11302E-01 -0.71025E-02 -0.42810E-02 -0.24358E-02
 0.40000E+00 -0.23684E-01  0.21473E+00  0.34415E+00  0.33543E+00  0.23427E+00  0.11217E+00  0.18860E-01 -0.31658E-01 -0.48486E-01 -0.46667E-01 -0.37705E-01 -0.27770E-01 -0.19267E-01 -0.12718E-01 -0.79531E-02 -0.46504E-02
 0.60000E+00 -0.98835E-01  0.92487E-01  0.22763E+00  0.26938E+00  0.23302E+00  0.16121E+00  0.91658E-01  0.42163E-01  0.13829E-01  0.51097E-03 -0.43463E-02 -0.52135E-02 -0.45179E-02 -0.33904E-02 -0.23003E-02 -0.14201E-02
 0.80000E+00 -0.69472E-01  0.33380E-01  0.12735E+00  0.18315E+00  0.19333E+00  0.16980E+00  0.13132E+00  0.92814E-01  0.61683E-01  0.39416E-01  0.24609E-01  0.15153E-01  0.92237E-02  0.55202E-02  0.32068E-02  0.17749E-02
 0.10000E+01 -0.37160E-01  0.52541E-02  0.66043E-01  0.12377E+00  0.15903E+00  0.16495E+00  0.14746E+00  0.11828E+00  0.87707E-01  0.61555E-01  0.41618E-01  0.27413E-01  0.17656E-01  0.11072E-01  0.66792E-02  0.38078E-02
 0.12000E+01 -0.14025E-01 -0.94945E-02  0.28590E-01  0.84692E-01  0.13331E+00  0.15664E+00  0.15259E+00  0.13028E+00  0.10125E+00  0.73668E-01  0.51235E-01  0.34511E-01  0.22629E-01  0.14393E-01  0.87791E-02  0.50473E-02
 0.14000E+01  0.20786E-02 -0.17986E-01  0.42239E-02  0.57583E-01  0.11349E+00  0.14759E+00  0.15252E+00  0.13538E+00  0.10815E+00  0.80323E-01  0.56753E-01  0.38707E-01  0.25632E-01  0.16431E-01  0.10083E-01  0.58239E-02
 0.16000E+01  0.13329E-01 -0.23094E-01 -0.12279E-01  0.38006E-01  0.97734E-01  0.13860E+00  0.14971E+00  0.13658E+00  0.11118E+00  0.83729E-01  0.59795E-01  0.41128E-01  0.27419E-01  0.17671E-01  0.10889E-01  0.63090E-02
 0.18000E+01  0.21128E-01 -0.26162E-01 -0.23610E-01  0.23594E-01  0.85005E-01  0.13002E+00  0.14542E+00  0.13543E+00  0.11179E+00  0.85053E-01  0.61224E-01  0.42377E-01  0.28395E-01  0.18373E-01  0.11357E-01  0.65959E-02
 0.20000E+01  0.26440E-01 -0.27934E-01 -0.31378E-01  0.12892E-01  0.74631E-01  0.12203E+00  0.14037E+00  0.13285E+00  0.11085E+00  0.85012E-01  0.61574E-01  0.42830E-01  0.28813E-01  0.18702E-01  0.11589E-01  0.67434E-02
 0.22000E+01  0.29958E-01 -0.28864E-01 -0.36646E-01  0.49116E-02  0.66124E-01  0.11472E+00  0.13504E+00  0.12945E+00  0.10895E+00  0.84087E-01  0.61207E-01  0.42744E-01  0.28848E-01  0.18773E-01  0.11656E-01  0.67930E-02
 0.24000E+01  0.32215E-01 -0.29250E-01 -0.40173E-01 -0.10873E-02  0.59083E-01  0.10808E+00  0.12968E+00  0.12564E+00  0.10649E+00  0.82611E-01  0.60378E-01  0.42305E-01  0.28627E-01  0.18669E-01  0.11611E-01  0.67753E-02
 0.26000E+01  0.33587E-01 -0.29283E-01 -0.42482E-01 -0.56416E-02  0.53181E-01  0.10204E+00  0.12445E+00  0.12164E+00  0.10370E+00  0.80801E-01  0.59258E-01  0.41634E-01  0.28237E-01  0.18448E-01  0.11490E-01  0.67116E-02
 0.28000E+01  0.34323E-01 -0.29079E-01 -0.43914E-01 -0.91137E-02  0.48183E-01  0.96543E-01  0.11941E+00  0.11759E+00  0.10074E+00  0.78786E-01  0.57948E-01  0.40810E-01  0.27731E-01  0.18146E-01  0.11315E-01  0.66156E-02
 0.30000E+01  0.34560E-01 -0.28509E-01 -0.44664E-01 -0.12191E-01  0.42973E-01  0.90273E-01  0.11329E+00  0.11242E+00  0.96802E-01  0.75990E-01  0.56059E-01  0.39577E-01  0.26946E-01  0.17660E-01  0.11026E-01  0.64527E-02
