 0.00000E+00  0.89342E+00  0.27077E+00 -0.13545E+00 -0.25150E+00 -0.17306E+00 -0.41730E-01  0.53640E-01  0.93095E-01  0.93320E-01  0.76185E-01  0.55795E-01  0.38251E-01  0.25030E-01  0.15714E-01  0.94160E-02  0.53149E-02
 0.20000E+00  0.18248E+00  0.47981E+00  0.52590E+00  0.36225E+00  0.12898E+00 -0.52940E-01 -0.14089E+00 -0.15365E+00 -0.12845E+00 -0.93562E-01 -0.62751E-01 -0.39889E-01 -0.24383E-01 -0.14395E-01 -0.81686E-02 -0.44022E-02
 0.40000E+00 -0.45922E-01  0.20819E+00  0.33613E+00  0.32104E+00  0.22015E+00  0.10615E+00  0.22652E-01 -0.21790E-01 -0.37405E-01 -0.37422E-01 -0.31183E-01 -0.23616E-01 -0.16777E-01 -0.11280E-01 -0.71470E-02 -0.42167E-02
 0.60000E+00 -0.35313E-01  0.83158E-01  0.17564E+00  0.21455E+00  0.20165E+00  0.15836E+00  0.10823E+00  0.65918E-01  0.36166E-01  0.17738E-01  0.74280E-02  0.22131E-02 -0.89990E-04 -0.86342E-03 -0.91705E-03 -0.69927E-03
 0.80000E+00 -0.20379E-01  0.34239E-01  0.10255E+00  0.15721E+00  0.17956E+00  0.16902E+00  0.13812E+00  0.10159E+00  0.69190E-01  0.44615E-01  0.27686E-01  0.16712E-01  0.98633E-02  0.56858E-02  0.31762E-02  0.16946E-02
 0.10000E+01 -0.10183E-01  0.91112E-02  0.61682E-01  0.12207E+00  0.16218E+00  0.16987E+00  0.15102E+00  0.11944E+00  0.87009E-01  0.59912E-01  0.39716E-01  0.25627E-01  0.16160E-01  0.99246E-02  0.58730E-02  0.32933E-02
 0.12000E+01 -0.15476E-02 -0.91061E-02  0.29942E-01  0.92726E-01  0.14521E+00  0.16690E+00  0.15822E+00  0.13164E+00  0.10018E+00  0.71786E-01  0.49389E-01  0.32991E-01  0.21471E-01  0.13557E-01  0.82124E-02  0.46924E-02
 0.14000E+01  0.61011E-02 -0.23534E-01  0.28089E-02  0.65575E-01  0.12711E+00  0.16050E+00  0.16127E+00  0.14011E+00  0.11052E+00  0.81734E-01  0.57846E-01  0.39630E-01  0.26368E-01  0.16964E-01  0.10433E-01  0.60327E-02
 0.16000E+01  0.12168E-01 -0.33888E-01 -0.18679E-01  0.41956E-01  0.10902E+00  0.15128E+00  0.16024E+00  0.14454E+00  0.11752E+00  0.89194E-01  0.64574E-01  0.45119E-01  0.30528E-01  0.19915E-01  0.12384E-01  0.72221E-02
 0.18000E+01  0.16373E-01 -0.40368E-01 -0.34083E-01  0.23026E-01  0.92435E-01  0.14062E+00  0.15603E+00  0.14530E+00  0.12115E+00  0.93916E-01  0.69237E-01  0.49132E-01  0.33676E-01  0.22201E-01  0.13921E-01  0.81695E-02
 0.20000E+01  0.18940E-01 -0.43877E-01 -0.44311E-01  0.86822E-02  0.78157E-01  0.12978E+00  0.14992E+00  0.14339E+00  0.12207E+00  0.96269E-01  0.72008E-01  0.51724E-01  0.35811E-01  0.23800E-01  0.15018E-01  0.88556E-02
 0.22000E+01  0.20292E-01 -0.45415E-01 -0.50720E-01 -0.18608E-02  0.66305E-01  0.11958E+00  0.14302E+00  0.13989E+00  0.12113E+00  0.96872E-01  0.73305E-01  0.53165E-01  0.37100E-01  0.24812E-01  0.15733E-01  0.93117E-02
 0.24000E+01  0.20838E-01 -0.45760E-01 -0.54540E-01 -0.95321E-02  0.56618E-01  0.11040E+00  0.13605E+00  0.13559E+00  0.11908E+00  0.96317E-01  0.73570E-01  0.53770E-01  0.37758E-01  0.25378E-01  0.16154E-01  0.95888E-02
 0.26000E+01  0.20880E-01 -0.45417E-01 -0.56662E-01 -0.15118E-01  0.48713E-01  0.10227E+00  0.12936E+00  0.13099E+00  0.11640E+00  0.95037E-01  0.73151E-01  0.53800E-01  0.37971E-01  0.25624E-01  0.16361E-01  0.97343E-02
 0.28000E+01  0.20614E-01 -0.44689E-01 -0.57667E-01 -0.19179E-01  0.42258E-01  0.95152E-01  0.12313E+00  0.12637E+00  0.11341E+00  0.93321E-01  0.72286E-01  0.53438E-01  0.37872E-01  0.25641E-01  0.16414E-01  0.97840E-02
 0.30000E+01  0.20081E-01 -0.43278E-01 -0.57599E-01 -0.22439E-01  0.35930E-01  0.87459E-01  0.11584E+00  0.12050E+00  0.10921E+00  0.90555E-01  0.70577E-01  0.52435E-01  0.37309E-01  0.25340E-01  0.16260E-01  0.97101E-02
 0.00000E+00  0.89342E+00  0.27077E+00 -0.13545E+00 -0.25150E+00 -0.17306E+00 -0.41730E-01  0.53640E-01  0.93095E-01  0.93320E-01  0.76185E-01  0.55795E-01  0.38251E-01  0.25030E-01  0.15714E-01  0.94160E-02  0.53149E-02
 0.20000E+00  0.18248E+00  0.47981E+00  0.52590E+00  0.36225E+00  0.12898E+00 -0.52940E-01 -0.14089E+00 -0.15365E+00 -0.12845E+00 -0.93562E-01 -0.62751E-01 -0.39889E-01 -0.24383E-01 -0.14395E-01 -0.81686E-02 -0.44022E-02
 0.40000E+00 -0.45922E-01  0.20819E+00  0.33613E+00  0.32104E+00  0.22015E+00  0.10615E+00  0.22652E-01 -0.21790E-01 -0.37405E-01 -0.37422E-01 -0.31183E-01 -0.23616E-01 -0.16777E-01 -0.11280E-01 -0.71470E-02 -0.42167E-02
 0.60000E+00 -0.35313E-01  0.83158E-01  0.17564E+00  0.21455E+00  0.20165E+00  0.15836E+00  0.10823E+00  0.65918E-01  0.36166E-01  0.17738E-01  0.74280E-02  0.22131E-02 -0.89990E-04 -0.86342E-03 -0.91705E-03 -0.69927E-03
 0.80000E+00 -0.20379E-01  0.34239E-01  0.10255E+00  0.15721E+00  0.17956E+00  0.16902E+00  0.13812E+00  0.10159E+00  0.69190E-01  0.44615E-01  0.27686E-01  0.16712E-01  0.98633E-02  0.56858E-02  0.31762E-02  0.16946E-02
 0.10000E+01 -0.10183E-01  0.91112E-02  0.61682E-01  0.12207E+00  0.16218E+00  0.16987E+00  0.15102E+00  0.11944E+00  0.87009E-01  0.59912E-01  0.39716E-01  0.25627E-01  0.16160E-01  0.99246E-02  0.58730E-02  0.32933E-02
 0.12000E+01 -0.15476E-02 -0.91061E-02  0.29942E-01  0.92726E-01  0.14521E+00  0.16690E+00  0.15822E+00  0.13164E+00  0.10018E+00  0.71786E-01  0.49389E-01  0.32991E-01  0.21471E-01  0.13557E-01  0.82124E-02  0.46924E-02
 0.14000E+01  0.61011E-02 -0.23534E-01  0.28089E-02  0.65575E-01  0.12711E+00  0.16050E+00  0.16127E+00  0.14011E+00  0.11052E+00  0.81734E-01  0.57846E-01  0.39630E-01  0.26368E-01  0.16964E-01  0.10433E-01  0.60327E-02
 0.16000E+01  0.12168E-01 -0.33888E-01 -0.18679E-01  0.41956E-01  0.10902E+00  0.15128E+00  0.16024E+00  0.14454E+00  0.11752E+00  0.89194E-01  0.64574E-01  0.45119E-01  0.30528E-01  0.19915E-01  0.12384E-01  0.72221E-02
 0.18000E+01  0.16373E-01 -0.40368E-01 -0.34083E-01  0.23026E-01  0.92435E-01  0.14062E+00  0.15603E+00  0.14530E+00  0.12115E+00  0.93916E-01  0.69237E-01  0.49132E-01  0.33676E-01  0.22201E-01  0.13921E-01  0.81695E-02
 0.20000E+01  0.18940E-01 -0.43877E-01 -0.44311E-01  0.86822E-02  0.78157E-01  0.12978E+00  0.14992E+00  0.14339E+00  0.12207E+00  0.96269E-01  0.72008E-01  0.51724E-01  0.35811E-01  0.23800E-01  0.15018E-01  0.88556E-02
 0.22000E+01  0.20292E-01 -0.45415E-01 -0.50720E-01 -0.18608E-02  0.66305E-01  0.11958E+00  0.14302E+00  0.13989E+00  0.12113E+00  0.96872E-01  0.73305E-01  0.53165E-01  0.37100E-01  0.24812E-01  0.15733E-01  0.93117E-02
 0.24000E+01  0.20838E-01 -0.45760E-01 -0.54540E-01 -0.95321E-02  0.56618E-01  0.11040E+00  0.13605E+00  0.13559E+00  0.11908E+00  0.96317E-01  0.73570E-01  0.53770E-01  0.37758E-01  0.25378E-01  0.16154E-01  0.95888E-02
 0.26000E+01  0.20880E-01 -0.45417E-01 -0.56662E-01 -0.15118E-01  0.48713E-01  0.10227E+00  0.12936E+00  0.13099E+00  0.11640E+00  0.95037E-01  0.73151E-01  0.53800E-01  0.37971E-01  0.25624E-01  0.16361E-01  0.97343E-02
 0.28000E+01  0.20614E-01 -0.44689E-01 -0.57667E-01 -0.19179E-01  0.42258E-01  0.95152E-01  0.12313E+00  0.12637E+00  0.11341E+00  0.93321E-01  0.72286E-01  0.53438E-01  0.37872E-01  0.25641E-01  0.16414E-01  0.97840E-02
 0.30000E+01  0.20081E-01 -0.43278E-01 -0.57599E-01 -0.22439E-01  0.35930E-01  0.87459E-01  0.11584E+00  0.12050E+00  0.10921E+00  0.90555E-01  0.70577E-01  0.52435E-01  0.37309E-01  0.25340E-01  0.16260E-01  0.97101E-02
