 0.00000E+00  0.64860E+00  0.33425E+00 -0.21381E-01 -0.13405E+00 -0.86786E-01 -0.20205E-01  0.15513E-01  0.24681E-01  0.21808E-01  0.16029E-01  0.10846E-01  0.70222E-02  0.44209E-02  0.27139E-02  0.15817E-02  0.79343E-03
 0.20000E+00  0.42085E+00  0.45093E+00  0.31010E+00  0.13419E+00  0.20509E-01 -0.26690E-01 -0.35737E-01 -0.30018E-01 -0.21500E-01 -0.14352E-01 -0.92621E-02 -0.58699E-02 -0.36763E-02 -0.22706E-02 -0.13397E-02 -0.68016E-03
 0.40000E+00  0.47422E-03  0.25643E+00  0.37424E+00  0.28719E+00  0.14115E+00  0.38423E-01 -0.85435E-02 -0.21255E-01 -0.19836E-01 -0.14856E-01 -0.10162E-01 -0.66388E-02 -0.42165E-02 -0.26128E-02 -0.15373E-02 -0.77731E-03
 0.60000E+00 -0.12942E+00  0.11622E+00  0.29926E+00  0.29605E+00  0.19960E+00  0.10774E+00  0.50454E-01  0.21749E-01  0.90882E-02  0.38191E-02  0.16484E-02  0.74453E-03  0.36157E-03  0.19265E-03  0.10728E-03  0.53289E-04
 0.80000E+00 -0.12651E+00  0.17042E-01  0.17810E+00  0.24292E+00  0.22078E+00  0.16519E+00  0.11112E+00  0.70652E-01  0.43799E-01  0.26916E-01  0.16505E-01  0.10115E-01  0.61927E-02  0.37648E-02  0.21960E-02  0.11054E-02
 0.10000E+01 -0.55410E-01 -0.35500E-01  0.62092E-01  0.16714E+00  0.21249E+00  0.19801E+00  0.15477E+00  0.10883E+00  0.71988E-01  0.46062E-01  0.28943E-01  0.17984E-01  0.11077E-01  0.67373E-02  0.39191E-02  0.19669E-02
 0.12000E+01  0.89776E-02 -0.56233E-01 -0.13048E-01  0.10714E+00  0.19265E+00  0.20653E+00  0.17382E+00  0.12755E+00  0.86510E-01  0.56168E-01  0.35584E-01  0.22200E-01  0.13687E-01  0.83137E-02  0.48236E-02  0.24152E-02
 0.14000E+01  0.46092E-01 -0.62524E-01 -0.52074E-01  0.69744E-01  0.17278E+00  0.20158E+00  0.17634E+00  0.13214E+00  0.90707E-01  0.59304E-01  0.37717E-01  0.23574E-01  0.14540E-01  0.88251E-02  0.51134E-02  0.25572E-02
 0.16000E+01  0.63638E-01 -0.63211E-01 -0.70291E-01  0.47429E-01  0.15548E+00  0.19096E+00  0.17068E+00  0.12935E+00  0.89372E-01  0.58660E-01  0.37398E-01  0.23410E-01  0.14451E-01  0.87748E-02  0.50851E-02  0.25433E-02
 0.18000E+01  0.70326E-01 -0.61721E-01 -0.77770E-01  0.33686E-01  0.14061E+00  0.17840E+00  0.16149E+00  0.12319E+00  0.85442E-01  0.56223E-01  0.35913E-01  0.22516E-01  0.13921E-01  0.84656E-02  0.49133E-02  0.24605E-02
 0.20000E+01  0.70882E-01 -0.59326E-01 -0.79426E-01  0.24948E-01  0.12757E+00  0.16523E+00  0.15070E+00  0.11539E+00  0.80219E-01  0.52884E-01  0.33840E-01  0.21258E-01  0.13173E-01  0.80321E-02  0.46748E-02  0.23466E-02
 0.22000E+01  0.67788E-01 -0.56535E-01 -0.77690E-01  0.19334E-01  0.11592E+00  0.15201E+00  0.13919E+00  0.10677E+00  0.74321E-01  0.49065E-01  0.31454E-01  0.19808E-01  0.12313E-01  0.75371E-02  0.44050E-02  0.22188E-02
 0.24000E+01  0.62524E-01 -0.53595E-01 -0.73943E-01  0.15753E-01  0.10537E+00  0.13905E+00  0.12749E+00  0.97823E-01  0.68131E-01  0.45032E-01  0.28929E-01  0.18273E-01  0.11405E-01  0.70171E-02  0.41235E-02  0.20864E-02
 0.26000E+01  0.55898E-01 -0.50589E-01 -0.68924E-01  0.13534E-01  0.95649E-01  0.12637E+00  0.11574E+00  0.88726E-01  0.61788E-01  0.40884E-01  0.26327E-01  0.16693E-01  0.10474E-01  0.64862E-02  0.38381E-02  0.19531E-02
 0.28000E+01  0.48134E-01 -0.47581E-01 -0.62928E-01  0.12369E-01  0.86550E-01  0.11388E+00  0.10394E+00  0.79487E-01  0.55309E-01  0.36635E-01  0.23661E-01  0.15075E-01  0.95228E-02  0.59469E-02  0.35501E-02  0.18194E-02
 0.30000E+01  0.41964E-01 -0.44878E-01 -0.58409E-01  0.10155E-01  0.77434E-01  0.10214E+00  0.93182E-01  0.71219E-01  0.49573E-01  0.32891E-01  0.21310E-01  0.13641E-01  0.86703E-02  0.54549E-02  0.32814E-02  0.16920E-02
