 0.00000E+00  0.81743E+00  0.30967E+00 -0.58795E-01 -0.20240E+00 -0.17333E+00 -0.77929E-01  0.50788E-02  0.48745E-01  0.59568E-01  0.53030E-01  0.40907E-01  0.29119E-01  0.19654E-01  0.12680E-01  0.77819E-02  0.44827E-02
 0.20000E+00  0.28257E+00  0.43077E+00  0.42503E+00  0.29391E+00  0.12286E+00 -0.13002E-01 -0.85091E-01 -0.10366E+00 -0.92540E-01 -0.71346E-01 -0.50642E-01 -0.34168E-01 -0.22234E-01 -0.13980E-01 -0.84247E-02 -0.47906E-02
 0.40000E+00 -0.41165E-01  0.20562E+00  0.33348E+00  0.32255E+00  0.22593E+00  0.11441E+00  0.31912E-01 -0.12226E-01 -0.27942E-01 -0.28538E-01 -0.23376E-01 -0.17223E-01 -0.11893E-01 -0.77990E-02 -0.48433E-02 -0.28141E-02
 0.60000E+00 -0.52292E-01  0.89735E-01  0.19196E+00  0.22785E+00  0.20689E+00  0.15755E+00  0.10573E+00  0.64871E-01  0.37496E-01  0.20915E-01  0.11453E-01  0.62203E-02  0.33633E-02  0.18054E-02  0.95281E-03  0.48629E-03
 0.80000E+00 -0.35381E-01  0.38668E-01  0.11388E+00  0.16490E+00  0.18019E+00  0.16482E+00  0.13282E+00  0.97635E-01  0.67272E-01  0.44388E-01  0.28488E-01  0.17951E-01  0.11136E-01  0.67675E-02  0.39800E-02  0.22242E-02
 0.10000E+01 -0.21596E-01  0.12331E-01  0.68854E-01  0.12485E+00  0.15837E+00  0.16180E+00  0.14197E+00  0.11153E+00  0.80967E-01  0.55677E-01  0.36927E-01  0.23890E-01  0.15136E-01  0.93535E-02  0.55728E-02  0.31452E-02
 0.12000E+01 -0.11119E-01 -0.38765E-02  0.38610E-01  0.95613E-01  0.13948E+00  0.15478E+00  0.14346E+00  0.11714E+00  0.87491E-01  0.61470E-01  0.41454E-01  0.27173E-01  0.17396E-01  0.10838E-01  0.64982E-02  0.36850E-02
 0.14000E+01 -0.33346E-02 -0.14297E-01  0.17333E-01  0.73188E-01  0.12269E+00  0.14560E+00  0.14045E+00  0.11778E+00  0.89649E-01  0.63883E-01  0.43555E-01  0.28797E-01  0.18562E-01  0.11627E-01  0.70002E-02  0.39821E-02
 0.16000E+01  0.21257E-02 -0.20763E-01  0.26371E-02  0.56127E-01  0.10806E+00  0.13553E+00  0.13476E+00  0.11522E+00  0.88903E-01  0.63998E-01  0.43978E-01  0.29259E-01  0.18953E-01  0.11919E-01  0.71982E-02  0.41042E-02
 0.18000E+01  0.57388E-02 -0.24541E-01 -0.72455E-02  0.43323E-01  0.95619E-01  0.12552E+00  0.12777E+00  0.11084E+00  0.86401E-01  0.62671E-01  0.43322E-01  0.28960E-01  0.18831E-01  0.11879E-01  0.71905E-02  0.41073E-02
 0.20000E+01  0.80062E-02 -0.26575E-01 -0.13761E-01  0.33754E-01  0.85195E-01  0.11613E+00  0.12041E+00  0.10564E+00  0.82991E-01  0.60552E-01  0.42051E-01  0.28215E-01  0.18402E-01  0.11636E-01  0.70569E-02  0.40367E-02
 0.22000E+01  0.93476E-02 -0.27518E-01 -0.17995E-01  0.26573E-01  0.76510E-01  0.10762E+00  0.11324E+00  0.10023E+00  0.79230E-01  0.58077E-01  0.40481E-01  0.27243E-01  0.17812E-01  0.11284E-01  0.68541E-02  0.39252E-02
 0.24000E+01  0.10081E-01 -0.27807E-01 -0.20722E-01  0.21113E-01  0.69254E-01  0.10004E+00  0.10653E+00  0.94975E-01  0.75447E-01  0.55513E-01  0.38810E-01  0.26183E-01  0.17153E-01  0.10884E-01  0.66195E-02  0.37946E-02
 0.26000E+01  0.10420E-01 -0.27708E-01 -0.22460E-01  0.16887E-01  0.63139E-01  0.93316E-01  0.10037E+00  0.90017E-01  0.71804E-01  0.52998E-01  0.37145E-01  0.25111E-01  0.16478E-01  0.10471E-01  0.63748E-02  0.36574E-02
 0.28000E+01  0.10500E-01 -0.27382E-01 -0.23536E-01  0.13560E-01  0.57930E-01  0.87347E-01  0.94753E-01  0.85407E-01  0.68363E-01  0.50593E-01  0.35535E-01  0.24065E-01  0.15815E-01  0.10061E-01  0.61309E-02  0.35199E-02
 0.30000E+01  0.10387E-01 -0.26740E-01 -0.24207E-01  0.10348E-01  0.52416E-01  0.80752E-01  0.88388E-01  0.80088E-01  0.64341E-01  0.47749E-01  0.33614E-01  0.22806E-01  0.15011E-01  0.95615E-02  0.58324E-02  0.33511E-02
 0.00000E+00  0.81743E+00  0.30967E+00 -0.58795E-01 -0.20240E+00 -0.17333E+00 -0.77929E-01  0.50788E-02  0.48745E-01  0.59568E-01  0.53030E-01  0.40907E-01  0.29119E-01  0.19654E-01  0.12680E-01  0.77819E-02  0.44827E-02
 0.20000E+00  0.28257E+00  0.43077E+00  0.42503E+00  0.29391E+00  0.12286E+00 -0.13002E-01 -0.85091E-01 -0.10366E+00 -0.92540E-01 -0.71346E-01 -0.50642E-01 -0.34168E-01 -0.22234E-01 -0.13980E-01 -0.84247E-02 -0.47906E-02
 0.40000E+00 -0.41165E-01  0.20562E+00  0.33348E+00  0.32255E+00  0.22593E+00  0.11441E+00  0.31912E-01 -0.12226E-01 -0.27942E-01 -0.28538E-01 -0.23376E-01 -0.17223E-01 -0.11893E-01 -0.77990E-02 -0.48433E-02 -0.28141E-02
 0.60000E+00 -0.52292E-01  0.89735E-01  0.19196E+00  0.22785E+00  0.20689E+00  0.15755E+00  0.10573E+00  0.64871E-01  0.37496E-01  0.20915E-01  0.11453E-01  0.62203E-02  0.33633E-02  0.18054E-02  0.95281E-03  0.48629E-03
 0.80000E+00 -0.35381E-01  0.38668E-01  0.11388E+00  0.16490E+00  0.18019E+00  0.16482E+00  0.13282E+00  0.97635E-01  0.67272E-01  0.44388E-01  0.28488E-01  0.17951E-01  0.11136E-01  0.67675E-02  0.39800E-02  0.22242E-02
 0.10000E+01 -0.21596E-01  0.12331E-01  0.68854E-01  0.12485E+00  0.15837E+00  0.16180E+00  0.14197E+00  0.11153E+00  0.80967E-01  0.55677E-01  0.36927E-01  0.23890E-01  0.15136E-01  0.93535E-02  0.55728E-02  0.31452E-02
 0.12000E+01 -0.11119E-01 -0.38765E-02  0.38610E-01  0.95613E-01  0.13948E+00  0.15478E+00  0.14346E+00  0.11714E+00  0.87491E-01  0.61470E-01  0.41454E-01  0.27173E-01  0.17396E-01  0.10838E-01  0.64982E-02  0.36850E-02
 0.14000E+01 -0.33346E-02 -0.14297E-01  0.17333E-01  0.73188E-01  0.12269E+00  0.14560E+00  0.14045E+00  0.11778E+00  0.89649E-01  0.63883E-01  0.43555E-01  0.28797E-01  0.18562E-01  0.11627E-01  0.70002E-02  0.39821E-02
 0.16000E+01  0.21257E-02 -0.20763E-01  0.26371E-02  0.56127E-01  0.10806E+00  0.13553E+00  0.13476E+00  0.11522E+00  0.88903E-01  0.63998E-01  0.43978E-01  0.29259E-01  0.18953E-01  0.11919E-01  0.71982E-02  0.41042E-02
 0.18000E+01  0.57388E-02 -0.24541E-01 -0.72455E-02  0.43323E-01  0.95619E-01  0.12552E+00  0.12777E+00  0.11084E+00  0.86401E-01  0.62671E-01  0.43322E-01  0.28960E-01  0.18831E-01  0.11879E-01  0.71905E-02  0.41073E-02
 0.20000E+01  0.80062E-02 -0.26575E-01 -0.13761E-01  0.33754E-01  0.85195E-01  0.11613E+00  0.12041E+00  0.10564E+00  0.82991E-01  0.60552E-01  0.42051E-01  0.28215E-01  0.18402E-01  0.11636E-01  0.70569E-02  0.40367E-02
 0.22000E+01  0.93476E-02 -0.27518E-01 -0.17995E-01  0.26573E-01  0.76510E-01  0.10762E+00  0.11324E+00  0.10023E+00  0.79230E-01  0.58077E-01  0.40481E-01  0.27243E-01  0.17812E-01  0.11284E-01  0.68541E-02  0.39252E-02
 0.24000E+01  0.10081E-01 -0.27807E-01 -0.20722E-01  0.21113E-01  0.69254E-01  0.10004E+00  0.10653E+00  0.94975E-01  0.75447E-01  0.55513E-01  0.38810E-01  0.26183E-01  0.17153E-01  0.10884E-01  0.66195E-02  0.37946E-02
 0.26000E+01  0.10420E-01 -0.27708E-01 -0.22460E-01  0.16887E-01  0.63139E-01  0.93316E-01  0.10037E+00  0.90017E-01  0.71804E-01  0.52998E-01  0.37145E-01  0.25111E-01  0.16478E-01  0.10471E-01  0.63748E-02  0.36574E-02
 0.28000E+01  0.10500E-01 -0.27382E-01 -0.23536E-01  0.13560E-01  0.57930E-01  0.87347E-01  0.94753E-01  0.85407E-01  0.68363E-01  0.50593E-01  0.35535E-01  0.24065E-01  0.15815E-01  0.10061E-01  0.61309E-02  0.35199E-02
 0.30000E+01  0.10387E-01 -0.26740E-01 -0.24207E-01  0.10348E-01  0.52416E-01  0.80752E-01  0.88388E-01  0.80088E-01  0.64341E-01  0.47749E-01  0.33614E-01  0.22806E-01  0.15011E-01  0.95615E-02  0.58324E-02  0.33511E-02
