 0.00000E+00  0.69498E+00  0.34433E+00  0.43977E-01 -0.11889E+00 -0.14834E+00 -0.10342E+00 -0.43573E-01 -0.32957E-03  0.20672E-01  0.25895E-01  0.23264E-01  0.18082E-01  0.12915E-01  0.86601E-02  0.54614E-02  0.32079E-02
 0.20000E+00  0.40039E+00  0.38881E+00  0.31108E+00  0.19815E+00  0.89410E-01  0.11167E-01 -0.30681E-01 -0.44385E-01 -0.42187E-01 -0.33784E-01 -0.24643E-01 -0.16976E-01 -0.11230E-01 -0.71549E-02 -0.43576E-02 -0.24987E-02
 0.40000E+00  0.20167E-01  0.20072E+00  0.29902E+00  0.29307E+00  0.21575E+00  0.11973E+00  0.42878E-01 -0.25863E-02 -0.21882E-01 -0.25539E-01 -0.22224E-01 -0.16964E-01 -0.11986E-01 -0.79834E-02 -0.50136E-02 -0.29370E-02
 0.60000E+00 -0.68775E-01  0.99160E-01  0.21731E+00  0.25391E+00  0.22214E+00  0.15851E+00  0.95644E-01  0.49467E-01  0.21648E-01  0.73545E-02  0.10561E-02 -0.11994E-02 -0.16644E-02 -0.14500E-02 -0.10514E-02 -0.67146E-03
 0.80000E+00 -0.70174E-01  0.43619E-01  0.14077E+00  0.19254E+00  0.19576E+00  0.16645E+00  0.12511E+00  0.86281E-01  0.56175E-01  0.35311E-01  0.21775E-01  0.13296E-01  0.80533E-02  0.48099E-02  0.27941E-02  0.15481E-02
 0.10000E+01 -0.51489E-01  0.13004E-01  0.84501E-01  0.13986E+00  0.16537E+00  0.16139E+00  0.13795E+00  0.10708E+00  0.77514E-01  0.53420E-01  0.35598E-01  0.23164E-01  0.14767E-01  0.91817E-02  0.55012E-02  0.31198E-02
 0.12000E+01 -0.32405E-01 -0.40135E-02  0.46258E-01  0.10046E+00  0.13884E+00  0.15144E+00  0.14082E+00  0.11662E+00  0.88741E-01  0.63544E-01  0.43601E-01  0.29011E-01  0.18809E-01  0.11845E-01  0.71644E-02  0.40913E-02
 0.14000E+01 -0.17435E-01 -0.13446E-01  0.21083E-01  0.72332E-01  0.11747E+00  0.14028E+00  0.13829E+00  0.11925E+00  0.93396E-01  0.68303E-01  0.47604E-01  0.32047E-01  0.20961E-01  0.13287E-01  0.80761E-02  0.46286E-02
 0.16000E+01 -0.66900E-02 -0.18607E-01  0.46944E-02  0.52518E-01  0.10073E+00  0.12950E+00  0.13318E+00  0.11800E+00  0.94161E-01  0.69786E-01  0.49115E-01  0.33306E-01  0.21905E-01  0.13943E-01  0.85005E-02  0.48828E-02
 0.18000E+01  0.76370E-03 -0.21357E-01 -0.59962E-02  0.38478E-01  0.87638E-01  0.11971E+00  0.12706E+00  0.11478E+00  0.92787E-01  0.69399E-01  0.49171E-01  0.33512E-01  0.22123E-01  0.14122E-01  0.86282E-02  0.49639E-02
 0.20000E+01  0.58708E-02 -0.22738E-01 -0.13031E-01  0.28368E-01  0.77285E-01  0.11103E+00  0.12076E+00  0.11067E+00  0.90313E-01  0.68000E-01  0.48415E-01  0.33117E-01  0.21924E-01  0.14024E-01  0.85818E-02  0.49430E-02
 0.22000E+01  0.93505E-02 -0.23333E-01 -0.17700E-01  0.20945E-01  0.68974E-01  0.10340E+00  0.11464E+00  0.10624E+00  0.87326E-01  0.66085E-01  0.47227E-01  0.32395E-01  0.21491E-01  0.13770E-01  0.84364E-02  0.48635E-02
 0.24000E+01  0.11719E-01 -0.23473E-01 -0.20829E-01  0.15365E-01  0.62170E-01  0.96667E-01  0.10888E+00  0.10179E+00  0.84150E-01  0.63937E-01  0.45825E-01  0.31503E-01  0.20935E-01  0.13431E-01  0.82367E-02  0.47519E-02
 0.26000E+01  0.13322E-01 -0.23344E-01 -0.22932E-01  0.11071E-01  0.56482E-01  0.90677E-01  0.10348E+00  0.97453E-01  0.80938E-01  0.61696E-01  0.44326E-01  0.30528E-01  0.20315E-01  0.13046E-01  0.80075E-02  0.46223E-02
 0.28000E+01  0.14375E-01 -0.23043E-01 -0.24317E-01  0.77070E-02  0.51632E-01  0.85276E-01  0.98411E-01  0.93245E-01  0.77745E-01  0.59423E-01  0.42777E-01  0.29506E-01  0.19658E-01  0.12636E-01  0.77605E-02  0.44820E-02
 0.30000E+01  0.15172E-01 -0.22480E-01 -0.25308E-01  0.44753E-02  0.46475E-01  0.79196E-01  0.92485E-01  0.88192E-01  0.73831E-01  0.56591E-01  0.40824E-01  0.28203E-01  0.18813E-01  0.12104E-01  0.74393E-02  0.42987E-02
 0.00000E+00  0.69498E+00  0.34433E+00  0.43977E-01 -0.11889E+00 -0.14834E+00 -0.10342E+00 -0.43573E-01 -0.32957E-03  0.20672E-01  0.25895E-01  0.23264E-01  0.18082E-01  0.12915E-01  0.86601E-02  0.54614E-02  0.32079E-02
 0.20000E+00  0.40039E+00  0.38881E+00  0.31108E+00  0.19815E+00  0.89410E-01  0.11167E-01 -0.30681E-01 -0.44385E-01 -0.42187E-01 -0.33784E-01 -0.24643E-01 -0.16976E-01 -0.11230E-01 -0.71549E-02 -0.43576E-02 -0.24987E-02
 0.40000E+00  0.20167E-01  0.20072E+00  0.29902E+00  0.29307E+00  0.21575E+00  0.11973E+00  0.42878E-01 -0.25863E-02 -0.21882E-01 -0.25539E-01 -0.22224E-01 -0.16964E-01 -0.11986E-01 -0.79834E-02 -0.50136E-02 -0.29370E-02
 0.60000E+00 -0.68775E-01  0.99160E-01  0.21731E+00  0.25391E+00  0.22214E+00  0.15851E+00  0.95644E-01  0.49467E-01  0.21648E-01  0.73545E-02  0.10561E-02 -0.11994E-02 -0.16644E-02 -0.14500E-02 -0.10514E-02 -0.67146E-03
 0.80000E+00 -0.70174E-01  0.43619E-01  0.14077E+00  0.19254E+00  0.19576E+00  0.16645E+00  0.12511E+00  0.86281E-01  0.56175E-01  0.35311E-01  0.21775E-01  0.13296E-01  0.80533E-02  0.48099E-02  0.27941E-02  0.15481E-02
 0.10000E+01 -0.51489E-01  0.13004E-01  0.84501E-01  0.13986E+00  0.16537E+00  0.16139E+00  0.13795E+00  0.10708E+00  0.77514E-01  0.53420E-01  0.35598E-01  0.23164E-01  0.14767E-01  0.91817E-02  0.55012E-02  0.31198E-02
 0.12000E+01 -0.32405E-01 -0.40135E-02  0.46258E-01  0.10046E+00  0.13884E+00  0.15144E+00  0.14082E+00  0.11662E+00  0.88741E-01  0.63544E-01  0.43601E-01  0.29011E-01  0.18809E-01  0.11845E-01  0.71644E-02  0.40913E-02
 0.14000E+01 -0.17435E-01 -0.13446E-01  0.21083E-01  0.72332E-01  0.11747E+00  0.14028E+00  0.13829E+00  0.11925E+00  0.93396E-01  0.68303E-01  0.47604E-01  0.32047E-01  0.20961E-01  0.13287E-01  0.80761E-02  0.46286E-02
 0.16000E+01 -0.66900E-02 -0.18607E-01  0.46944E-02  0.52518E-01  0.10073E+00  0.12950E+00  0.13318E+00  0.11800E+00  0.94161E-01  0.69786E-01  0.49115E-01  0.33306E-01  0.21905E-01  0.13943E-01  0.85005E-02  0.48828E-02
 0.18000E+01  0.76370E-03 -0.21357E-01 -0.59962E-02  0.38478E-01  0.87638E-01  0.11971E+00  0.12706E+00  0.11478E+00  0.92787E-01  0.69399E-01  0.49171E-01  0.33512E-01  0.22123E-01  0.14122E-01  0.86282E-02  0.49639E-02
 0.20000E+01  0.58708E-02 -0.22738E-01 -0.13031E-01  0.28368E-01  0.77285E-01  0.11103E+00  0.12076E+00  0.11067E+00  0.90313E-01  0.68000E-01  0.48415E-01  0.33117E-01  0.21924E-01  0.14024E-01  0.85818E-02  0.49430E-02
 0.22000E+01  0.93505E-02 -0.23333E-01 -0.17700E-01  0.20945E-01  0.68974E-01  0.10340E+00  0.11464E+00  0.10624E+00  0.87326E-01  0.66085E-01  0.47227E-01  0.32395E-01  0.21491E-01  0.13770E-01  0.84364E-02  0.48635E-02
 0.24000E+01  0.11719E-01 -0.23473E-01 -0.20829E-01  0.15365E-01  0.62170E-01  0.96667E-01  0.10888E+00  0.10179E+00  0.84150E-01  0.63937E-01  0.45825E-01  0.31503E-01  0.20935E-01  0.13431E-01  0.82367E-02  0.47519E-02
 0.26000E+01  0.13322E-01 -0.23344E-01 -0.22932E-01  0.11071E-01  0.56482E-01  0.90677E-01  0.10348E+00  0.97453E-01  0.80938E-01  0.61696E-01  0.44326E-01  0.30528E-01  0.20315E-01  0.13046E-01  0.80075E-02  0.46223E-02
 0.28000E+01  0.14375E-01 -0.23043E-01 -0.24317E-01  0.77070E-02  0.51632E-01  0.85276E-01  0.98411E-01  0.93245E-01  0.77745E-01  0.59423E-01  0.42777E-01  0.29506E-01  0.19658E-01  0.12636E-01  0.77605E-02  0.44820E-02
 0.30000E+01  0.15172E-01 -0.22480E-01 -0.25308E-01  0.44753E-02  0.46475E-01  0.79196E-01  0.92485E-01  0.88192E-01  0.73831E-01  0.56591E-01  0.40824E-01  0.28203E-01  0.18813E-01  0.12104E-01  0.74393E-02  0.42987E-02
