 0.00000E+00  0.67229E+00  0.34710E+00 -0.17667E-01 -0.13427E+00 -0.96101E-01 -0.39541E-01 -0.54652E-02  0.93155E-02  0.13443E-01  0.12754E-01  0.10379E-01  0.77875E-02  0.55510E-02  0.37973E-02  0.24251E-02  0.13011E-02
 0.20000E+00  0.41929E+00  0.44018E+00  0.29832E+00  0.13300E+00  0.30678E-01 -0.13359E-01 -0.26230E-01 -0.25916E-01 -0.21170E-01 -0.15769E-01 -0.11114E-01 -0.75459E-02 -0.49845E-02 -0.32080E-02 -0.19550E-02 -0.10170E-02
 0.40000E+00 -0.33114E-01  0.23030E+00  0.36591E+00  0.29643E+00  0.16539E+00  0.69670E-01  0.18701E-01 -0.37901E-02 -0.11513E-01 -0.12464E-01 -0.10778E-01 -0.84120E-02 -0.61870E-02 -0.43504E-02 -0.28444E-02 -0.15521E-02
 0.60000E+00 -0.10772E+00  0.11989E+00  0.28700E+00  0.28229E+00  0.19603E+00  0.11538E+00  0.62258E-01  0.31316E-01  0.14359E-01  0.55424E-02  0.12528E-02 -0.62422E-03 -0.12775E-02 -0.13381E-02 -0.10913E-02 -0.67280E-03
 0.80000E+00 -0.10478E+00  0.49401E-01  0.19837E+00  0.23619E+00  0.19600E+00  0.13895E+00  0.91598E-01  0.57870E-01  0.35355E-01  0.20925E-01  0.11976E-01  0.65910E-02  0.34465E-02  0.16738E-02  0.72637E-03  0.26503E-03
 0.10000E+01 -0.79873E-01  0.40213E-03  0.11887E+00  0.18623E+00  0.18605E+00  0.15228E+00  0.11275E+00  0.78654E-01  0.52601E-01  0.34025E-01  0.21400E-01  0.13124E-01  0.78557E-02  0.45735E-02  0.25276E-02  0.12145E-02
 0.12000E+01 -0.48939E-01 -0.34561E-01  0.50847E-01  0.13813E+00  0.17077E+00  0.15794E+00  0.12678E+00  0.93863E-01  0.65877E-01  0.44472E-01  0.29135E-01  0.18630E-01  0.11667E-01  0.71426E-02  0.41586E-02  0.20879E-02
 0.14000E+01 -0.18835E-01 -0.59543E-01 -0.57344E-02  0.93786E-01  0.15201E+00  0.15708E+00  0.13420E+00  0.10360E+00  0.75070E-01  0.52061E-01  0.34959E-01  0.22903E-01  0.14707E-01  0.92448E-02  0.55221E-02  0.28289E-02
 0.16000E+01  0.75875E-02 -0.77151E-01 -0.51769E-01  0.53942E-01  0.13120E+00  0.15109E+00  0.13608E+00  0.10860E+00  0.80635E-01  0.57056E-01  0.39015E-01  0.26012E-01  0.17002E-01  0.10883E-01  0.66124E-02  0.34317E-02
 0.18000E+01  0.29312E-01 -0.89240E-01 -0.88491E-01  0.18771E-01  0.10945E+00  0.14129E+00  0.13359E+00  0.10974E+00  0.83191E-01  0.59868E-01  0.41561E-01  0.28113E-01  0.18644E-01  0.12109E-01  0.74565E-02  0.39084E-02
 0.20000E+01  0.46257E-01 -0.97154E-01 -0.11721E+00 -0.11906E-01  0.87508E-01  0.12878E+00  0.12774E+00  0.10784E+00  0.83338E-01  0.60911E-01  0.42872E-01  0.29381E-01  0.19740E-01  0.12987E-01  0.80907E-02  0.42771E-02
 0.22000E+01  0.58788E-01 -0.10188E+00 -0.13911E+00 -0.38315E-01  0.66043E-01  0.11456E+00  0.11954E+00  0.10372E+00  0.81676E-01  0.60605E-01  0.43228E-01  0.30000E-01  0.20406E-01  0.13589E-01  0.85572E-02  0.45588E-02
 0.24000E+01  0.67551E-01 -0.10415E+00 -0.15533E+00 -0.60843E-01  0.45480E-01  0.99415E-01  0.10977E+00  0.98033E-01  0.78720E-01  0.59316E-01  0.42880E-01  0.30135E-01  0.20749E-01  0.13981E-01  0.88950E-02  0.47734E-02
 0.26000E+01  0.73144E-01 -0.10457E+00 -0.16692E+00 -0.79996E-01  0.25951E-01  0.83812E-01  0.98958E-01  0.91249E-01  0.74820E-01  0.57297E-01  0.42004E-01  0.29901E-01  0.20843E-01  0.14211E-01  0.91324E-02  0.49354E-02
 0.28000E+01  0.75767E-01 -0.10356E+00 -0.17457E+00 -0.96231E-01  0.73235E-02  0.67776E-01  0.87178E-01  0.83422E-01  0.70012E-01  0.54566E-01  0.40599E-01  0.29293E-01  0.20680E-01  0.14267E-01  0.92606E-02  0.50392E-02
 0.30000E+01  0.77380E-01 -0.10452E+00 -0.18233E+00 -0.10965E+00 -0.70521E-02  0.55792E-01  0.78529E-01  0.77741E-01  0.66554E-01  0.52618E-01  0.39609E-01  0.28873E-01  0.20576E-01  0.14318E-01  0.93596E-02  0.51176E-02
