 0.00000E+00  0.71356E+00  0.35894E+00  0.52703E-01 -0.11687E+00 -0.15230E+00 -0.11139E+00 -0.53215E-01 -0.98142E-02  0.12368E-01  0.19142E-01  0.18063E-01  0.14258E-01  0.10231E-01  0.68693E-02  0.43352E-02  0.25488E-02
 0.20000E+00  0.34903E+00  0.36146E+00  0.30729E+00  0.21012E+00  0.10743E+00  0.28191E-01 -0.17677E-01 -0.35536E-01 -0.36458E-01 -0.30093E-01 -0.22235E-01 -0.15398E-01 -0.10209E-01 -0.65159E-02 -0.39759E-02 -0.22847E-02
 0.40000E+00  0.45013E-01  0.20222E+00  0.28516E+00  0.27603E+00  0.20455E+00  0.11717E+00  0.47104E-01  0.50673E-02 -0.13563E-01 -0.18111E-01 -0.16279E-01 -0.12540E-01 -0.88759E-02 -0.59121E-02 -0.37133E-02 -0.21768E-02
 0.60000E+00 -0.48203E-01  0.11208E+00  0.22151E+00  0.25151E+00  0.21655E+00  0.15258E+00  0.90871E-01  0.46240E-01  0.19772E-01  0.64478E-02  0.74579E-03 -0.12007E-02 -0.15440E-02 -0.13106E-02 -0.93767E-03 -0.59454E-03
 0.80000E+00 -0.67040E-01  0.49993E-01  0.14707E+00  0.19613E+00  0.19585E+00  0.16379E+00  0.12107E+00  0.82044E-01  0.52470E-01  0.32423E-01  0.19703E-01  0.11899E-01  0.71582E-02  0.42612E-02  0.24732E-02  0.13710E-02
 0.10000E+01 -0.53726E-01  0.13337E-01  0.85468E-01  0.13982E+00  0.16377E+00  0.15862E+00  0.13471E+00  0.10393E+00  0.74781E-01  0.51235E-01  0.33971E-01  0.22029E-01  0.14023E-01  0.87222E-02  0.52345E-02  0.29753E-02
 0.12000E+01 -0.36156E-01 -0.53354E-02  0.45355E-01  0.98340E-01  0.13515E+00  0.14684E+00  0.13617E+00  0.11251E+00  0.85401E-01  0.60989E-01  0.41750E-01  0.27742E-01  0.17989E-01  0.11346E-01  0.68802E-02  0.39407E-02
 0.14000E+01 -0.23036E-01 -0.14355E-01  0.21621E-01  0.71278E-01  0.11373E+00  0.13458E+00  0.13205E+00  0.11353E+00  0.88726E-01  0.64763E-01  0.45073E-01  0.30332E-01  0.19859E-01  0.12618E-01  0.76935E-02  0.44245E-02
 0.16000E+01 -0.14378E-01 -0.18755E-01  0.75809E-02  0.53790E-01  0.98268E-01  0.12389E+00  0.12622E+00  0.11129E+00  0.88552E-01  0.65505E-01  0.46056E-01  0.31238E-01  0.20577E-01  0.13135E-01  0.80372E-02  0.46344E-02
 0.18000E+01 -0.86898E-02 -0.20941E-01 -0.10594E-02  0.42071E-01  0.86889E-01  0.11495E+00  0.12028E+00  0.10790E+00  0.86900E-01  0.64867E-01  0.45926E-01  0.31319E-01  0.20718E-01  0.13269E-01  0.81394E-02  0.47022E-02
 0.20000E+01 -0.48420E-02 -0.22018E-01 -0.66471E-02  0.33818E-01  0.78192E-01  0.10745E+00  0.11470E+00  0.10420E+00  0.84663E-01  0.63615E-01  0.45270E-01  0.30996E-01  0.20570E-01  0.13206E-01  0.81168E-02  0.46958E-02
 0.22000E+01 -0.21500E-02 -0.22504E-01 -0.10420E-01  0.27736E-01  0.71296E-01  0.10107E+00  0.10958E+00  0.10052E+00  0.82226E-01  0.62098E-01  0.44366E-01  0.30473E-01  0.20274E-01  0.13042E-01  0.80278E-02  0.46496E-02
 0.24000E+01 -0.19982E-03 -0.22657E-01 -0.13063E-01  0.23069E-01  0.65646E-01  0.95528E-01  0.10490E+00  0.96974E-01  0.79761E-01  0.60484E-01  0.43352E-01  0.29853E-01  0.19902E-01  0.12824E-01  0.79033E-02  0.45819E-02
 0.26000E+01  0.12568E-02 -0.22613E-01 -0.14971E-01  0.19358E-01  0.60875E-01  0.90628E-01  0.10059E+00  0.93598E-01  0.77335E-01  0.58846E-01  0.42292E-01  0.29187E-01  0.19492E-01  0.12577E-01  0.77593E-02  0.45020E-02
 0.28000E+01  0.23648E-02 -0.22448E-01 -0.16379E-01  0.16321E-01  0.56747E-01  0.86215E-01  0.96585E-01  0.90377E-01  0.74966E-01  0.57212E-01  0.41215E-01  0.28497E-01  0.19060E-01  0.12313E-01  0.76037E-02  0.44149E-02
 0.30000E+01  0.34081E-02 -0.22081E-01 -0.17589E-01  0.13232E-01  0.52232E-01  0.81161E-01  0.91843E-01  0.86459E-01  0.72018E-01  0.55138E-01  0.39822E-01  0.27591E-01  0.18485E-01  0.11957E-01  0.73917E-02  0.42952E-02
 0.00000E+00  0.71356E+00  0.35894E+00  0.52703E-01 -0.11687E+00 -0.15230E+00 -0.11139E+00 -0.53215E-01 -0.98142E-02  0.12368E-01  0.19142E-01  0.18063E-01  0.14258E-01  0.10231E-01  0.68693E-02  0.43352E-02  0.25488E-02
 0.20000E+00  0.34903E+00  0.36146E+00  0.30729E+00  0.21012E+00  0.10743E+00  0.28191E-01 -0.17677E-01 -0.35536E-01 -0.36458E-01 -0.30093E-01 -0.22235E-01 -0.15398E-01 -0.10209E-01 -0.65159E-02 -0.39759E-02 -0.22847E-02
 0.40000E+00  0.45013E-01  0.20222E+00  0.28516E+00  0.27603E+00  0.20455E+00  0.11717E+00  0.47104E-01  0.50673E-02 -0.13563E-01 -0.18111E-01 -0.16279E-01 -0.12540E-01 -0.88759E-02 -0.59121E-02 -0.37133E-02 -0.21768E-02
 0.60000E+00 -0.48203E-01  0.11208E+00  0.22151E+00  0.25151E+00  0.21655E+00  0.15258E+00  0.90871E-01  0.46240E-01  0.19772E-01  0.64478E-02  0.74579E-03 -0.12007E-02 -0.15440E-02 -0.13106E-02 -0.93767E-03 -0.59454E-03
 0.80000E+00 -0.67040E-01  0.49993E-01  0.14707E+00  0.19613E+00  0.19585E+00  0.16379E+00  0.12107E+00  0.82044E-01  0.52470E-01  0.32423E-01  0.19703E-01  0.11899E-01  0.71582E-02  0.42612E-02  0.24732E-02  0.13710E-02
 0.10000E+01 -0.53726E-01  0.13337E-01  0.85468E-01  0.13982E+00  0.16377E+00  0.15862E+00  0.13471E+00  0.10393E+00  0.74781E-01  0.51235E-01  0.33971E-01  0.22029E-01  0.14023E-01  0.87222E-02  0.52345E-02  0.29753E-02
 0.12000E+01 -0.36156E-01 -0.53354E-02  0.45355E-01  0.98340E-01  0.13515E+00  0.14684E+00  0.13617E+00  0.11251E+00  0.85401E-01  0.60989E-01  0.41750E-01  0.27742E-01  0.17989E-01  0.11346E-01  0.68802E-02  0.39407E-02
 0.14000E+01 -0.23036E-01 -0.14355E-01  0.21621E-01  0.71278E-01  0.11373E+00  0.13458E+00  0.13205E+00  0.11353E+00  0.88726E-01  0.64763E-01  0.45073E-01  0.30332E-01  0.19859E-01  0.12618E-01  0.76935E-02  0.44245E-02
 0.16000E+01 -0.14378E-01 -0.18755E-01  0.75809E-02  0.53790E-01  0.98268E-01  0.12389E+00  0.12622E+00  0.11129E+00  0.88552E-01  0.65505E-01  0.46056E-01  0.31238E-01  0.20577E-01  0.13135E-01  0.80372E-02  0.46344E-02
 0.18000E+01 -0.86898E-02 -0.20941E-01 -0.10594E-02  0.42071E-01  0.86889E-01  0.11495E+00  0.12028E+00  0.10790E+00  0.86900E-01  0.64867E-01  0.45926E-01  0.31319E-01  0.20718E-01  0.13269E-01  0.81394E-02  0.47022E-02
 0.20000E+01 -0.48420E-02 -0.22018E-01 -0.66471E-02  0.33818E-01  0.78192E-01  0.10745E+00  0.11470E+00  0.10420E+00  0.84663E-01  0.63615E-01  0.45270E-01  0.30996E-01  0.20570E-01  0.13206E-01  0.81168E-02  0.46958E-02
 0.22000E+01 -0.21500E-02 -0.22504E-01 -0.10420E-01  0.27736E-01  0.71296E-01  0.10107E+00  0.10958E+00  0.10052E+00  0.82226E-01  0.62098E-01  0.44366E-01  0.30473E-01  0.20274E-01  0.13042E-01  0.80278E-02  0.46496E-02
 0.24000E+01 -0.19982E-03 -0.22657E-01 -0.13063E-01  0.23069E-01  0.65646E-01  0.95528E-01  0.10490E+00  0.96974E-01  0.79761E-01  0.60484E-01  0.43352E-01  0.29853E-01  0.19902E-01  0.12824E-01  0.79033E-02  0.45819E-02
 0.26000E+01  0.12568E-02 -0.22613E-01 -0.14971E-01  0.19358E-01  0.60875E-01  0.90628E-01  0.10059E+00  0.93598E-01  0.77335E-01  0.58846E-01  0.42292E-01  0.29187E-01  0.19492E-01  0.12577E-01  0.77593E-02  0.45020E-02
 0.28000E+01  0.23648E-02 -0.22448E-01 -0.16379E-01  0.16321E-01  0.56747E-01  0.86215E-01  0.96585E-01  0.90377E-01  0.74966E-01  0.57212E-01  0.41215E-01  0.28497E-01  0.19060E-01  0.12313E-01  0.76037E-02  0.44149E-02
 0.30000E+01  0.34081E-02 -0.22081E-01 -0.17589E-01  0.13232E-01  0.52232E-01  0.81161E-01  0.91843E-01  0.86459E-01  0.72018E-01  0.55138E-01  0.39822E-01  0.27591E-01  0.18485E-01  0.11957E-01  0.73917E-02  0.42952E-02
