 0.00000E+00  0.70245E+00  0.31773E+00 -0.67032E-01 -0.14387E+00 -0.63918E-01  0.30639E-02  0.26495E-01  0.26795E-01  0.20269E-01  0.13566E-01  0.84670E-02  0.50212E-02  0.28384E-02  0.15180E-02  0.75006E-03  0.32059E-03
 0.20000E+00  0.42494E+00  0.47465E+00  0.32416E+00  0.12432E+00  0.15860E-02 -0.40630E-01 -0.42761E-01 -0.32901E-01 -0.22436E-01 -0.14397E-01 -0.89046E-02 -0.53636E-02 -0.31560E-02 -0.18081E-02 -0.98353E-03 -0.46549E-03
 0.40000E+00 -0.98336E-01  0.25415E+00  0.42737E+00  0.31420E+00  0.13401E+00  0.25303E-01 -0.14645E-01 -0.21659E-01 -0.17960E-01 -0.12482E-01 -0.79270E-02 -0.47303E-02 -0.26666E-02 -0.14085E-02 -0.68067E-03 -0.28322E-03
 0.60000E+00 -0.13096E+00  0.10076E+00  0.28374E+00  0.28833E+00  0.20157E+00  0.11920E+00  0.66565E-01  0.36912E-01  0.20657E-01  0.11691E-01  0.66794E-02  0.38429E-02  0.22206E-02  0.12796E-02  0.71076E-03  0.34375E-03
 0.80000E+00 -0.65139E-01  0.14710E-01  0.14330E+00  0.22275E+00  0.22085E+00  0.17387E+00  0.12069E+00  0.78160E-01  0.48634E-01  0.29488E-01  0.17535E-01  0.10247E-01  0.58776E-02  0.32881E-02  0.17465E-02  0.80848E-03
 0.10000E+01 -0.86702E-02 -0.29185E-01  0.52082E-01  0.16839E+00  0.21762E+00  0.19561E+00  0.14583E+00  0.98261E-01  0.62488E-01  0.38294E-01  0.22832E-01  0.13286E-01  0.75329E-02  0.41307E-02  0.21348E-02  0.96084E-03
 0.12000E+01  0.23708E-01 -0.49393E-01  0.10782E-02  0.12967E+00  0.20317E+00  0.19582E+00  0.15085E+00  0.10342E+00  0.66424E-01  0.40947E-01  0.24498E-01  0.14280E-01  0.80981E-02  0.44352E-02  0.22867E-02  0.10265E-02
 0.14000E+01  0.39688E-01 -0.57803E-01 -0.26202E-01  0.10258E+00  0.18536E+00  0.18620E+00  0.14604E+00  0.10108E+00  0.65289E-01  0.40406E-01  0.24249E-01  0.14174E-01  0.80611E-02  0.44295E-02  0.22927E-02  0.10334E-02
 0.16000E+01  0.44889E-01 -0.59586E-01 -0.38922E-01  0.83128E-01  0.16607E+00  0.17098E+00  0.13549E+00  0.94321E-01  0.61199E-01  0.38043E-01  0.22948E-01  0.13501E-01  0.77448E-02  0.43060E-02  0.22625E-02  0.10356E-02
 0.18000E+01  0.43643E-01 -0.57746E-01 -0.43033E-01  0.68719E-01  0.14669E+00  0.15314E+00  0.12205E+00  0.85308E-01  0.55591E-01  0.34750E-01  0.21122E-01  0.12554E-01  0.73042E-02  0.41399E-02  0.22276E-02  0.10439E-02
 0.20000E+01  0.38722E-01 -0.54080E-01 -0.42204E-01  0.57758E-01  0.12810E+00  0.13462E+00  0.10759E+00  0.75424E-01  0.49379E-01  0.31087E-01  0.19087E-01  0.11504E-01  0.68208E-02  0.39635E-02  0.21968E-02  0.10584E-02
 0.22000E+01  0.31431E-01 -0.49307E-01 -0.38133E-01  0.49275E-01  0.11036E+00  0.11596E+00  0.92680E-01  0.65128E-01  0.42879E-01  0.27252E-01  0.16965E-01  0.10419E-01  0.63317E-02  0.37959E-02  0.21786E-02  0.10824E-02
 0.24000E+01  0.22806E-01 -0.43915E-01 -0.32056E-01  0.42594E-01  0.93586E-01  0.97628E-01  0.77821E-01  0.54798E-01  0.36342E-01  0.23398E-01  0.14841E-01  0.93424E-02  0.58564E-02  0.36432E-02  0.21730E-02  0.11145E-02
 0.26000E+01  0.13287E-01 -0.38209E-01 -0.24678E-01  0.37231E-01  0.77650E-01  0.79718E-01  0.63147E-01  0.44552E-01  0.29852E-01  0.19577E-01  0.12745E-01  0.82905E-02  0.54027E-02  0.35083E-02  0.21809E-02  0.11546E-02
 0.28000E+01  0.32527E-02 -0.32388E-01 -0.16506E-01  0.32864E-01  0.62529E-01  0.62353E-01  0.48806E-01  0.34505E-01  0.23482E-01  0.15831E-01  0.10696E-01  0.72697E-02  0.49697E-02  0.33873E-02  0.21977E-02  0.11995E-02
 0.30000E+01 -0.44650E-02 -0.27778E-01 -0.10952E-01  0.27626E-01  0.48596E-01  0.46985E-01  0.36308E-01  0.25807E-01  0.17977E-01  0.12588E-01  0.89113E-02  0.63675E-02  0.45739E-02  0.32626E-02  0.21961E-02  0.12284E-02
