   1.00000000000000       5.720652643747254E+016  6.947000000000000E+016
   2.00000000000000       5.499867983643355E+016  5.698000000000000E+016
   3.00000000000000       5.277283963088779E+016  4.478000000000000E+016
   5.00000000000000       4.491134794736202E+016  3.368000000000000E+016
   10.0000000000000       2.710006757392598E+016  1.963000000000000E+016
   30.0000000000000       6.452547878201382E+015  6.357000000000000E+015
   1.00000000000000       5.720652643747254E+016  6.947000000000000E+016
   2.00000000000000       5.499867983643355E+016  5.698000000000000E+016
   3.00000000000000       5.277283963088779E+016  4.478000000000000E+016
   5.00000000000000       4.491134794736202E+016  3.368000000000000E+016
   10.0000000000000       2.710006757392598E+016  1.963000000000000E+016
   30.0000000000000       6.452547878201382E+015  6.357000000000000E+015
   1.00000000000000       6.986660697019517E+016  6.947000000000000E+016
   2.00000000000000       5.538954156823072E+016  5.698000000000000E+016
   3.00000000000000       4.612857846226018E+016  4.478000000000000E+016
   5.00000000000000       3.428835269386178E+016  3.368000000000000E+016
   10.0000000000000       1.919614392487557E+016  1.963000000000000E+016
   30.0000000000000       4.461788230859714E+015  6.357000000000000E+015
