   1.00000000000000       1.578674448040378E+016  1.318000000000000E+016
   2.00000000000000       1.431220829211777E+016  1.315000000000000E+016
   3.00000000000000       1.286146395649923E+016  1.156000000000000E+016
   5.00000000000000       1.030059575038722E+016  9.762000000000000E+015
   10.0000000000000       6.228986165591551E+015  6.380000000000000E+015
   30.0000000000000       1.897308997598354E+015  1.467000000000000E+015
   1.00000000000000       1.578674448040378E+016  1.318000000000000E+016
   2.00000000000000       1.431220829211777E+016  1.315000000000000E+016
   3.00000000000000       1.286146395649923E+016  1.156000000000000E+016
   5.00000000000000       1.030059575038722E+016  9.762000000000000E+015
   10.0000000000000       6.228986165591551E+015  6.380000000000000E+015
   30.0000000000000       1.897308997598354E+015  1.467000000000000E+015
   1.00000000000000       1.329391889068055E+016  1.318000000000000E+016
   2.00000000000000       1.279215318302909E+016  1.315000000000000E+016
   3.00000000000000       1.187881294332812E+016  1.156000000000000E+016
   5.00000000000000       9.813662953707576E+015  9.762000000000000E+015
   10.0000000000000       6.070723631417189E+015  6.380000000000000E+015
   30.0000000000000       1.883807088738498E+015  1.467000000000000E+015
