   1.00000000000000       1.021902550968817E+016  1.688000000000000E+016
   2.00000000000000       9.639664703337838E+015  1.547000000000000E+016
   3.00000000000000       8.669194198100414E+015  1.300000000000000E+016
   5.00000000000000       6.884571854131668E+015  1.093000000000000E+016
   10.0000000000000       4.080336734220376E+015  5.807000000000000E+015
   30.0000000000000       1.159619629851854E+015   962700000000000.     
   1.00000000000000       1.021902550968817E+016  1.688000000000000E+016
   2.00000000000000       9.639664703337838E+015  1.547000000000000E+016
   3.00000000000000       8.669194198100414E+015  1.300000000000000E+016
   5.00000000000000       6.884571854131668E+015  1.093000000000000E+016
   10.0000000000000       4.080336734220376E+015  5.807000000000000E+015
   30.0000000000000       1.159619629851854E+015   962700000000000.     
   1.00000000000000       1.680440211229795E+016  1.688000000000000E+016
   2.00000000000000       1.537972723658182E+016  1.547000000000000E+016
   3.00000000000000       1.347050165524412E+016  1.300000000000000E+016
   5.00000000000000       1.033568553082645E+016  1.093000000000000E+016
   10.0000000000000       5.927701291717022E+015  5.807000000000000E+015
   30.0000000000000       1.630822804986077E+015   962700000000000.     
