   1.00000000000000       3.916303023578265E+016  2.462000000000000E+016
   2.00000000000000       3.211431292429002E+016  2.306000000000000E+016
   3.00000000000000       2.720406843073502E+016  2.152000000000000E+016
   5.00000000000000       2.018228861630739E+016  1.708000000000000E+016
   10.0000000000000       1.120386560210331E+016  9.449000000000000E+015
   30.0000000000000       2.633427381322375E+015  3.305000000000000E+015
   1.00000000000000       3.916303023578265E+016  2.462000000000000E+016
   2.00000000000000       3.211431292429002E+016  2.306000000000000E+016
   3.00000000000000       2.720406843073502E+016  2.152000000000000E+016
   5.00000000000000       2.018228861630739E+016  1.708000000000000E+016
   10.0000000000000       1.120386560210331E+016  9.449000000000000E+015
   30.0000000000000       2.633427381322375E+015  3.305000000000000E+015
   1.00000000000000       2.460324479581532E+016  2.462000000000000E+016
   2.00000000000000       2.326681387464142E+016  2.306000000000000E+016
   3.00000000000000       2.129699847656758E+016  2.152000000000000E+016
   5.00000000000000       1.694373052352132E+016  1.708000000000000E+016
   10.0000000000000       9.898331716423076E+015  9.449000000000000E+015
   30.0000000000000       2.423148900747785E+015  3.305000000000000E+015
