   1.00000000000000       3.161563902172457E+016  2.064000000000000E+016
   2.00000000000000       2.643557459070291E+016  1.853000000000000E+016
   3.00000000000000       2.272118144959951E+016  1.689000000000000E+016
   5.00000000000000       1.723738809877170E+016  1.249000000000000E+016
   10.0000000000000       9.844371909288156E+015  7.036000000000000E+015
   30.0000000000000       2.325001539972136E+015  2.595000000000000E+015
   1.00000000000000       3.161563902172457E+016  2.064000000000000E+016
   2.00000000000000       2.643557459070291E+016  1.853000000000000E+016
   3.00000000000000       2.272118144959951E+016  1.689000000000000E+016
   5.00000000000000       1.723738809877170E+016  1.249000000000000E+016
   10.0000000000000       9.844371909288156E+015  7.036000000000000E+015
   30.0000000000000       2.325001539972136E+015  2.595000000000000E+015
   1.00000000000000       2.072545917884359E+016  2.064000000000000E+016
   2.00000000000000       1.857906097122396E+016  1.853000000000000E+016
   3.00000000000000       1.645565126010817E+016  1.689000000000000E+016
   5.00000000000000       1.277837957759015E+016  1.249000000000000E+016
   10.0000000000000       7.405171951412106E+015  7.036000000000000E+015
   30.0000000000000       1.761638589691237E+015  2.595000000000000E+015
