   1.00000000000000       3.499419831724606E+016  2.302000000000000E+016
   2.00000000000000       2.896929227390510E+016  2.063000000000000E+016
   3.00000000000000       2.490353434956129E+016  1.930000000000000E+016
   5.00000000000000       1.887813052771630E+016  1.324000000000000E+016
   10.0000000000000       1.073975604476862E+016  7.590000000000000E+015
   30.0000000000000       2.531504017753575E+015  2.863000000000000E+015
   1.00000000000000       3.499419831724606E+016  2.302000000000000E+016
   2.00000000000000       2.896929227390510E+016  2.063000000000000E+016
   3.00000000000000       2.490353434956129E+016  1.930000000000000E+016
   5.00000000000000       1.887813052771630E+016  1.324000000000000E+016
   10.0000000000000       1.073975604476862E+016  7.590000000000000E+015
   30.0000000000000       2.531504017753575E+015  2.863000000000000E+015
   1.00000000000000       2.314619147346515E+016  2.302000000000000E+016
   2.00000000000000       2.079629092989639E+016  2.063000000000000E+016
   3.00000000000000       1.829755902403264E+016  1.930000000000000E+016
   5.00000000000000       1.398648645452607E+016  1.324000000000000E+016
   10.0000000000000       7.940867513398445E+015  7.590000000000000E+015
   30.0000000000000       1.863002493748272E+015  2.863000000000000E+015
