   1.00000000000000       8.991640579482334E+016  1.860000000000000E+016
   2.00000000000000       7.133480746815894E+016  1.661000000000000E+016
   3.00000000000000       6.009458381767054E+016  1.520000000000000E+016
   5.00000000000000       4.442607659505445E+016  1.033000000000000E+016
   10.0000000000000       2.404461831279552E+016  5.994000000000000E+015
   30.0000000000000       4.279722956685847E+015 -1.297000000000000E+015
   1.00000000000000       8.991640579482334E+016  1.860000000000000E+016
   2.00000000000000       7.133480746815894E+016  1.661000000000000E+016
   3.00000000000000       6.009458381767054E+016  1.520000000000000E+016
   5.00000000000000       4.442607659505445E+016  1.033000000000000E+016
   10.0000000000000       2.404461831279552E+016  5.994000000000000E+015
   30.0000000000000       4.279722956685847E+015 -1.297000000000000E+015
   1.00000000000000       1.867299122080837E+016  1.860000000000000E+016
   2.00000000000000       1.675432719719537E+016  1.661000000000000E+016
   3.00000000000000       1.447251110602981E+016  1.520000000000000E+016
   5.00000000000000       1.080508952150590E+016  1.033000000000000E+016
   10.0000000000000       5.867821561074500E+015  5.994000000000000E+015
   30.0000000000000       1.041053388049742E+015 -1.297000000000000E+015
