   1.00000000000000       1.988102304485352E+016  1.981000000000000E+016
   2.00000000000000       1.778375334937234E+016  1.756000000000000E+016
   3.00000000000000       1.583996564915667E+016  1.574000000000000E+016
   5.00000000000000       1.284176221498554E+016  1.288000000000000E+016
   10.0000000000000       8.207805235911408E+015  7.438000000000000E+015
   30.0000000000000       2.400858352285393E+015  2.160000000000000E+015
   1.00000000000000       1.988102304485352E+016  1.981000000000000E+016
   2.00000000000000       1.778375334937234E+016  1.756000000000000E+016
   3.00000000000000       1.583996564915667E+016  1.574000000000000E+016
   5.00000000000000       1.284176221498554E+016  1.288000000000000E+016
   10.0000000000000       8.207805235911408E+015  7.438000000000000E+015
   30.0000000000000       2.400858352285393E+015  2.160000000000000E+015
   1.00000000000000       1.977018002387430E+016  1.981000000000000E+016
   2.00000000000000       1.774294550557916E+016  1.756000000000000E+016
   3.00000000000000       1.570807486266782E+016  1.574000000000000E+016
   5.00000000000000       1.251586508566674E+016  1.288000000000000E+016
   10.0000000000000       7.784010592742054E+015  7.438000000000000E+015
   30.0000000000000       2.211823220516878E+015  2.160000000000000E+015
