   1.00000000000000       5.657761925185825E+016  6.978000000000000E+016
   2.00000000000000       5.434566842175574E+016  6.045000000000000E+016
   3.00000000000000       5.315672156489785E+016  4.812000000000000E+016
   5.00000000000000       4.615911225701381E+016  3.520000000000000E+016
   10.0000000000000       2.766699854490050E+016  2.018000000000000E+016
   30.0000000000000       6.251331681367156E+015  6.309000000000000E+015
   1.00000000000000       5.657761925185825E+016  6.978000000000000E+016
   2.00000000000000       5.434566842175574E+016  6.045000000000000E+016
   3.00000000000000       5.315672156489785E+016  4.812000000000000E+016
   5.00000000000000       4.615911225701381E+016  3.520000000000000E+016
   10.0000000000000       2.766699854490050E+016  2.018000000000000E+016
   30.0000000000000       6.251331681367156E+015  6.309000000000000E+015
   1.00000000000000       7.051818308425066E+016  6.978000000000000E+016
   2.00000000000000       5.806038258093786E+016  6.045000000000000E+016
   3.00000000000000       4.924009364996676E+016  4.812000000000000E+016
   5.00000000000000       3.635068899533470E+016  3.520000000000000E+016
   10.0000000000000       1.952972513629044E+016  2.018000000000000E+016
   30.0000000000000       4.239960850488613E+015  6.309000000000000E+015
