   1.00000000000000       1.969324717167083E+016  1.504000000000000E+016
   2.00000000000000       1.926020069206192E+016  1.440000000000000E+016
   3.00000000000000       1.769672866865632E+016  1.174000000000000E+016
   5.00000000000000       1.404700346027728E+016  8.892000000000000E+015
   10.0000000000000       8.141263957438434E+015  5.731000000000000E+015
   30.0000000000000       2.196659771228607E+015  1.934000000000000E+015
   1.00000000000000       1.969324717167083E+016  1.504000000000000E+016
   2.00000000000000       1.926020069206192E+016  1.440000000000000E+016
   3.00000000000000       1.769672866865632E+016  1.174000000000000E+016
   5.00000000000000       1.404700346027728E+016  8.892000000000000E+015
   10.0000000000000       8.141263957438434E+015  5.731000000000000E+015
   30.0000000000000       2.196659771228607E+015  1.934000000000000E+015
   1.00000000000000       1.520492682549910E+016  1.504000000000000E+016
   2.00000000000000       1.376740456088277E+016  1.440000000000000E+016
   3.00000000000000       1.216663664355878E+016  1.174000000000000E+016
   5.00000000000000       9.376578188851994E+015  8.892000000000000E+015
   10.0000000000000       5.353335224335310E+015  5.731000000000000E+015
   30.0000000000000       1.435390500609660E+015  1.934000000000000E+015
