   1.00000000000000       9.440389120259060E+015  1.123000000000000E+016
   2.00000000000000       1.017068144843846E+016  1.307000000000000E+016
   3.00000000000000       9.569616908851794E+015  9.850000000000000E+015
   5.00000000000000       7.955066416206619E+015  9.116000000000000E+015
   10.0000000000000       5.075042921905462E+015  6.126000000000000E+015
   30.0000000000000       1.610556196621577E+015  1.201000000000000E+015
   1.00000000000000       9.440389120259060E+015  1.123000000000000E+016
   2.00000000000000       1.017068144843846E+016  1.307000000000000E+016
   3.00000000000000       9.569616908851794E+015  9.850000000000000E+015
   5.00000000000000       7.955066416206619E+015  9.116000000000000E+015
   10.0000000000000       5.075042921905462E+015  6.126000000000000E+015
   30.0000000000000       1.610556196621577E+015  1.201000000000000E+015
   1.00000000000000       1.147628186387391E+016  1.123000000000000E+016
   2.00000000000000       1.198565672526453E+016  1.307000000000000E+016
   3.00000000000000       1.105597867672650E+016  9.850000000000000E+015
   5.00000000000000       8.988757984234690E+015  9.116000000000000E+015
   10.0000000000000       5.621286727690728E+015  6.126000000000000E+015
   30.0000000000000       1.754180533830043E+015  1.201000000000000E+015
