   1.00000000000000       3.661565860173474E+016  6.317000000000000E+016
   2.00000000000000       3.316505838008713E+016  4.655000000000000E+016
   3.00000000000000       3.076514254123903E+016  3.871000000000000E+016
   5.00000000000000       2.613007017930509E+016  2.730000000000000E+016
   10.0000000000000       1.670491430168352E+016  1.563000000000000E+016
   30.0000000000000       4.941389147065976E+015  4.183000000000000E+015
   1.00000000000000       3.661565860173474E+016  6.317000000000000E+016
   2.00000000000000       3.316505838008713E+016  4.655000000000000E+016
   3.00000000000000       3.076514254123903E+016  3.871000000000000E+016
   5.00000000000000       2.613007017930509E+016  2.730000000000000E+016
   10.0000000000000       1.670491430168352E+016  1.563000000000000E+016
   30.0000000000000       4.941389147065976E+015  4.183000000000000E+015
   1.00000000000000       6.284591325410341E+016  6.317000000000000E+016
   2.00000000000000       4.720038088962290E+016  4.655000000000000E+016
   3.00000000000000       3.812356851870994E+016  3.871000000000000E+016
   5.00000000000000       2.759505750779620E+016  2.730000000000000E+016
   10.0000000000000       1.550888861947801E+016  1.563000000000000E+016
   30.0000000000000       4.186740885605437E+015  4.183000000000000E+015
