   1.00000000000000       2.598545357800321E+016  2.979000000000000E+016
   2.00000000000000       2.269497395324276E+016  2.619000000000000E+016
   3.00000000000000       2.071698768374820E+016  2.403000000000000E+016
   5.00000000000000       1.744436932227809E+016  1.854000000000000E+016
   10.0000000000000       1.143557836831234E+016  1.122000000000000E+016
   30.0000000000000       3.614060222847863E+015  2.920000000000000E+015
   1.00000000000000       2.598545357800321E+016  2.979000000000000E+016
   2.00000000000000       2.269497395324276E+016  2.619000000000000E+016
   3.00000000000000       2.071698768374820E+016  2.403000000000000E+016
   5.00000000000000       1.744436932227809E+016  1.854000000000000E+016
   10.0000000000000       1.143557836831234E+016  1.122000000000000E+016
   30.0000000000000       3.614060222847863E+015  2.920000000000000E+015
   1.00000000000000       2.984255035639755E+016  2.979000000000000E+016
   2.00000000000000       2.639976831239247E+016  2.619000000000000E+016
   3.00000000000000       2.354080222904552E+016  2.403000000000000E+016
   5.00000000000000       1.868534077997308E+016  1.854000000000000E+016
   10.0000000000000       1.129643238583469E+016  1.122000000000000E+016
   30.0000000000000       3.257712828785822E+015  2.920000000000000E+015
