   1.00000000000000       4.975382036159865E+015  1.863000000000000E+016
   2.00000000000000       4.198502557497221E+015  1.730000000000000E+016
   3.00000000000000       3.663957714475502E+015  1.504000000000000E+016
   5.00000000000000       2.839071614021089E+015  1.070000000000000E+016
   10.0000000000000       1.644549725245724E+015  5.851000000000000E+015
   30.0000000000000        309563043981708.        483000000000000.     
   1.00000000000000       4.975382036159865E+015  1.863000000000000E+016
   2.00000000000000       4.198502557497221E+015  1.730000000000000E+016
   3.00000000000000       3.663957714475502E+015  1.504000000000000E+016
   5.00000000000000       2.839071614021089E+015  1.070000000000000E+016
   10.0000000000000       1.644549725245724E+015  5.851000000000000E+015
   30.0000000000000        309563043981708.        483000000000000.     
   1.00000000000000       1.922160328297003E+016  1.863000000000000E+016
   2.00000000000000       1.662277399058353E+016  1.730000000000000E+016
   3.00000000000000       1.438938046283279E+016  1.504000000000000E+016
   5.00000000000000       1.087060140674926E+016  1.070000000000000E+016
   10.0000000000000       6.096602664775050E+015  5.851000000000000E+015
   30.0000000000000       1.164821570712130E+015   483000000000000.     
