   1.00000000000000       3.518873688771824E+016  2.806000000000000E+016
   2.00000000000000       3.094982023946453E+016  2.697000000000000E+016
   3.00000000000000       2.789117487294848E+016  2.399000000000000E+016
   5.00000000000000       2.332129928251737E+016  1.959000000000000E+016
   10.0000000000000       1.541150637206275E+016  1.329000000000000E+016
   30.0000000000000       5.173683389010994E+015  3.806000000000000E+015
   1.00000000000000       3.518873688771824E+016  2.806000000000000E+016
   2.00000000000000       3.094982023946453E+016  2.697000000000000E+016
   3.00000000000000       2.789117487294848E+016  2.399000000000000E+016
   5.00000000000000       2.332129928251737E+016  1.959000000000000E+016
   10.0000000000000       1.541150637206275E+016  1.329000000000000E+016
   30.0000000000000       5.173683389010994E+015  3.806000000000000E+015
   1.00000000000000       2.828421223601258E+016  2.806000000000000E+016
   2.00000000000000       2.643811125622016E+016  2.697000000000000E+016
   3.00000000000000       2.413721554964916E+016  2.399000000000000E+016
   5.00000000000000       2.000743447184535E+016  1.959000000000000E+016
   10.0000000000000       1.287626116019475E+016  1.329000000000000E+016
   30.0000000000000       4.179943833054818E+015  3.806000000000000E+015
