   1.00000000000000       1.602090631990930E+016  1.653000000000000E+016
   2.00000000000000       1.443054848554246E+016  1.517000000000000E+016
   3.00000000000000       1.291160365727734E+016  1.383000000000000E+016
   5.00000000000000       1.015264109744040E+016  1.124000000000000E+016
   10.0000000000000       5.822494235748990E+015  7.252000000000000E+015
   30.0000000000000       1.451387225945900E+015  1.372000000000000E+015
   1.00000000000000       1.602090631990930E+016  1.653000000000000E+016
   2.00000000000000       1.443054848554246E+016  1.517000000000000E+016
   3.00000000000000       1.291160365727734E+016  1.383000000000000E+016
   5.00000000000000       1.015264109744040E+016  1.124000000000000E+016
   10.0000000000000       5.822494235748990E+015  7.252000000000000E+015
   30.0000000000000       1.451387225945900E+015  1.372000000000000E+015
   1.00000000000000       1.643466917960668E+016  1.653000000000000E+016
   2.00000000000000       1.526115282906081E+016  1.517000000000000E+016
   3.00000000000000       1.400621629606565E+016  1.383000000000000E+016
   5.00000000000000       1.133399411715331E+016  1.124000000000000E+016
   10.0000000000000       6.646047098166529E+015  7.252000000000000E+015
   30.0000000000000       1.681318353675850E+015  1.372000000000000E+015
