   1.00000000000000       3.861756119773778E+016  7.112000000000000E+016
   2.00000000000000       3.775982804013258E+016  5.480000000000000E+016
   3.00000000000000       3.468425225199732E+016  4.330000000000000E+016
   5.00000000000000       2.710468128996127E+016  3.024000000000000E+016
   10.0000000000000       1.545730592699785E+016  1.736000000000000E+016
   30.0000000000000       3.924257179187283E+015  3.614000000000000E+015
   1.00000000000000       3.861756119773778E+016  7.112000000000000E+016
   2.00000000000000       3.775982804013258E+016  5.480000000000000E+016
   3.00000000000000       3.468425225199732E+016  4.330000000000000E+016
   5.00000000000000       2.710468128996127E+016  3.024000000000000E+016
   10.0000000000000       1.545730592699785E+016  1.736000000000000E+016
   30.0000000000000       3.924257179187283E+015  3.614000000000000E+015
   1.00000000000000       7.075371990076224E+016  7.112000000000000E+016
   2.00000000000000       5.470169748010186E+016  5.480000000000000E+016
   3.00000000000000       4.405226692157533E+016  4.330000000000000E+016
   5.00000000000000       3.068437857959817E+016  3.024000000000000E+016
   10.0000000000000       1.613552464279680E+016  1.736000000000000E+016
   30.0000000000000       3.840168219375935E+015  3.614000000000000E+015
