   1.00000000000000       3.215527801569275E+016  4.019000000000000E+016
   2.00000000000000       2.838104356018418E+016  3.695000000000000E+016
   3.00000000000000       2.609801050398706E+016  3.199000000000000E+016
   5.00000000000000       2.234857043897303E+016  2.357000000000000E+016
   10.0000000000000       1.482257395536148E+016  1.126000000000000E+016
   30.0000000000000       4.869021421828668E+015  3.722000000000000E+015
   1.00000000000000       3.215527801569275E+016  4.019000000000000E+016
   2.00000000000000       2.838104356018418E+016  3.695000000000000E+016
   3.00000000000000       2.609801050398706E+016  3.199000000000000E+016
   5.00000000000000       2.234857043897303E+016  2.357000000000000E+016
   10.0000000000000       1.482257395536148E+016  1.126000000000000E+016
   30.0000000000000       4.869021421828668E+015  3.722000000000000E+015
   1.00000000000000       4.054742105835519E+016  4.019000000000000E+016
   2.00000000000000       3.656663952208166E+016  3.695000000000000E+016
   3.00000000000000       3.173709730650900E+016  3.199000000000000E+016
   5.00000000000000       2.329557765705370E+016  2.357000000000000E+016
   10.0000000000000       1.227062070432873E+016  1.126000000000000E+016
   30.0000000000000       2.967468812518916E+015  3.722000000000000E+015
