   1.00000000000000       1.586568222846475E+016  1.978000000000000E+016
   2.00000000000000       1.331689457552131E+016  1.802000000000000E+016
   3.00000000000000       1.170374921420676E+016  1.556000000000000E+016
   5.00000000000000       9.076338129370572E+015  1.275000000000000E+016
   10.0000000000000       5.180037114630148E+015  7.225000000000000E+015
   30.0000000000000       1.320005432472288E+015  1.220000000000000E+015
   1.00000000000000       1.586568222846475E+016  1.978000000000000E+016
   2.00000000000000       1.331689457552131E+016  1.802000000000000E+016
   3.00000000000000       1.170374921420676E+016  1.556000000000000E+016
   5.00000000000000       9.076338129370572E+015  1.275000000000000E+016
   10.0000000000000       5.180037114630148E+015  7.225000000000000E+015
   30.0000000000000       1.320005432472288E+015  1.220000000000000E+015
   1.00000000000000       1.995173069349682E+016  1.978000000000000E+016
   2.00000000000000       1.766512198307804E+016  1.802000000000000E+016
   3.00000000000000       1.587126340845984E+016  1.556000000000000E+016
   5.00000000000000       1.247121150424075E+016  1.275000000000000E+016
   10.0000000000000       7.144547333954146E+015  7.225000000000000E+015
   30.0000000000000       1.817835293994566E+015  1.220000000000000E+015
