   1.00000000000000       2.694603188705682E+016  3.090000000000000E+016
   2.00000000000000       2.533240545528886E+016  3.183000000000000E+016
   3.00000000000000       2.315303723234728E+016  2.842000000000000E+016
   5.00000000000000       1.892998998415855E+016  2.184000000000000E+016
   10.0000000000000       1.179207857747284E+016  1.133000000000000E+016
   30.0000000000000       3.097154338699596E+015  3.186000000000000E+015
   1.00000000000000       2.694603188705682E+016  3.090000000000000E+016
   2.00000000000000       2.533240545528886E+016  3.183000000000000E+016
   3.00000000000000       2.315303723234728E+016  2.842000000000000E+016
   5.00000000000000       1.892998998415855E+016  2.184000000000000E+016
   10.0000000000000       1.179207857747284E+016  1.133000000000000E+016
   30.0000000000000       3.097154338699596E+015  3.186000000000000E+015
   1.00000000000000       3.120912047974698E+016  3.090000000000000E+016
   2.00000000000000       3.152125393669980E+016  3.183000000000000E+016
   3.00000000000000       2.832566650793966E+016  2.842000000000000E+016
   5.00000000000000       2.156539657468399E+016  2.184000000000000E+016
   10.0000000000000       1.202658418889364E+016  1.133000000000000E+016
   30.0000000000000       2.843310310791400E+015  3.186000000000000E+015
