   1.00000000000000       2.054904620486979E+016  2.476000000000000E+016
   2.00000000000000       1.730131689287507E+016  2.193000000000000E+016
   3.00000000000000       1.478456337901811E+016  1.826000000000000E+016
   5.00000000000000       1.105465093619725E+016  1.328000000000000E+016
   10.0000000000000       6.236985689146900E+015  8.591000000000000E+015
   30.0000000000000       1.561643888182999E+015  1.654000000000000E+015
   1.00000000000000       2.054904620486979E+016  2.476000000000000E+016
   2.00000000000000       1.730131689287507E+016  2.193000000000000E+016
   3.00000000000000       1.478456337901811E+016  1.826000000000000E+016
   5.00000000000000       1.105465093619725E+016  1.328000000000000E+016
   10.0000000000000       6.236985689146900E+015  8.591000000000000E+015
   30.0000000000000       1.561643888182999E+015  1.654000000000000E+015
   1.00000000000000       2.489858952423818E+016  2.476000000000000E+016
   2.00000000000000       2.146773017871323E+016  2.193000000000000E+016
   3.00000000000000       1.847258102913126E+016  1.826000000000000E+016
   5.00000000000000       1.385003608714972E+016  1.328000000000000E+016
   10.0000000000000       7.810858973739469E+015  8.591000000000000E+015
   30.0000000000000       1.951338403184119E+015  1.654000000000000E+015
