   1.00000000000000       4.001125875292158E+016  6.160000000000000E+016
   2.00000000000000       3.473740609582749E+016  5.516000000000000E+016
   3.00000000000000       3.018378870615152E+016  4.356000000000000E+016
   5.00000000000000       2.284216215991015E+016  3.081000000000000E+016
   10.0000000000000       1.320834910346518E+016  1.594000000000000E+016
   30.0000000000000       3.704186168165651E+015  3.150000000000000E+015
   1.00000000000000       4.001125875292158E+016  6.160000000000000E+016
   2.00000000000000       3.473740609582749E+016  5.516000000000000E+016
   3.00000000000000       3.018378870615152E+016  4.356000000000000E+016
   5.00000000000000       2.284216215991015E+016  3.081000000000000E+016
   10.0000000000000       1.320834910346518E+016  1.594000000000000E+016
   30.0000000000000       3.704186168165651E+015  3.150000000000000E+015
   1.00000000000000       6.289894537250253E+016  6.160000000000000E+016
   2.00000000000000       5.237917446656659E+016  5.516000000000000E+016
   3.00000000000000       4.359746701332906E+016  4.356000000000000E+016
   5.00000000000000       3.146861281235174E+016  3.081000000000000E+016
   10.0000000000000       1.751793139456188E+016  1.594000000000000E+016
   30.0000000000000       4.806943768645136E+015  3.150000000000000E+015
