   1.00000000000000       2.600401036195058E+016  5.432000000000000E+016
   2.00000000000000       2.341125844746116E+016  4.279000000000000E+016
   3.00000000000000       2.149891186074034E+016  3.541000000000000E+016
   5.00000000000000       1.749143187632926E+016  2.626000000000000E+016
   10.0000000000000       1.048126890461769E+016  1.428000000000000E+016
   30.0000000000000       2.364909160551123E+015  3.350000000000000E+015
   1.00000000000000       2.600401036195058E+016  5.432000000000000E+016
   2.00000000000000       2.341125844746116E+016  4.279000000000000E+016
   3.00000000000000       2.149891186074034E+016  3.541000000000000E+016
   5.00000000000000       1.749143187632926E+016  2.626000000000000E+016
   10.0000000000000       1.048126890461769E+016  1.428000000000000E+016
   30.0000000000000       2.364909160551123E+015  3.350000000000000E+015
   1.00000000000000       5.422691799780405E+016  5.432000000000000E+016
   2.00000000000000       4.277369631877939E+016  4.279000000000000E+016
   3.00000000000000       3.562488398239444E+016  3.541000000000000E+016
   5.00000000000000       2.610579126505263E+016  2.626000000000000E+016
   10.0000000000000       1.438328239039254E+016  1.428000000000000E+016
   30.0000000000000       3.126058084010712E+015  3.350000000000000E+015
