   1.00000000000000       2.978348961076470E+015  1.662000000000000E+016
   2.00000000000000       2.389132164402719E+015  1.558000000000000E+016
   3.00000000000000       2.012945496735716E+015  1.369000000000000E+016
   5.00000000000000       1.483833727731296E+015  9.549000000000000E+015
   10.0000000000000        804424711691635.       5.212000000000000E+015
   30.0000000000000        160034072474762.        261300000000000.     
   1.00000000000000       2.978348961076470E+015  1.662000000000000E+016
   2.00000000000000       2.389132164402719E+015  1.558000000000000E+016
   3.00000000000000       2.012945496735716E+015  1.369000000000000E+016
   5.00000000000000       1.483833727731296E+015  9.549000000000000E+015
   10.0000000000000        804424711691635.       5.212000000000000E+015
   30.0000000000000        160034072474762.        261300000000000.     
   1.00000000000000       1.790623240986596E+016  1.662000000000000E+016
   2.00000000000000       1.458495649175182E+016  1.558000000000000E+016
   3.00000000000000       1.218153909308804E+016  1.369000000000000E+016
   5.00000000000000       8.829887585244004E+015  9.549000000000000E+015
   10.0000000000000       4.715177541319318E+015  5.212000000000000E+015
   30.0000000000000        948286445643289.        261300000000000.     
