   1.00000000000000       2.877959603471680E+016  1.983000000000000E+016
   2.00000000000000       2.610058936522256E+016  1.948000000000000E+016
   3.00000000000000       2.319889881583164E+016  1.702000000000000E+016
   5.00000000000000       1.804587098231688E+016  1.392000000000000E+016
   10.0000000000000       1.019854868421364E+016  7.805000000000000E+015
   30.0000000000000       2.443102022058674E+015  2.357000000000000E+015
   1.00000000000000       2.877959603471680E+016  1.983000000000000E+016
   2.00000000000000       2.610058936522256E+016  1.948000000000000E+016
   3.00000000000000       2.319889881583164E+016  1.702000000000000E+016
   5.00000000000000       1.804587098231688E+016  1.392000000000000E+016
   10.0000000000000       1.019854868421364E+016  7.805000000000000E+015
   30.0000000000000       2.443102022058674E+015  2.357000000000000E+015
   1.00000000000000       2.001308799808959E+016  1.983000000000000E+016
   2.00000000000000       1.906897244702902E+016  1.948000000000000E+016
   3.00000000000000       1.739211743743710E+016  1.702000000000000E+016
   5.00000000000000       1.385772694856812E+016  1.392000000000000E+016
   10.0000000000000       7.964038200041984E+015  7.805000000000000E+015
   30.0000000000000       1.926399892933246E+015  2.357000000000000E+015
