   1.00000000000000       1.574333688548482E+016  1.671000000000000E+016
   2.00000000000000       1.362553044252353E+016  1.516000000000000E+016
   3.00000000000000       1.195825812557796E+016  1.409000000000000E+016
   5.00000000000000       9.378396837083054E+015  1.051000000000000E+016
   10.0000000000000       5.584966344028616E+015  6.588000000000000E+015
   30.0000000000000       1.208581964859168E+015  1.597000000000000E+015
   1.00000000000000       1.574333688548482E+016  1.671000000000000E+016
   2.00000000000000       1.362553044252353E+016  1.516000000000000E+016
   3.00000000000000       1.195825812557796E+016  1.409000000000000E+016
   5.00000000000000       9.378396837083054E+015  1.051000000000000E+016
   10.0000000000000       5.584966344028616E+015  6.588000000000000E+015
   30.0000000000000       1.208581964859168E+015  1.597000000000000E+015
   1.00000000000000       1.675927726164555E+016  1.671000000000000E+016
   2.00000000000000       1.525940853719145E+016  1.516000000000000E+016
   3.00000000000000       1.367403081201002E+016  1.409000000000000E+016
   5.00000000000000       1.087200431222141E+016  1.051000000000000E+016
   10.0000000000000       6.506811158456488E+015  6.588000000000000E+015
   30.0000000000000       1.410174826106367E+015  1.597000000000000E+015
