   1.00000000000000       2.487021034071798E+016  3.268000000000000E+016
   2.00000000000000       2.128568990181219E+016  2.828000000000000E+016
   3.00000000000000       1.951277798339061E+016  2.545000000000000E+016
   5.00000000000000       1.671083919203188E+016  1.793000000000000E+016
   10.0000000000000       1.107617023727372E+016  1.148000000000000E+016
   30.0000000000000       3.710963609972918E+015  2.766000000000000E+015
   1.00000000000000       2.487021034071798E+016  3.268000000000000E+016
   2.00000000000000       2.128568990181219E+016  2.828000000000000E+016
   3.00000000000000       1.951277798339061E+016  2.545000000000000E+016
   5.00000000000000       1.671083919203188E+016  1.793000000000000E+016
   10.0000000000000       1.107617023727372E+016  1.148000000000000E+016
   30.0000000000000       3.710963609972918E+015  2.766000000000000E+015
   1.00000000000000       3.295784611133147E+016  3.268000000000000E+016
   2.00000000000000       2.808014495288359E+016  2.828000000000000E+016
   3.00000000000000       2.451841622101592E+016  2.545000000000000E+016
   5.00000000000000       1.892044523995910E+016  1.793000000000000E+016
   10.0000000000000       1.098898224879634E+016  1.148000000000000E+016
   30.0000000000000       3.159142575549382E+015  2.766000000000000E+015
