   1.00000000000000       1.927513673826982E+016  1.567000000000000E+016
   2.00000000000000       1.632006501144064E+016  1.446000000000000E+016
   3.00000000000000       1.441457172289294E+016  1.311000000000000E+016
   5.00000000000000       1.152481668600624E+016  9.997000000000000E+015
   10.0000000000000       7.110765976819150E+015  5.882000000000000E+015
   30.0000000000000       1.937553928987840E+015  1.861000000000000E+015
   1.00000000000000       1.927513673826982E+016  1.567000000000000E+016
   2.00000000000000       1.632006501144064E+016  1.446000000000000E+016
   3.00000000000000       1.441457172289294E+016  1.311000000000000E+016
   5.00000000000000       1.152481668600624E+016  9.997000000000000E+015
   10.0000000000000       7.110765976819150E+015  5.882000000000000E+015
   30.0000000000000       1.937553928987840E+015  1.861000000000000E+015
   1.00000000000000       1.584356483028406E+016  1.567000000000000E+016
   2.00000000000000       1.431344869336316E+016  1.446000000000000E+016
   3.00000000000000       1.280725407268291E+016  1.311000000000000E+016
   5.00000000000000       1.016543984301355E+016  9.997000000000000E+015
   10.0000000000000       6.137032186358572E+015  5.882000000000000E+015
   30.0000000000000       1.632296876519132E+015  1.861000000000000E+015
