   1.00000000000000       2.370191607842002E+016  4.416000000000000E+016
   2.00000000000000       2.173507936135210E+016  4.236000000000000E+016
   3.00000000000000       2.011318607510465E+016  3.436000000000000E+016
   5.00000000000000       1.656650816691782E+016  2.458000000000000E+016
   10.0000000000000       1.012969528835653E+016  1.335000000000000E+016
   30.0000000000000       2.363074763340137E+015  3.006000000000000E+015
   1.00000000000000       2.370191607842002E+016  4.416000000000000E+016
   2.00000000000000       2.173507936135210E+016  4.236000000000000E+016
   3.00000000000000       2.011318607510465E+016  3.436000000000000E+016
   5.00000000000000       1.656650816691782E+016  2.458000000000000E+016
   10.0000000000000       1.012969528835653E+016  1.335000000000000E+016
   30.0000000000000       2.363074763340137E+015  3.006000000000000E+015
   1.00000000000000       4.511694663196059E+016  4.416000000000000E+016
   2.00000000000000       4.061570983510159E+016  4.236000000000000E+016
   3.00000000000000       3.482536315295090E+016  3.436000000000000E+016
   5.00000000000000       2.524684275306756E+016  2.458000000000000E+016
   10.0000000000000       1.340500262554282E+016  1.335000000000000E+016
   30.0000000000000       2.896321975584093E+015  3.006000000000000E+015
