   1.00000000000000       3.451789516532836E+016  4.882000000000000E+016
   2.00000000000000       3.163942467127586E+016  4.412000000000000E+016
   3.00000000000000       2.935515318571853E+016  3.808000000000000E+016
   5.00000000000000       2.491538869308980E+016  2.486000000000000E+016
   10.0000000000000       1.616551217920031E+016  1.463000000000000E+016
   30.0000000000000       5.048755052348268E+015  4.033000000000000E+015
   1.00000000000000       3.451789516532836E+016  4.882000000000000E+016
   2.00000000000000       3.163942467127586E+016  4.412000000000000E+016
   3.00000000000000       2.935515318571853E+016  3.808000000000000E+016
   5.00000000000000       2.491538869308980E+016  2.486000000000000E+016
   10.0000000000000       1.616551217920031E+016  1.463000000000000E+016
   30.0000000000000       5.048755052348268E+015  4.033000000000000E+015
   1.00000000000000       4.929901235994821E+016  4.882000000000000E+016
   2.00000000000000       4.354144030508690E+016  4.412000000000000E+016
   3.00000000000000       3.698417106617000E+016  3.808000000000000E+016
   5.00000000000000       2.663370798925350E+016  2.486000000000000E+016
   10.0000000000000       1.408892361395887E+016  1.463000000000000E+016
   30.0000000000000       3.496220376287099E+015  4.033000000000000E+015
