   1.00000000000000       1.234229163504147E+016  2.848000000000000E+016
   2.00000000000000       1.072840827554032E+016  2.534000000000000E+016
   3.00000000000000       9.726036300769232E+015  2.141000000000000E+016
   5.00000000000000       7.850887413110445E+015  1.723000000000000E+016
   10.0000000000000       4.671724802290260E+015  1.124000000000000E+016
   30.0000000000000        839061651929061.       1.448000000000000E+015
   1.00000000000000       1.234229163504147E+016  2.848000000000000E+016
   2.00000000000000       1.072840827554032E+016  2.534000000000000E+016
   3.00000000000000       9.726036300769232E+015  2.141000000000000E+016
   5.00000000000000       7.850887413110445E+015  1.723000000000000E+016
   10.0000000000000       4.671724802290260E+015  1.124000000000000E+016
   30.0000000000000        839061651929061.       1.448000000000000E+015
   1.00000000000000       2.855575643177095E+016  2.848000000000000E+016
   2.00000000000000       2.472760858720364E+016  2.534000000000000E+016
   3.00000000000000       2.215744037925539E+016  2.141000000000000E+016
   5.00000000000000       1.757094170997886E+016  1.723000000000000E+016
   10.0000000000000       1.027472967078032E+016  1.124000000000000E+016
   30.0000000000000       1.864920700449234E+015  1.448000000000000E+015
