   1.00000000000000       5.539967470437941E+016  6.819000000000000E+016
   2.00000000000000       5.192863074670624E+016  5.394000000000000E+016
   3.00000000000000       4.910769688048566E+016  4.488000000000000E+016
   5.00000000000000       4.137278169541128E+016  3.286000000000000E+016
   10.0000000000000       2.487576563930290E+016  1.927000000000000E+016
   30.0000000000000       6.078148410680422E+015  5.695000000000000E+015
   1.00000000000000       5.539967470437941E+016  6.819000000000000E+016
   2.00000000000000       5.192863074670624E+016  5.394000000000000E+016
   3.00000000000000       4.910769688048566E+016  4.488000000000000E+016
   5.00000000000000       4.137278169541128E+016  3.286000000000000E+016
   10.0000000000000       2.487576563930290E+016  1.927000000000000E+016
   30.0000000000000       6.078148410680422E+015  5.695000000000000E+015
   1.00000000000000       6.822022637831112E+016  6.819000000000000E+016
   2.00000000000000       5.361835650046622E+016  5.394000000000000E+016
   3.00000000000000       4.485643263416122E+016  4.488000000000000E+016
   5.00000000000000       3.367557626670326E+016  3.286000000000000E+016
   10.0000000000000       1.898747701648309E+016  1.927000000000000E+016
   30.0000000000000       4.541200689152698E+015  5.695000000000000E+015
