   1.00000000000000       4.067523588361494E+016  4.826000000000000E+016
   2.00000000000000       3.632205733726285E+016  3.986000000000000E+016
   3.00000000000000       3.276709913908383E+016  3.328000000000000E+016
   5.00000000000000       2.593048875540376E+016  2.467000000000000E+016
   10.0000000000000       1.517983819940943E+016  1.467000000000000E+016
   30.0000000000000       3.860579252808434E+015  4.771000000000000E+015
   1.00000000000000       4.067523588361494E+016  4.826000000000000E+016
   2.00000000000000       3.632205733726285E+016  3.986000000000000E+016
   3.00000000000000       3.276709913908383E+016  3.328000000000000E+016
   5.00000000000000       2.593048875540376E+016  2.467000000000000E+016
   10.0000000000000       1.517983819940943E+016  1.467000000000000E+016
   30.0000000000000       3.860579252808434E+015  4.771000000000000E+015
   1.00000000000000       4.833254521480069E+016  4.826000000000000E+016
   2.00000000000000       3.938067686102216E+016  3.986000000000000E+016
   3.00000000000000       3.363737641078415E+016  3.328000000000000E+016
   5.00000000000000       2.531263717477225E+016  2.467000000000000E+016
   10.0000000000000       1.428638170609906E+016  1.467000000000000E+016
   30.0000000000000       3.519933168503811E+015  4.771000000000000E+015
