   1.00000000000000       1.249317058758569E+016  1.691000000000000E+016
   2.00000000000000       1.052227826800666E+016  1.477000000000000E+016
   3.00000000000000       9.284427783109296E+015  1.285000000000000E+016
   5.00000000000000       7.447666610857056E+015  1.021000000000000E+016
   10.0000000000000       4.640372087502998E+015  5.607000000000000E+015
   30.0000000000000       1.408364997661372E+015  1.135000000000000E+015
   1.00000000000000       1.249317058758569E+016  1.691000000000000E+016
   2.00000000000000       1.052227826800666E+016  1.477000000000000E+016
   3.00000000000000       9.284427783109296E+015  1.285000000000000E+016
   5.00000000000000       7.447666610857056E+015  1.021000000000000E+016
   10.0000000000000       4.640372087502998E+015  5.607000000000000E+015
   30.0000000000000       1.408364997661372E+015  1.135000000000000E+015
   1.00000000000000       1.706396188402630E+016  1.691000000000000E+016
   2.00000000000000       1.462702917982469E+016  1.477000000000000E+016
   3.00000000000000       1.277141086155070E+016  1.285000000000000E+016
   5.00000000000000       9.934827193385144E+015  1.021000000000000E+016
   10.0000000000000       5.931117141407698E+015  5.607000000000000E+015
   30.0000000000000       1.713074569718268E+015  1.135000000000000E+015
