   1.00000000000000       3.581584969114322E+016  6.940000000000000E+016
   2.00000000000000       3.196361035288526E+016  5.087000000000000E+016
   3.00000000000000       2.926988482115487E+016  4.084000000000000E+016
   5.00000000000000       2.461849638495000E+016  2.945000000000000E+016
   10.0000000000000       1.570865112589219E+016  1.726000000000000E+016
   30.0000000000000       4.657711266843597E+015  3.920000000000000E+015
   1.00000000000000       3.581584969114322E+016  6.940000000000000E+016
   2.00000000000000       3.196361035288526E+016  5.087000000000000E+016
   3.00000000000000       2.926988482115487E+016  4.084000000000000E+016
   5.00000000000000       2.461849638495000E+016  2.945000000000000E+016
   10.0000000000000       1.570865112589219E+016  1.726000000000000E+016
   30.0000000000000       4.657711266843597E+015  3.920000000000000E+015
   1.00000000000000       6.910593037650403E+016  6.940000000000000E+016
   2.00000000000000       5.112018686822363E+016  5.087000000000000E+016
   3.00000000000000       4.095599463960676E+016  4.084000000000000E+016
   5.00000000000000       2.959379107375114E+016  2.945000000000000E+016
   10.0000000000000       1.675869749063863E+016  1.726000000000000E+016
   30.0000000000000       4.588769715443864E+015  3.920000000000000E+015
