   1.00000000000000       3.597922303797370E+016  6.564000000000000E+016
   2.00000000000000       3.307952344427674E+016  5.081000000000000E+016
   3.00000000000000       3.210541650528084E+016  4.207000000000000E+016
   5.00000000000000       2.856736378228527E+016  3.219000000000000E+016
   10.0000000000000       1.794119572778290E+016  1.919000000000000E+016
   30.0000000000000       4.420205169896550E+015  4.118000000000000E+015
   1.00000000000000       3.597922303797370E+016  6.564000000000000E+016
   2.00000000000000       3.307952344427674E+016  5.081000000000000E+016
   3.00000000000000       3.210541650528084E+016  4.207000000000000E+016
   5.00000000000000       2.856736378228527E+016  3.219000000000000E+016
   10.0000000000000       1.794119572778290E+016  1.919000000000000E+016
   30.0000000000000       4.420205169896550E+015  4.118000000000000E+015
   1.00000000000000       6.525060907101110E+016  6.564000000000000E+016
   2.00000000000000       5.063283428396616E+016  5.081000000000000E+016
   3.00000000000000       4.278517616667278E+016  4.207000000000000E+016
   5.00000000000000       3.259341414100994E+016  3.219000000000000E+016
   10.0000000000000       1.842227356430258E+016  1.919000000000000E+016
   30.0000000000000       4.335785108881242E+015  4.118000000000000E+015
