   1.00000000000000       2.491360999555626E+016  1.949000000000000E+016
   2.00000000000000       2.193089240972062E+016  1.883000000000000E+016
   3.00000000000000       1.941167805095942E+016  1.710000000000000E+016
   5.00000000000000       1.569721628621436E+016  1.383000000000000E+016
   10.0000000000000       1.009657271560230E+016  9.756000000000000E+015
   30.0000000000000       3.014008808292022E+015  2.663000000000000E+015
   1.00000000000000       2.491360999555626E+016  1.949000000000000E+016
   2.00000000000000       2.193089240972062E+016  1.883000000000000E+016
   3.00000000000000       1.941167805095942E+016  1.710000000000000E+016
   5.00000000000000       1.569721628621436E+016  1.383000000000000E+016
   10.0000000000000       1.009657271560230E+016  9.756000000000000E+015
   30.0000000000000       3.014008808292022E+015  2.663000000000000E+015
   1.00000000000000       1.961317723551324E+016  1.949000000000000E+016
   2.00000000000000       1.858580837101480E+016  1.883000000000000E+016
   3.00000000000000       1.704849278844327E+016  1.710000000000000E+016
   5.00000000000000       1.426053053617570E+016  1.383000000000000E+016
   10.0000000000000       9.418841081097336E+015  9.756000000000000E+015
   30.0000000000000       2.861366862991129E+015  2.663000000000000E+015
