   1.00000000000000       2.567033589998287E+016  1.806000000000000E+016
   2.00000000000000       2.285082044219829E+016  1.669000000000000E+016
   3.00000000000000       2.022506282416557E+016  1.598000000000000E+016
   5.00000000000000       1.623431934835619E+016  1.287000000000000E+016
   10.0000000000000       1.025272065932217E+016  7.215000000000000E+015
   30.0000000000000       2.929697308254706E+015  2.697000000000000E+015
   1.00000000000000       2.567033589998287E+016  1.806000000000000E+016
   2.00000000000000       2.285082044219829E+016  1.669000000000000E+016
   3.00000000000000       2.022506282416557E+016  1.598000000000000E+016
   5.00000000000000       1.623431934835619E+016  1.287000000000000E+016
   10.0000000000000       1.025272065932217E+016  7.215000000000000E+015
   30.0000000000000       2.929697308254706E+015  2.697000000000000E+015
   1.00000000000000       1.801345580218054E+016  1.806000000000000E+016
   2.00000000000000       1.712507500137017E+016  1.669000000000000E+016
   3.00000000000000       1.552144217884381E+016  1.598000000000000E+016
   5.00000000000000       1.257193184287778E+016  1.287000000000000E+016
   10.0000000000000       7.866856003399070E+015  7.215000000000000E+015
   30.0000000000000       2.206240166329822E+015  2.697000000000000E+015
