   1.00000000000000       2.815763863600120E+016  1.660000000000000E+016
   2.00000000000000       2.779466276011530E+016  1.900000000000000E+016
   3.00000000000000       2.547197469008208E+016  1.725000000000000E+016
   5.00000000000000       2.076581689546142E+016  1.517000000000000E+016
   10.0000000000000       1.303058299844734E+016  9.962000000000000E+015
   30.0000000000000       3.738076827155754E+015  3.293000000000000E+015
   1.00000000000000       2.815763863600120E+016  1.660000000000000E+016
   2.00000000000000       2.779466276011530E+016  1.900000000000000E+016
   3.00000000000000       2.547197469008208E+016  1.725000000000000E+016
   5.00000000000000       2.076581689546142E+016  1.517000000000000E+016
   10.0000000000000       1.303058299844734E+016  9.962000000000000E+015
   30.0000000000000       3.738076827155754E+015  3.293000000000000E+015
   1.00000000000000       1.680892704000875E+016  1.660000000000000E+016
   2.00000000000000       1.841779285794287E+016  1.900000000000000E+016
   3.00000000000000       1.771331883305569E+016  1.725000000000000E+016
   5.00000000000000       1.517381031504520E+016  1.517000000000000E+016
   10.0000000000000       9.972066434578112E+015  9.962000000000000E+015
   30.0000000000000       2.975794765322940E+015  3.293000000000000E+015
