   1.00000000000000       3.132026309893616E+016  2.080000000000000E+016
   2.00000000000000       2.647126822241244E+016  1.763000000000000E+016
   3.00000000000000       2.333418702083589E+016  1.612000000000000E+016
   5.00000000000000       1.825453451450466E+016  1.452000000000000E+016
   10.0000000000000       1.062590602926210E+016  7.582000000000000E+015
   30.0000000000000       2.868257591725222E+015  2.527000000000000E+015
   1.00000000000000       3.132026309893616E+016  2.080000000000000E+016
   2.00000000000000       2.647126822241244E+016  1.763000000000000E+016
   3.00000000000000       2.333418702083589E+016  1.612000000000000E+016
   5.00000000000000       1.825453451450466E+016  1.452000000000000E+016
   10.0000000000000       1.062590602926210E+016  7.582000000000000E+015
   30.0000000000000       2.868257591725222E+015  2.527000000000000E+015
   1.00000000000000       2.067931147777197E+016  2.080000000000000E+016
   2.00000000000000       1.788633677167163E+016  1.763000000000000E+016
   3.00000000000000       1.641899652862246E+016  1.612000000000000E+016
   5.00000000000000       1.356287551062250E+016  1.452000000000000E+016
   10.0000000000000       8.284177389953633E+015  7.582000000000000E+015
   30.0000000000000       2.334156031505009E+015  2.527000000000000E+015
