   1.00000000000000       2.167671264831746E+016  1.071000000000000E+016
   2.00000000000000       2.160065011903268E+016  1.256000000000000E+016
   3.00000000000000       1.997480593995211E+016  1.082000000000000E+016
   5.00000000000000       1.642287232993441E+016  9.560000000000000E+015
   10.0000000000000       1.036718899584022E+016  5.863000000000000E+015
   30.0000000000000       3.240851268669832E+015  2.466000000000000E+015
   1.00000000000000       2.167671264831746E+016  1.071000000000000E+016
   2.00000000000000       2.160065011903268E+016  1.256000000000000E+016
   3.00000000000000       1.997480593995211E+016  1.082000000000000E+016
   5.00000000000000       1.642287232993441E+016  9.560000000000000E+015
   10.0000000000000       1.036718899584022E+016  5.863000000000000E+015
   30.0000000000000       3.240851268669832E+015  2.466000000000000E+015
   1.00000000000000       1.098161895124856E+016  1.071000000000000E+016
   2.00000000000000       1.187535077176462E+016  1.256000000000000E+016
   3.00000000000000       1.129559773831869E+016  1.082000000000000E+016
   5.00000000000000       9.497427112147532E+015  9.560000000000000E+015
   10.0000000000000       6.107685070503225E+015  5.863000000000000E+015
   30.0000000000000       1.947699433238104E+015  2.466000000000000E+015
