   1.00000000000000       2.839121443820807E+016  6.947000000000000E+016
   2.00000000000000       2.770183109751326E+016  5.490000000000000E+016
   3.00000000000000       2.656300726633117E+016  4.063000000000000E+016
   5.00000000000000       2.315077557239633E+016  2.898000000000000E+016
   10.0000000000000       1.492540915375981E+016  1.491000000000000E+016
   30.0000000000000       4.225769884746051E+015  3.744000000000000E+015
   1.00000000000000       2.839121443820807E+016  6.947000000000000E+016
   2.00000000000000       2.770183109751326E+016  5.490000000000000E+016
   3.00000000000000       2.656300726633117E+016  4.063000000000000E+016
   5.00000000000000       2.315077557239633E+016  2.898000000000000E+016
   10.0000000000000       1.492540915375981E+016  1.491000000000000E+016
   30.0000000000000       4.225769884746051E+015  3.744000000000000E+015
   1.00000000000000       6.950264626629810E+016  6.947000000000000E+016
   2.00000000000000       5.356487682244672E+016  5.490000000000000E+016
   3.00000000000000       4.223015157161293E+016  4.063000000000000E+016
   5.00000000000000       2.864762416757561E+016  2.898000000000000E+016
   10.0000000000000       1.477335007916556E+016  1.491000000000000E+016
   30.0000000000000       3.572181974828484E+015  3.744000000000000E+015
