   1.00000000000000       2.619764835682495E+016  1.439000000000000E+016
   2.00000000000000       2.553075432768488E+016  1.562000000000000E+016
   3.00000000000000       2.332333083716469E+016  1.280000000000000E+016
   5.00000000000000       1.874038948880121E+016  1.062000000000000E+016
   10.0000000000000       1.119763253412493E+016  6.465000000000000E+015
   30.0000000000000       3.235959780005116E+015  2.650000000000000E+015
   1.00000000000000       2.619764835682495E+016  1.439000000000000E+016
   2.00000000000000       2.553075432768488E+016  1.562000000000000E+016
   3.00000000000000       2.332333083716469E+016  1.280000000000000E+016
   5.00000000000000       1.874038948880121E+016  1.062000000000000E+016
   10.0000000000000       1.119763253412493E+016  6.465000000000000E+015
   30.0000000000000       3.235959780005116E+015  2.650000000000000E+015
   1.00000000000000       1.473108019658537E+016  1.439000000000000E+016
   2.00000000000000       1.471174617882954E+016  1.562000000000000E+016
   3.00000000000000       1.345173091418687E+016  1.280000000000000E+016
   5.00000000000000       1.079109330736520E+016  1.062000000000000E+016
   10.0000000000000       6.455188435907292E+015  6.465000000000000E+015
   30.0000000000000       1.878696294360896E+015  2.650000000000000E+015
