   1.00000000000000       3.194030111140482E+016  4.180000000000000E+016
   2.00000000000000       2.849675041917793E+016  3.798000000000000E+016
   3.00000000000000       2.631600933187847E+016  3.416000000000000E+016
   5.00000000000000       2.231939838402271E+016  2.183000000000000E+016
   10.0000000000000       1.454154082236515E+016  1.266000000000000E+016
   30.0000000000000       4.605038340253425E+015  3.651000000000000E+015
   1.00000000000000       3.194030111140482E+016  4.180000000000000E+016
   2.00000000000000       2.849675041917793E+016  3.798000000000000E+016
   3.00000000000000       2.631600933187847E+016  3.416000000000000E+016
   5.00000000000000       2.231939838402271E+016  2.183000000000000E+016
   10.0000000000000       1.454154082236515E+016  1.266000000000000E+016
   30.0000000000000       4.605038340253425E+015  3.651000000000000E+015
   1.00000000000000       4.219183047705674E+016  4.180000000000000E+016
   2.00000000000000       3.786342309838893E+016  3.798000000000000E+016
   3.00000000000000       3.253597301475620E+016  3.416000000000000E+016
   5.00000000000000       2.357779642999318E+016  2.183000000000000E+016
   10.0000000000000       1.242781420968064E+016  1.266000000000000E+016
   30.0000000000000       3.027817396201403E+015  3.651000000000000E+015
