   1.00000000000000       5.174900285867745E+016  7.610000000000000E+016
   2.00000000000000       4.457032491502206E+016  6.422000000000000E+016
   3.00000000000000       3.877725145963274E+016  4.935000000000000E+016
   5.00000000000000       2.937369137279156E+016  3.398000000000000E+016
   10.0000000000000       1.669340978482635E+016  1.947000000000000E+016
   30.0000000000000       4.488576194101848E+015  4.626000000000000E+015
   1.00000000000000       5.174900285867745E+016  7.610000000000000E+016
   2.00000000000000       4.457032491502206E+016  6.422000000000000E+016
   3.00000000000000       3.877725145963274E+016  4.935000000000000E+016
   5.00000000000000       2.937369137279156E+016  3.398000000000000E+016
   10.0000000000000       1.669340978482635E+016  1.947000000000000E+016
   30.0000000000000       4.488576194101848E+015  4.626000000000000E+015
   1.00000000000000       7.688344092892667E+016  7.610000000000000E+016
   2.00000000000000       6.191633560743994E+016  6.422000000000000E+016
   3.00000000000000       5.029129061544357E+016  4.935000000000000E+016
   5.00000000000000       3.525367123847540E+016  3.398000000000000E+016
   10.0000000000000       1.879111703153608E+016  1.947000000000000E+016
   30.0000000000000       4.812225935191176E+015  4.626000000000000E+015
