   1.00000000000000       1.425234240374664E+016  1.751000000000000E+016
   2.00000000000000       1.217455998289222E+016  1.558000000000000E+016
   3.00000000000000       1.064780792983506E+016  1.344000000000000E+016
   5.00000000000000       8.357605610856089E+015  1.057000000000000E+016
   10.0000000000000       5.042469265666402E+015  5.961000000000000E+015
   30.0000000000000       1.384735980502799E+015  1.264000000000000E+015
   1.00000000000000       1.425234240374664E+016  1.751000000000000E+016
   2.00000000000000       1.217455998289222E+016  1.558000000000000E+016
   3.00000000000000       1.064780792983506E+016  1.344000000000000E+016
   5.00000000000000       8.357605610856089E+015  1.057000000000000E+016
   10.0000000000000       5.042469265666402E+015  5.961000000000000E+015
   30.0000000000000       1.384735980502799E+015  1.264000000000000E+015
   1.00000000000000       1.764133946976072E+016  1.751000000000000E+016
   2.00000000000000       1.540767735135902E+016  1.558000000000000E+016
   3.00000000000000       1.345429361818490E+016  1.344000000000000E+016
   5.00000000000000       1.041180593786996E+016  1.057000000000000E+016
   10.0000000000000       6.144426368126621E+015  5.961000000000000E+015
   30.0000000000000       1.647291813218630E+015  1.264000000000000E+015
