   1.00000000000000       2.312226023379043E+016  3.108000000000000E+016
   2.00000000000000       2.154006457996136E+016  2.811000000000000E+016
   3.00000000000000       1.970854378839744E+016  2.547000000000000E+016
   5.00000000000000       1.652725979612689E+016  1.916000000000000E+016
   10.0000000000000       1.095968222861897E+016  1.012000000000000E+016
   30.0000000000000       3.509609120958220E+015  2.815000000000000E+015
   1.00000000000000       2.312226023379043E+016  3.108000000000000E+016
   2.00000000000000       2.154006457996136E+016  2.811000000000000E+016
   3.00000000000000       1.970854378839744E+016  2.547000000000000E+016
   5.00000000000000       1.652725979612689E+016  1.916000000000000E+016
   10.0000000000000       1.095968222861897E+016  1.012000000000000E+016
   30.0000000000000       3.509609120958220E+015  2.815000000000000E+015
   1.00000000000000       3.110328160037128E+016  3.108000000000000E+016
   2.00000000000000       2.848163682788693E+016  2.811000000000000E+016
   3.00000000000000       2.489065955533848E+016  2.547000000000000E+016
   5.00000000000000       1.887617620132719E+016  1.916000000000000E+016
   10.0000000000000       1.073655468361525E+016  1.012000000000000E+016
   30.0000000000000       2.851833700690041E+015  2.815000000000000E+015
