   1.00000000000000       4.073994916299228E+016  4.560000000000000E+016
   2.00000000000000       3.565650409641672E+016  4.088000000000000E+016
   3.00000000000000       3.295520370785174E+016  3.334000000000000E+016
   5.00000000000000       2.806109407996610E+016  2.365000000000000E+016
   10.0000000000000       1.823631702875869E+016  1.247000000000000E+016
   30.0000000000000       5.745874234505834E+015  4.588000000000000E+015
   1.00000000000000       4.073994916299228E+016  4.560000000000000E+016
   2.00000000000000       3.565650409641672E+016  4.088000000000000E+016
   3.00000000000000       3.295520370785174E+016  3.334000000000000E+016
   5.00000000000000       2.806109407996610E+016  2.365000000000000E+016
   10.0000000000000       1.823631702875869E+016  1.247000000000000E+016
   30.0000000000000       5.745874234505834E+015  4.588000000000000E+015
   1.00000000000000       4.617259464460373E+016  4.560000000000000E+016
   2.00000000000000       3.968949892183061E+016  4.088000000000000E+016
   3.00000000000000       3.359421154290224E+016  3.334000000000000E+016
   5.00000000000000       2.417798257423609E+016  2.365000000000000E+016
   10.0000000000000       1.282337398148170E+016  1.247000000000000E+016
   30.0000000000000       3.213638283083683E+015  4.588000000000000E+015
