   1.00000000000000       3.595997288010260E+016  2.895000000000000E+016
   2.00000000000000       3.062206315269996E+016  2.445000000000000E+016
   3.00000000000000       2.624015528992634E+016  2.219000000000000E+016
   5.00000000000000       1.962672811398796E+016  1.642000000000000E+016
   10.0000000000000       1.103722626968098E+016  7.478000000000000E+015
   30.0000000000000       2.726870977382572E+015  2.783000000000000E+015
   1.00000000000000       3.595997288010260E+016  2.895000000000000E+016
   2.00000000000000       3.062206315269996E+016  2.445000000000000E+016
   3.00000000000000       2.624015528992634E+016  2.219000000000000E+016
   5.00000000000000       1.962672811398796E+016  1.642000000000000E+016
   10.0000000000000       1.103722626968098E+016  7.478000000000000E+015
   30.0000000000000       2.726870977382572E+015  2.783000000000000E+015
   1.00000000000000       2.893022620867310E+016  2.895000000000000E+016
   2.00000000000000       2.500873709051388E+016  2.445000000000000E+016
   3.00000000000000       2.140150816050478E+016  2.219000000000000E+016
   5.00000000000000       1.588253751593473E+016  1.642000000000000E+016
   10.0000000000000       8.835247787698554E+015  7.478000000000000E+015
   30.0000000000000       2.154417202858506E+015  2.783000000000000E+015
