   1.00000000000000       2.046864939853615E+016  5.491000000000000E+016
   2.00000000000000       1.845713027688660E+016  4.270000000000000E+016
   3.00000000000000       1.695769693964872E+016  3.530000000000000E+016
   5.00000000000000       1.376708008000383E+016  2.576000000000000E+016
   10.0000000000000       8.248732240169512E+015  1.346000000000000E+016
   30.0000000000000       1.982798830989242E+015  2.514000000000000E+015
   1.00000000000000       2.046864939853615E+016  5.491000000000000E+016
   2.00000000000000       1.845713027688660E+016  4.270000000000000E+016
   3.00000000000000       1.695769693964872E+016  3.530000000000000E+016
   5.00000000000000       1.376708008000383E+016  2.576000000000000E+016
   10.0000000000000       8.248732240169512E+015  1.346000000000000E+016
   30.0000000000000       1.982798830989242E+015  2.514000000000000E+015
   1.00000000000000       5.477250135896875E+016  5.491000000000000E+016
   2.00000000000000       4.290340942070797E+016  4.270000000000000E+016
   3.00000000000000       3.530998011713954E+016  3.530000000000000E+016
   5.00000000000000       2.538377780769623E+016  2.576000000000000E+016
   10.0000000000000       1.374217188750676E+016  1.346000000000000E+016
   30.0000000000000       3.104022126541725E+015  2.514000000000000E+015
