   1.00000000000000       2.652289535064066E+016  1.386000000000000E+016
   2.00000000000000       2.580003284452850E+016  1.609000000000000E+016
   3.00000000000000       2.350292779984270E+016  1.467000000000000E+016
   5.00000000000000       1.906991834118548E+016  1.240000000000000E+016
   10.0000000000000       1.192391717419213E+016  8.592000000000000E+015
   30.0000000000000       3.507611933843174E+015  2.939000000000000E+015
   1.00000000000000       2.652289535064066E+016  1.386000000000000E+016
   2.00000000000000       2.580003284452850E+016  1.609000000000000E+016
   3.00000000000000       2.350292779984270E+016  1.467000000000000E+016
   5.00000000000000       1.906991834118548E+016  1.240000000000000E+016
   10.0000000000000       1.192391717419213E+016  8.592000000000000E+015
   30.0000000000000       3.507611933843174E+015  2.939000000000000E+015
   1.00000000000000       1.411219082946485E+016  1.386000000000000E+016
   2.00000000000000       1.551114711876814E+016  1.609000000000000E+016
   3.00000000000000       1.490870269261330E+016  1.467000000000000E+016
   5.00000000000000       1.276611702861259E+016  1.240000000000000E+016
   10.0000000000000       8.390580292078892E+015  8.592000000000000E+015
   30.0000000000000       2.582320651470898E+015  2.939000000000000E+015
