   1.00000000000000       3.097272089897438E+016  1.978000000000000E+016
   2.00000000000000       2.842784872082646E+016  1.928000000000000E+016
   3.00000000000000       2.557807776919735E+016  1.623000000000000E+016
   5.00000000000000       2.012872675307131E+016  1.353000000000000E+016
   10.0000000000000       1.154983513801474E+016  9.441000000000000E+015
   30.0000000000000       2.921329232759420E+015  2.728000000000000E+015
   1.00000000000000       3.097272089897438E+016  1.978000000000000E+016
   2.00000000000000       2.842784872082646E+016  1.928000000000000E+016
   3.00000000000000       2.557807776919735E+016  1.623000000000000E+016
   5.00000000000000       2.012872675307131E+016  1.353000000000000E+016
   10.0000000000000       1.154983513801474E+016  9.441000000000000E+015
   30.0000000000000       2.921329232759420E+015  2.728000000000000E+015
   1.00000000000000       1.995791360081060E+016  1.978000000000000E+016
   2.00000000000000       1.838953101284422E+016  1.928000000000000E+016
   3.00000000000000       1.703773369034841E+016  1.623000000000000E+016
   5.00000000000000       1.407539835826557E+016  1.353000000000000E+016
   10.0000000000000       8.469861823044452E+015  9.441000000000000E+015
   30.0000000000000       2.230737240749481E+015  2.728000000000000E+015
