   1.00000000000000       3.133707937988764E+016  1.890000000000000E+016
   2.00000000000000       3.005483498398461E+016  1.896000000000000E+016
   3.00000000000000       2.716385373537741E+016  1.630000000000000E+016
   5.00000000000000       2.149477678011455E+016  1.238000000000000E+016
   10.0000000000000       1.246470087982107E+016  7.781000000000000E+015
   30.0000000000000       3.222719220102518E+015  2.940000000000000E+015
   1.00000000000000       3.133707937988764E+016  1.890000000000000E+016
   2.00000000000000       3.005483498398461E+016  1.896000000000000E+016
   3.00000000000000       2.716385373537741E+016  1.630000000000000E+016
   5.00000000000000       2.149477678011455E+016  1.238000000000000E+016
   10.0000000000000       1.246470087982107E+016  7.781000000000000E+015
   30.0000000000000       3.222719220102518E+015  2.940000000000000E+015
   1.00000000000000       1.914791174784262E+016  1.890000000000000E+016
   2.00000000000000       1.834063277547701E+016  1.896000000000000E+016
   3.00000000000000       1.648642678102043E+016  1.630000000000000E+016
   5.00000000000000       1.299933089153216E+016  1.238000000000000E+016
   10.0000000000000       7.550581833391526E+015  7.781000000000000E+015
   30.0000000000000       1.965015712844249E+015  2.940000000000000E+015
