   1.00000000000000       5.401853239830115E+016  7.934000000000000E+016
   2.00000000000000       5.163925723246813E+016  5.663000000000000E+016
   3.00000000000000       4.941398238113306E+016  4.670000000000000E+016
   5.00000000000000       4.215506260809669E+016  3.625000000000000E+016
   10.0000000000000       2.595086026337455E+016  2.497000000000000E+016
   30.0000000000000       6.843573588549032E+015  6.335000000000000E+015
   1.00000000000000       5.401853239830115E+016  7.934000000000000E+016
   2.00000000000000       5.163925723246813E+016  5.663000000000000E+016
   3.00000000000000       4.941398238113306E+016  4.670000000000000E+016
   5.00000000000000       4.215506260809669E+016  3.625000000000000E+016
   10.0000000000000       2.595086026337455E+016  2.497000000000000E+016
   30.0000000000000       6.843573588549032E+015  6.335000000000000E+015
   1.00000000000000       7.914786805381709E+016  7.934000000000000E+016
   2.00000000000000       5.656109545654039E+016  5.663000000000000E+016
   3.00000000000000       4.676335044723546E+016  4.670000000000000E+016
   5.00000000000000       3.738542742234909E+016  3.625000000000000E+016
   10.0000000000000       2.358438725721632E+016  2.497000000000000E+016
   30.0000000000000       6.592879327950152E+015  6.335000000000000E+015
