   1.00000000000000       2.658844869249123E+016  3.430000000000000E+016
   2.00000000000000       2.523514670544288E+016  3.514000000000000E+016
   3.00000000000000       2.327453825395334E+016  3.128000000000000E+016
   5.00000000000000       1.919540649579148E+016  2.425000000000000E+016
   10.0000000000000       1.200481093717921E+016  1.329000000000000E+016
   30.0000000000000       3.100714391412678E+015  3.308000000000000E+015
   1.00000000000000       2.658844869249123E+016  3.430000000000000E+016
   2.00000000000000       2.523514670544288E+016  3.514000000000000E+016
   3.00000000000000       2.327453825395334E+016  3.128000000000000E+016
   5.00000000000000       1.919540649579148E+016  2.425000000000000E+016
   10.0000000000000       1.200481093717921E+016  1.329000000000000E+016
   30.0000000000000       3.100714391412678E+015  3.308000000000000E+015
   1.00000000000000       3.464707566706829E+016  3.430000000000000E+016
   2.00000000000000       3.464675061563084E+016  3.514000000000000E+016
   3.00000000000000       3.131809256269430E+016  3.128000000000000E+016
   5.00000000000000       2.415981045136710E+016  2.425000000000000E+016
   10.0000000000000       1.370988493794337E+016  1.329000000000000E+016
   30.0000000000000       3.253396710519066E+015  3.308000000000000E+015
