   1.00000000000000       3.769171438521022E+016  1.924000000000000E+016
   2.00000000000000       3.209445480788022E+016  1.724000000000000E+016
   3.00000000000000       2.824055067680285E+016  1.651000000000000E+016
   5.00000000000000       2.199141594951647E+016  1.482000000000000E+016
   10.0000000000000       1.281185293566941E+016  8.335000000000000E+015
   30.0000000000000       3.533129255458899E+015  3.030000000000000E+015
   1.00000000000000       3.769171438521022E+016  1.924000000000000E+016
   2.00000000000000       3.209445480788022E+016  1.724000000000000E+016
   3.00000000000000       2.824055067680285E+016  1.651000000000000E+016
   5.00000000000000       2.199141594951647E+016  1.482000000000000E+016
   10.0000000000000       1.281185293566941E+016  8.335000000000000E+015
   30.0000000000000       3.533129255458899E+015  3.030000000000000E+015
   1.00000000000000       1.914787464097250E+016  1.924000000000000E+016
   2.00000000000000       1.749091480481394E+016  1.724000000000000E+016
   3.00000000000000       1.662960277649359E+016  1.651000000000000E+016
   5.00000000000000       1.418713419303287E+016  1.482000000000000E+016
   10.0000000000000       8.918320098021906E+015  8.335000000000000E+015
   30.0000000000000       2.630993226425734E+015  3.030000000000000E+015
