   1.00000000000000       3.990650258538955E+016  4.039000000000000E+016
   2.00000000000000       3.476506804885936E+016  3.674000000000000E+016
   3.00000000000000       3.192267245542108E+016  3.126000000000000E+016
   5.00000000000000       2.736513981440484E+016  2.161000000000000E+016
   10.0000000000000       1.817535938533304E+016  1.112000000000000E+016
   30.0000000000000       6.016484342437058E+015  4.565000000000000E+015
   1.00000000000000       3.990650258538955E+016  4.039000000000000E+016
   2.00000000000000       3.476506804885936E+016  3.674000000000000E+016
   3.00000000000000       3.192267245542108E+016  3.126000000000000E+016
   5.00000000000000       2.736513981440484E+016  2.161000000000000E+016
   10.0000000000000       1.817535938533304E+016  1.112000000000000E+016
   30.0000000000000       6.016484342437058E+015  4.565000000000000E+015
   1.00000000000000       4.085810438666749E+016  4.039000000000000E+016
   2.00000000000000       3.603310153862627E+016  3.674000000000000E+016
   3.00000000000000       3.078182311372406E+016  3.126000000000000E+016
   5.00000000000000       2.226203241777000E+016  2.161000000000000E+016
   10.0000000000000       1.173089119702306E+016  1.112000000000000E+016
   30.0000000000000       2.944752343573248E+015  4.565000000000000E+015
