   1.00000000000000       3.876070949575462E+016  1.561000000000000E+016
   2.00000000000000       3.621192763119696E+016  1.381000000000000E+016
   3.00000000000000       3.282796044848392E+016  1.205000000000000E+016
   5.00000000000000       2.653251499692904E+016  1.022000000000000E+016
   10.0000000000000       1.630339959835547E+016  7.707000000000000E+015
   30.0000000000000       5.124504669815652E+015  3.815000000000000E+015
   1.00000000000000       3.876070949575462E+016  1.561000000000000E+016
   2.00000000000000       3.621192763119696E+016  1.381000000000000E+016
   3.00000000000000       3.282796044848392E+016  1.205000000000000E+016
   5.00000000000000       2.653251499692904E+016  1.022000000000000E+016
   10.0000000000000       1.630339959835547E+016  7.707000000000000E+015
   30.0000000000000       5.124504669815652E+015  3.815000000000000E+015
   1.00000000000000       1.573715668862190E+016  1.561000000000000E+016
   2.00000000000000       1.327932103599639E+016  1.381000000000000E+016
   3.00000000000000       1.222570494504790E+016  1.205000000000000E+016
   5.00000000000000       1.079821647726458E+016  1.022000000000000E+016
   10.0000000000000       7.493965389159877E+015  7.707000000000000E+015
   30.0000000000000       2.712635481247372E+015  3.815000000000000E+015
