   1.00000000000000       2.207534847952665E+016  1.566000000000000E+016
   2.00000000000000       1.933542414726172E+016  1.454000000000000E+016
   3.00000000000000       1.716888266614803E+016  1.346000000000000E+016
   5.00000000000000       1.367581418669898E+016  1.201000000000000E+016
   10.0000000000000       8.373610651970421E+015  7.717000000000000E+015
   30.0000000000000       2.412489070936588E+015  2.062000000000000E+015
   1.00000000000000       2.207534847952665E+016  1.566000000000000E+016
   2.00000000000000       1.933542414726172E+016  1.454000000000000E+016
   3.00000000000000       1.716888266614803E+016  1.346000000000000E+016
   5.00000000000000       1.367581418669898E+016  1.201000000000000E+016
   10.0000000000000       8.373610651970421E+015  7.717000000000000E+015
   30.0000000000000       2.412489070936588E+015  2.062000000000000E+015
   1.00000000000000       1.560508346956480E+016  1.566000000000000E+016
   2.00000000000000       1.458416741181052E+016  1.454000000000000E+016
   3.00000000000000       1.372293697708403E+016  1.346000000000000E+016
   5.00000000000000       1.172173945123954E+016  1.201000000000000E+016
   10.0000000000000       7.640685011038890E+015  7.717000000000000E+015
   30.0000000000000       2.317339262943636E+015  2.062000000000000E+015
