   1.00000000000000       3.834881312720758E+016  6.062000000000000E+016
   2.00000000000000       3.664047617779666E+016  4.984000000000000E+016
   3.00000000000000       3.490648571211782E+016  4.050000000000000E+016
   5.00000000000000       2.974454891306728E+016  2.905000000000000E+016
   10.0000000000000       1.834520809359315E+016  1.674000000000000E+016
   30.0000000000000       4.759273376560845E+015  4.406000000000000E+015
   1.00000000000000       3.834881312720758E+016  6.062000000000000E+016
   2.00000000000000       3.664047617779666E+016  4.984000000000000E+016
   3.00000000000000       3.490648571211782E+016  4.050000000000000E+016
   5.00000000000000       2.974454891306728E+016  2.905000000000000E+016
   10.0000000000000       1.834520809359315E+016  1.674000000000000E+016
   30.0000000000000       4.759273376560845E+015  4.406000000000000E+015
   1.00000000000000       6.075592591249039E+016  6.062000000000000E+016
   2.00000000000000       4.910565470878022E+016  4.984000000000000E+016
   3.00000000000000       4.084692406570695E+016  4.050000000000000E+016
   5.00000000000000       2.976840952134817E+016  2.905000000000000E+016
   10.0000000000000       1.626590015219501E+016  1.674000000000000E+016
   30.0000000000000       3.927876069117217E+015  4.406000000000000E+015
