   1.00000000000000       3.942051000354909E+016  6.364000000000000E+016
   2.00000000000000       3.471568882282738E+016  5.246000000000000E+016
   3.00000000000000       3.253285817229556E+016  4.946000000000000E+016
   5.00000000000000       2.794691527061500E+016  3.384000000000000E+016
   10.0000000000000       1.764275384242706E+016  1.888000000000000E+016
   30.0000000000000       4.841544499109368E+015  4.400000000000000E+015
   1.00000000000000       3.942051000354909E+016  6.364000000000000E+016
   2.00000000000000       3.471568882282738E+016  5.246000000000000E+016
   3.00000000000000       3.253285817229556E+016  4.946000000000000E+016
   5.00000000000000       2.794691527061500E+016  3.384000000000000E+016
   10.0000000000000       1.764275384242706E+016  1.888000000000000E+016
   30.0000000000000       4.841544499109368E+015  4.400000000000000E+015
   1.00000000000000       6.345736439469581E+016  6.364000000000000E+016
   2.00000000000000       5.387033098555706E+016  5.246000000000000E+016
   3.00000000000000       4.682043091841261E+016  4.946000000000000E+016
   5.00000000000000       3.504330648612929E+016  3.384000000000000E+016
   10.0000000000000       1.891391643646371E+016  1.888000000000000E+016
   30.0000000000000       4.467838063728493E+015  4.400000000000000E+015
