   1.00000000000000       3.035314248548896E+016  5.864000000000000E+016
   2.00000000000000       2.721148654953486E+016  4.458000000000000E+016
   3.00000000000000       2.496777300380684E+016  3.581000000000000E+016
   5.00000000000000       2.019778680914221E+016  2.710000000000000E+016
   10.0000000000000       1.200687512398792E+016  1.443000000000000E+016
   30.0000000000000       2.816963485547565E+015  3.763000000000000E+015
   1.00000000000000       3.035314248548896E+016  5.864000000000000E+016
   2.00000000000000       2.721148654953486E+016  4.458000000000000E+016
   3.00000000000000       2.496777300380684E+016  3.581000000000000E+016
   5.00000000000000       2.019778680914221E+016  2.710000000000000E+016
   10.0000000000000       1.200687512398792E+016  1.443000000000000E+016
   30.0000000000000       2.816963485547565E+015  3.763000000000000E+015
   1.00000000000000       5.852827850945748E+016  5.864000000000000E+016
   2.00000000000000       4.439932207926985E+016  4.458000000000000E+016
   3.00000000000000       3.652989426655762E+016  3.581000000000000E+016
   5.00000000000000       2.659222751887424E+016  2.710000000000000E+016
   10.0000000000000       1.462195274417449E+016  1.443000000000000E+016
   30.0000000000000       3.276867545297334E+015  3.763000000000000E+015
