   1.00000000000000       2.900575910859482E+016  3.513000000000000E+016
   2.00000000000000       2.812094619653788E+016  3.529000000000000E+016
   3.00000000000000       2.596789538025073E+016  3.186000000000000E+016
   5.00000000000000       2.129716311641413E+016  2.293000000000000E+016
   10.0000000000000       1.318539972378841E+016  1.301000000000000E+016
   30.0000000000000       3.318604205083178E+015  3.645000000000000E+015
   1.00000000000000       2.900575910859482E+016  3.513000000000000E+016
   2.00000000000000       2.812094619653788E+016  3.529000000000000E+016
   3.00000000000000       2.596789538025073E+016  3.186000000000000E+016
   5.00000000000000       2.129716311641413E+016  2.293000000000000E+016
   10.0000000000000       1.318539972378841E+016  1.301000000000000E+016
   30.0000000000000       3.318604205083178E+015  3.645000000000000E+015
   1.00000000000000       3.539479575782274E+016  3.513000000000000E+016
   2.00000000000000       3.505895093838005E+016  3.529000000000000E+016
   3.00000000000000       3.122519601087661E+016  3.186000000000000E+016
   5.00000000000000       2.362085465365463E+016  2.293000000000000E+016
   10.0000000000000       1.314517389821546E+016  1.301000000000000E+016
   30.0000000000000       3.039613915123769E+015  3.645000000000000E+015
