   1.00000000000000       2.566230739635873E+016  1.343000000000000E+016
   2.00000000000000       2.533193437311154E+016  1.381000000000000E+016
   3.00000000000000       2.324955682604635E+016  1.328000000000000E+016
   5.00000000000000       1.901183801304951E+016  1.094000000000000E+016
   10.0000000000000       1.181955660031954E+016  7.230000000000000E+015
   30.0000000000000       3.711567008187868E+015  2.782000000000000E+015
   1.00000000000000       2.566230739635873E+016  1.343000000000000E+016
   2.00000000000000       2.533193437311154E+016  1.381000000000000E+016
   3.00000000000000       2.324955682604635E+016  1.328000000000000E+016
   5.00000000000000       1.901183801304951E+016  1.094000000000000E+016
   10.0000000000000       1.181955660031954E+016  7.230000000000000E+015
   30.0000000000000       3.711567008187868E+015  2.782000000000000E+015
   1.00000000000000       1.347492017439648E+016  1.343000000000000E+016
   2.00000000000000       1.380593477095892E+016  1.381000000000000E+016
   3.00000000000000       1.307971074765548E+016  1.328000000000000E+016
   5.00000000000000       1.117335665163081E+016  1.094000000000000E+016
   10.0000000000000       7.267245636418722E+015  7.230000000000000E+015
   30.0000000000000       2.392589919215592E+015  2.782000000000000E+015
