   1.00000000000000       3.097208702995124E+016  2.020000000000000E+016
   2.00000000000000       2.873621234357726E+016  2.103000000000000E+016
   3.00000000000000       2.598696106886396E+016  1.918000000000000E+016
   5.00000000000000       2.111017350060382E+016  1.610000000000000E+016
   10.0000000000000       1.322563425650866E+016  1.005000000000000E+016
   30.0000000000000       3.740343900917696E+015  3.408000000000000E+015
   1.00000000000000       3.097208702995124E+016  2.020000000000000E+016
   2.00000000000000       2.873621234357726E+016  2.103000000000000E+016
   3.00000000000000       2.598696106886396E+016  1.918000000000000E+016
   5.00000000000000       2.111017350060382E+016  1.610000000000000E+016
   10.0000000000000       1.322563425650866E+016  1.005000000000000E+016
   30.0000000000000       3.740343900917696E+015  3.408000000000000E+015
   1.00000000000000       2.035832573929450E+016  2.020000000000000E+016
   2.00000000000000       2.067896288872596E+016  2.103000000000000E+016
   3.00000000000000       1.934869696333814E+016  1.918000000000000E+016
   5.00000000000000       1.611157620045523E+016  1.610000000000000E+016
   10.0000000000000       1.024602699772633E+016  1.005000000000000E+016
   30.0000000000000       2.924035245629670E+015  3.408000000000000E+015
