   1.00000000000000       4.252682901253422E+016  5.159000000000000E+016
   2.00000000000000       3.849370811174582E+016  4.178000000000000E+016
   3.00000000000000       3.507923045610760E+016  3.522000000000000E+016
   5.00000000000000       2.941880635222282E+016  2.642000000000000E+016
   10.0000000000000       1.903684890865519E+016  1.323000000000000E+016
   30.0000000000000       5.944361299593737E+015  4.731000000000000E+015
   1.00000000000000       4.252682901253422E+016  5.159000000000000E+016
   2.00000000000000       3.849370811174582E+016  4.178000000000000E+016
   3.00000000000000       3.507923045610760E+016  3.522000000000000E+016
   5.00000000000000       2.941880635222282E+016  2.642000000000000E+016
   10.0000000000000       1.903684890865519E+016  1.323000000000000E+016
   30.0000000000000       5.944361299593737E+015  4.731000000000000E+015
   1.00000000000000       5.149149987966950E+016  5.159000000000000E+016
   2.00000000000000       4.213436941118961E+016  4.178000000000000E+016
   3.00000000000000       3.509663780709380E+016  3.522000000000000E+016
   5.00000000000000       2.571331877730213E+016  2.642000000000000E+016
   10.0000000000000       1.432371780933156E+016  1.323000000000000E+016
   30.0000000000000       3.857407920772544E+015  4.731000000000000E+015
