   1.00000000000000       3.077875608998584E+016  7.422000000000000E+016
   2.00000000000000       2.866036693265118E+016  5.680000000000000E+016
   3.00000000000000       2.591151107574548E+016  4.719000000000000E+016
   5.00000000000000       2.012708306072430E+016  3.489000000000000E+016
   10.0000000000000       1.148564331945691E+016  1.747000000000000E+016
   30.0000000000000       2.844963634424230E+015  2.967000000000000E+015
   1.00000000000000       3.077875608998584E+016  7.422000000000000E+016
   2.00000000000000       2.866036693265118E+016  5.680000000000000E+016
   3.00000000000000       2.591151107574548E+016  4.719000000000000E+016
   5.00000000000000       2.012708306072430E+016  3.489000000000000E+016
   10.0000000000000       1.148564331945691E+016  1.747000000000000E+016
   30.0000000000000       2.844963634424230E+015  2.967000000000000E+015
   1.00000000000000       7.375686698168250E+016  7.422000000000000E+016
   2.00000000000000       5.776177876906990E+016  5.680000000000000E+016
   3.00000000000000       4.730044267962211E+016  4.719000000000000E+016
   5.00000000000000       3.359734147059226E+016  3.489000000000000E+016
   10.0000000000000       1.795892077395998E+016  1.747000000000000E+016
   30.0000000000000       4.235610371647409E+015  2.967000000000000E+015
