   1.00000000000000       4.005725325362698E+016  1.850000000000000E+016
   2.00000000000000       3.431994565357051E+016  1.698000000000000E+016
   3.00000000000000       3.014442839063939E+016  1.644000000000000E+016
   5.00000000000000       2.347771499682724E+016  1.298000000000000E+016
   10.0000000000000       1.382341454752825E+016  7.547000000000000E+015
   30.0000000000000       3.937456311624901E+015  3.258000000000000E+015
   1.00000000000000       4.005725325362698E+016  1.850000000000000E+016
   2.00000000000000       3.431994565357051E+016  1.698000000000000E+016
   3.00000000000000       3.014442839063939E+016  1.644000000000000E+016
   5.00000000000000       2.347771499682724E+016  1.298000000000000E+016
   10.0000000000000       1.382341454752825E+016  7.547000000000000E+015
   30.0000000000000       3.937456311624901E+015  3.258000000000000E+015
   1.00000000000000       1.850483502066977E+016  1.850000000000000E+016
   2.00000000000000       1.721887618367495E+016  1.698000000000000E+016
   3.00000000000000       1.593690484827518E+016  1.644000000000000E+016
   5.00000000000000       1.309065666329403E+016  1.298000000000000E+016
   10.0000000000000       8.045489802462688E+015  7.547000000000000E+015
   30.0000000000000       2.382253019403828E+015  3.258000000000000E+015
