   1.00000000000000       1.243611116886329E+016  2.745000000000000E+016
   2.00000000000000       1.044593258397880E+016  2.397000000000000E+016
   3.00000000000000       8.964042643451798E+015  2.095000000000000E+016
   5.00000000000000       6.725500362942502E+015  1.368000000000000E+016
   10.0000000000000       3.784377809217590E+015  5.699000000000000E+015
   30.0000000000000        924800412364590.        979500000000000.     
   1.00000000000000       1.243611116886329E+016  2.745000000000000E+016
   2.00000000000000       1.044593258397880E+016  2.397000000000000E+016
   3.00000000000000       8.964042643451798E+015  2.095000000000000E+016
   5.00000000000000       6.725500362942502E+015  1.368000000000000E+016
   10.0000000000000       3.784377809217590E+015  5.699000000000000E+015
   30.0000000000000        924800412364590.        979500000000000.     
   1.00000000000000       2.810718169232463E+016  2.745000000000000E+016
   2.00000000000000       2.334804601510174E+016  2.397000000000000E+016
   3.00000000000000       1.945427794345509E+016  2.095000000000000E+016
   5.00000000000000       1.398640568703009E+016  1.368000000000000E+016
   10.0000000000000       7.536993583744714E+015  5.699000000000000E+015
   30.0000000000000       1.768174090057388E+015   979500000000000.     
