   1.00000000000000       1.338516072999634E+016  3.021000000000000E+016
   2.00000000000000       1.168107246160343E+016  2.571000000000000E+016
   3.00000000000000       1.005315083504302E+016  2.290000000000000E+016
   5.00000000000000       7.483923856140960E+015  1.552000000000000E+016
   10.0000000000000       4.188096836267016E+015  8.037000000000000E+015
   30.0000000000000       1.082183807827400E+015   995800000000000.     
   1.00000000000000       1.338516072999634E+016  3.021000000000000E+016
   2.00000000000000       1.168107246160343E+016  2.571000000000000E+016
   3.00000000000000       1.005315083504302E+016  2.290000000000000E+016
   5.00000000000000       7.483923856140960E+015  1.552000000000000E+016
   10.0000000000000       4.188096836267016E+015  8.037000000000000E+015
   30.0000000000000       1.082183807827400E+015   995800000000000.     
   1.00000000000000       3.034856196361859E+016  3.021000000000000E+016
   2.00000000000000       2.592951949554442E+016  2.571000000000000E+016
   3.00000000000000       2.178429918210988E+016  2.290000000000000E+016
   5.00000000000000       1.574027615251288E+016  1.552000000000000E+016
   10.0000000000000       8.558530189847867E+015  8.037000000000000E+015
   30.0000000000000       2.140322474321000E+015   995800000000000.     
