   1.00000000000000       1.516378956654986E+016  1.470000000000000E+016
   2.00000000000000       1.306321212312526E+016  1.318000000000000E+016
   3.00000000000000       1.144446970618724E+016  1.237000000000000E+016
   5.00000000000000       9.007766262712622E+015  9.141000000000000E+015
   10.0000000000000       5.436792491889352E+015  5.380000000000000E+015
   30.0000000000000       1.274158297273876E+015  1.520000000000000E+015
   1.00000000000000       1.516378956654986E+016  1.470000000000000E+016
   2.00000000000000       1.306321212312526E+016  1.318000000000000E+016
   3.00000000000000       1.144446970618724E+016  1.237000000000000E+016
   5.00000000000000       9.007766262712622E+015  9.141000000000000E+015
   10.0000000000000       5.436792491889352E+015  5.380000000000000E+015
   30.0000000000000       1.274158297273876E+015  1.520000000000000E+015
   1.00000000000000       1.476189167238257E+016  1.470000000000000E+016
   2.00000000000000       1.334718528212618E+016  1.318000000000000E+016
   3.00000000000000       1.186007222111855E+016  1.237000000000000E+016
   5.00000000000000       9.354664367154662E+015  9.141000000000000E+015
   10.0000000000000       5.597470644874226E+015  5.380000000000000E+015
   30.0000000000000       1.303390175981263E+015  1.520000000000000E+015
