   1.00000000000000       1.980296838453573E+016  3.612000000000000E+016
   2.00000000000000       1.880173464881912E+016  3.795000000000000E+016
   3.00000000000000       1.734005332115076E+016  3.013000000000000E+016
   5.00000000000000       1.419575344822449E+016  2.183000000000000E+016
   10.0000000000000       8.708835585153354E+015  1.248000000000000E+016
   30.0000000000000       2.099784860582351E+015  2.466000000000000E+015
   1.00000000000000       1.980296838453573E+016  3.612000000000000E+016
   2.00000000000000       1.880173464881912E+016  3.795000000000000E+016
   3.00000000000000       1.734005332115076E+016  3.013000000000000E+016
   5.00000000000000       1.419575344822449E+016  2.183000000000000E+016
   10.0000000000000       8.708835585153354E+015  1.248000000000000E+016
   30.0000000000000       2.099784860582351E+015  2.466000000000000E+015
   1.00000000000000       3.721870622729807E+016  3.612000000000000E+016
   2.00000000000000       3.559000519763625E+016  3.795000000000000E+016
   3.00000000000000       3.099920424352098E+016  3.013000000000000E+016
   5.00000000000000       2.269452882331358E+016  2.183000000000000E+016
   10.0000000000000       1.211221624529237E+016  1.248000000000000E+016
   30.0000000000000       2.651385051219876E+015  2.466000000000000E+015
