   1.00000000000000       3.993177876178946E+016  3.037000000000000E+016
   2.00000000000000       3.367233192787154E+016  2.774000000000000E+016
   3.00000000000000       2.896868650071860E+016  2.278000000000000E+016
   5.00000000000000       2.183728039560548E+016  1.695000000000000E+016
   10.0000000000000       1.243251383684400E+016  1.003000000000000E+016
   30.0000000000000       3.213680607966760E+015  3.194000000000000E+015
   1.00000000000000       3.993177876178946E+016  3.037000000000000E+016
   2.00000000000000       3.367233192787154E+016  2.774000000000000E+016
   3.00000000000000       2.896868650071860E+016  2.278000000000000E+016
   5.00000000000000       2.183728039560548E+016  1.695000000000000E+016
   10.0000000000000       1.243251383684400E+016  1.003000000000000E+016
   30.0000000000000       3.213680607966760E+015  3.194000000000000E+015
   1.00000000000000       3.066984229855906E+016  3.037000000000000E+016
   2.00000000000000       2.678665008202604E+016  2.774000000000000E+016
   3.00000000000000       2.318373321772724E+016  2.278000000000000E+016
   5.00000000000000       1.745911773054480E+016  1.695000000000000E+016
   10.0000000000000       9.895633886995684E+015  1.003000000000000E+016
   30.0000000000000       2.541203539793113E+015  3.194000000000000E+015
