   1.00000000000000       8.957486223691085E+016  1.549000000000000E+016
   2.00000000000000       7.226024086584514E+016  1.318000000000000E+016
   3.00000000000000       6.129525262426142E+016  1.151000000000000E+016
   5.00000000000000       4.543861554496862E+016  8.802000000000000E+015
   10.0000000000000       2.453460844294722E+016  5.449000000000000E+015
   30.0000000000000       3.952094464695717E+015 -2.407000000000000E+015
   1.00000000000000       8.957486223691085E+016  1.549000000000000E+016
   2.00000000000000       7.226024086584514E+016  1.318000000000000E+016
   3.00000000000000       6.129525262426142E+016  1.151000000000000E+016
   5.00000000000000       4.543861554496862E+016  8.802000000000000E+015
   10.0000000000000       2.453460844294722E+016  5.449000000000000E+015
   30.0000000000000       3.952094464695717E+015 -2.407000000000000E+015
   1.00000000000000       1.556256954485857E+016  1.549000000000000E+016
   2.00000000000000       1.295432075717209E+016  1.318000000000000E+016
   3.00000000000000       1.151012242866837E+016  1.151000000000000E+016
   5.00000000000000       9.070766974710768E+015  8.802000000000000E+015
   10.0000000000000       5.139431784942616E+015  5.449000000000000E+015
   30.0000000000000        740969920341433.      -2.407000000000000E+015
