   1.00000000000000       5.040161659737694E+016  4.147000000000000E+016
   2.00000000000000       4.437563434066486E+016  3.461000000000000E+016
   3.00000000000000       4.078876441539318E+016  3.085000000000000E+016
   5.00000000000000       3.459616071508386E+016  2.374000000000000E+016
   10.0000000000000       2.243617659559264E+016  1.353000000000000E+016
   30.0000000000000       7.183458109204213E+015  5.562000000000000E+015
   1.00000000000000       5.040161659737694E+016  4.147000000000000E+016
   2.00000000000000       4.437563434066486E+016  3.461000000000000E+016
   3.00000000000000       4.078876441539318E+016  3.085000000000000E+016
   5.00000000000000       3.459616071508386E+016  2.374000000000000E+016
   10.0000000000000       2.243617659559264E+016  1.353000000000000E+016
   30.0000000000000       7.183458109204213E+015  5.562000000000000E+015
   1.00000000000000       4.147974210059286E+016  4.147000000000000E+016
   2.00000000000000       3.487655962343711E+016  3.461000000000000E+016
   3.00000000000000       3.034424940459810E+016  3.085000000000000E+016
   5.00000000000000       2.376689232972059E+016  2.374000000000000E+016
   10.0000000000000       1.429733633585810E+016  1.353000000000000E+016
   30.0000000000000       4.299841888379329E+015  5.562000000000000E+015
