   1.00000000000000       1.741886129322535E+016  1.740000000000000E+016
   2.00000000000000       1.527346198885034E+016  1.566000000000000E+016
   3.00000000000000       1.340479669203434E+016  1.415000000000000E+016
   5.00000000000000       1.061384907161170E+016  1.094000000000000E+016
   10.0000000000000       6.545444098218322E+015  7.069000000000000E+015
   30.0000000000000       1.901359394366812E+015  1.622000000000000E+015
   1.00000000000000       1.741886129322535E+016  1.740000000000000E+016
   2.00000000000000       1.527346198885034E+016  1.566000000000000E+016
   3.00000000000000       1.340479669203434E+016  1.415000000000000E+016
   5.00000000000000       1.061384907161170E+016  1.094000000000000E+016
   10.0000000000000       6.545444098218322E+015  7.069000000000000E+015
   30.0000000000000       1.901359394366812E+015  1.622000000000000E+015
   1.00000000000000       1.742566357625591E+016  1.740000000000000E+016
   2.00000000000000       1.571832396089585E+016  1.566000000000000E+016
   3.00000000000000       1.395469026916311E+016  1.415000000000000E+016
   5.00000000000000       1.112859568915636E+016  1.094000000000000E+016
   10.0000000000000       6.871612264203114E+015  7.069000000000000E+015
   30.0000000000000       1.990177346477165E+015  1.622000000000000E+015
