   1.00000000000000       2.715053807033811E+016  1.503000000000000E+016
   2.00000000000000       2.533267714583741E+016  1.419000000000000E+016
   3.00000000000000       2.275684248284270E+016  1.213000000000000E+016
   5.00000000000000       1.813444448014809E+016  9.994000000000000E+015
   10.0000000000000       1.086431830186559E+016  6.730000000000000E+015
   30.0000000000000       3.204130789671976E+015  2.557000000000000E+015
   1.00000000000000       2.715053807033811E+016  1.503000000000000E+016
   2.00000000000000       2.533267714583741E+016  1.419000000000000E+016
   3.00000000000000       2.275684248284270E+016  1.213000000000000E+016
   5.00000000000000       1.813444448014809E+016  9.994000000000000E+015
   10.0000000000000       1.086431830186559E+016  6.730000000000000E+015
   30.0000000000000       3.204130789671976E+015  2.557000000000000E+015
   1.00000000000000       1.513923116541350E+016  1.503000000000000E+016
   2.00000000000000       1.374139211894908E+016  1.419000000000000E+016
   3.00000000000000       1.247545775441692E+016  1.213000000000000E+016
   5.00000000000000       1.030276670544093E+016  9.994000000000000E+015
   10.0000000000000       6.471209560055126E+015  6.730000000000000E+015
   30.0000000000000       2.018110383836059E+015  2.557000000000000E+015
