   1.00000000000000       5.288445354298211E+016  6.956000000000000E+016
   2.00000000000000       5.015700489973582E+016  5.183000000000000E+016
   3.00000000000000       4.833737845858877E+016  4.293000000000000E+016
   5.00000000000000       4.138436590348307E+016  3.355000000000000E+016
   10.0000000000000       2.529743813336514E+016  2.014000000000000E+016
   30.0000000000000       6.504182665123799E+015  6.176000000000000E+015
   1.00000000000000       5.288445354298211E+016  6.956000000000000E+016
   2.00000000000000       5.015700489973582E+016  5.183000000000000E+016
   3.00000000000000       4.833737845858877E+016  4.293000000000000E+016
   5.00000000000000       4.138436590348307E+016  3.355000000000000E+016
   10.0000000000000       2.529743813336514E+016  2.014000000000000E+016
   30.0000000000000       6.504182665123799E+015  6.176000000000000E+015
   1.00000000000000       6.939608563537824E+016  6.956000000000000E+016
   2.00000000000000       5.171553604480138E+016  5.183000000000000E+016
   3.00000000000000       4.329753980729056E+016  4.293000000000000E+016
   5.00000000000000       3.368673350684946E+016  3.355000000000000E+016
   10.0000000000000       2.006849365576400E+016  2.014000000000000E+016
   30.0000000000000       5.220851882402326E+015  6.176000000000000E+015
