   1.00000000000000       2.603659079752982E+016  2.430000000000000E+016
   2.00000000000000       2.166954829929666E+016  2.014000000000000E+016
   3.00000000000000       1.851995315463151E+016  1.863000000000000E+016
   5.00000000000000       1.388026548924439E+016  1.439000000000000E+016
   10.0000000000000       7.801853253784614E+015  7.688000000000000E+015
   30.0000000000000       1.844606099835110E+015  2.048000000000000E+015
   1.00000000000000       2.603659079752982E+016  2.430000000000000E+016
   2.00000000000000       2.166954829929666E+016  2.014000000000000E+016
   3.00000000000000       1.851995315463151E+016  1.863000000000000E+016
   5.00000000000000       1.388026548924439E+016  1.439000000000000E+016
   10.0000000000000       7.801853253784614E+015  7.688000000000000E+015
   30.0000000000000       1.844606099835110E+015  2.048000000000000E+015
   1.00000000000000       2.413705861120173E+016  2.430000000000000E+016
   2.00000000000000       2.078255542165731E+016  2.014000000000000E+016
   3.00000000000000       1.823757733049236E+016  1.863000000000000E+016
   5.00000000000000       1.405981962182121E+016  1.439000000000000E+016
   10.0000000000000       8.087714156983558E+015  7.688000000000000E+015
   30.0000000000000       1.944446591274657E+015  2.048000000000000E+015
