   1.00000000000000       2.387462583250408E+016  1.818000000000000E+016
   2.00000000000000       1.953520898329924E+016  1.657000000000000E+016
   3.00000000000000       1.681226020540457E+016  1.535000000000000E+016
   5.00000000000000       1.283570058963948E+016  1.139000000000000E+016
   10.0000000000000       7.400780783656000E+015  6.797000000000000E+015
   30.0000000000000       1.800431509615354E+015  1.926000000000000E+015
   1.00000000000000       2.387462583250408E+016  1.818000000000000E+016
   2.00000000000000       1.953520898329924E+016  1.657000000000000E+016
   3.00000000000000       1.681226020540457E+016  1.535000000000000E+016
   5.00000000000000       1.283570058963948E+016  1.139000000000000E+016
   10.0000000000000       7.400780783656000E+015  6.797000000000000E+015
   30.0000000000000       1.800431509615354E+015  1.926000000000000E+015
   1.00000000000000       1.830489814011021E+016  1.818000000000000E+016
   2.00000000000000       1.656028301927092E+016  1.657000000000000E+016
   3.00000000000000       1.489679564522734E+016  1.535000000000000E+016
   5.00000000000000       1.176111951772034E+016  1.139000000000000E+016
   10.0000000000000       6.917621617732096E+015  6.797000000000000E+015
   30.0000000000000       1.699237340753724E+015  1.926000000000000E+015
