   1.00000000000000       2.662335120922263E+016  1.206000000000000E+016
   2.00000000000000       2.753261420395097E+016  1.282000000000000E+016
   3.00000000000000       2.577739879829140E+016  1.143000000000000E+016
   5.00000000000000       2.141886216720145E+016  9.474000000000000E+015
   10.0000000000000       1.361439382876817E+016  6.344000000000000E+015
   30.0000000000000       4.405144401999298E+015  3.197000000000000E+015
   1.00000000000000       2.662335120922263E+016  1.206000000000000E+016
   2.00000000000000       2.753261420395097E+016  1.282000000000000E+016
   3.00000000000000       2.577739879829140E+016  1.143000000000000E+016
   5.00000000000000       2.141886216720145E+016  9.474000000000000E+015
   10.0000000000000       1.361439382876817E+016  6.344000000000000E+015
   30.0000000000000       4.405144401999298E+015  3.197000000000000E+015
   1.00000000000000       1.229700801307120E+016  1.206000000000000E+016
   2.00000000000000       1.238787884677023E+016  1.282000000000000E+016
   3.00000000000000       1.156542905740888E+016  1.143000000000000E+016
   5.00000000000000       9.810375150849698E+015  9.474000000000000E+015
   10.0000000000000       6.516871780779092E+015  6.344000000000000E+015
   30.0000000000000       2.249139889366778E+015  3.197000000000000E+015
