   1.00000000000000       2.725178940919021E+016  1.867000000000000E+016
   2.00000000000000       2.341378963975204E+016  1.742000000000000E+016
   3.00000000000000       2.051495873447930E+016  1.454000000000000E+016
   5.00000000000000       1.613189679809183E+016  1.139000000000000E+016
   10.0000000000000       9.742756497760340E+015  7.060000000000000E+015
   30.0000000000000       2.641048868205530E+015  2.472000000000000E+015
   1.00000000000000       2.725178940919021E+016  1.867000000000000E+016
   2.00000000000000       2.341378963975204E+016  1.742000000000000E+016
   3.00000000000000       2.051495873447930E+016  1.454000000000000E+016
   5.00000000000000       1.613189679809183E+016  1.139000000000000E+016
   10.0000000000000       9.742756497760340E+015  7.060000000000000E+015
   30.0000000000000       2.641048868205530E+015  2.472000000000000E+015
   1.00000000000000       1.889485222873598E+016  1.867000000000000E+016
   2.00000000000000       1.679324112316829E+016  1.742000000000000E+016
   3.00000000000000       1.482934665346758E+016  1.454000000000000E+016
   5.00000000000000       1.168442440378917E+016  1.139000000000000E+016
   10.0000000000000       7.052732572794545E+015  7.060000000000000E+015
   30.0000000000000       1.911842413760906E+015  2.472000000000000E+015
