   1.00000000000000       1.243844064178862E+016  1.620000000000000E+016
   2.00000000000000       1.049016615125478E+016  1.582000000000000E+016
   3.00000000000000       9.153012433167536E+015  1.537000000000000E+016
   5.00000000000000       7.119369416337866E+015  1.168000000000000E+016
   10.0000000000000       4.164383870553341E+015  6.132000000000000E+015
   30.0000000000000        818549348181258.       1.222000000000000E+015
   1.00000000000000       1.243844064178862E+016  1.620000000000000E+016
   2.00000000000000       1.049016615125478E+016  1.582000000000000E+016
   3.00000000000000       9.153012433167536E+015  1.537000000000000E+016
   5.00000000000000       7.119369416337866E+015  1.168000000000000E+016
   10.0000000000000       4.164383870553341E+015  6.132000000000000E+015
   30.0000000000000        818549348181258.       1.222000000000000E+015
   1.00000000000000       1.645612587764312E+016  1.620000000000000E+016
   2.00000000000000       1.592279187555430E+016  1.582000000000000E+016
   3.00000000000000       1.457786019390376E+016  1.537000000000000E+016
   5.00000000000000       1.162652801239420E+016  1.168000000000000E+016
   10.0000000000000       6.825317940399561E+015  6.132000000000000E+015
   30.0000000000000       1.352395615473692E+015  1.222000000000000E+015
