   1.00000000000000       2.261731946558073E+016  5.041000000000000E+016
   2.00000000000000       2.132639846365382E+016  4.424000000000000E+016
   3.00000000000000       1.979988814733072E+016  3.379000000000000E+016
   5.00000000000000       1.622467864180466E+016  2.477000000000000E+016
   10.0000000000000       9.813670044528152E+015  1.396000000000000E+016
   30.0000000000000       2.232251740665766E+015  2.956000000000000E+015
   1.00000000000000       2.261731946558073E+016  5.041000000000000E+016
   2.00000000000000       2.132639846365382E+016  4.424000000000000E+016
   3.00000000000000       1.979988814733072E+016  3.379000000000000E+016
   5.00000000000000       1.622467864180466E+016  2.477000000000000E+016
   10.0000000000000       9.813670044528152E+015  1.396000000000000E+016
   30.0000000000000       2.232251740665766E+015  2.956000000000000E+015
   1.00000000000000       5.093671666526766E+016  5.041000000000000E+016
   2.00000000000000       4.240445256641439E+016  4.424000000000000E+016
   3.00000000000000       3.523901411936799E+016  3.379000000000000E+016
   5.00000000000000       2.516413799492236E+016  2.477000000000000E+016
   10.0000000000000       1.338583238668650E+016  1.396000000000000E+016
   30.0000000000000       2.862736970430664E+015  2.956000000000000E+015
