   1.00000000000000       2.166471647101427E+016  1.952000000000000E+016
   2.00000000000000       1.855699509275090E+016  1.739000000000000E+016
   3.00000000000000       1.666187630463757E+016  1.482000000000000E+016
   5.00000000000000       1.338874357269352E+016  1.226000000000000E+016
   10.0000000000000       8.056573082791460E+015  7.914000000000000E+015
   30.0000000000000       1.685767862932140E+015  2.372000000000000E+015
   1.00000000000000       2.166471647101427E+016  1.952000000000000E+016
   2.00000000000000       1.855699509275090E+016  1.739000000000000E+016
   3.00000000000000       1.666187630463757E+016  1.482000000000000E+016
   5.00000000000000       1.338874357269352E+016  1.226000000000000E+016
   10.0000000000000       8.056573082791460E+015  7.914000000000000E+015
   30.0000000000000       1.685767862932140E+015  2.372000000000000E+015
   1.00000000000000       1.962069547387478E+016  1.952000000000000E+016
   2.00000000000000       1.685988354383161E+016  1.739000000000000E+016
   3.00000000000000       1.529826656523013E+016  1.482000000000000E+016
   5.00000000000000       1.250297263216717E+016  1.226000000000000E+016
   10.0000000000000       7.654240968175980E+015  7.914000000000000E+015
   30.0000000000000       1.603727265718950E+015  2.372000000000000E+015
