   1.00000000000000       4.168509168251309E+016  2.893000000000000E+016
   2.00000000000000       3.534053361809048E+016  2.595000000000000E+016
   3.00000000000000       3.112814284876354E+016  2.102000000000000E+016
   5.00000000000000       2.410928590275066E+016  1.781000000000000E+016
   10.0000000000000       1.340311508209587E+016  1.132000000000000E+016
   30.0000000000000       3.025410247263836E+015  3.043000000000000E+015
   1.00000000000000       4.168509168251309E+016  2.893000000000000E+016
   2.00000000000000       3.534053361809048E+016  2.595000000000000E+016
   3.00000000000000       3.112814284876354E+016  2.102000000000000E+016
   5.00000000000000       2.410928590275066E+016  1.781000000000000E+016
   10.0000000000000       1.340311508209587E+016  1.132000000000000E+016
   30.0000000000000       3.025410247263836E+015  3.043000000000000E+015
   1.00000000000000       2.912908802572123E+016  2.893000000000000E+016
   2.00000000000000       2.471758192688394E+016  2.595000000000000E+016
   3.00000000000000       2.232722358820160E+016  2.102000000000000E+016
   5.00000000000000       1.808193636314993E+016  1.781000000000000E+016
   10.0000000000000       1.047700078134424E+016  1.132000000000000E+016
   30.0000000000000       2.409130652540355E+015  3.043000000000000E+015
