   1.00000000000000       1.169690822961016E+016  4.749000000000000E+016
   2.00000000000000       1.051205183373316E+016  3.744000000000000E+016
   3.00000000000000       9.592538958327924E+015  3.123000000000000E+016
   5.00000000000000       7.708651707341472E+015  2.194000000000000E+016
   10.0000000000000       4.523803186718127E+015  1.116000000000000E+016
   30.0000000000000        900408688442190.       1.489000000000000E+015
   1.00000000000000       1.169690822961016E+016  4.749000000000000E+016
   2.00000000000000       1.051205183373316E+016  3.744000000000000E+016
   3.00000000000000       9.592538958327924E+015  3.123000000000000E+016
   5.00000000000000       7.708651707341472E+015  2.194000000000000E+016
   10.0000000000000       4.523803186718127E+015  1.116000000000000E+016
   30.0000000000000        900408688442190.       1.489000000000000E+015
   1.00000000000000       4.740217796417629E+016  4.749000000000000E+016
   2.00000000000000       3.750513259835704E+016  3.744000000000000E+016
   3.00000000000000       3.080281765112112E+016  3.123000000000000E+016
   5.00000000000000       2.195661865406959E+016  2.194000000000000E+016
   10.0000000000000       1.167049698477521E+016  1.116000000000000E+016
   30.0000000000000       2.329956752614576E+015  1.489000000000000E+015
