   1.00000000000000       3.172235102867367E+016  1.936000000000000E+016
   2.00000000000000       2.717735779231658E+016  1.755000000000000E+016
   3.00000000000000       2.416208570212656E+016  1.606000000000000E+016
   5.00000000000000       1.987026595759136E+016  1.265000000000000E+016
   10.0000000000000       1.293488149983116E+016  8.235000000000000E+015
   30.0000000000000       4.330372983655010E+015  3.140000000000000E+015
   1.00000000000000       3.172235102867367E+016  1.936000000000000E+016
   2.00000000000000       2.717735779231658E+016  1.755000000000000E+016
   3.00000000000000       2.416208570212656E+016  1.606000000000000E+016
   5.00000000000000       1.987026595759136E+016  1.265000000000000E+016
   10.0000000000000       1.293488149983116E+016  8.235000000000000E+015
   30.0000000000000       4.330372983655010E+015  3.140000000000000E+015
   1.00000000000000       1.946774519591942E+016  1.936000000000000E+016
   2.00000000000000       1.749130659445398E+016  1.755000000000000E+016
   3.00000000000000       1.574056594816039E+016  1.606000000000000E+016
   5.00000000000000       1.294833080884948E+016  1.265000000000000E+016
   10.0000000000000       8.370299558648822E+015  8.235000000000000E+015
   30.0000000000000       2.785420619263041E+015  3.140000000000000E+015
