   1.00000000000000       3.592403698747082E+016  4.959000000000000E+016
   2.00000000000000       3.207689457290280E+016  4.481000000000000E+016
   3.00000000000000       2.923410650290983E+016  3.553000000000000E+016
   5.00000000000000       2.357526410137211E+016  2.407000000000000E+016
   10.0000000000000       1.403513573986344E+016  1.532000000000000E+016
   30.0000000000000       3.222821581553273E+015  4.383000000000000E+015
   1.00000000000000       3.592403698747082E+016  4.959000000000000E+016
   2.00000000000000       3.207689457290280E+016  4.481000000000000E+016
   3.00000000000000       2.923410650290983E+016  3.553000000000000E+016
   5.00000000000000       2.357526410137211E+016  2.407000000000000E+016
   10.0000000000000       1.403513573986344E+016  1.532000000000000E+016
   30.0000000000000       3.222821581553273E+015  4.383000000000000E+015
   1.00000000000000       5.024138352976134E+016  4.959000000000000E+016
   2.00000000000000       4.293224770815805E+016  4.481000000000000E+016
   3.00000000000000       3.612689420737946E+016  3.553000000000000E+016
   5.00000000000000       2.606768940012839E+016  2.407000000000000E+016
   10.0000000000000       1.396912505808987E+016  1.532000000000000E+016
   30.0000000000000       3.046988958661118E+015  4.383000000000000E+015
