   1.00000000000000       2.282110839657308E+016  6.019000000000000E+016
   2.00000000000000       2.038695899763336E+016  5.846000000000000E+016
   3.00000000000000       1.854871818580840E+016  4.506000000000000E+016
   5.00000000000000       1.483164515661862E+016  3.481000000000000E+016
   10.0000000000000       8.770766916173284E+015  1.439000000000000E+016
   30.0000000000000       2.185604252958259E+015  2.496000000000000E+015
   1.00000000000000       2.282110839657308E+016  6.019000000000000E+016
   2.00000000000000       2.038695899763336E+016  5.846000000000000E+016
   3.00000000000000       1.854871818580840E+016  4.506000000000000E+016
   5.00000000000000       1.483164515661862E+016  3.481000000000000E+016
   10.0000000000000       8.770766916173284E+015  1.439000000000000E+016
   30.0000000000000       2.185604252958259E+015  2.496000000000000E+015
   1.00000000000000       6.185902043539557E+016  6.019000000000000E+016
   2.00000000000000       5.540406334690093E+016  5.846000000000000E+016
   3.00000000000000       4.658385908744090E+016  4.506000000000000E+016
   5.00000000000000       3.287700182903364E+016  3.481000000000000E+016
   10.0000000000000       1.712826836604152E+016  1.439000000000000E+016
   30.0000000000000       3.902627499812556E+015  2.496000000000000E+015
