   1.00000000000000       2.685740512892089E+016  4.988000000000000E+016
   2.00000000000000       2.476274371849270E+016  3.853000000000000E+016
   3.00000000000000       2.284560896130606E+016  3.162000000000000E+016
   5.00000000000000       1.858494526718232E+016  2.373000000000000E+016
   10.0000000000000       1.107127281509433E+016  1.473000000000000E+016
   30.0000000000000       2.301041244891160E+015  3.608000000000000E+015
   1.00000000000000       2.685740512892089E+016  4.988000000000000E+016
   2.00000000000000       2.476274371849270E+016  3.853000000000000E+016
   3.00000000000000       2.284560896130606E+016  3.162000000000000E+016
   5.00000000000000       1.858494526718232E+016  2.373000000000000E+016
   10.0000000000000       1.107127281509433E+016  1.473000000000000E+016
   30.0000000000000       2.301041244891160E+015  3.608000000000000E+015
   1.00000000000000       4.967037662095330E+016  4.988000000000000E+016
   2.00000000000000       3.837117033352449E+016  3.853000000000000E+016
   3.00000000000000       3.218307996110187E+016  3.162000000000000E+016
   5.00000000000000       2.422472123097326E+016  2.373000000000000E+016
   10.0000000000000       1.377104458535525E+016  1.473000000000000E+016
   30.0000000000000       2.810019138640896E+015  3.608000000000000E+015
