   1.00000000000000       4.513421961615315E+016  7.368000000000000E+016
   2.00000000000000       4.573214272944826E+016  5.851000000000000E+016
   3.00000000000000       4.239373295953733E+016  4.753000000000000E+016
   5.00000000000000       3.321505314143971E+016  3.389000000000000E+016
   10.0000000000000       1.886708852093806E+016  1.815000000000000E+016
   30.0000000000000       4.794850532243880E+015  4.192000000000000E+015
   1.00000000000000       4.513421961615315E+016  7.368000000000000E+016
   2.00000000000000       4.573214272944826E+016  5.851000000000000E+016
   3.00000000000000       4.239373295953733E+016  4.753000000000000E+016
   5.00000000000000       3.321505314143971E+016  3.389000000000000E+016
   10.0000000000000       1.886708852093806E+016  1.815000000000000E+016
   30.0000000000000       4.794850532243880E+015  4.192000000000000E+015
   1.00000000000000       7.333610939782362E+016  7.368000000000000E+016
   2.00000000000000       5.869134281601242E+016  5.851000000000000E+016
   3.00000000000000       4.793198392542340E+016  4.753000000000000E+016
   5.00000000000000       3.375996841306108E+016  3.389000000000000E+016
   10.0000000000000       1.786020999882663E+016  1.815000000000000E+016
   30.0000000000000       4.299764233389900E+015  4.192000000000000E+015
