   1.00000000000000       1.753778644175526E+016  1.690000000000000E+016
   2.00000000000000       1.513836827190644E+016  1.470000000000000E+016
   3.00000000000000       1.335560086424761E+016  1.292000000000000E+016
   5.00000000000000       1.047994711842534E+016  1.080000000000000E+016
   10.0000000000000       6.259126511014768E+015  6.675000000000000E+015
   30.0000000000000       1.811785948078584E+015  1.488000000000000E+015
   1.00000000000000       1.753778644175526E+016  1.690000000000000E+016
   2.00000000000000       1.513836827190644E+016  1.470000000000000E+016
   3.00000000000000       1.335560086424761E+016  1.292000000000000E+016
   5.00000000000000       1.047994711842534E+016  1.080000000000000E+016
   10.0000000000000       6.259126511014768E+015  6.675000000000000E+015
   30.0000000000000       1.811785948078584E+015  1.488000000000000E+015
   1.00000000000000       1.683590908070927E+016  1.690000000000000E+016
   2.00000000000000       1.472402872731810E+016  1.470000000000000E+016
   3.00000000000000       1.320705715412267E+016  1.292000000000000E+016
   5.00000000000000       1.058930007052574E+016  1.080000000000000E+016
   10.0000000000000       6.452815608362376E+015  6.675000000000000E+015
   30.0000000000000       1.903360637661751E+015  1.488000000000000E+015
