   1.00000000000000       4.970488619881232E+016  6.481000000000000E+016
   2.00000000000000       4.636988358643884E+016  6.148000000000000E+016
   3.00000000000000       4.305310643359413E+016  5.026000000000000E+016
   5.00000000000000       3.512509876718936E+016  3.561000000000000E+016
   10.0000000000000       2.078638973360493E+016  2.008000000000000E+016
   30.0000000000000       5.337801974098626E+015  4.892000000000000E+015
   1.00000000000000       4.970488619881232E+016  6.481000000000000E+016
   2.00000000000000       4.636988358643884E+016  6.148000000000000E+016
   3.00000000000000       4.305310643359413E+016  5.026000000000000E+016
   5.00000000000000       3.512509876718936E+016  3.561000000000000E+016
   10.0000000000000       2.078638973360493E+016  2.008000000000000E+016
   30.0000000000000       5.337801974098626E+015  4.892000000000000E+015
   1.00000000000000       6.549852554556371E+016  6.481000000000000E+016
   2.00000000000000       5.961908190740142E+016  6.148000000000000E+016
   3.00000000000000       5.112750145899613E+016  5.026000000000000E+016
   5.00000000000000       3.682619690695037E+016  3.561000000000000E+016
   10.0000000000000       1.925452895424410E+016  2.008000000000000E+016
   30.0000000000000       4.458986818719722E+015  4.892000000000000E+015
