   1.00000000000000       1.117043033231122E+016  3.357000000000000E+016
   2.00000000000000       1.004703405878447E+016  2.935000000000000E+016
   3.00000000000000       9.161945439161132E+015  2.443000000000000E+016
   5.00000000000000       7.377789098086730E+015  1.879000000000000E+016
   10.0000000000000       4.342875020739772E+015  1.042000000000000E+016
   30.0000000000000        740488801510852.       1.403000000000000E+015
   1.00000000000000       1.117043033231122E+016  3.357000000000000E+016
   2.00000000000000       1.004703405878447E+016  2.935000000000000E+016
   3.00000000000000       9.161945439161132E+015  2.443000000000000E+016
   5.00000000000000       7.377789098086730E+015  1.879000000000000E+016
   10.0000000000000       4.342875020739772E+015  1.042000000000000E+016
   30.0000000000000        740488801510852.       1.403000000000000E+015
   1.00000000000000       3.372104605367050E+016  3.357000000000000E+016
   2.00000000000000       2.873716277952030E+016  2.935000000000000E+016
   3.00000000000000       2.484676755768305E+016  2.443000000000000E+016
   5.00000000000000       1.873728151160569E+016  1.879000000000000E+016
   10.0000000000000       1.041793907041080E+016  1.042000000000000E+016
   30.0000000000000       1.852179970895580E+015  1.403000000000000E+015
