   1.00000000000000       2.552789113653390E+016  1.870000000000000E+016
   2.00000000000000       2.087653018900991E+016  1.762000000000000E+016
   3.00000000000000       1.797701009305248E+016  1.592000000000000E+016
   5.00000000000000       1.371108035170019E+016  1.104000000000000E+016
   10.0000000000000       7.870332976967864E+015  6.511000000000000E+015
   30.0000000000000       1.879178290016269E+015  2.084000000000000E+015
   1.00000000000000       2.552789113653390E+016  1.870000000000000E+016
   2.00000000000000       2.087653018900991E+016  1.762000000000000E+016
   3.00000000000000       1.797701009305248E+016  1.592000000000000E+016
   5.00000000000000       1.371108035170019E+016  1.104000000000000E+016
   10.0000000000000       7.870332976967864E+015  6.511000000000000E+015
   30.0000000000000       1.879178290016269E+015  2.084000000000000E+015
   1.00000000000000       1.899149133879500E+016  1.870000000000000E+016
   2.00000000000000       1.728374843818237E+016  1.762000000000000E+016
   3.00000000000000       1.530536651249598E+016  1.592000000000000E+016
   5.00000000000000       1.175497721489632E+016  1.104000000000000E+016
   10.0000000000000       6.701059243002352E+015  6.511000000000000E+015
   30.0000000000000       1.585438755328573E+015  2.084000000000000E+015
