   1.00000000000000       1.857493529935876E+016  3.788000000000000E+016
   2.00000000000000       1.619105047111373E+016  3.329000000000000E+016
   3.00000000000000       1.470663558796918E+016  2.771000000000000E+016
   5.00000000000000       1.185817710597863E+016  1.952000000000000E+016
   10.0000000000000       6.977251685744646E+015  1.181000000000000E+016
   30.0000000000000       1.195615014472510E+015  2.353000000000000E+015
   1.00000000000000       1.857493529935876E+016  3.788000000000000E+016
   2.00000000000000       1.619105047111373E+016  3.329000000000000E+016
   3.00000000000000       1.470663558796918E+016  2.771000000000000E+016
   5.00000000000000       1.185817710597863E+016  1.952000000000000E+016
   10.0000000000000       6.977251685744646E+015  1.181000000000000E+016
   30.0000000000000       1.195615014472510E+015  2.353000000000000E+015
   1.00000000000000       3.834109581673971E+016  3.788000000000000E+016
   2.00000000000000       3.226200280569794E+016  3.329000000000000E+016
   3.00000000000000       2.765854883371456E+016  2.771000000000000E+016
   5.00000000000000       2.063129362688858E+016  1.952000000000000E+016
   10.0000000000000       1.133818346445465E+016  1.181000000000000E+016
   30.0000000000000       2.050128608489968E+015  2.353000000000000E+015
