   1.00000000000000       3.837480157095088E+016  1.886000000000000E+016
   2.00000000000000       3.553221968343870E+016  1.546000000000000E+016
   3.00000000000000       3.193743014043377E+016  1.408000000000000E+016
   5.00000000000000       2.537984579665575E+016  1.201000000000000E+016
   10.0000000000000       1.508284543109566E+016  7.392000000000000E+015
   30.0000000000000       4.379305181862722E+015  3.557000000000000E+015
   1.00000000000000       3.837480157095088E+016  1.886000000000000E+016
   2.00000000000000       3.553221968343870E+016  1.546000000000000E+016
   3.00000000000000       3.193743014043377E+016  1.408000000000000E+016
   5.00000000000000       2.537984579665575E+016  1.201000000000000E+016
   10.0000000000000       1.508284543109566E+016  7.392000000000000E+015
   30.0000000000000       4.379305181862722E+015  3.557000000000000E+015
   1.00000000000000       1.875962504712317E+016  1.886000000000000E+016
   2.00000000000000       1.553896633725536E+016  1.546000000000000E+016
   3.00000000000000       1.408196599171745E+016  1.408000000000000E+016
   5.00000000000000       1.194675132469901E+016  1.201000000000000E+016
   10.0000000000000       7.735848156942714E+015  7.392000000000000E+015
   30.0000000000000       2.471340877010406E+015  3.557000000000000E+015
