   1.00000000000000       1.840456849778801E+016  1.908000000000000E+016
   2.00000000000000       1.563776822061922E+016  1.790000000000000E+016
   3.00000000000000       1.361140710382803E+016  1.551000000000000E+016
   5.00000000000000       1.055339299494115E+016  1.191000000000000E+016
   10.0000000000000       6.232457908697934E+015  6.803000000000000E+015
   30.0000000000000       1.616425744832510E+015  1.581000000000000E+015
   1.00000000000000       1.840456849778801E+016  1.908000000000000E+016
   2.00000000000000       1.563776822061922E+016  1.790000000000000E+016
   3.00000000000000       1.361140710382803E+016  1.551000000000000E+016
   5.00000000000000       1.055339299494115E+016  1.191000000000000E+016
   10.0000000000000       6.232457908697934E+015  6.803000000000000E+015
   30.0000000000000       1.616425744832510E+015  1.581000000000000E+015
   1.00000000000000       1.931378063991356E+016  1.908000000000000E+016
   2.00000000000000       1.749420773326618E+016  1.790000000000000E+016
   3.00000000000000       1.546234766930092E+016  1.551000000000000E+016
   5.00000000000000       1.198191543705652E+016  1.191000000000000E+016
   10.0000000000000       6.989861117296865E+015  6.803000000000000E+015
   30.0000000000000       1.784302276185580E+015  1.581000000000000E+015
