   1.00000000000000       3.980155229453231E+016  5.612000000000000E+016
   2.00000000000000       3.498978997800354E+016  4.621000000000000E+016
   3.00000000000000       3.074695935665648E+016  3.677000000000000E+016
   5.00000000000000       2.346829369721827E+016  2.579000000000000E+016
   10.0000000000000       1.328669501535666E+016  1.497000000000000E+016
   30.0000000000000       3.374086771755982E+015  3.881000000000000E+015
   1.00000000000000       3.980155229453231E+016  5.612000000000000E+016
   2.00000000000000       3.498978997800354E+016  4.621000000000000E+016
   3.00000000000000       3.074695935665648E+016  3.677000000000000E+016
   5.00000000000000       2.346829369721827E+016  2.579000000000000E+016
   10.0000000000000       1.328669501535666E+016  1.497000000000000E+016
   30.0000000000000       3.374086771755982E+015  3.881000000000000E+015
   1.00000000000000       5.635087272134381E+016  5.612000000000000E+016
   2.00000000000000       4.531492560857234E+016  4.621000000000000E+016
   3.00000000000000       3.728361377483264E+016  3.677000000000000E+016
   5.00000000000000       2.660048033310560E+016  2.579000000000000E+016
   10.0000000000000       1.428862361291251E+016  1.497000000000000E+016
   30.0000000000000       3.479874742317577E+015  3.881000000000000E+015
