   1.00000000000000       3.666235167751348E+015  1.568000000000000E+016
   2.00000000000000       3.114345972149494E+015  1.422000000000000E+016
   3.00000000000000       2.732930669911496E+015  1.157000000000000E+016
   5.00000000000000       2.171705072277427E+015  8.762000000000000E+015
   10.0000000000000       1.334350832780885E+015  5.692000000000000E+015
   30.0000000000000        335738028216864.        367200000000000.     
   1.00000000000000       3.666235167751348E+015  1.568000000000000E+016
   2.00000000000000       3.114345972149494E+015  1.422000000000000E+016
   3.00000000000000       2.732930669911496E+015  1.157000000000000E+016
   5.00000000000000       2.171705072277427E+015  8.762000000000000E+015
   10.0000000000000       1.334350832780885E+015  5.692000000000000E+015
   30.0000000000000        335738028216864.        367200000000000.     
   1.00000000000000       1.595444569687345E+016  1.568000000000000E+016
   2.00000000000000       1.354218277732613E+016  1.422000000000000E+016
   3.00000000000000       1.164219571959528E+016  1.157000000000000E+016
   5.00000000000000       8.864148164587120E+015  8.762000000000000E+015
   10.0000000000000       5.146281196608698E+015  5.692000000000000E+015
   30.0000000000000       1.242255860734880E+015   367200000000000.     
