   1.00000000000000       3.459169293954384E+016  2.498000000000000E+016
   2.00000000000000       2.850161956469241E+016  2.274000000000000E+016
   3.00000000000000       2.434971158813639E+016  1.996000000000000E+016
   5.00000000000000       1.827570503772207E+016  1.529000000000000E+016
   10.0000000000000       1.030113415450322E+016  8.979000000000000E+015
   30.0000000000000       2.476344114873278E+015  2.701000000000000E+015
   1.00000000000000       3.459169293954384E+016  2.498000000000000E+016
   2.00000000000000       2.850161956469241E+016  2.274000000000000E+016
   3.00000000000000       2.434971158813639E+016  1.996000000000000E+016
   5.00000000000000       1.827570503772207E+016  1.529000000000000E+016
   10.0000000000000       1.030113415450322E+016  8.979000000000000E+015
   30.0000000000000       2.476344114873278E+015  2.701000000000000E+015
   1.00000000000000       2.509737027028592E+016  2.498000000000000E+016
   2.00000000000000       2.245745271258220E+016  2.274000000000000E+016
   3.00000000000000       1.998212790126701E+016  1.996000000000000E+016
   5.00000000000000       1.553164172472713E+016  1.529000000000000E+016
   10.0000000000000       8.974916559987216E+015  8.979000000000000E+015
   30.0000000000000       2.195741744338906E+015  2.701000000000000E+015
