   1.00000000000000       5.259222853176599E+016  3.096000000000000E+016
   2.00000000000000       4.445037434126078E+016  2.483000000000000E+016
   3.00000000000000       3.914718074150773E+016  2.230000000000000E+016
   5.00000000000000       3.009954571107832E+016  1.766000000000000E+016
   10.0000000000000       1.647780160222096E+016  1.139000000000000E+016
   30.0000000000000       3.595481591328452E+015  3.642000000000000E+015
   1.00000000000000       5.259222853176599E+016  3.096000000000000E+016
   2.00000000000000       4.445037434126078E+016  2.483000000000000E+016
   3.00000000000000       3.914718074150773E+016  2.230000000000000E+016
   5.00000000000000       3.009954571107832E+016  1.766000000000000E+016
   10.0000000000000       1.647780160222096E+016  1.139000000000000E+016
   30.0000000000000       3.595481591328452E+015  3.642000000000000E+015
   1.00000000000000       3.085879497991970E+016  3.096000000000000E+016
   2.00000000000000       2.482410712162329E+016  2.483000000000000E+016
   3.00000000000000       2.240678201509140E+016  2.230000000000000E+016
   5.00000000000000       1.832956102887143E+016  1.766000000000000E+016
   10.0000000000000       1.063559564646833E+016  1.139000000000000E+016
   30.0000000000000       2.352493320126222E+015  3.642000000000000E+015
