   1.00000000000000       2.525348523239538E+016  1.791000000000000E+016
   2.00000000000000       2.090986789171478E+016  1.732000000000000E+016
   3.00000000000000       1.859695157828682E+016  1.516000000000000E+016
   5.00000000000000       1.498676883095570E+016  1.164000000000000E+016
   10.0000000000000       9.162234892268020E+015  8.194000000000000E+015
   30.0000000000000       2.077177666746486E+015  2.675000000000000E+015
   1.00000000000000       2.525348523239538E+016  1.791000000000000E+016
   2.00000000000000       2.090986789171478E+016  1.732000000000000E+016
   3.00000000000000       1.859695157828682E+016  1.516000000000000E+016
   5.00000000000000       1.498676883095570E+016  1.164000000000000E+016
   10.0000000000000       9.162234892268020E+015  8.194000000000000E+015
   30.0000000000000       2.077177666746486E+015  2.675000000000000E+015
   1.00000000000000       1.819600782786748E+016  1.791000000000000E+016
   2.00000000000000       1.653609007237753E+016  1.732000000000000E+016
   3.00000000000000       1.524056152669073E+016  1.516000000000000E+016
   5.00000000000000       1.256880565669889E+016  1.164000000000000E+016
   10.0000000000000       7.768438839786383E+015  8.194000000000000E+015
   30.0000000000000       1.765085549972967E+015  2.675000000000000E+015
