   1.00000000000000       1.025223661603132E+016  4.470000000000000E+016
   2.00000000000000       9.164134569812192E+015  3.642000000000000E+016
   3.00000000000000       8.345887316164486E+015  3.055000000000000E+016
   5.00000000000000       6.708892480583594E+015  2.105000000000000E+016
   10.0000000000000       3.940801067454452E+015  1.239000000000000E+016
   30.0000000000000        750818741411908.       1.308000000000000E+015
   1.00000000000000       1.025223661603132E+016  4.470000000000000E+016
   2.00000000000000       9.164134569812192E+015  3.642000000000000E+016
   3.00000000000000       8.345887316164486E+015  3.055000000000000E+016
   5.00000000000000       6.708892480583594E+015  2.105000000000000E+016
   10.0000000000000       3.940801067454452E+015  1.239000000000000E+016
   30.0000000000000        750818741411908.       1.308000000000000E+015
   1.00000000000000       4.468716078954596E+016  4.470000000000000E+016
   2.00000000000000       3.613212157286860E+016  3.642000000000000E+016
   3.00000000000000       3.017827476640202E+016  3.055000000000000E+016
   5.00000000000000       2.193378334429896E+016  2.105000000000000E+016
   10.0000000000000       1.184392218052052E+016  1.239000000000000E+016
   30.0000000000000       2.297475749765479E+015  1.308000000000000E+015
