   1.00000000000000       3.340838002846850E+016  5.735000000000000E+016
   2.00000000000000       3.161675064663398E+016  4.716000000000000E+016
   3.00000000000000       2.961658860871770E+016  3.876000000000000E+016
   5.00000000000000       2.505232026907783E+016  2.861000000000000E+016
   10.0000000000000       1.570985910326629E+016  1.578000000000000E+016
   30.0000000000000       4.361687239119634E+015  3.860000000000000E+015
   1.00000000000000       3.340838002846850E+016  5.735000000000000E+016
   2.00000000000000       3.161675064663398E+016  4.716000000000000E+016
   3.00000000000000       2.961658860871770E+016  3.876000000000000E+016
   5.00000000000000       2.505232026907783E+016  2.861000000000000E+016
   10.0000000000000       1.570985910326629E+016  1.578000000000000E+016
   30.0000000000000       4.361687239119634E+015  3.860000000000000E+015
   1.00000000000000       5.733112400732298E+016  5.735000000000000E+016
   2.00000000000000       4.690134958303781E+016  4.716000000000000E+016
   3.00000000000000       3.908142209750878E+016  3.876000000000000E+016
   5.00000000000000       2.856552517537863E+016  2.861000000000000E+016
   10.0000000000000       1.573773564846702E+016  1.578000000000000E+016
   30.0000000000000       3.962205859551474E+015  3.860000000000000E+015
