   1.00000000000000       2.960177862016612E+016  4.866000000000000E+016
   2.00000000000000       2.660253067910222E+016  4.272000000000000E+016
   3.00000000000000       2.437087931681235E+016  3.354000000000000E+016
   5.00000000000000       1.968026243477960E+016  2.388000000000000E+016
   10.0000000000000       1.168480336327593E+016  1.356000000000000E+016
   30.0000000000000       2.769001195831118E+015  3.745000000000000E+015
   1.00000000000000       2.960177862016612E+016  4.866000000000000E+016
   2.00000000000000       2.660253067910222E+016  4.272000000000000E+016
   3.00000000000000       2.437087931681235E+016  3.354000000000000E+016
   5.00000000000000       1.968026243477960E+016  2.388000000000000E+016
   10.0000000000000       1.168480336327593E+016  1.356000000000000E+016
   30.0000000000000       2.769001195831118E+015  3.745000000000000E+015
   1.00000000000000       4.923419701137662E+016  4.866000000000000E+016
   2.00000000000000       4.114894988868063E+016  4.272000000000000E+016
   3.00000000000000       3.433209284079807E+016  3.354000000000000E+016
   5.00000000000000       2.462747192802594E+016  2.388000000000000E+016
   10.0000000000000       1.317854596083143E+016  1.356000000000000E+016
   30.0000000000000       2.967306396925742E+015  3.745000000000000E+015
