   1.00000000000000       1.787046558056425E+016  1.778000000000000E+016
   2.00000000000000       1.466667021797919E+016  1.656000000000000E+016
   3.00000000000000       1.248328941654256E+016  1.281000000000000E+016
   5.00000000000000       9.307933029727520E+015  1.050000000000000E+016
   10.0000000000000       5.087630031687272E+015  5.350000000000000E+015
   30.0000000000000        771717392790056.       1.636000000000000E+015
   1.00000000000000       1.787046558056425E+016  1.778000000000000E+016
   2.00000000000000       1.466667021797919E+016  1.656000000000000E+016
   3.00000000000000       1.248328941654256E+016  1.281000000000000E+016
   5.00000000000000       9.307933029727520E+015  1.050000000000000E+016
   10.0000000000000       5.087630031687272E+015  5.350000000000000E+015
   30.0000000000000        771717392790056.       1.636000000000000E+015
   1.00000000000000       1.804142956371384E+016  1.778000000000000E+016
   2.00000000000000       1.571250729238868E+016  1.656000000000000E+016
   3.00000000000000       1.360033701993519E+016  1.281000000000000E+016
   5.00000000000000       1.020985722133488E+016  1.050000000000000E+016
   10.0000000000000       5.583370653517117E+015  5.350000000000000E+015
   30.0000000000000        860103823719319.       1.636000000000000E+015
