   1.00000000000000       2.002363411654062E+016  2.218000000000000E+016
   2.00000000000000       1.921487344869544E+016  2.317000000000000E+016
   3.00000000000000       1.751753672682127E+016  2.142000000000000E+016
   5.00000000000000       1.426563649042474E+016  1.842000000000000E+016
   10.0000000000000       8.923365495691185E+015  1.146000000000000E+016
   30.0000000000000       2.479381805880637E+015  2.317000000000000E+015
   1.00000000000000       2.002363411654062E+016  2.218000000000000E+016
   2.00000000000000       1.921487344869544E+016  2.317000000000000E+016
   3.00000000000000       1.751753672682127E+016  2.142000000000000E+016
   5.00000000000000       1.426563649042474E+016  1.842000000000000E+016
   10.0000000000000       8.923365495691185E+015  1.146000000000000E+016
   30.0000000000000       2.479381805880637E+015  2.317000000000000E+015
   1.00000000000000       2.222329347060440E+016  2.218000000000000E+016
   2.00000000000000       2.308063523177543E+016  2.317000000000000E+016
   3.00000000000000       2.172376341134040E+016  2.142000000000000E+016
   5.00000000000000       1.806094576458730E+016  1.842000000000000E+016
   10.0000000000000       1.136026908591913E+016  1.146000000000000E+016
   30.0000000000000       3.140709496044944E+015  2.317000000000000E+015
