   1.00000000000000       4.282709846864426E+016  7.480000000000000E+016
   2.00000000000000       4.206241536166787E+016  5.980000000000000E+016
   3.00000000000000       4.188971365797811E+016  5.103000000000000E+016
   5.00000000000000       3.832519543849938E+016  3.704000000000000E+016
   10.0000000000000       2.412093141916252E+016  2.121000000000000E+016
   30.0000000000000       5.442076155221248E+015  5.598000000000000E+015
   1.00000000000000       4.282709846864426E+016  7.480000000000000E+016
   2.00000000000000       4.206241536166787E+016  5.980000000000000E+016
   3.00000000000000       4.188971365797811E+016  5.103000000000000E+016
   5.00000000000000       3.832519543849938E+016  3.704000000000000E+016
   10.0000000000000       2.412093141916252E+016  2.121000000000000E+016
   30.0000000000000       5.442076155221248E+015  5.598000000000000E+015
   1.00000000000000       7.432907912456136E+016  7.480000000000000E+016
   2.00000000000000       6.015051524163864E+016  5.980000000000000E+016
   3.00000000000000       5.074273411013222E+016  5.103000000000000E+016
   5.00000000000000       3.803480397820629E+016  3.704000000000000E+016
   10.0000000000000       2.086456525778142E+016  2.121000000000000E+016
   30.0000000000000       4.524604237644509E+015  5.598000000000000E+015
