   1.00000000000000       3.000276007219786E+016  5.625000000000000E+016
   2.00000000000000       2.711663433164825E+016  4.824000000000000E+016
   3.00000000000000       2.544533764879265E+016  3.500000000000000E+016
   5.00000000000000       2.179546862411842E+016  2.558000000000000E+016
   10.0000000000000       1.401799799750494E+016  1.376000000000000E+016
   30.0000000000000       4.307745389086808E+015  3.507000000000000E+015
   1.00000000000000       3.000276007219786E+016  5.625000000000000E+016
   2.00000000000000       2.711663433164825E+016  4.824000000000000E+016
   3.00000000000000       2.544533764879265E+016  3.500000000000000E+016
   5.00000000000000       2.179546862411842E+016  2.558000000000000E+016
   10.0000000000000       1.401799799750494E+016  1.376000000000000E+016
   30.0000000000000       4.307745389086808E+015  3.507000000000000E+015
   1.00000000000000       5.708855842820934E+016  5.625000000000000E+016
   2.00000000000000       4.547664180392416E+016  4.824000000000000E+016
   3.00000000000000       3.702238836353196E+016  3.500000000000000E+016
   5.00000000000000       2.574597965825442E+016  2.558000000000000E+016
   10.0000000000000       1.333901230889786E+016  1.376000000000000E+016
   30.0000000000000       3.284620096878064E+015  3.507000000000000E+015
