   1.00000000000000       4.788746255404688E+016  1.987000000000000E+016
   2.00000000000000       4.021521643780979E+016  1.724000000000000E+016
   3.00000000000000       3.522421999590642E+016  1.658000000000000E+016
   5.00000000000000       2.716953940782793E+016  1.400000000000000E+016
   10.0000000000000       1.552321141087036E+016  7.447000000000000E+015
   30.0000000000000       4.077501553313924E+015  3.655000000000000E+015
   1.00000000000000       4.788746255404688E+016  1.987000000000000E+016
   2.00000000000000       4.021521643780979E+016  1.724000000000000E+016
   3.00000000000000       3.522421999590642E+016  1.658000000000000E+016
   5.00000000000000       2.716953940782793E+016  1.400000000000000E+016
   10.0000000000000       1.552321141087036E+016  7.447000000000000E+015
   30.0000000000000       4.077501553313924E+015  3.655000000000000E+015
   1.00000000000000       1.980964381275024E+016  1.987000000000000E+016
   2.00000000000000       1.751506537390065E+016  1.724000000000000E+016
   3.00000000000000       1.635601496127727E+016  1.658000000000000E+016
   5.00000000000000       1.363864583707318E+016  1.400000000000000E+016
   10.0000000000000       8.320324288015302E+015  7.447000000000000E+015
   30.0000000000000       2.313943071236122E+015  3.655000000000000E+015
