   1.00000000000000       1.916720874644542E+016  1.494000000000000E+016
   2.00000000000000       1.624003906749794E+016  1.396000000000000E+016
   3.00000000000000       1.426745428823452E+016  1.218000000000000E+016
   5.00000000000000       1.131237735841783E+016  9.394000000000000E+015
   10.0000000000000       6.902452846576250E+015  5.946000000000000E+015
   30.0000000000000       1.762749546957543E+015  1.858000000000000E+015
   1.00000000000000       1.916720874644542E+016  1.494000000000000E+016
   2.00000000000000       1.624003906749794E+016  1.396000000000000E+016
   3.00000000000000       1.426745428823452E+016  1.218000000000000E+016
   5.00000000000000       1.131237735841783E+016  9.394000000000000E+015
   10.0000000000000       6.902452846576250E+015  5.946000000000000E+015
   30.0000000000000       1.762749546957543E+015  1.858000000000000E+015
   1.00000000000000       1.511913829303197E+016  1.494000000000000E+016
   2.00000000000000       1.358420320875843E+016  1.396000000000000E+016
   3.00000000000000       1.216302199674773E+016  1.218000000000000E+016
   5.00000000000000       9.724828161232458E+015  9.394000000000000E+015
   10.0000000000000       5.929770968703506E+015  5.946000000000000E+015
   30.0000000000000       1.509077713344585E+015  1.858000000000000E+015
