   1.00000000000000       2.486025789303978E+016  1.353000000000000E+016
   2.00000000000000       2.595022100037260E+016  1.313000000000000E+016
   3.00000000000000       2.423510069080285E+016  1.242000000000000E+016
   5.00000000000000       2.002273320729329E+016  1.035000000000000E+016
   10.0000000000000       1.256640369436477E+016  7.556000000000000E+015
   30.0000000000000       4.024487236405966E+015  2.937000000000000E+015
   1.00000000000000       2.486025789303978E+016  1.353000000000000E+016
   2.00000000000000       2.595022100037260E+016  1.313000000000000E+016
   3.00000000000000       2.423510069080285E+016  1.242000000000000E+016
   5.00000000000000       2.002273320729329E+016  1.035000000000000E+016
   10.0000000000000       1.256640369436477E+016  7.556000000000000E+015
   30.0000000000000       4.024487236405966E+015  2.937000000000000E+015
   1.00000000000000       1.351803348615604E+016  1.353000000000000E+016
   2.00000000000000       1.308470481782330E+016  1.313000000000000E+016
   3.00000000000000       1.232792740027903E+016  1.242000000000000E+016
   5.00000000000000       1.075486551992311E+016  1.035000000000000E+016
   10.0000000000000       7.296369830435908E+015  7.556000000000000E+015
   30.0000000000000       2.555070015658114E+015  2.937000000000000E+015
