   1.00000000000000       4.964170677619982E+016  7.216000000000000E+016
   2.00000000000000       4.621429147087152E+016  5.475000000000000E+016
   3.00000000000000       4.431562767393553E+016  4.666000000000000E+016
   5.00000000000000       3.798664492756281E+016  3.234000000000000E+016
   10.0000000000000       2.319684022248499E+016  1.893000000000000E+016
   30.0000000000000       5.701917514771461E+015  5.546000000000000E+015
   1.00000000000000       4.964170677619982E+016  7.216000000000000E+016
   2.00000000000000       4.621429147087152E+016  5.475000000000000E+016
   3.00000000000000       4.431562767393553E+016  4.666000000000000E+016
   5.00000000000000       3.798664492756281E+016  3.234000000000000E+016
   10.0000000000000       2.319684022248499E+016  1.893000000000000E+016
   30.0000000000000       5.701917514771461E+015  5.546000000000000E+015
   1.00000000000000       7.199009998040864E+016  7.216000000000000E+016
   2.00000000000000       5.522837153955163E+016  5.475000000000000E+016
   3.00000000000000       4.570256105334699E+016  4.666000000000000E+016
   5.00000000000000       3.362406527364126E+016  3.234000000000000E+016
   10.0000000000000       1.854476089637454E+016  1.893000000000000E+016
   30.0000000000000       4.352622261351630E+015  5.546000000000000E+015
