   1.00000000000000       4.457202159916050E+016  6.386000000000000E+016
   2.00000000000000       4.415028985521567E+016  5.121000000000000E+016
   3.00000000000000       4.334211529800140E+016  4.035000000000000E+016
   5.00000000000000       3.782871220708490E+016  2.846000000000000E+016
   10.0000000000000       2.346437344633388E+016  1.764000000000000E+016
   30.0000000000000       5.942318869179213E+015  5.698000000000000E+015
   1.00000000000000       4.457202159916050E+016  6.386000000000000E+016
   2.00000000000000       4.415028985521567E+016  5.121000000000000E+016
   3.00000000000000       4.334211529800140E+016  4.035000000000000E+016
   5.00000000000000       3.782871220708490E+016  2.846000000000000E+016
   10.0000000000000       2.346437344633388E+016  1.764000000000000E+016
   30.0000000000000       5.942318869179213E+015  5.698000000000000E+015
   1.00000000000000       6.416261265168654E+016  6.386000000000000E+016
   2.00000000000000       5.003433435444495E+016  5.121000000000000E+016
   3.00000000000000       4.087120043037264E+016  4.035000000000000E+016
   5.00000000000000       2.979675644851366E+016  2.846000000000000E+016
   10.0000000000000       1.667809451156623E+016  1.764000000000000E+016
   30.0000000000000       4.083869291435809E+015  5.698000000000000E+015
