   1.00000000000000       3.891907305375378E+015  2.506000000000000E+016
   2.00000000000000       3.395967485601483E+015  2.093000000000000E+016
   3.00000000000000       2.999992259548867E+015  1.783000000000000E+016
   5.00000000000000       2.328004876659762E+015  1.381000000000000E+016
   10.0000000000000       1.297303979210643E+015  7.895000000000000E+015
   30.0000000000000        293243602203990.        289400000000000.     
   1.00000000000000       3.891907305375378E+015  2.506000000000000E+016
   2.00000000000000       3.395967485601483E+015  2.093000000000000E+016
   3.00000000000000       2.999992259548867E+015  1.783000000000000E+016
   5.00000000000000       2.328004876659762E+015  1.381000000000000E+016
   10.0000000000000       1.297303979210643E+015  7.895000000000000E+015
   30.0000000000000        293243602203990.        289400000000000.     
   1.00000000000000       2.423537218284318E+016  2.506000000000000E+016
   2.00000000000000       2.066421210297707E+016  2.093000000000000E+016
   3.00000000000000       1.761204514425549E+016  1.783000000000000E+016
   5.00000000000000       1.293988887554059E+016  1.381000000000000E+016
   10.0000000000000       6.854692566679601E+015  7.895000000000000E+015
   30.0000000000000       1.515558572600683E+015   289400000000000.     
