   1.00000000000000       2.677720426834374E+016  1.710000000000000E+016
   2.00000000000000       2.375700609784420E+016  1.641000000000000E+016
   3.00000000000000       2.102498919124421E+016  1.494000000000000E+016
   5.00000000000000       1.664261031726179E+016  1.112000000000000E+016
   10.0000000000000       1.010588649323818E+016  6.710000000000000E+015
   30.0000000000000       2.952146736711711E+015  2.424000000000000E+015
   1.00000000000000       2.677720426834374E+016  1.710000000000000E+016
   2.00000000000000       2.375700609784420E+016  1.641000000000000E+016
   3.00000000000000       2.102498919124421E+016  1.494000000000000E+016
   5.00000000000000       1.664261031726179E+016  1.112000000000000E+016
   10.0000000000000       1.010588649323818E+016  6.710000000000000E+015
   30.0000000000000       2.952146736711711E+015  2.424000000000000E+015
   1.00000000000000       1.725917663679868E+016  1.710000000000000E+016
   2.00000000000000       1.627398338101354E+016  1.641000000000000E+016
   3.00000000000000       1.457966541499812E+016  1.494000000000000E+016
   5.00000000000000       1.150542856291315E+016  1.112000000000000E+016
   10.0000000000000       6.897245110457760E+015  6.710000000000000E+015
   30.0000000000000       1.982098601297192E+015  2.424000000000000E+015
