   1.00000000000000       4.167715667950581E+016  4.710000000000000E+016
   2.00000000000000       3.744614235318638E+016  3.760000000000000E+016
   3.00000000000000       3.424494218343046E+016  3.099000000000000E+016
   5.00000000000000       2.892300771449306E+016  2.381000000000000E+016
   10.0000000000000       1.886319451471752E+016  1.393000000000000E+016
   30.0000000000000       5.978173582260848E+015  4.711000000000000E+015
   1.00000000000000       4.167715667950581E+016  4.710000000000000E+016
   2.00000000000000       3.744614235318638E+016  3.760000000000000E+016
   3.00000000000000       3.424494218343046E+016  3.099000000000000E+016
   5.00000000000000       2.892300771449306E+016  2.381000000000000E+016
   10.0000000000000       1.886319451471752E+016  1.393000000000000E+016
   30.0000000000000       5.978173582260848E+015  4.711000000000000E+015
   1.00000000000000       4.712656857494557E+016  4.710000000000000E+016
   2.00000000000000       3.740091081302866E+016  3.760000000000000E+016
   3.00000000000000       3.122506948522785E+016  3.099000000000000E+016
   5.00000000000000       2.369583361046207E+016  2.381000000000000E+016
   10.0000000000000       1.418780149254496E+016  1.393000000000000E+016
   30.0000000000000       4.260596925104422E+015  4.711000000000000E+015
