   1.00000000000000       3.172090007896175E+016  1.574000000000000E+016
   2.00000000000000       2.780704780958790E+016  1.515000000000000E+016
   3.00000000000000       2.462803826729957E+016  1.472000000000000E+016
   5.00000000000000       1.991644200404819E+016  1.157000000000000E+016
   10.0000000000000       1.268888321298942E+016  8.400000000000000E+015
   30.0000000000000       4.105425992813428E+015  3.045000000000000E+015
   1.00000000000000       3.172090007896175E+016  1.574000000000000E+016
   2.00000000000000       2.780704780958790E+016  1.515000000000000E+016
   3.00000000000000       2.462803826729957E+016  1.472000000000000E+016
   5.00000000000000       1.991644200404819E+016  1.157000000000000E+016
   10.0000000000000       1.268888321298942E+016  8.400000000000000E+015
   30.0000000000000       4.105425992813428E+015  3.045000000000000E+015
   1.00000000000000       1.581111258437285E+016  1.574000000000000E+016
   2.00000000000000       1.519482390463575E+016  1.515000000000000E+016
   3.00000000000000       1.419386559047046E+016  1.472000000000000E+016
   5.00000000000000       1.219970876911274E+016  1.157000000000000E+016
   10.0000000000000       8.237741570128842E+015  8.400000000000000E+015
   30.0000000000000       2.815771568338627E+015  3.045000000000000E+015
