   1.00000000000000       3.761299634812364E+016  1.650000000000000E+016
   2.00000000000000       3.074945168294866E+016  1.453000000000000E+016
   3.00000000000000       2.703661085136657E+016  1.345000000000000E+016
   5.00000000000000       2.192529616079498E+016  1.191000000000000E+016
   10.0000000000000       1.396582717528861E+016  7.019000000000000E+015
   30.0000000000000       4.479812876559448E+015  3.407000000000000E+015
   1.00000000000000       3.761299634812364E+016  1.650000000000000E+016
   2.00000000000000       3.074945168294866E+016  1.453000000000000E+016
   3.00000000000000       2.703661085136657E+016  1.345000000000000E+016
   5.00000000000000       2.192529616079498E+016  1.191000000000000E+016
   10.0000000000000       1.396582717528861E+016  7.019000000000000E+015
   30.0000000000000       4.479812876559448E+015  3.407000000000000E+015
   1.00000000000000       1.653074846774967E+016  1.650000000000000E+016
   2.00000000000000       1.454769664825892E+016  1.453000000000000E+016
   3.00000000000000       1.344011800411264E+016  1.345000000000000E+016
   5.00000000000000       1.153350611471577E+016  1.191000000000000E+016
   10.0000000000000       7.730337031683835E+015  7.019000000000000E+015
   30.0000000000000       2.598091782406822E+015  3.407000000000000E+015
