   1.00000000000000       2.473139813448534E+016  1.760000000000000E+016
   2.00000000000000       2.058451242042724E+016  1.549000000000000E+016
   3.00000000000000       1.771748587507043E+016  1.443000000000000E+016
   5.00000000000000       1.352320007650480E+016  9.918000000000000E+015
   10.0000000000000       7.818362748854046E+015  5.331000000000000E+015
   30.0000000000000       1.924216370121746E+015  2.011000000000000E+015
   1.00000000000000       2.473139813448534E+016  1.760000000000000E+016
   2.00000000000000       2.058451242042724E+016  1.549000000000000E+016
   3.00000000000000       1.771748587507043E+016  1.443000000000000E+016
   5.00000000000000       1.352320007650480E+016  9.918000000000000E+015
   10.0000000000000       7.818362748854046E+015  5.331000000000000E+015
   30.0000000000000       1.924216370121746E+015  2.011000000000000E+015
   1.00000000000000       1.772500158869604E+016  1.760000000000000E+016
   2.00000000000000       1.567004147534662E+016  1.549000000000000E+016
   3.00000000000000       1.362822817579612E+016  1.443000000000000E+016
   5.00000000000000       1.033829772587951E+016  9.918000000000000E+015
   10.0000000000000       5.882097669243152E+015  5.331000000000000E+015
   30.0000000000000       1.424592167652457E+015  2.011000000000000E+015
