   1.00000000000000       2.192620993889540E+016  2.105000000000000E+016
   2.00000000000000       1.921770195522379E+016  1.877000000000000E+016
   3.00000000000000       1.733202877114293E+016  1.555000000000000E+016
   5.00000000000000       1.395311210675756E+016  1.295000000000000E+016
   10.0000000000000       8.394951891766992E+015  8.994000000000000E+015
   30.0000000000000       1.710038883098098E+015  2.486000000000000E+015
   1.00000000000000       2.192620993889540E+016  2.105000000000000E+016
   2.00000000000000       1.921770195522379E+016  1.877000000000000E+016
   3.00000000000000       1.733202877114293E+016  1.555000000000000E+016
   5.00000000000000       1.395311210675756E+016  1.295000000000000E+016
   10.0000000000000       8.394951891766992E+015  8.994000000000000E+015
   30.0000000000000       1.710038883098098E+015  2.486000000000000E+015
   1.00000000000000       2.114947064419149E+016  2.105000000000000E+016
   2.00000000000000       1.803058068456888E+016  1.877000000000000E+016
   3.00000000000000       1.632601273513707E+016  1.555000000000000E+016
   5.00000000000000       1.341787244441070E+016  1.295000000000000E+016
   10.0000000000000       8.293903325829416E+015  8.994000000000000E+015
   30.0000000000000       1.686640865570446E+015  2.486000000000000E+015
