   1.00000000000000       3.571693644933104E+016  1.666000000000000E+016
   2.00000000000000       3.383699898801840E+016  1.704000000000000E+016
   3.00000000000000       3.049634857449139E+016  1.679000000000000E+016
   5.00000000000000       2.461323714381493E+016  1.294000000000000E+016
   10.0000000000000       1.540978163503303E+016  9.621000000000000E+015
   30.0000000000000       4.487435799480350E+015  3.871000000000000E+015
   1.00000000000000       3.571693644933104E+016  1.666000000000000E+016
   2.00000000000000       3.383699898801840E+016  1.704000000000000E+016
   3.00000000000000       3.049634857449139E+016  1.679000000000000E+016
   5.00000000000000       2.461323714381493E+016  1.294000000000000E+016
   10.0000000000000       1.540978163503303E+016  9.621000000000000E+015
   30.0000000000000       4.487435799480350E+015  3.871000000000000E+015
   1.00000000000000       1.676653881009590E+016  1.666000000000000E+016
   2.00000000000000       1.702121705688864E+016  1.704000000000000E+016
   3.00000000000000       1.606630672430242E+016  1.679000000000000E+016
   5.00000000000000       1.389124613629427E+016  1.294000000000000E+016
   10.0000000000000       9.460807498579474E+015  9.621000000000000E+015
   30.0000000000000       2.998335201242199E+015  3.871000000000000E+015
