   1.00000000000000       5.102923578460159E+016  6.722000000000000E+016
   2.00000000000000       4.744870003918587E+016  5.439000000000000E+016
   3.00000000000000       4.472976942242374E+016  4.406000000000000E+016
   5.00000000000000       3.754681097853618E+016  3.451000000000000E+016
   10.0000000000000       2.260330523146225E+016  1.890000000000000E+016
   30.0000000000000       5.612849624645068E+015  5.284000000000000E+015
   1.00000000000000       5.102923578460159E+016  6.722000000000000E+016
   2.00000000000000       4.744870003918587E+016  5.439000000000000E+016
   3.00000000000000       4.472976942242374E+016  4.406000000000000E+016
   5.00000000000000       3.754681097853618E+016  3.451000000000000E+016
   10.0000000000000       2.260330523146225E+016  1.890000000000000E+016
   30.0000000000000       5.612849624645068E+015  5.284000000000000E+015
   1.00000000000000       6.726098166333638E+016  6.722000000000000E+016
   2.00000000000000       5.361898685936477E+016  5.439000000000000E+016
   3.00000000000000       4.528223520528591E+016  4.406000000000000E+016
   5.00000000000000       3.405375301961374E+016  3.451000000000000E+016
   10.0000000000000       1.909336462534834E+016  1.890000000000000E+016
   30.0000000000000       4.588891970293818E+015  5.284000000000000E+015
