   1.00000000000000       1.066941093552521E+016  1.834000000000000E+016
   2.00000000000000       8.809167606252474E+015  1.681000000000000E+016
   3.00000000000000       7.574752052855016E+015  1.456000000000000E+016
   5.00000000000000       5.776826540222187E+015  1.104000000000000E+016
   10.0000000000000       3.328993320971426E+015  6.420000000000000E+015
   30.0000000000000        801930363907360.        872600000000000.     
   1.00000000000000       1.066941093552521E+016  1.834000000000000E+016
   2.00000000000000       8.809167606252474E+015  1.681000000000000E+016
   3.00000000000000       7.574752052855016E+015  1.456000000000000E+016
   5.00000000000000       5.776826540222187E+015  1.104000000000000E+016
   10.0000000000000       3.328993320971426E+015  6.420000000000000E+015
   30.0000000000000        801930363907360.        872600000000000.     
   1.00000000000000       1.865716910196265E+016  1.834000000000000E+016
   2.00000000000000       1.644438410255226E+016  1.681000000000000E+016
   3.00000000000000       1.442258939955718E+016  1.456000000000000E+016
   5.00000000000000       1.106766368202667E+016  1.104000000000000E+016
   10.0000000000000       6.347550470405910E+015  6.420000000000000E+015
   30.0000000000000       1.517543935881313E+015   872600000000000.     
