   1.00000000000000       9.936672809564138E+015  5.122000000000000E+016
   2.00000000000000       9.020934599678756E+015  4.159000000000000E+016
   3.00000000000000       8.321745169261175E+015  3.428000000000000E+016
   5.00000000000000       6.787009533724706E+015  2.191000000000000E+016
   10.0000000000000       4.058149195845923E+015  1.214000000000000E+016
   30.0000000000000        883079658725350.       1.332000000000000E+015
   1.00000000000000       9.936672809564138E+015  5.122000000000000E+016
   2.00000000000000       9.020934599678756E+015  4.159000000000000E+016
   3.00000000000000       8.321745169261175E+015  3.428000000000000E+016
   5.00000000000000       6.787009533724706E+015  2.191000000000000E+016
   10.0000000000000       4.058149195845923E+015  1.214000000000000E+016
   30.0000000000000        883079658725350.       1.332000000000000E+015
   1.00000000000000       5.163758258183639E+016  5.122000000000000E+016
   2.00000000000000       4.081809734169397E+016  4.159000000000000E+016
   3.00000000000000       3.327421992426987E+016  3.428000000000000E+016
   5.00000000000000       2.340327902774526E+016  2.191000000000000E+016
   10.0000000000000       1.229590792709431E+016  1.214000000000000E+016
   30.0000000000000       2.579623008887268E+015  1.332000000000000E+015
