   1.00000000000000       3.595677341473649E+016  2.348000000000000E+016
   2.00000000000000       3.147636353205598E+016  2.271000000000000E+016
   3.00000000000000       2.812954017449213E+016  2.105000000000000E+016
   5.00000000000000       2.317440018599399E+016  1.870000000000000E+016
   10.0000000000000       1.525604156174554E+016  1.136000000000000E+016
   30.0000000000000       4.773500416763144E+015  4.012000000000000E+015
   1.00000000000000       3.595677341473649E+016  2.348000000000000E+016
   2.00000000000000       3.147636353205598E+016  2.271000000000000E+016
   3.00000000000000       2.812954017449213E+016  2.105000000000000E+016
   5.00000000000000       2.317440018599399E+016  1.870000000000000E+016
   10.0000000000000       1.525604156174554E+016  1.136000000000000E+016
   30.0000000000000       4.773500416763144E+015  4.012000000000000E+015
   1.00000000000000       2.349801701102274E+016  2.348000000000000E+016
   2.00000000000000       2.272485768668318E+016  2.271000000000000E+016
   3.00000000000000       2.124629014534814E+016  2.105000000000000E+016
   5.00000000000000       1.806330230558102E+016  1.870000000000000E+016
   10.0000000000000       1.198409351660101E+016  1.136000000000000E+016
   30.0000000000000       3.710206455824584E+015  4.012000000000000E+015
