   1.00000000000000       1.721194990694493E+016  1.321000000000000E+016
   2.00000000000000       1.705766549841048E+016  1.297000000000000E+016
   3.00000000000000       1.568943411706321E+016  1.254000000000000E+016
   5.00000000000000       1.282825005296337E+016  9.340000000000000E+015
   10.0000000000000       7.968594418293483E+015  5.973000000000000E+015
   30.0000000000000       2.515211271948356E+015  1.868000000000000E+015
   1.00000000000000       1.721194990694493E+016  1.321000000000000E+016
   2.00000000000000       1.705766549841048E+016  1.297000000000000E+016
   3.00000000000000       1.568943411706321E+016  1.254000000000000E+016
   5.00000000000000       1.282825005296337E+016  9.340000000000000E+015
   10.0000000000000       7.968594418293483E+015  5.973000000000000E+015
   30.0000000000000       2.515211271948356E+015  1.868000000000000E+015
   1.00000000000000       1.324695441448587E+016  1.321000000000000E+016
   2.00000000000000       1.315425362232716E+016  1.297000000000000E+016
   3.00000000000000       1.202911536086007E+016  1.254000000000000E+016
   5.00000000000000       9.729624374547036E+015  9.340000000000000E+015
   10.0000000000000       5.974159494064868E+015  5.973000000000000E+015
   30.0000000000000       1.865451753825252E+015  1.868000000000000E+015
