   1.00000000000000       2.004049749503832E+016  2.412000000000000E+016
   2.00000000000000       1.665412325073737E+016  2.312000000000000E+016
   3.00000000000000       1.415673735363265E+016  1.977000000000000E+016
   5.00000000000000       1.052383949841193E+016  1.506000000000000E+016
   10.0000000000000       5.866800045439886E+015  7.608000000000000E+015
   30.0000000000000       1.397436415717872E+015  1.665000000000000E+015
   1.00000000000000       2.004049749503832E+016  2.412000000000000E+016
   2.00000000000000       1.665412325073737E+016  2.312000000000000E+016
   3.00000000000000       1.415673735363265E+016  1.977000000000000E+016
   5.00000000000000       1.052383949841193E+016  1.506000000000000E+016
   10.0000000000000       5.866800045439886E+015  7.608000000000000E+015
   30.0000000000000       1.397436415717872E+015  1.665000000000000E+015
   1.00000000000000       2.453737762149078E+016  2.412000000000000E+016
   2.00000000000000       2.247992678333649E+016  2.312000000000000E+016
   3.00000000000000       1.968982632061197E+016  1.977000000000000E+016
   5.00000000000000       1.486547976688970E+016  1.506000000000000E+016
   10.0000000000000       8.325920412285312E+015  7.608000000000000E+015
   30.0000000000000       1.985695770844533E+015  1.665000000000000E+015
