   1.00000000000000       3.012842753700814E+016  2.336000000000000E+016
   2.00000000000000       2.672819454291912E+016  2.223000000000000E+016
   3.00000000000000       2.390351860507156E+016  1.968000000000000E+016
   5.00000000000000       1.953395481245588E+016  1.700000000000000E+016
   10.0000000000000       1.260066997553738E+016  1.172000000000000E+016
   30.0000000000000       3.832333295077330E+015  3.248000000000000E+015
   1.00000000000000       3.012842753700814E+016  2.336000000000000E+016
   2.00000000000000       2.672819454291912E+016  2.223000000000000E+016
   3.00000000000000       2.390351860507156E+016  1.968000000000000E+016
   5.00000000000000       1.953395481245588E+016  1.700000000000000E+016
   10.0000000000000       1.260066997553738E+016  1.172000000000000E+016
   30.0000000000000       3.832333295077330E+015  3.248000000000000E+015
   1.00000000000000       2.346549767418258E+016  2.336000000000000E+016
   2.00000000000000       2.181497353887781E+016  2.223000000000000E+016
   3.00000000000000       2.010728666265661E+016  1.968000000000000E+016
   5.00000000000000       1.704237698391864E+016  1.700000000000000E+016
   10.0000000000000       1.139493933420250E+016  1.172000000000000E+016
   30.0000000000000       3.570963826460650E+015  3.248000000000000E+015
