   1.00000000000000       3.648277706408248E+016  1.830000000000000E+016
   2.00000000000000       3.237118240217009E+016  1.676000000000000E+016
   3.00000000000000       2.889079036058487E+016  1.462000000000000E+016
   5.00000000000000       2.263727132611727E+016  1.140000000000000E+016
   10.0000000000000       1.301388192715071E+016  7.106000000000000E+015
   30.0000000000000       3.392018432337562E+015  3.093000000000000E+015
   1.00000000000000       3.648277706408248E+016  1.830000000000000E+016
   2.00000000000000       3.237118240217009E+016  1.676000000000000E+016
   3.00000000000000       2.889079036058487E+016  1.462000000000000E+016
   5.00000000000000       2.263727132611727E+016  1.140000000000000E+016
   10.0000000000000       1.301388192715071E+016  7.106000000000000E+015
   30.0000000000000       3.392018432337562E+015  3.093000000000000E+015
   1.00000000000000       1.844333034162709E+016  1.830000000000000E+016
   2.00000000000000       1.632445244162896E+016  1.676000000000000E+016
   3.00000000000000       1.474639464233956E+016  1.462000000000000E+016
   5.00000000000000       1.185270390012595E+016  1.140000000000000E+016
   10.0000000000000       7.015670808475259E+015  7.106000000000000E+015
   30.0000000000000       1.885773510051510E+015  3.093000000000000E+015
