   1.00000000000000       2.127307661367821E+016  1.605000000000000E+016
   2.00000000000000       1.788243418466412E+016  1.510000000000000E+016
   3.00000000000000       1.579732025410182E+016  1.372000000000000E+016
   5.00000000000000       1.256249819278556E+016  1.053000000000000E+016
   10.0000000000000       7.669593526961906E+015  5.831000000000000E+015
   30.0000000000000       2.174821913526612E+015  1.919000000000000E+015
   1.00000000000000       2.127307661367821E+016  1.605000000000000E+016
   2.00000000000000       1.788243418466412E+016  1.510000000000000E+016
   3.00000000000000       1.579732025410182E+016  1.372000000000000E+016
   5.00000000000000       1.256249819278556E+016  1.053000000000000E+016
   10.0000000000000       7.669593526961906E+015  5.831000000000000E+015
   30.0000000000000       2.174821913526612E+015  1.919000000000000E+015
   1.00000000000000       1.625561387317113E+016  1.605000000000000E+016
   2.00000000000000       1.490945125018626E+016  1.510000000000000E+016
   3.00000000000000       1.339819220509388E+016  1.372000000000000E+016
   5.00000000000000       1.057156061265575E+016  1.053000000000000E+016
   10.0000000000000       6.298574781917668E+015  5.831000000000000E+015
   30.0000000000000       1.730558006785847E+015  1.919000000000000E+015
