   1.00000000000000       2.304220189640454E+016  1.607000000000000E+016
   2.00000000000000       1.986901093677410E+016  1.481000000000000E+016
   3.00000000000000       1.746342418344481E+016  1.328000000000000E+016
   5.00000000000000       1.393920723118672E+016  1.169000000000000E+016
   10.0000000000000       8.700435369960490E+015  6.976000000000000E+015
   30.0000000000000       2.422792457125830E+015  2.285000000000000E+015
   1.00000000000000       2.304220189640454E+016  1.607000000000000E+016
   2.00000000000000       1.986901093677410E+016  1.481000000000000E+016
   3.00000000000000       1.746342418344481E+016  1.328000000000000E+016
   5.00000000000000       1.393920723118672E+016  1.169000000000000E+016
   10.0000000000000       8.700435369960490E+015  6.976000000000000E+015
   30.0000000000000       2.422792457125830E+015  2.285000000000000E+015
   1.00000000000000       1.608852092465981E+016  1.607000000000000E+016
   2.00000000000000       1.475118343746273E+016  1.481000000000000E+016
   3.00000000000000       1.349416538566652E+016  1.328000000000000E+016
   5.00000000000000       1.126740299997920E+016  1.169000000000000E+016
   10.0000000000000       7.318467766173546E+015  6.976000000000000E+015
   30.0000000000000       2.094895008047157E+015  2.285000000000000E+015
