   1.00000000000000       2.327624311667330E+016  1.992000000000000E+016
   2.00000000000000       1.892350278199506E+016  1.809000000000000E+016
   3.00000000000000       1.599822243081104E+016  1.465000000000000E+016
   5.00000000000000       1.183480522102774E+016  1.014000000000000E+016
   10.0000000000000       6.493028840399967E+015  6.063000000000000E+015
   30.0000000000000       1.422723274777350E+015  2.024000000000000E+015
   1.00000000000000       2.327624311667330E+016  1.992000000000000E+016
   2.00000000000000       1.892350278199506E+016  1.809000000000000E+016
   3.00000000000000       1.599822243081104E+016  1.465000000000000E+016
   5.00000000000000       1.183480522102774E+016  1.014000000000000E+016
   10.0000000000000       6.493028840399967E+015  6.063000000000000E+015
   30.0000000000000       1.422723274777350E+015  2.024000000000000E+015
   1.00000000000000       2.022036042516433E+016  1.992000000000000E+016
   2.00000000000000       1.722624529536480E+016  1.809000000000000E+016
   3.00000000000000       1.470360632127994E+016  1.465000000000000E+016
   5.00000000000000       1.089170953843070E+016  1.014000000000000E+016
   10.0000000000000       5.962306058242923E+015  6.063000000000000E+015
   30.0000000000000       1.309575420880250E+015  2.024000000000000E+015
