   1.00000000000000       2.015835126975567E+016  1.951000000000000E+016
   2.00000000000000       1.704375255779593E+016  1.828000000000000E+016
   3.00000000000000       1.497070255863752E+016  1.574000000000000E+016
   5.00000000000000       1.165443064809956E+016  1.335000000000000E+016
   10.0000000000000       6.777350653378321E+015  7.807000000000000E+015
   30.0000000000000       1.848941272524271E+015  1.604000000000000E+015
   1.00000000000000       2.015835126975567E+016  1.951000000000000E+016
   2.00000000000000       1.704375255779593E+016  1.828000000000000E+016
   3.00000000000000       1.497070255863752E+016  1.574000000000000E+016
   5.00000000000000       1.165443064809956E+016  1.335000000000000E+016
   10.0000000000000       6.777350653378321E+015  7.807000000000000E+015
   30.0000000000000       1.848941272524271E+015  1.604000000000000E+015
   1.00000000000000       1.965568959674432E+016  1.951000000000000E+016
   2.00000000000000       1.786852824835557E+016  1.828000000000000E+016
   3.00000000000000       1.627041299760965E+016  1.574000000000000E+016
   5.00000000000000       1.303958506504668E+016  1.335000000000000E+016
   10.0000000000000       7.715864906627510E+015  7.807000000000000E+015
   30.0000000000000       2.127507414065422E+015  1.604000000000000E+015
