   1.00000000000000       3.700450660051402E+016  1.904000000000000E+016
   2.00000000000000       3.064877481100916E+016  1.730000000000000E+016
   3.00000000000000       2.694326699257281E+016  1.588000000000000E+016
   5.00000000000000       2.106564832577821E+016  1.412000000000000E+016
   10.0000000000000       1.238238100411476E+016  8.610000000000000E+015
   30.0000000000000       3.501051703393052E+015  2.950000000000000E+015
   1.00000000000000       3.700450660051402E+016  1.904000000000000E+016
   2.00000000000000       3.064877481100916E+016  1.730000000000000E+016
   3.00000000000000       2.694326699257281E+016  1.588000000000000E+016
   5.00000000000000       2.106564832577821E+016  1.412000000000000E+016
   10.0000000000000       1.238238100411476E+016  8.610000000000000E+015
   30.0000000000000       3.501051703393052E+015  2.950000000000000E+015
   1.00000000000000       1.905627537982503E+016  1.904000000000000E+016
   2.00000000000000       1.713525630033106E+016  1.730000000000000E+016
   3.00000000000000       1.625745248002074E+016  1.588000000000000E+016
   5.00000000000000       1.385307323138628E+016  1.412000000000000E+016
   10.0000000000000       8.741764834327623E+015  8.610000000000000E+015
   30.0000000000000       2.637682377386204E+015  2.950000000000000E+015
