   1.00000000000000       8.383945778535667E+016  1.602000000000000E+016
   2.00000000000000       7.015970694851870E+016  1.518000000000000E+016
   3.00000000000000       6.034810038897739E+016  1.352000000000000E+016
   5.00000000000000       4.577018794713784E+016  1.029000000000000E+016
   10.0000000000000       2.571464911983094E+016  6.086000000000000E+015
   30.0000000000000       4.219076324500278E+015  -79440000000000.0     
   1.00000000000000       8.383945778535667E+016  1.602000000000000E+016
   2.00000000000000       7.015970694851870E+016  1.518000000000000E+016
   3.00000000000000       6.034810038897739E+016  1.352000000000000E+016
   5.00000000000000       4.577018794713784E+016  1.029000000000000E+016
   10.0000000000000       2.571464911983094E+016  6.086000000000000E+015
   30.0000000000000       4.219076324500278E+015  -79440000000000.0     
   1.00000000000000       1.608152743330225E+016  1.602000000000000E+016
   2.00000000000000       1.507965553142537E+016  1.518000000000000E+016
   3.00000000000000       1.339520324611689E+016  1.352000000000000E+016
   5.00000000000000       1.043651160510479E+016  1.029000000000000E+016
   10.0000000000000       6.001365060291607E+015  6.086000000000000E+015
   30.0000000000000        922934177092303.       -79440000000000.0     
