   1.00000000000000       3.009351137913732E+016  6.310000000000000E+016
   2.00000000000000       2.838273269971068E+016  5.400000000000000E+016
   3.00000000000000       2.677630064513450E+016  4.006000000000000E+016
   5.00000000000000       2.306568324682937E+016  2.629000000000000E+016
   10.0000000000000       1.488343565275333E+016  1.434000000000000E+016
   30.0000000000000       4.364647190577657E+015  3.737000000000000E+015
   1.00000000000000       3.009351137913732E+016  6.310000000000000E+016
   2.00000000000000       2.838273269971068E+016  5.400000000000000E+016
   3.00000000000000       2.677630064513450E+016  4.006000000000000E+016
   5.00000000000000       2.306568324682937E+016  2.629000000000000E+016
   10.0000000000000       1.488343565275333E+016  1.434000000000000E+016
   30.0000000000000       4.364647190577657E+015  3.737000000000000E+015
   1.00000000000000       6.391765852913459E+016  6.310000000000000E+016
   2.00000000000000       5.151527534635651E+016  5.400000000000000E+016
   3.00000000000000       4.122015791787646E+016  4.006000000000000E+016
   5.00000000000000       2.762153664349531E+016  2.629000000000000E+016
   10.0000000000000       1.357669640136500E+016  1.434000000000000E+016
   30.0000000000000       3.086811078022863E+015  3.737000000000000E+015
