   1.00000000000000       3.867239042092181E+016  7.029000000000000E+016
   2.00000000000000       3.300569829125286E+016  5.613000000000000E+016
   3.00000000000000       2.852617520935874E+016  5.868000000000000E+016
   5.00000000000000       2.141814975280299E+016  3.409000000000000E+016
   10.0000000000000       1.199937014851440E+016  1.770000000000000E+016
   30.0000000000000       3.092521631479860E+015  3.376000000000000E+015
   1.00000000000000       3.867239042092181E+016  7.029000000000000E+016
   2.00000000000000       3.300569829125286E+016  5.613000000000000E+016
   3.00000000000000       2.852617520935874E+016  5.868000000000000E+016
   5.00000000000000       2.141814975280299E+016  3.409000000000000E+016
   10.0000000000000       1.199937014851440E+016  1.770000000000000E+016
   30.0000000000000       3.092521631479860E+015  3.376000000000000E+015
   1.00000000000000       7.025488240006230E+016  7.029000000000000E+016
   2.00000000000000       6.029593080152458E+016  5.613000000000000E+016
   3.00000000000000       5.078215457128306E+016  5.868000000000000E+016
   5.00000000000000       3.678425463920630E+016  3.409000000000000E+016
   10.0000000000000       1.999079169138828E+016  1.770000000000000E+016
   30.0000000000000       5.089508353821936E+015  3.376000000000000E+015
