   1.00000000000000       2.115831726506660E+016  4.558000000000000E+016
   2.00000000000000       2.050032619860956E+016  4.324000000000000E+016
   3.00000000000000       1.919283424869819E+016  3.547000000000000E+016
   5.00000000000000       1.571542494197590E+016  2.561000000000000E+016
   10.0000000000000       9.426557454662440E+015  1.400000000000000E+016
   30.0000000000000       2.133024353524461E+015  2.850000000000000E+015
   1.00000000000000       2.115831726506660E+016  4.558000000000000E+016
   2.00000000000000       2.050032619860956E+016  4.324000000000000E+016
   3.00000000000000       1.919283424869819E+016  3.547000000000000E+016
   5.00000000000000       1.571542494197590E+016  2.561000000000000E+016
   10.0000000000000       9.426557454662440E+015  1.400000000000000E+016
   30.0000000000000       2.133024353524461E+015  2.850000000000000E+015
   1.00000000000000       4.629380539483534E+016  4.558000000000000E+016
   2.00000000000000       4.177426539371195E+016  4.324000000000000E+016
   3.00000000000000       3.588142729453062E+016  3.547000000000000E+016
   5.00000000000000       2.615585198698072E+016  2.561000000000000E+016
   10.0000000000000       1.400690554237104E+016  1.400000000000000E+016
   30.0000000000000       3.007530889156266E+015  2.850000000000000E+015
