   1.00000000000000       3.569272870341304E+016  1.774000000000000E+016
   2.00000000000000       3.073461172059934E+016  1.585000000000000E+016
   3.00000000000000       2.710269561409451E+016  1.359000000000000E+016
   5.00000000000000       2.180560630284416E+016  1.129000000000000E+016
   10.0000000000000       1.378739336301330E+016  6.278000000000000E+015
   30.0000000000000       4.269294872839502E+015  3.386000000000000E+015
   1.00000000000000       3.569272870341304E+016  1.774000000000000E+016
   2.00000000000000       3.073461172059934E+016  1.585000000000000E+016
   3.00000000000000       2.710269561409451E+016  1.359000000000000E+016
   5.00000000000000       2.180560630284416E+016  1.129000000000000E+016
   10.0000000000000       1.378739336301330E+016  6.278000000000000E+015
   30.0000000000000       4.269294872839502E+015  3.386000000000000E+015
   1.00000000000000       1.786106126375721E+016  1.774000000000000E+016
   2.00000000000000       1.558120426112252E+016  1.585000000000000E+016
   3.00000000000000       1.372786060938191E+016  1.359000000000000E+016
   5.00000000000000       1.104088141675490E+016  1.129000000000000E+016
   10.0000000000000       7.039299276306464E+015  6.278000000000000E+015
   30.0000000000000       2.226129124070989E+015  3.386000000000000E+015
