   1.00000000000000       1.312606659354609E+016  3.971000000000000E+016
   2.00000000000000       1.136791583822363E+016  3.410000000000000E+016
   3.00000000000000       1.029976074664468E+016  2.778000000000000E+016
   5.00000000000000       8.272748259181724E+015  1.969000000000000E+016
   10.0000000000000       4.846976983386752E+015  1.096000000000000E+016
   30.0000000000000        855092383511053.       1.620000000000000E+015
   1.00000000000000       1.312606659354609E+016  3.971000000000000E+016
   2.00000000000000       1.136791583822363E+016  3.410000000000000E+016
   3.00000000000000       1.029976074664468E+016  2.778000000000000E+016
   5.00000000000000       8.272748259181724E+015  1.969000000000000E+016
   10.0000000000000       4.846976983386752E+015  1.096000000000000E+016
   30.0000000000000        855092383511053.       1.620000000000000E+015
   1.00000000000000       4.028445804786979E+016  3.971000000000000E+016
   2.00000000000000       3.285955565665362E+016  3.410000000000000E+016
   3.00000000000000       2.774570215312150E+016  2.778000000000000E+016
   5.00000000000000       2.040292410795959E+016  1.969000000000000E+016
   10.0000000000000       1.109188182616990E+016  1.096000000000000E+016
   30.0000000000000       2.049816924303166E+015  1.620000000000000E+015
