   1.00000000000000       4.650395209727203E+016  6.429000000000000E+016
   2.00000000000000       4.371666910795599E+016  6.279000000000000E+016
   3.00000000000000       4.103291619775746E+016  4.262000000000000E+016
   5.00000000000000       3.437387328630830E+016  2.979000000000000E+016
   10.0000000000000       2.106114688031951E+016  1.745000000000000E+016
   30.0000000000000       5.677631014268014E+015  5.104000000000000E+015
   1.00000000000000       4.650395209727203E+016  6.429000000000000E+016
   2.00000000000000       4.371666910795599E+016  6.279000000000000E+016
   3.00000000000000       4.103291619775746E+016  4.262000000000000E+016
   5.00000000000000       3.437387328630830E+016  2.979000000000000E+016
   10.0000000000000       2.106114688031951E+016  1.745000000000000E+016
   30.0000000000000       5.677631014268014E+015  5.104000000000000E+015
   1.00000000000000       6.588706325362310E+016  6.429000000000000E+016
   2.00000000000000       5.716938198153545E+016  6.279000000000000E+016
   3.00000000000000       4.644422817472448E+016  4.262000000000000E+016
   5.00000000000000       3.133764115102127E+016  2.979000000000000E+016
   10.0000000000000       1.563432874502357E+016  1.745000000000000E+016
   30.0000000000000       3.607502267740632E+015  5.104000000000000E+015
