   1.00000000000000       3.049890481670886E+016  3.517000000000000E+016
   2.00000000000000       2.699851397100274E+016  3.309000000000000E+016
   3.00000000000000       2.472791419467320E+016  2.870000000000000E+016
   5.00000000000000       2.086156440930123E+016  2.050000000000000E+016
   10.0000000000000       1.365348705323833E+016  1.194000000000000E+016
   30.0000000000000       4.340585135446119E+015  3.450000000000000E+015
   1.00000000000000       3.049890481670886E+016  3.517000000000000E+016
   2.00000000000000       2.699851397100274E+016  3.309000000000000E+016
   3.00000000000000       2.472791419467320E+016  2.870000000000000E+016
   5.00000000000000       2.086156440930123E+016  2.050000000000000E+016
   10.0000000000000       1.365348705323833E+016  1.194000000000000E+016
   30.0000000000000       4.340585135446119E+015  3.450000000000000E+015
   1.00000000000000       3.563976393373976E+016  3.517000000000000E+016
   2.00000000000000       3.240434994873111E+016  3.309000000000000E+016
   3.00000000000000       2.833292973176516E+016  2.870000000000000E+016
   5.00000000000000       2.130639892634217E+016  2.050000000000000E+016
   10.0000000000000       1.189270719772470E+016  1.194000000000000E+016
   30.0000000000000       3.134798599851476E+015  3.450000000000000E+015
