   1.00000000000000       1.102719214848987E+016  2.268000000000000E+016
   2.00000000000000       9.584444604520760E+015  2.062000000000000E+016
   3.00000000000000       8.625970085842468E+015  1.900000000000000E+016
   5.00000000000000       6.927642888278746E+015  1.415000000000000E+016
   10.0000000000000       4.140113654686610E+015  1.064000000000000E+016
   30.0000000000000        789901607761574.       1.252000000000000E+015
   1.00000000000000       1.102719214848987E+016  2.268000000000000E+016
   2.00000000000000       9.584444604520760E+015  2.062000000000000E+016
   3.00000000000000       8.625970085842468E+015  1.900000000000000E+016
   5.00000000000000       6.927642888278746E+015  1.415000000000000E+016
   10.0000000000000       4.140113654686610E+015  1.064000000000000E+016
   30.0000000000000        789901607761574.       1.252000000000000E+015
   1.00000000000000       2.267745307486554E+016  2.268000000000000E+016
   2.00000000000000       2.053507406062100E+016  2.062000000000000E+016
   3.00000000000000       1.882206605621060E+016  1.900000000000000E+016
   5.00000000000000       1.529754263421673E+016  1.415000000000000E+016
   10.0000000000000       9.181097141246276E+015  1.064000000000000E+016
   30.0000000000000       1.758058215052591E+015  1.252000000000000E+015
