   1.00000000000000       3.737670922207730E+016  3.609000000000000E+016
   2.00000000000000       3.251122959977175E+016  3.269000000000000E+016
   3.00000000000000       2.993819971595339E+016  2.863000000000000E+016
   5.00000000000000       2.562790763730578E+016  1.853000000000000E+016
   10.0000000000000       1.688317375238973E+016  1.110000000000000E+016
   30.0000000000000       5.591433824280949E+015  4.207000000000000E+015
   1.00000000000000       3.737670922207730E+016  3.609000000000000E+016
   2.00000000000000       3.251122959977175E+016  3.269000000000000E+016
   3.00000000000000       2.993819971595339E+016  2.863000000000000E+016
   5.00000000000000       2.562790763730578E+016  1.853000000000000E+016
   10.0000000000000       1.688317375238973E+016  1.110000000000000E+016
   30.0000000000000       5.591433824280949E+015  4.207000000000000E+015
   1.00000000000000       3.660922695188622E+016  3.609000000000000E+016
   2.00000000000000       3.210371217615446E+016  3.269000000000000E+016
   3.00000000000000       2.752650707612978E+016  2.863000000000000E+016
   5.00000000000000       2.018426232162939E+016  1.853000000000000E+016
   10.0000000000000       1.094075677358195E+016  1.110000000000000E+016
   30.0000000000000       2.901034155361562E+015  4.207000000000000E+015
