   1.00000000000000       2.935713600223224E+016  1.685000000000000E+016
   2.00000000000000       2.494138284575696E+016  1.588000000000000E+016
   3.00000000000000       2.201295769456733E+016  1.523000000000000E+016
   5.00000000000000       1.780543958867641E+016  1.126000000000000E+016
   10.0000000000000       1.132225920590389E+016  7.067000000000000E+015
   30.0000000000000       3.561178411233196E+015  2.781000000000000E+015
   1.00000000000000       2.935713600223224E+016  1.685000000000000E+016
   2.00000000000000       2.494138284575696E+016  1.588000000000000E+016
   3.00000000000000       2.201295769456733E+016  1.523000000000000E+016
   5.00000000000000       1.780543958867641E+016  1.126000000000000E+016
   10.0000000000000       1.132225920590389E+016  7.067000000000000E+015
   30.0000000000000       3.561178411233196E+015  2.781000000000000E+015
   1.00000000000000       1.698086386905780E+016  1.685000000000000E+016
   2.00000000000000       1.597893196282366E+016  1.588000000000000E+016
   3.00000000000000       1.450093557496594E+016  1.523000000000000E+016
   5.00000000000000       1.175230852066408E+016  1.126000000000000E+016
   10.0000000000000       7.326659234277196E+015  7.067000000000000E+015
   30.0000000000000       2.236715140537724E+015  2.781000000000000E+015
