   1.00000000000000       2.745558623129321E+016  1.482000000000000E+016
   2.00000000000000       2.321301054595419E+016  1.488000000000000E+016
   3.00000000000000       2.052716081189433E+016  1.386000000000000E+016
   5.00000000000000       1.660798081508669E+016  1.193000000000000E+016
   10.0000000000000       1.050312177283691E+016  7.355000000000000E+015
   30.0000000000000       3.417936392964906E+015  2.498000000000000E+015
   1.00000000000000       2.745558623129321E+016  1.482000000000000E+016
   2.00000000000000       2.321301054595419E+016  1.488000000000000E+016
   3.00000000000000       2.052716081189433E+016  1.386000000000000E+016
   5.00000000000000       1.660798081508669E+016  1.193000000000000E+016
   10.0000000000000       1.050312177283691E+016  7.355000000000000E+015
   30.0000000000000       3.417936392964906E+015  2.498000000000000E+015
   1.00000000000000       1.494525764485383E+016  1.482000000000000E+016
   2.00000000000000       1.471216769870648E+016  1.488000000000000E+016
   3.00000000000000       1.388468297740146E+016  1.386000000000000E+016
   5.00000000000000       1.177610522625570E+016  1.193000000000000E+016
   10.0000000000000       7.618436302499594E+015  7.355000000000000E+015
   30.0000000000000       2.496841250044255E+015  2.498000000000000E+015
