   1.00000000000000       7.751560301394577E+015  1.701000000000000E+016
   2.00000000000000       6.276483743242602E+015  1.600000000000000E+016
   3.00000000000000       5.281560100744120E+015  1.438000000000000E+016
   5.00000000000000       3.880480512482174E+015  1.039000000000000E+016
   10.0000000000000       2.105858676524903E+015  5.856000000000000E+015
   30.0000000000000        437607424629767.        662000000000000.     
   1.00000000000000       7.751560301394577E+015  1.701000000000000E+016
   2.00000000000000       6.276483743242602E+015  1.600000000000000E+016
   3.00000000000000       5.281560100744120E+015  1.438000000000000E+016
   5.00000000000000       3.880480512482174E+015  1.039000000000000E+016
   10.0000000000000       2.105858676524903E+015  5.856000000000000E+015
   30.0000000000000        437607424629767.        662000000000000.     
   1.00000000000000       1.754074917493653E+016  1.701000000000000E+016
   2.00000000000000       1.572150477316083E+016  1.600000000000000E+016
   3.00000000000000       1.372354611874034E+016  1.438000000000000E+016
   5.00000000000000       1.033300777897970E+016  1.039000000000000E+016
   10.0000000000000       5.683211927192476E+015  5.856000000000000E+015
   30.0000000000000       1.197893785905820E+015   662000000000000.     
