   1.00000000000000       7.099420231016160E+015  2.436000000000000E+016
   2.00000000000000       6.216533498736900E+015  2.144000000000000E+016
   3.00000000000000       5.673271318556446E+015  1.904000000000000E+016
   5.00000000000000       4.596460478788039E+015  1.490000000000000E+016
   10.0000000000000       2.738850179177110E+015  8.753000000000000E+015
   30.0000000000000        504410425906781.        830400000000000.     
   1.00000000000000       7.099420231016160E+015  2.436000000000000E+016
   2.00000000000000       6.216533498736900E+015  2.144000000000000E+016
   3.00000000000000       5.673271318556446E+015  1.904000000000000E+016
   5.00000000000000       4.596460478788039E+015  1.490000000000000E+016
   10.0000000000000       2.738850179177110E+015  8.753000000000000E+015
   30.0000000000000        504410425906781.        830400000000000.     
   1.00000000000000       2.445891186572874E+016  2.436000000000000E+016
   2.00000000000000       2.126201623222805E+016  2.144000000000000E+016
   3.00000000000000       1.897541796329386E+016  1.904000000000000E+016
   5.00000000000000       1.487400949976034E+016  1.490000000000000E+016
   10.0000000000000       8.583043049774698E+015  8.753000000000000E+015
   30.0000000000000       1.601043892632534E+015   830400000000000.     
