   1.00000000000000       1.719275538265621E+016  1.736000000000000E+016
   2.00000000000000       1.616105429946571E+016  1.698000000000000E+016
   3.00000000000000       1.468841256584009E+016  1.544000000000000E+016
   5.00000000000000       1.157850449809623E+016  1.256000000000000E+016
   10.0000000000000       6.587631493540264E+015  8.034000000000000E+015
   30.0000000000000       1.608621277899094E+015  1.543000000000000E+015
   1.00000000000000       1.719275538265621E+016  1.736000000000000E+016
   2.00000000000000       1.616105429946571E+016  1.698000000000000E+016
   3.00000000000000       1.468841256584009E+016  1.544000000000000E+016
   5.00000000000000       1.157850449809623E+016  1.256000000000000E+016
   10.0000000000000       6.587631493540264E+015  8.034000000000000E+015
   30.0000000000000       1.608621277899094E+015  1.543000000000000E+015
   1.00000000000000       1.733735362598086E+016  1.736000000000000E+016
   2.00000000000000       1.686868795120256E+016  1.698000000000000E+016
   3.00000000000000       1.572172319207318E+016  1.544000000000000E+016
   5.00000000000000       1.272031626874603E+016  1.256000000000000E+016
   10.0000000000000       7.376908749172410E+015  8.034000000000000E+015
   30.0000000000000       1.823164035570067E+015  1.543000000000000E+015
