   1.00000000000000       5.350978443444411E+016  6.568000000000000E+016
   2.00000000000000       5.093913912294844E+016  5.344000000000000E+016
   3.00000000000000       4.692420037364570E+016  4.507000000000000E+016
   5.00000000000000       3.727821229626322E+016  3.193000000000000E+016
   10.0000000000000       2.172348167196459E+016  1.726000000000000E+016
   30.0000000000000       5.576405457236974E+015  5.304000000000000E+015
   1.00000000000000       5.350978443444411E+016  6.568000000000000E+016
   2.00000000000000       5.093913912294844E+016  5.344000000000000E+016
   3.00000000000000       4.692420037364570E+016  4.507000000000000E+016
   5.00000000000000       3.727821229626322E+016  3.193000000000000E+016
   10.0000000000000       2.172348167196459E+016  1.726000000000000E+016
   30.0000000000000       5.576405457236974E+015  5.304000000000000E+015
   1.00000000000000       6.565143210938331E+016  6.568000000000000E+016
   2.00000000000000       5.352484674085962E+016  5.344000000000000E+016
   3.00000000000000       4.468570261595648E+016  4.507000000000000E+016
   5.00000000000000       3.232244156517694E+016  3.193000000000000E+016
   10.0000000000000       1.754763814215446E+016  1.726000000000000E+016
   30.0000000000000       4.258482054630244E+015  5.304000000000000E+015
