   1.00000000000000       2.496933249155382E+016  2.450000000000000E+016
   2.00000000000000       2.087335768081688E+016  2.323000000000000E+016
   3.00000000000000       1.872632238537255E+016  2.171000000000000E+016
   5.00000000000000       1.561904967500676E+016  1.771000000000000E+016
   10.0000000000000       1.024129431458662E+016  9.529000000000000E+015
   30.0000000000000       3.213834961109514E+015  2.660000000000000E+015
   1.00000000000000       2.496933249155382E+016  2.450000000000000E+016
   2.00000000000000       2.087335768081688E+016  2.323000000000000E+016
   3.00000000000000       1.872632238537255E+016  2.171000000000000E+016
   5.00000000000000       1.561904967500676E+016  1.771000000000000E+016
   10.0000000000000       1.024129431458662E+016  9.529000000000000E+015
   30.0000000000000       3.213834961109514E+015  2.660000000000000E+015
   1.00000000000000       2.470226695744294E+016  2.450000000000000E+016
   2.00000000000000       2.330608240565769E+016  2.323000000000000E+016
   3.00000000000000       2.133983036982329E+016  2.171000000000000E+016
   5.00000000000000       1.716287523091085E+016  1.771000000000000E+016
   10.0000000000000       1.031547039105928E+016  9.529000000000000E+015
   30.0000000000000       2.871720946004226E+015  2.660000000000000E+015
