   1.00000000000000       2.096589367805697E+016  1.335000000000000E+016
   2.00000000000000       1.984825971731142E+016  1.334000000000000E+016
   3.00000000000000       1.807143962934620E+016  1.224000000000000E+016
   5.00000000000000       1.474575223942015E+016  9.155000000000000E+015
   10.0000000000000       9.259382723950700E+015  6.716000000000000E+015
   30.0000000000000       2.982996553103565E+015  2.167000000000000E+015
   1.00000000000000       2.096589367805697E+016  1.335000000000000E+016
   2.00000000000000       1.984825971731142E+016  1.334000000000000E+016
   3.00000000000000       1.807143962934620E+016  1.224000000000000E+016
   5.00000000000000       1.474575223942015E+016  9.155000000000000E+015
   10.0000000000000       9.259382723950700E+015  6.716000000000000E+015
   30.0000000000000       2.982996553103565E+015  2.167000000000000E+015
   1.00000000000000       1.351324030360901E+016  1.335000000000000E+016
   2.00000000000000       1.309121056253431E+016  1.334000000000000E+016
   3.00000000000000       1.202009781053850E+016  1.224000000000000E+016
   5.00000000000000       9.899789573884968E+015  9.155000000000000E+015
   10.0000000000000       6.287877731402409E+015  6.716000000000000E+015
   30.0000000000000       2.058459429210996E+015  2.167000000000000E+015
