   1.00000000000000       3.190707411214424E+016  5.739000000000000E+016
   2.00000000000000       2.908898098982750E+016  4.472000000000000E+016
   3.00000000000000       2.671706560346270E+016  3.658000000000000E+016
   5.00000000000000       2.246930791607961E+016  2.837000000000000E+016
   10.0000000000000       1.442443410336414E+016  1.315000000000000E+016
   30.0000000000000       4.433582036471987E+015  3.568000000000000E+015
   1.00000000000000       3.190707411214424E+016  5.739000000000000E+016
   2.00000000000000       2.908898098982750E+016  4.472000000000000E+016
   3.00000000000000       2.671706560346270E+016  3.658000000000000E+016
   5.00000000000000       2.246930791607961E+016  2.837000000000000E+016
   10.0000000000000       1.442443410336414E+016  1.315000000000000E+016
   30.0000000000000       4.433582036471987E+015  3.568000000000000E+015
   1.00000000000000       5.706230737634496E+016  5.739000000000000E+016
   2.00000000000000       4.525541849813042E+016  4.472000000000000E+016
   3.00000000000000       3.710931573599322E+016  3.658000000000000E+016
   5.00000000000000       2.661821019721576E+016  2.837000000000000E+016
   10.0000000000000       1.441867661721870E+016  1.315000000000000E+016
   30.0000000000000       3.729514625445958E+015  3.568000000000000E+015
