   1.00000000000000       2.418723830891502E+016  1.376000000000000E+016
   2.00000000000000       2.324442707827807E+016  1.390000000000000E+016
   3.00000000000000       2.098553733787369E+016  1.187000000000000E+016
   5.00000000000000       1.684692869508196E+016  9.948000000000000E+015
   10.0000000000000       1.023145517174620E+016  6.501000000000000E+015
   30.0000000000000       3.073740575799282E+015  2.404000000000000E+015
   1.00000000000000       2.418723830891502E+016  1.376000000000000E+016
   2.00000000000000       2.324442707827807E+016  1.390000000000000E+016
   3.00000000000000       2.098553733787369E+016  1.187000000000000E+016
   5.00000000000000       1.684692869508196E+016  9.948000000000000E+015
   10.0000000000000       1.023145517174620E+016  6.501000000000000E+015
   30.0000000000000       3.073740575799282E+015  2.404000000000000E+015
   1.00000000000000       1.391112151790044E+016  1.376000000000000E+016
   2.00000000000000       1.339304459882416E+016  1.390000000000000E+016
   3.00000000000000       1.224871087900226E+016  1.187000000000000E+016
   5.00000000000000       1.010858624885000E+016  9.948000000000000E+015
   10.0000000000000       6.360628379380618E+015  6.501000000000000E+015
   30.0000000000000       1.992620419610644E+015  2.404000000000000E+015
