 Ite ALT.[km]   Ext[km-1]   Ext_err_retr[km-1]  Ext_err_smooth[km-1]   Ext_prior
 i[km-1]   Ext_err_priori[km-1]  version   2.300000    
  7      0.00000  0.12956E+00  0.29007E-01  0.47762E-01  0.22130E+00  0.22130E+00
  7      0.20000  0.73125E-01  0.14147E-01  0.49830E-01  0.18119E+00  0.18119E+00
  7      0.40000  0.93107E-01  0.29491E-01  0.38433E-01  0.14834E+00  0.14834E+00
  7      0.60000  0.13884E+00  0.14621E-01  0.58523E-01  0.12145E+00  0.12145E+00
  7      0.80000  0.15532E+00  0.13288E-01  0.61016E-01  0.99438E-01  0.99438E-01
  7      1.00000  0.14016E+00  0.18035E-01  0.51359E-01  0.81413E-01  0.81413E-01
  7      1.20000  0.11317E+00  0.16379E-01  0.46316E-01  0.66655E-01  0.66655E-01
  7      1.40000  0.87421E-01  0.12500E-01  0.42982E-01  0.54573E-01  0.54573E-01
  7      1.60000  0.66836E-01  0.87724E-02  0.38623E-01  0.44680E-01  0.44680E-01
  7      1.80000  0.51293E-01  0.58834E-02  0.33542E-01  0.36581E-01  0.36581E-01
  7      2.00000  0.39706E-01  0.38392E-02  0.28459E-01  0.29950E-01  0.29950E-01
  7      2.20000  0.31029E-01  0.24619E-02  0.23802E-01  0.24521E-01  0.24521E-01
  7      2.40000  0.24450E-01  0.15678E-02  0.19734E-01  0.20076E-01  0.20076E-01
  7      2.60000  0.19371E-01  0.10005E-02  0.16276E-01  0.16437E-01  0.16437E-01
  7      2.80000  0.15332E-01  0.62203E-03  0.13387E-01  0.13457E-01  0.13457E-01
  7      3.00000  0.12029E-01  0.33342E-03  0.10995E-01  0.11018E-01  0.11018E-01
