 Ite ALT.[km]   Ext[km-1]   Ext_err_retr[km-1]  Ext_err_smooth[km-1]   Ext_prior
 i[km-1]   Ext_err_priori[km-1]  version   2.300000    
 16      0.00000  0.15808E+00  0.26671E-01  0.50621E-01  0.13521E+00  0.13521E+00
 16      0.20000  0.86415E-01  0.57282E-02  0.34051E-01  0.11070E+00  0.11070E+00
 16      0.40000  0.35686E-01  0.19696E-01  0.41625E-01  0.90633E-01  0.90633E-01
 16      0.60000  0.30028E-01  0.16667E-01  0.37798E-01  0.74204E-01  0.74204E-01
 16      0.80000  0.45002E-01  0.62874E-02  0.38374E-01  0.60753E-01  0.60753E-01
 16      1.00000  0.56101E-01  0.69786E-02  0.35091E-01  0.49741E-01  0.49741E-01
 16      1.20000  0.57434E-01  0.94403E-02  0.30212E-01  0.40724E-01  0.40724E-01
 16      1.40000  0.52250E-01  0.90066E-02  0.26113E-01  0.33342E-01  0.33342E-01
 16      1.60000  0.44532E-01  0.72826E-02  0.22761E-01  0.27298E-01  0.27298E-01
 16      1.80000  0.36660E-01  0.53914E-02  0.19711E-01  0.22350E-01  0.22350E-01
 16      2.00000  0.29644E-01  0.38022E-02  0.16839E-01  0.18299E-01  0.18299E-01
 16      2.20000  0.23752E-01  0.26179E-02  0.14196E-01  0.14982E-01  0.14982E-01
 16      2.40000  0.18938E-01  0.17899E-02  0.11846E-01  0.12266E-01  0.12266E-01
 16      2.60000  0.15014E-01  0.12219E-02  0.98189E-02  0.10042E-01  0.10042E-01
 16      2.80000  0.11681E-01  0.80148E-03  0.81119E-02  0.82221E-02  0.82221E-02
 16      3.00000  0.87099E-02  0.44443E-03  0.66922E-02  0.67317E-02  0.67317E-02
