 Ite ALT.[km]   Ext[km-1]   Ext_err_retr[km-1]  Ext_err_smooth[km-1]   Ext_prior
 i[km-1]   Ext_err_priori[km-1]  version   2.300000    
  9      0.00000  0.14346E+00  0.30301E-01  0.56207E-01  0.15494E+00  0.15494E+00
  9      0.20000  0.62602E-01  0.50309E-02  0.37654E-01  0.12685E+00  0.12685E+00
  9      0.40000  0.23247E-01  0.22361E-01  0.43303E-01  0.10386E+00  0.10386E+00
  9      0.60000  0.38230E-01  0.19383E-01  0.38906E-01  0.85033E-01  0.85033E-01
  9      0.80000  0.68326E-01  0.66870E-02  0.42788E-01  0.69619E-01  0.69619E-01
  9      1.00000  0.84285E-01  0.83096E-02  0.39111E-01  0.57000E-01  0.57000E-01
  9      1.20000  0.82958E-01  0.11456E-01  0.32956E-01  0.46667E-01  0.46667E-01
  9      1.40000  0.72003E-01  0.10725E-01  0.28534E-01  0.38208E-01  0.38208E-01
  9      1.60000  0.58476E-01  0.84514E-02  0.25296E-01  0.31282E-01  0.31282E-01
  9      1.80000  0.46001E-01  0.60978E-02  0.22234E-01  0.25612E-01  0.25612E-01
  9      2.00000  0.35711E-01  0.42030E-02  0.19161E-01  0.20969E-01  0.20969E-01
  9      2.20000  0.27623E-01  0.28375E-02  0.16224E-01  0.17168E-01  0.17168E-01
  9      2.40000  0.21392E-01  0.19080E-02  0.13567E-01  0.14056E-01  0.14056E-01
  9      2.60000  0.16587E-01  0.12853E-02  0.11256E-01  0.11508E-01  0.11508E-01
  9      2.80000  0.12748E-01  0.83501E-03  0.93016E-02  0.94220E-02  0.94220E-02
  9      3.00000  0.95388E-02  0.46018E-03  0.76720E-02  0.77141E-02  0.77141E-02
