 Ite ALT.[km]   Ext[km-1]   Ext_err_retr[km-1]  Ext_err_smooth[km-1]   Ext_prior
 i[km-1]   Ext_err_priori[km-1]  version   2.300000    
 10      0.00000  0.31517E-01  0.22208E-01  0.39851E-01  0.13561E+00  0.13561E+00
 10      0.20000  0.61524E-01  0.78696E-02  0.33145E-01  0.11103E+00  0.11103E+00
 10      0.40000  0.10054E+00  0.22358E-01  0.34705E-01  0.90900E-01  0.90900E-01
 10      0.60000  0.98927E-01  0.13025E-01  0.36382E-01  0.74423E-01  0.74423E-01
 10      0.80000  0.74873E-01  0.49027E-02  0.38971E-01  0.60932E-01  0.60932E-01
 10      1.00000  0.53559E-01  0.10758E-01  0.34517E-01  0.49887E-01  0.49887E-01
 10      1.20000  0.40330E-01  0.11357E-01  0.30056E-01  0.40844E-01  0.40844E-01
 10      1.40000  0.32291E-01  0.93383E-02  0.26693E-01  0.33440E-01  0.33440E-01
 10      1.60000  0.26777E-01  0.68853E-02  0.23527E-01  0.27379E-01  0.27379E-01
 10      1.80000  0.22488E-01  0.48112E-02  0.20333E-01  0.22416E-01  0.22416E-01
 10      2.00000  0.18901E-01  0.32782E-02  0.17258E-01  0.18352E-01  0.18352E-01
 10      2.20000  0.15820E-01  0.22197E-02  0.14456E-01  0.15026E-01  0.15026E-01
 10      2.40000  0.13165E-01  0.15142E-02  0.12003E-01  0.12302E-01  0.12302E-01
 10      2.60000  0.10880E-01  0.10422E-02  0.99130E-02  0.10072E-01  0.10072E-01
 10      2.80000  0.88956E-02  0.69140E-03  0.81672E-02  0.82463E-02  0.82463E-02
 10      3.00000  0.71540E-02  0.38653E-03  0.67229E-02  0.67515E-02  0.67515E-02
