    ALT.[km]   NO2[mol/cm3]   NO2_err_retr[mol/cm3]   NO2_err_smooth[mol/cm3]   
 NO2_priori[mol/cm3]  NO2_err_priori[mol/cm3]   version    2.300000    
     0.00000  0.15481E+11  0.19345E+10  0.25968E+10  0.21230E+11  0.21230E+11
     0.20000  0.16421E+11  0.98603E+09  0.21352E+10  0.17381E+11  0.17381E+11
     0.40000  0.16020E+11  0.19662E+10  0.31439E+10  0.14231E+11  0.14231E+11
     0.60000  0.13662E+11  0.17792E+10  0.30351E+10  0.11651E+11  0.11651E+11
     0.80000  0.10224E+11  0.11565E+10  0.32088E+10  0.95392E+10  0.95392E+10
     1.00000  0.69590E+10  0.12329E+10  0.34318E+10  0.78100E+10  0.78100E+10
     1.20000  0.45925E+10  0.15455E+10  0.34398E+10  0.63943E+10  0.63943E+10
     1.40000  0.31781E+10  0.15640E+10  0.33050E+10  0.52352E+10  0.52352E+10
     1.60000  0.24256E+10  0.13512E+10  0.30855E+10  0.42862E+10  0.42862E+10
     1.80000  0.20236E+10  0.10577E+10  0.27975E+10  0.35093E+10  0.35093E+10
     2.00000  0.17711E+10  0.77877E+09  0.24671E+10  0.28731E+10  0.28731E+10
     2.20000  0.15728E+10  0.55063E+09  0.21280E+10  0.23523E+10  0.23523E+10
     2.40000  0.13946E+10  0.37658E+09  0.18064E+10  0.19259E+10  0.19259E+10
     2.60000  0.12284E+10  0.24824E+09  0.15164E+10  0.15768E+10  0.15768E+10
     2.80000  0.10735E+10  0.15589E+09  0.12629E+10  0.12910E+10  0.12910E+10
     3.00000  0.92973E+09  0.91676E+08  0.10454E+10  0.10570E+10  0.10570E+10
