    ALT.[km]   NO2[mol/cm3]   NO2_err_retr[mol/cm3]   NO2_err_smooth[mol/cm3]   
 NO2_priori[mol/cm3]  NO2_err_priori[mol/cm3]   version    2.300000    
     0.00000  0.19475E+11  0.19490E+10  0.23576E+10  0.17349E+11  0.17349E+11
     0.20000  0.17611E+11  0.86095E+09  0.17625E+10  0.14204E+11  0.14204E+11
     0.40000  0.15550E+11  0.15686E+10  0.26168E+10  0.11629E+11  0.11629E+11
     0.60000  0.13140E+11  0.15776E+10  0.23776E+10  0.95212E+10  0.95212E+10
     0.80000  0.10620E+11  0.11680E+10  0.24496E+10  0.77953E+10  0.77953E+10
     1.00000  0.83245E+10  0.11256E+10  0.26964E+10  0.63823E+10  0.63823E+10
     1.20000  0.64533E+10  0.13191E+10  0.27477E+10  0.52254E+10  0.52254E+10
     1.40000  0.50265E+10  0.13347E+10  0.26470E+10  0.42782E+10  0.42782E+10
     1.60000  0.39621E+10  0.11635E+10  0.24754E+10  0.35027E+10  0.35027E+10
     1.80000  0.31598E+10  0.91461E+09  0.22553E+10  0.28677E+10  0.28677E+10
     2.00000  0.25405E+10  0.67111E+09  0.20004E+10  0.23479E+10  0.23479E+10
     2.20000  0.20521E+10  0.46977E+09  0.17332E+10  0.19223E+10  0.19223E+10
     2.40000  0.16613E+10  0.31688E+09  0.14751E+10  0.15739E+10  0.15739E+10
     2.60000  0.13463E+10  0.20585E+09  0.12398E+10  0.12886E+10  0.12886E+10
     2.80000  0.10916E+10  0.12754E+09  0.10328E+10  0.10550E+10  0.10550E+10
     3.00000  0.88547E+09  0.74170E+08  0.85475E+09  0.86375E+09  0.86375E+09
