    ALT.[km]   NO2[mol/cm3]   NO2_err_retr[mol/cm3]   NO2_err_smooth[mol/cm3]   
 NO2_priori[mol/cm3]  NO2_err_priori[mol/cm3]   version    2.300000    
     0.00000  0.24962E+11  0.33843E+10  0.36439E+10  0.36240E+11  0.36240E+11
     0.20000  0.25426E+11  0.16771E+10  0.33358E+10  0.29670E+11  0.29670E+11
     0.40000  0.23041E+11  0.36279E+10  0.39641E+10  0.24292E+11  0.24292E+11
     0.60000  0.17418E+11  0.33187E+10  0.39076E+10  0.19889E+11  0.19889E+11
     0.80000  0.10726E+11  0.17401E+10  0.51434E+10  0.16283E+11  0.16283E+11
     1.00000  0.53550E+10  0.14303E+10  0.55546E+10  0.13332E+11  0.13332E+11
     1.20000  0.23134E+10  0.23196E+10  0.50579E+10  0.10915E+11  0.10915E+11
     1.40000  0.12422E+10  0.26415E+10  0.44779E+10  0.89366E+10  0.89366E+10
     1.60000  0.12528E+10  0.24380E+10  0.41689E+10  0.73166E+10  0.73166E+10
     1.80000  0.16039E+10  0.19947E+10  0.39601E+10  0.59904E+10  0.59904E+10
     2.00000  0.19070E+10  0.15160E+10  0.36810E+10  0.49045E+10  0.49045E+10
     2.20000  0.20444E+10  0.10971E+10  0.33140E+10  0.40155E+10  0.40155E+10
     2.40000  0.20293E+10  0.76360E+09  0.29038E+10  0.32876E+10  0.32876E+10
     2.60000  0.19124E+10  0.51025E+09  0.24939E+10  0.26916E+10  0.26916E+10
     2.80000  0.17400E+10  0.32388E+09  0.21104E+10  0.22037E+10  0.22037E+10
     3.00000  0.15433E+10  0.19212E+09  0.17653E+10  0.18043E+10  0.18043E+10
