 Ite ALT.[km]   Ext[km-1]   Ext_err_retr[km-1]  Ext_err_smooth[km-1]   Ext_prior
 i[km-1]   Ext_err_priori[km-1]  version   2.300000    
  7      0.00000  0.40094E-01  0.18614E-01  0.28564E-01  0.12320E+00  0.12320E+00
  7      0.20000  0.61145E-01  0.94456E-02  0.29001E-01  0.10087E+00  0.10087E+00
  7      0.40000  0.88402E-01  0.19360E-01  0.26160E-01  0.82584E-01  0.82584E-01
  7      0.60000  0.83843E-01  0.74699E-02  0.33366E-01  0.67614E-01  0.67614E-01
  7      0.80000  0.63022E-01  0.82122E-02  0.34016E-01  0.55357E-01  0.55357E-01
  7      1.00000  0.45496E-01  0.12508E-01  0.29499E-01  0.45323E-01  0.45323E-01
  7      1.20000  0.34852E-01  0.11219E-01  0.26953E-01  0.37107E-01  0.37107E-01
  7      1.40000  0.28426E-01  0.82480E-02  0.24881E-01  0.30381E-01  0.30381E-01
  7      1.60000  0.23950E-01  0.55089E-02  0.22191E-01  0.24874E-01  0.24874E-01
  7      1.80000  0.20360E-01  0.34998E-02  0.19137E-01  0.20365E-01  0.20365E-01
  7      2.00000  0.17258E-01  0.21836E-02  0.16130E-01  0.16673E-01  0.16673E-01
  7      2.20000  0.14523E-01  0.13851E-02  0.13410E-01  0.13651E-01  0.13651E-01
  7      2.40000  0.12123E-01  0.92478E-03  0.11063E-01  0.11176E-01  0.11176E-01
  7      2.60000  0.10032E-01  0.65392E-03  0.90916E-02  0.91505E-02  0.91505E-02
  7      2.80000  0.81958E-02  0.45567E-03  0.74606E-02  0.74918E-02  0.74918E-02
  7      3.00000  0.65683E-02  0.26518E-03  0.61215E-02  0.61338E-02  0.61338E-02
