 Ite ALT.[km]   Ext[km-1]   Ext_err_retr[km-1]  Ext_err_smooth[km-1]   Ext_prior
 i[km-1]   Ext_err_priori[km-1]  version   2.300000    
  6      0.00000  0.13059E+00  0.27678E-01  0.51715E-01  0.21957E+00  0.21957E+00
  6      0.20000  0.51237E-01  0.11421E-01  0.49577E-01  0.17977E+00  0.17977E+00
  6      0.40000  0.67888E-01  0.26793E-01  0.38032E-01  0.14718E+00  0.14718E+00
  6      0.60000  0.13146E+00  0.14330E-01  0.55485E-01  0.12050E+00  0.12050E+00
  6      0.80000  0.16363E+00  0.12591E-01  0.59801E-01  0.98659E-01  0.98659E-01
  6      1.00000  0.15219E+00  0.16836E-01  0.50277E-01  0.80775E-01  0.80775E-01
  6      1.20000  0.12223E+00  0.15497E-01  0.45056E-01  0.66133E-01  0.66133E-01
  6      1.40000  0.92781E-01  0.12023E-01  0.42008E-01  0.54145E-01  0.54145E-01
  6      1.60000  0.69742E-01  0.85342E-02  0.37983E-01  0.44330E-01  0.44330E-01
  6      1.80000  0.52867E-01  0.57469E-02  0.33126E-01  0.36295E-01  0.36295E-01
  6      2.00000  0.40585E-01  0.37445E-02  0.28174E-01  0.29716E-01  0.29716E-01
  6      2.20000  0.31529E-01  0.23922E-02  0.23591E-01  0.24329E-01  0.24329E-01
  6      2.40000  0.24730E-01  0.15167E-02  0.19570E-01  0.19919E-01  0.19919E-01
  6      2.60000  0.19523E-01  0.96211E-03  0.16145E-01  0.16308E-01  0.16308E-01
  6      2.80000  0.15403E-01  0.59420E-03  0.13281E-01  0.13352E-01  0.13352E-01
  6      3.00000  0.12037E-01  0.31715E-03  0.10909E-01  0.10932E-01  0.10932E-01
