    ALT.[km]   NO2[mol/cm3]   NO2_err_retr[mol/cm3]   NO2_err_smooth[mol/cm3]   
 NO2_priori[mol/cm3]  NO2_err_priori[mol/cm3]   version    2.300000    
     0.00000  0.43679E+11  0.22503E+10  0.19184E+10  0.47882E+11  0.47882E+11
     0.20000  0.54876E+11  0.19216E+10  0.32319E+10  0.39203E+11  0.39203E+11
     0.40000  0.46318E+11  0.28057E+10  0.21021E+10  0.32097E+11  0.32097E+11
     0.60000  0.23763E+11  0.23952E+10  0.44461E+10  0.26278E+11  0.26278E+11
     0.80000  0.74804E+09  0.25657E+10  0.62671E+10  0.21515E+11  0.21515E+11
     1.00000 -0.12897E+11  0.28001E+10  0.61282E+10  0.17615E+11  0.17615E+11
     1.20000 -0.15795E+11  0.26363E+10  0.54922E+10  0.14422E+11  0.14422E+11
     1.40000 -0.12084E+11  0.24361E+10  0.52666E+10  0.11808E+11  0.11808E+11
     1.60000 -0.65060E+10  0.23089E+10  0.52275E+10  0.96673E+10  0.96673E+10
     1.80000 -0.18437E+10  0.21065E+10  0.50599E+10  0.79149E+10  0.79149E+10
     2.00000  0.11031E+10  0.17884E+10  0.47158E+10  0.64802E+10  0.64802E+10
     2.20000  0.25722E+10  0.14164E+10  0.42554E+10  0.53055E+10  0.53055E+10
     2.40000  0.30701E+10  0.10558E+10  0.37464E+10  0.43438E+10  0.43438E+10
     2.60000  0.30284E+10  0.74228E+09  0.32374E+10  0.35564E+10  0.35564E+10
     2.80000  0.27318E+10  0.48914E+09  0.27564E+10  0.29117E+10  0.29117E+10
     3.00000  0.23459E+10  0.29825E+09  0.23174E+10  0.23839E+10  0.23839E+10
