    ALT.[km]   NO2[mol/cm3]   NO2_err_retr[mol/cm3]   NO2_err_smooth[mol/cm3]   
 NO2_priori[mol/cm3]  NO2_err_priori[mol/cm3]   version    2.300000    
     0.00000  0.15997E+11  0.21496E+10  0.22422E+10  0.23779E+11  0.23779E+11
     0.20000  0.13001E+11  0.88887E+09  0.20524E+10  0.19468E+11  0.19468E+11
     0.40000  0.11282E+11  0.20212E+10  0.21048E+10  0.15939E+11  0.15939E+11
     0.60000  0.10167E+11  0.18000E+10  0.20731E+10  0.13050E+11  0.13050E+11
     0.80000  0.92221E+10  0.10377E+10  0.31164E+10  0.10684E+11  0.10684E+11
     1.00000  0.82622E+10  0.12782E+10  0.33822E+10  0.87477E+10  0.87477E+10
     1.20000  0.72568E+10  0.17775E+10  0.30214E+10  0.71620E+10  0.71620E+10
     1.40000  0.62394E+10  0.18652E+10  0.27181E+10  0.58637E+10  0.58637E+10
     1.60000  0.52597E+10  0.16416E+10  0.26565E+10  0.48008E+10  0.48008E+10
     1.80000  0.43620E+10  0.12975E+10  0.26145E+10  0.39306E+10  0.39306E+10
     2.00000  0.35744E+10  0.95867E+09  0.24655E+10  0.32181E+10  0.32181E+10
     2.20000  0.29059E+10  0.67723E+09  0.22243E+10  0.26347E+10  0.26347E+10
     2.40000  0.23515E+10  0.46177E+09  0.19425E+10  0.21571E+10  0.21571E+10
     2.60000  0.18982E+10  0.30340E+09  0.16596E+10  0.17661E+10  0.17661E+10
     2.80000  0.15305E+10  0.19005E+09  0.13972E+10  0.14460E+10  0.14460E+10
     3.00000  0.12342E+10  0.11161E+09  0.11640E+10  0.11839E+10  0.11839E+10
