    ALT.[km]   NO2[mol/cm3]   NO2_err_retr[mol/cm3]   NO2_err_smooth[mol/cm3]   
 NO2_priori[mol/cm3]  NO2_err_priori[mol/cm3]   version    2.300000    
     0.00000  0.10838E+12  0.27591E+10  0.16059E+10  0.43194E+11  0.43194E+11
     0.20000  0.61005E+11  0.35110E+10  0.38460E+10  0.35364E+11  0.35364E+11
     0.40000  0.24024E+11  0.48852E+10  0.42183E+10  0.28954E+11  0.28954E+11
     0.60000  0.45681E+10  0.35579E+10  0.57596E+10  0.23705E+11  0.23705E+11
     0.80000 -0.22305E+09  0.18441E+10  0.69777E+10  0.19408E+11  0.19408E+11
     1.00000  0.23003E+10  0.24420E+10  0.66875E+10  0.15890E+11  0.15890E+11
     1.20000  0.60840E+10  0.31769E+10  0.59435E+10  0.13010E+11  0.13010E+11
     1.40000  0.84078E+10  0.31767E+10  0.55482E+10  0.10651E+11  0.10651E+11
     1.60000  0.89735E+10  0.27431E+10  0.53510E+10  0.87207E+10  0.87207E+10
     1.80000  0.83905E+10  0.21816E+10  0.50547E+10  0.71399E+10  0.71399E+10
     2.00000  0.72889E+10  0.16502E+10  0.46080E+10  0.58456E+10  0.58456E+10
     2.20000  0.60670E+10  0.12031E+10  0.40759E+10  0.47860E+10  0.47860E+10
     2.40000  0.49214E+10  0.84687E+09  0.35272E+10  0.39185E+10  0.39185E+10
     2.60000  0.39280E+10  0.57193E+09  0.30050E+10  0.32082E+10  0.32082E+10
     2.80000  0.31040E+10  0.36601E+09  0.25301E+10  0.26266E+10  0.26266E+10
     3.00000  0.24414E+10  0.21834E+09  0.21101E+10  0.21505E+10  0.21505E+10
