 Ite ALT.[km]   Ext[km-1]   Ext_err_retr[km-1]  Ext_err_smooth[km-1]   Ext_prior
 i[km-1]   Ext_err_priori[km-1]  version   2.300000    
 16      0.00000  0.76635E-01  0.13123E-01  0.17367E-01  0.96480E-01  0.96480E-01
 16      0.20000  0.15204E+00  0.98173E-02  0.23723E-01  0.78991E-01  0.78991E-01
 16      0.40000  0.10687E+00  0.12679E-01  0.22642E-01  0.64672E-01  0.64672E-01
 16      0.60000  0.20086E-01  0.42786E-02  0.27010E-01  0.52949E-01  0.52949E-01
 16      0.80000  0.43351E-08  0.92095E-02  0.27371E-01  0.43351E-01  0.43351E-01
 16      1.00000  0.35493E-08  0.10416E-01  0.25412E-01  0.35493E-01  0.35493E-01
 16      1.20000  0.29059E-08  0.87227E-02  0.23109E-01  0.29059E-01  0.29059E-01
 16      1.40000  0.23792E-08  0.64841E-02  0.20497E-01  0.23792E-01  0.23792E-01
 16      1.60000  0.19479E-08  0.45468E-02  0.17741E-01  0.19479E-01  0.19479E-01
 16      1.80000  0.15948E-08  0.31047E-02  0.15056E-01  0.15948E-01  0.15948E-01
 16      2.00000  0.13419E-07  0.21188E-02  0.12597E-01  0.13057E-01  0.13057E-01
 16      2.20000  0.82373E-07  0.14761E-02  0.10442E-01  0.10690E-01  0.10690E-01
 16      2.40000  0.66601E-03  0.10591E-02  0.86078E-02  0.87525E-02  0.87525E-02
 16      2.60000  0.20461E-02  0.77190E-03  0.70767E-02  0.71659E-02  0.71659E-02
 16      2.80000  0.29139E-02  0.53630E-03  0.58157E-02  0.58670E-02  0.58670E-02
 16      3.00000  0.33455E-02  0.30808E-03  0.47830E-02  0.48035E-02  0.48035E-02
