    ALT.[km]   NO2[mol/cm3]   NO2_err_retr[mol/cm3]   NO2_err_smooth[mol/cm3]   
 NO2_priori[mol/cm3]  NO2_err_priori[mol/cm3]   version    2.300000    
     0.00000  0.59564E+11  0.22008E+10  0.17141E+10  0.38012E+11  0.38012E+11
     0.20000  0.58909E+11  0.24199E+10  0.29806E+10  0.31122E+11  0.31122E+11
     0.40000  0.48466E+11  0.38100E+10  0.33173E+10  0.25480E+11  0.25480E+11
     0.60000  0.32167E+11  0.26512E+10  0.50804E+10  0.20862E+11  0.20862E+11
     0.80000  0.16607E+11  0.10193E+10  0.62725E+10  0.17080E+11  0.17080E+11
     1.00000  0.60828E+10  0.19583E+10  0.59815E+10  0.13984E+11  0.13984E+11
     1.20000  0.10611E+10  0.27172E+10  0.52958E+10  0.11449E+11  0.11449E+11
     1.40000 -0.26432E+09  0.27169E+10  0.49675E+10  0.93737E+10  0.93737E+10
     1.60000  0.79255E+08  0.23085E+10  0.48145E+10  0.76745E+10  0.76745E+10
     1.80000  0.81373E+09  0.17950E+10  0.45476E+10  0.62834E+10  0.62834E+10
     2.00000  0.14058E+10  0.13271E+10  0.41309E+10  0.51444E+10  0.51444E+10
     2.20000  0.17401E+10  0.94986E+09  0.36361E+10  0.42119E+10  0.42119E+10
     2.40000  0.18583E+10  0.66070E+09  0.31319E+10  0.34484E+10  0.34484E+10
     2.60000  0.18317E+10  0.44377E+09  0.26583E+10  0.28233E+10  0.28233E+10
     2.80000  0.17188E+10  0.28383E+09  0.22325E+10  0.23115E+10  0.23115E+10
     3.00000  0.15584E+10  0.16971E+09  0.18591E+10  0.18925E+10  0.18925E+10
