 Ite ALT.[km]   Ext[km-1]   Ext_err_retr[km-1]  Ext_err_smooth[km-1]   Ext_prior
 i[km-1]   Ext_err_priori[km-1]  version   2.300000    
  5      0.00000  0.11928E+00  0.27800E-01  0.36679E-01  0.17947E+00  0.17947E+00
  5      0.20000  0.13065E+00  0.16274E-01  0.42962E-01  0.14694E+00  0.14694E+00
  5      0.40000  0.13804E+00  0.29538E-01  0.39071E-01  0.12030E+00  0.12030E+00
  5      0.60000  0.11597E+00  0.12579E-01  0.51530E-01  0.98497E-01  0.98497E-01
  5      0.80000  0.86304E-01  0.10874E-01  0.51888E-01  0.80643E-01  0.80643E-01
  5      1.00000  0.65080E-01  0.16320E-01  0.44733E-01  0.66025E-01  0.66025E-01
  5      1.20000  0.52158E-01  0.15019E-01  0.39799E-01  0.54057E-01  0.54057E-01
  5      1.40000  0.43626E-01  0.11538E-01  0.35881E-01  0.44258E-01  0.44258E-01
  5      1.60000  0.37072E-01  0.81778E-02  0.31678E-01  0.36235E-01  0.36235E-01
  5      1.80000  0.31503E-01  0.55855E-02  0.27284E-01  0.29667E-01  0.29667E-01
  5      2.00000  0.26595E-01  0.37708E-02  0.23063E-01  0.24289E-01  0.24289E-01
  5      2.20000  0.22265E-01  0.25635E-02  0.19252E-01  0.19886E-01  0.19886E-01
  5      2.40000  0.18490E-01  0.17769E-02  0.15946E-01  0.16282E-01  0.16282E-01
  5      2.60000  0.15223E-01  0.12512E-02  0.13149E-01  0.13330E-01  0.13330E-01
  5      2.80000  0.12357E-01  0.84792E-03  0.10822E-01  0.10914E-01  0.10914E-01
  5      3.00000  0.98046E-02  0.48072E-03  0.89016E-02  0.89355E-02  0.89355E-02
