    ALT.[km]   NO2[mol/cm3]   NO2_err_retr[mol/cm3]   NO2_err_smooth[mol/cm3]   
 NO2_priori[mol/cm3]  NO2_err_priori[mol/cm3]   version    2.300000    
     0.00000  0.44476E+11  0.21638E+10  0.17228E+10  0.39040E+11  0.39040E+11
     0.20000  0.53000E+11  0.16710E+10  0.28320E+10  0.31963E+11  0.31963E+11
     0.40000  0.46854E+11  0.26278E+10  0.19342E+10  0.26169E+11  0.26169E+11
     0.60000  0.28873E+11  0.21444E+10  0.36495E+10  0.21426E+11  0.21426E+11
     0.80000  0.85167E+10  0.19597E+10  0.52615E+10  0.17542E+11  0.17542E+11
     1.00000 -0.60800E+10  0.23116E+10  0.51704E+10  0.14362E+11  0.14362E+11
     1.20000 -0.12385E+11  0.24241E+10  0.45471E+10  0.11759E+11  0.11759E+11
     1.40000 -0.12387E+11  0.22968E+10  0.43072E+10  0.96272E+10  0.96272E+10
     1.60000 -0.94056E+10  0.20685E+10  0.43063E+10  0.78821E+10  0.78821E+10
     1.80000 -0.59118E+10  0.17764E+10  0.42035E+10  0.64533E+10  0.64533E+10
     2.00000 -0.30606E+10  0.14445E+10  0.39278E+10  0.52835E+10  0.52835E+10
     2.20000 -0.11036E+10  0.11129E+10  0.35373E+10  0.43258E+10  0.43258E+10
     2.40000  0.10012E+09  0.81492E+09  0.31015E+10  0.35416E+10  0.35416E+10
     2.60000  0.77603E+09  0.56625E+09  0.26681E+10  0.28996E+10  0.28996E+10
     2.80000  0.11114E+10  0.37016E+09  0.22625E+10  0.23740E+10  0.23740E+10
     3.00000  0.12326E+10  0.22444E+09  0.18963E+10  0.19437E+10  0.19437E+10
