    ALT.[km]   NO2[mol/cm3]   NO2_err_retr[mol/cm3]   NO2_err_smooth[mol/cm3]   
 NO2_priori[mol/cm3]  NO2_err_priori[mol/cm3]   version    2.300000    
     0.00000  0.11993E+11  0.20383E+10  0.23268E+10  0.20202E+11  0.20202E+11
     0.20000  0.13128E+11  0.83812E+09  0.17852E+10  0.16540E+11  0.16540E+11
     0.40000  0.13909E+11  0.18958E+10  0.22660E+10  0.13542E+11  0.13542E+11
     0.60000  0.13153E+11  0.17467E+10  0.21689E+10  0.11087E+11  0.11087E+11
     0.80000  0.11028E+11  0.10400E+10  0.27451E+10  0.90773E+10  0.90773E+10
     1.00000  0.84255E+10  0.11391E+10  0.30004E+10  0.74318E+10  0.74318E+10
     1.20000  0.61295E+10  0.15713E+10  0.28378E+10  0.60847E+10  0.60847E+10
     1.40000  0.44613E+10  0.16578E+10  0.26354E+10  0.49817E+10  0.49817E+10
     1.60000  0.33706E+10  0.14605E+10  0.25148E+10  0.40787E+10  0.40787E+10
     1.80000  0.26714E+10  0.11506E+10  0.23834E+10  0.33393E+10  0.33393E+10
     2.00000  0.21966E+10  0.84470E+09  0.21864E+10  0.27340E+10  0.27340E+10
     2.20000  0.18428E+10  0.59186E+09  0.19391E+10  0.22384E+10  0.22384E+10
     2.40000  0.15581E+10  0.40002E+09  0.16760E+10  0.18327E+10  0.18327E+10
     2.60000  0.13191E+10  0.26059E+09  0.14228E+10  0.15005E+10  0.15005E+10
     2.80000  0.11150E+10  0.16197E+09  0.11929E+10  0.12285E+10  0.12285E+10
     3.00000  0.93946E+09  0.94487E+08  0.99134E+09  0.10058E+10  0.10058E+10
