    ALT.[km]   NO2[mol/cm3]   NO2_err_retr[mol/cm3]   NO2_err_smooth[mol/cm3]   
 NO2_priori[mol/cm3]  NO2_err_priori[mol/cm3]   version    2.300000    
     0.00000  0.11485E+12  0.31794E+10  0.25133E+10  0.43970E+11  0.43970E+11
     0.20000  0.66951E+11  0.24759E+10  0.51648E+10  0.36000E+11  0.36000E+11
     0.40000  0.26771E+11  0.43405E+10  0.51421E+10  0.29474E+11  0.29474E+11
     0.60000  0.32075E+10  0.38544E+10  0.46243E+10  0.24131E+11  0.24131E+11
     0.80000 -0.45816E+10  0.20557E+10  0.64848E+10  0.19757E+11  0.19757E+11
     1.00000 -0.30598E+10  0.13983E+10  0.72393E+10  0.16176E+11  0.16176E+11
     1.20000  0.13266E+10  0.23332E+10  0.65511E+10  0.13243E+11  0.13243E+11
     1.40000  0.49452E+10  0.27890E+10  0.54661E+10  0.10843E+11  0.10843E+11
     1.60000  0.67817E+10  0.26930E+10  0.47115E+10  0.88774E+10  0.88774E+10
     1.80000  0.71442E+10  0.23074E+10  0.43106E+10  0.72682E+10  0.72682E+10
     2.00000  0.66478E+10  0.18387E+10  0.40105E+10  0.59507E+10  0.59507E+10
     2.20000  0.57794E+10  0.13951E+10  0.36745E+10  0.48720E+10  0.48720E+10
     2.40000  0.48251E+10  0.10159E+10  0.32905E+10  0.39889E+10  0.39889E+10
     2.60000  0.39253E+10  0.70714E+09  0.28862E+10  0.32658E+10  0.32658E+10
     2.80000  0.31390E+10  0.46473E+09  0.24865E+10  0.26738E+10  0.26738E+10
     3.00000  0.24848E+10  0.28345E+09  0.21082E+10  0.21891E+10  0.21891E+10
