 Ite ALT.[km]   Ext[km-1]   Ext_err_retr[km-1]  Ext_err_smooth[km-1]   Ext_prior
 i[km-1]   Ext_err_priori[km-1]  version   2.300000    
  4      0.00000  0.76887E-01  0.11567E-01  0.22751E-01  0.73709E-01  0.73709E-01
  4      0.20000  0.63659E-01  0.44857E-02  0.18911E-01  0.60348E-01  0.60348E-01
  4      0.40000  0.50089E-01  0.95961E-02  0.21328E-01  0.49409E-01  0.49409E-01
  4      0.60000  0.38026E-01  0.61326E-02  0.19854E-01  0.40453E-01  0.40453E-01
  4      0.80000  0.29288E-01  0.54961E-02  0.20903E-01  0.33120E-01  0.33120E-01
  4      1.00000  0.23490E-01  0.68245E-02  0.19927E-01  0.27116E-01  0.27116E-01
  4      1.20000  0.19447E-01  0.61898E-02  0.18090E-01  0.22201E-01  0.22201E-01
  4      1.40000  0.16327E-01  0.46708E-02  0.16017E-01  0.18176E-01  0.18176E-01
  4      1.60000  0.13734E-01  0.31625E-02  0.13849E-01  0.14882E-01  0.14882E-01
  4      1.80000  0.11512E-01  0.19853E-02  0.11733E-01  0.12184E-01  0.12184E-01
  4      2.00000  0.95993E-02  0.11695E-02  0.97967E-02  0.99755E-02  0.99755E-02
  4      2.20000  0.79638E-02  0.64553E-03  0.81040E-02  0.81672E-02  0.81672E-02
  4      2.40000  0.65797E-02  0.32910E-03  0.66675E-02  0.66868E-02  0.66868E-02
  4      2.60000  0.54203E-02  0.15083E-03  0.54698E-02  0.54747E-02  0.54747E-02
  4      2.80000  0.44570E-02  0.62262E-04  0.44812E-02  0.44823E-02  0.44823E-02
  4      3.00000  0.36602E-02  0.25900E-04  0.36695E-02  0.36698E-02  0.36698E-02
