 Ite ALT.[km]   Ext[km-1]   Ext_err_retr[km-1]  Ext_err_smooth[km-1]   Ext_prior
 i[km-1]   Ext_err_priori[km-1]  version   2.300000    
  6      0.00000  0.82880E-01  0.19170E-01  0.29350E-01  0.15553E+00  0.15553E+00
  6      0.20000  0.67838E-01  0.10953E-01  0.34525E-01  0.12733E+00  0.12733E+00
  6      0.40000  0.87216E-01  0.20027E-01  0.26406E-01  0.10425E+00  0.10425E+00
  6      0.60000  0.10150E+00  0.71083E-02  0.42276E-01  0.85354E-01  0.85354E-01
  6      0.80000  0.95550E-01  0.10335E-01  0.41748E-01  0.69882E-01  0.69882E-01
  6      1.00000  0.79013E-01  0.13986E-01  0.35173E-01  0.57215E-01  0.57215E-01
  6      1.20000  0.62075E-01  0.12060E-01  0.32862E-01  0.46843E-01  0.46843E-01
  6      1.40000  0.48334E-01  0.86595E-02  0.31006E-01  0.38352E-01  0.38352E-01
  6      1.60000  0.37884E-01  0.56810E-02  0.27907E-01  0.31400E-01  0.31400E-01
  6      1.80000  0.29972E-01  0.35749E-02  0.24132E-01  0.25708E-01  0.25708E-01
  6      2.00000  0.23903E-01  0.22521E-02  0.20351E-01  0.21048E-01  0.21048E-01
  6      2.20000  0.19177E-01  0.14872E-02  0.16918E-01  0.17233E-01  0.17233E-01
  6      2.40000  0.15449E-01  0.10577E-02  0.13957E-01  0.14109E-01  0.14109E-01
  6      2.60000  0.12475E-01  0.79075E-03  0.11470E-01  0.11551E-01  0.11551E-01
  6      2.80000  0.10063E-01  0.56743E-03  0.94146E-02  0.94575E-02  0.94575E-02
  6      3.00000  0.80760E-02  0.33337E-03  0.77266E-02  0.77432E-02  0.77432E-02
