    ALT.[km]   NO2[mol/cm3]   NO2_err_retr[mol/cm3]   NO2_err_smooth[mol/cm3]   
 NO2_priori[mol/cm3]  NO2_err_priori[mol/cm3]   version    2.300000    
     0.00000  0.71975E+11  0.29033E+10  0.29628E+10  0.40309E+11  0.40309E+11
     0.20000  0.52568E+11  0.23628E+10  0.48267E+10  0.33002E+11  0.33002E+11
     0.40000  0.33593E+11  0.43002E+10  0.56441E+10  0.27020E+11  0.27020E+11
     0.60000  0.18890E+11  0.37384E+10  0.51375E+10  0.22122E+11  0.22122E+11
     0.80000  0.98373E+10  0.18400E+10  0.60990E+10  0.18112E+11  0.18112E+11
     1.00000  0.55085E+10  0.13112E+10  0.66795E+10  0.14829E+11  0.14829E+11
     1.20000  0.40333E+10  0.24012E+10  0.62822E+10  0.12141E+11  0.12141E+11
     1.40000  0.37918E+10  0.28841E+10  0.55150E+10  0.99401E+10  0.99401E+10
     1.60000  0.38426E+10  0.27754E+10  0.48680E+10  0.81383E+10  0.81383E+10
     1.80000  0.38078E+10  0.23559E+10  0.44037E+10  0.66631E+10  0.66631E+10
     2.00000  0.36144E+10  0.18455E+10  0.40035E+10  0.54553E+10  0.54553E+10
     2.20000  0.33030E+10  0.13656E+10  0.35916E+10  0.44664E+10  0.44664E+10
     2.40000  0.29340E+10  0.96442E+09  0.31611E+10  0.36568E+10  0.36568E+10
     2.60000  0.25547E+10  0.65016E+09  0.27324E+10  0.29939E+10  0.29939E+10
     2.80000  0.21933E+10  0.41483E+09  0.23257E+10  0.24512E+10  0.24512E+10
     3.00000  0.18632E+10  0.24686E+09  0.19539E+10  0.20069E+10  0.20069E+10
