    ALT.[km]   NO2[mol/cm3]   NO2_err_retr[mol/cm3]   NO2_err_smooth[mol/cm3]   
 NO2_priori[mol/cm3]  NO2_err_priori[mol/cm3]   version    2.300000    
     0.00000  0.11554E+11  0.18095E+10  0.18160E+10  0.20128E+11  0.20128E+11
     0.20000  0.14488E+11  0.90274E+09  0.17299E+10  0.16480E+11  0.16480E+11
     0.40000  0.15393E+11  0.18819E+10  0.18692E+10  0.13492E+11  0.13492E+11
     0.60000  0.13305E+11  0.16330E+10  0.20190E+10  0.11047E+11  0.11047E+11
     0.80000  0.94020E+10  0.93946E+09  0.28102E+10  0.90443E+10  0.90443E+10
     1.00000  0.55122E+10  0.11441E+10  0.29773E+10  0.74048E+10  0.74048E+10
     1.20000  0.27811E+10  0.15596E+10  0.26938E+10  0.60626E+10  0.60626E+10
     1.40000  0.13664E+10  0.16155E+10  0.24644E+10  0.49636E+10  0.49636E+10
     1.60000  0.86695E+09  0.14088E+10  0.23854E+10  0.40639E+10  0.40639E+10
     1.80000  0.81147E+09  0.11070E+10  0.22997E+10  0.33272E+10  0.33272E+10
     2.00000  0.88781E+09  0.81572E+09  0.21330E+10  0.27241E+10  0.27241E+10
     2.20000  0.95384E+09  0.57636E+09  0.19044E+10  0.22303E+10  0.22303E+10
     2.40000  0.97063E+09  0.39391E+09  0.16532E+10  0.18260E+10  0.18260E+10
     2.60000  0.94227E+09  0.25973E+09  0.14081E+10  0.14950E+10  0.14950E+10
     2.80000  0.88286E+09  0.16332E+09  0.11837E+10  0.12240E+10  0.12240E+10
     3.00000  0.80425E+09  0.96266E+08  0.98551E+09  0.10021E+10  0.10021E+10
