 Ite ALT.[km]   Ext[km-1]   Ext_err_retr[km-1]  Ext_err_smooth[km-1]   Ext_prior
 i[km-1]   Ext_err_priori[km-1]  version   2.300000    
  5      0.00000  0.19675E+00  0.29765E-01  0.67872E-01  0.17561E+00  0.17561E+00
  5      0.20000  0.62837E-01  0.36463E-02  0.40177E-01  0.14378E+00  0.14378E+00
  5      0.40000  0.10546E-02  0.22665E-01  0.47144E-01  0.11771E+00  0.11771E+00
  5      0.60000  0.54169E-02  0.20652E-01  0.38751E-01  0.96376E-01  0.96376E-01
  5      0.80000  0.68984E-01  0.69070E-02  0.46127E-01  0.78906E-01  0.78906E-01
  5      1.00000  0.11004E+00  0.97158E-02  0.42769E-01  0.64603E-01  0.64603E-01
  5      1.20000  0.11530E+00  0.13236E-01  0.35540E-01  0.52892E-01  0.52892E-01
  5      1.40000  0.99571E-01  0.12025E-01  0.31178E-01  0.43305E-01  0.43305E-01
  5      1.60000  0.78312E-01  0.91815E-02  0.28252E-01  0.35455E-01  0.35455E-01
  5      1.80000  0.59197E-01  0.64550E-02  0.25130E-01  0.29028E-01  0.29028E-01
  5      2.00000  0.44216E-01  0.43595E-02  0.21749E-01  0.23766E-01  0.23766E-01
  5      2.20000  0.33049E-01  0.28898E-02  0.18436E-01  0.19458E-01  0.19458E-01
  5      2.40000  0.24851E-01  0.19068E-02  0.15418E-01  0.15931E-01  0.15931E-01
  5      2.60000  0.18816E-01  0.12593E-02  0.12788E-01  0.13043E-01  0.13043E-01
  5      2.80000  0.14235E-01  0.80354E-03  0.10561E-01  0.10679E-01  0.10679E-01
  5      3.00000  0.10609E-01  0.43708E-03  0.87031E-02  0.87430E-02  0.87430E-02
