 Ite ALT.[km]   Ext[km-1]   Ext_err_retr[km-1]  Ext_err_smooth[km-1]   Ext_prior
 i[km-1]   Ext_err_priori[km-1]  version   2.300000    
  6      0.00000  0.12918E+00  0.31372E-01  0.46251E-01  0.20714E+00  0.20714E+00
  6      0.20000  0.94377E-01  0.14342E-01  0.48351E-01  0.16959E+00  0.16959E+00
  6      0.40000  0.10904E+00  0.31560E-01  0.40421E-01  0.13885E+00  0.13885E+00
  6      0.60000  0.12954E+00  0.15377E-01  0.55975E-01  0.11368E+00  0.11368E+00
  6      0.80000  0.12756E+00  0.11474E-01  0.58543E-01  0.93075E-01  0.93075E-01
  6      1.00000  0.10930E+00  0.17874E-01  0.49650E-01  0.76204E-01  0.76204E-01
  6      1.20000  0.88017E-01  0.16734E-01  0.44090E-01  0.62390E-01  0.62390E-01
  6      1.40000  0.69869E-01  0.12858E-01  0.40369E-01  0.51081E-01  0.51081E-01
  6      1.60000  0.55656E-01  0.90495E-02  0.36096E-01  0.41821E-01  0.41821E-01
  6      1.80000  0.44612E-01  0.61250E-02  0.31306E-01  0.34241E-01  0.34241E-01
  6      2.00000  0.35929E-01  0.41018E-02  0.26553E-01  0.28034E-01  0.28034E-01
  6      2.20000  0.29011E-01  0.27772E-02  0.22200E-01  0.22952E-01  0.22952E-01
  6      2.40000  0.23443E-01  0.19299E-02  0.18400E-01  0.18792E-01  0.18792E-01
  6      2.60000  0.18904E-01  0.13715E-02  0.15175E-01  0.15385E-01  0.15385E-01
  6      2.80000  0.15078E-01  0.94064E-03  0.12490E-01  0.12596E-01  0.12596E-01
  6      3.00000  0.11744E-01  0.53853E-03  0.10274E-01  0.10313E-01  0.10313E-01
