    ALT.[km]   NO2[mol/cm3]   NO2_err_retr[mol/cm3]   NO2_err_smooth[mol/cm3]   
 NO2_priori[mol/cm3]  NO2_err_priori[mol/cm3]   version    2.300000    
     0.00000  0.17081E+11  0.16241E+10  0.17082E+10  0.10269E+11  0.10269E+11
     0.20000  0.14520E+11  0.72610E+09  0.11080E+10  0.84073E+10  0.84073E+10
     0.40000  0.11884E+11  0.86924E+09  0.17682E+10  0.68833E+10  0.68833E+10
     0.60000  0.94896E+10  0.10677E+10  0.16176E+10  0.56356E+10  0.56356E+10
     0.80000  0.74984E+10  0.10025E+10  0.15052E+10  0.46140E+10  0.46140E+10
     1.00000  0.59101E+10  0.90517E+09  0.16176E+10  0.37777E+10  0.37777E+10
     1.20000  0.46506E+10  0.85321E+09  0.16910E+10  0.30929E+10  0.30929E+10
     1.40000  0.36470E+10  0.77689E+09  0.16523E+10  0.25322E+10  0.25322E+10
     1.60000  0.28494E+10  0.65193E+09  0.15383E+10  0.20732E+10  0.20732E+10
     1.80000  0.22225E+10  0.50622E+09  0.13844E+10  0.16974E+10  0.16974E+10
     2.00000  0.17360E+10  0.37032E+09  0.12135E+10  0.13897E+10  0.13897E+10
     2.20000  0.13613E+10  0.25920E+09  0.10422E+10  0.11378E+10  0.11378E+10
     2.40000  0.10729E+10  0.17499E+09  0.88164E+09  0.93156E+09  0.93156E+09
     2.60000  0.84980E+09  0.11381E+09  0.73801E+09  0.76270E+09  0.76270E+09
     2.80000  0.67620E+09  0.70618E+08  0.61317E+09  0.62444E+09  0.62444E+09
     3.00000  0.54038E+09  0.41131E+08  0.50667E+09  0.51125E+09  0.51125E+09
