    ALT.[km]   NO2[mol/cm3]   NO2_err_retr[mol/cm3]   NO2_err_smooth[mol/cm3]   
 NO2_priori[mol/cm3]  NO2_err_priori[mol/cm3]   version    2.300000    
     0.00000  0.21410E+11  0.40765E+10  0.42105E+10  0.51207E+11  0.51207E+11
     0.20000  0.15098E+11  0.22202E+10  0.41524E+10  0.41925E+11  0.41925E+11
     0.40000  0.10744E+11  0.45327E+10  0.38258E+10  0.34325E+11  0.34325E+11
     0.60000  0.79687E+10  0.40409E+10  0.45821E+10  0.28103E+11  0.28103E+11
     0.80000  0.70420E+10  0.22735E+10  0.71685E+10  0.23009E+11  0.23009E+11
     1.00000  0.77585E+10  0.21434E+10  0.75673E+10  0.18838E+11  0.18838E+11
     1.20000  0.91941E+10  0.30170E+10  0.65209E+10  0.15423E+11  0.15423E+11
     1.40000  0.10315E+11  0.32617E+10  0.56642E+10  0.12628E+11  0.12628E+11
     1.60000  0.10567E+11  0.29565E+10  0.54615E+10  0.10339E+11  0.10339E+11
     1.80000  0.99585E+10  0.24151E+10  0.53883E+10  0.84645E+10  0.84645E+10
     2.00000  0.88006E+10  0.18485E+10  0.51165E+10  0.69302E+10  0.69302E+10
     2.20000  0.74292E+10  0.13519E+10  0.46519E+10  0.56739E+10  0.56739E+10
     2.40000  0.60770E+10  0.95121E+09  0.40931E+10  0.46454E+10  0.46454E+10
     2.60000  0.48641E+10  0.64182E+09  0.35210E+10  0.38034E+10  0.38034E+10
     2.80000  0.38357E+10  0.41071E+09  0.29812E+10  0.31139E+10  0.31139E+10
     3.00000  0.29985E+10  0.24521E+09  0.24942E+10  0.25495E+10  0.25495E+10
