    ALT.[km]   NO2[mol/cm3]   NO2_err_retr[mol/cm3]   NO2_err_smooth[mol/cm3]   
 NO2_priori[mol/cm3]  NO2_err_priori[mol/cm3]   version    2.300000    
     0.00000  0.15936E+11  0.20217E+10  0.18324E+10  0.25436E+11  0.25436E+11
     0.20000  0.14691E+11  0.99803E+09  0.20923E+10  0.20825E+11  0.20825E+11
     0.40000  0.14776E+11  0.19206E+10  0.17302E+10  0.17050E+11  0.17050E+11
     0.60000  0.14376E+11  0.16424E+10  0.20375E+10  0.13959E+11  0.13959E+11
     0.80000  0.12616E+11  0.12479E+10  0.32233E+10  0.11429E+11  0.11429E+11
     1.00000  0.97962E+10  0.15973E+10  0.33551E+10  0.93573E+10  0.93573E+10
     1.20000  0.68071E+10  0.18914E+10  0.29389E+10  0.76611E+10  0.76611E+10
     1.40000  0.43923E+10  0.18556E+10  0.27244E+10  0.62724E+10  0.62724E+10
     1.60000  0.28163E+10  0.16180E+10  0.27516E+10  0.51354E+10  0.51354E+10
     1.80000  0.19571E+10  0.13116E+10  0.27385E+10  0.42045E+10  0.42045E+10
     2.00000  0.15506E+10  0.10089E+10  0.25897E+10  0.34424E+10  0.34424E+10
     2.20000  0.13667E+10  0.74258E+09  0.23417E+10  0.28184E+10  0.28184E+10
     2.40000  0.12658E+10  0.52437E+09  0.20514E+10  0.23075E+10  0.23075E+10
     2.60000  0.11834E+10  0.35406E+09  0.17589E+10  0.18892E+10  0.18892E+10
     2.80000  0.10965E+10  0.22635E+09  0.14857E+10  0.15468E+10  0.15468E+10
     3.00000  0.99907E+09  0.13494E+09  0.12410E+10  0.12664E+10  0.12664E+10
