 Ite ALT.[km]   Ext[km-1]   Ext_err_retr[km-1]  Ext_err_smooth[km-1]   Ext_prior
 i[km-1]   Ext_err_priori[km-1]  version   2.300000    
  7      0.00000  0.13395E+00  0.15867E-01  0.21456E-01  0.10402E+00  0.10402E+00
  7      0.20000  0.14776E+00  0.10826E-01  0.26251E-01  0.85165E-01  0.85165E-01
  7      0.40000  0.10774E+00  0.13579E-01  0.27063E-01  0.69727E-01  0.69727E-01
  7      0.60000  0.47912E-01  0.64191E-02  0.29529E-01  0.57088E-01  0.57088E-01
  7      0.80000  0.14347E-01  0.10462E-01  0.29899E-01  0.46739E-01  0.46739E-01
  7      1.00000  0.56068E-02  0.10687E-01  0.28682E-01  0.38267E-01  0.38267E-01
  7      1.20000  0.62140E-02  0.82704E-02  0.26421E-01  0.31330E-01  0.31330E-01
  7      1.40000  0.83775E-02  0.56560E-02  0.23331E-01  0.25651E-01  0.25651E-01
  7      1.60000  0.10008E-01  0.35823E-02  0.19988E-01  0.21001E-01  0.21001E-01
  7      1.80000  0.10761E-01  0.21387E-02  0.16788E-01  0.17194E-01  0.17194E-01
  7      2.00000  0.10716E-01  0.12455E-02  0.13924E-01  0.14078E-01  0.14078E-01
  7      2.20000  0.10082E-01  0.77767E-03  0.11462E-01  0.11526E-01  0.11526E-01
  7      2.40000  0.90933E-02  0.57820E-03  0.93988E-02  0.94365E-02  0.94365E-02
  7      2.60000  0.79352E-02  0.48064E-03  0.76952E-02  0.77260E-02  0.77260E-02
  7      2.80000  0.67099E-02  0.37652E-03  0.63022E-02  0.63255E-02  0.63255E-02
  7      3.00000  0.54827E-02  0.23268E-03  0.51679E-02  0.51789E-02  0.51789E-02
