    ALT.[km]   NO2[mol/cm3]   NO2_err_retr[mol/cm3]   NO2_err_smooth[mol/cm3]   
 NO2_priori[mol/cm3]  NO2_err_priori[mol/cm3]   version    2.300000    
     0.00000  0.34091E+11  0.20171E+10  0.16426E+10  0.30565E+11  0.30565E+11
     0.20000  0.38412E+11  0.13540E+10  0.24222E+10  0.25025E+11  0.25025E+11
     0.40000  0.37202E+11  0.23184E+10  0.18339E+10  0.20488E+11  0.20488E+11
     0.60000  0.29515E+11  0.18535E+10  0.28103E+10  0.16774E+11  0.16774E+11
     0.80000  0.18323E+11  0.14025E+10  0.41739E+10  0.13734E+11  0.13734E+11
     1.00000  0.77412E+10  0.18455E+10  0.41744E+10  0.11244E+11  0.11244E+11
     1.20000  0.41146E+09  0.21635E+10  0.36281E+10  0.92060E+10  0.92060E+10
     1.40000 -0.32217E+10  0.21031E+10  0.33897E+10  0.75372E+10  0.75372E+10
     1.60000 -0.41160E+10  0.18254E+10  0.34120E+10  0.61710E+10  0.61710E+10
     1.80000 -0.35448E+10  0.14777E+10  0.33626E+10  0.50524E+10  0.50524E+10
     2.00000 -0.24690E+10  0.11380E+10  0.31527E+10  0.41365E+10  0.41365E+10
     2.20000 -0.14074E+10  0.84078E+09  0.28342E+10  0.33867E+10  0.33867E+10
     2.40000 -0.55597E+09  0.59703E+09  0.24740E+10  0.27728E+10  0.27728E+10
     2.60000  0.56751E+08  0.40569E+09  0.21171E+10  0.22702E+10  0.22702E+10
     2.80000  0.46135E+09  0.26094E+09  0.17865E+10  0.18587E+10  0.18587E+10
     3.00000  0.69693E+09  0.15637E+09  0.14916E+10  0.15217E+10  0.15217E+10
