    ALT.[km]   NO2[mol/cm3]   NO2_err_retr[mol/cm3]   NO2_err_smooth[mol/cm3]   
 NO2_priori[mol/cm3]  NO2_err_priori[mol/cm3]   version    2.300000    
     0.00000  0.24865E+11  0.31056E+10  0.29943E+10  0.37309E+11  0.37309E+11
     0.20000  0.12063E+11  0.12233E+10  0.36309E+10  0.30546E+11  0.30546E+11
     0.40000  0.46690E+10  0.26545E+10  0.34167E+10  0.25009E+11  0.25009E+11
     0.60000  0.26983E+10  0.25006E+10  0.29054E+10  0.20476E+11  0.20476E+11
     0.80000  0.42170E+10  0.16491E+10  0.47244E+10  0.16764E+11  0.16764E+11
     1.00000  0.67765E+10  0.16563E+10  0.53055E+10  0.13725E+11  0.13725E+11
     1.20000  0.86849E+10  0.20875E+10  0.46678E+10  0.11237E+11  0.11237E+11
     1.40000  0.93584E+10  0.21996E+10  0.39114E+10  0.92004E+10  0.92004E+10
     1.60000  0.89714E+10  0.20303E+10  0.36130E+10  0.75326E+10  0.75326E+10
     1.80000  0.79633E+10  0.17327E+10  0.35528E+10  0.61672E+10  0.61672E+10
     2.00000  0.67266E+10  0.14010E+10  0.34330E+10  0.50493E+10  0.50493E+10
     2.20000  0.55069E+10  0.10809E+10  0.31872E+10  0.41340E+10  0.41340E+10
     2.40000  0.44200E+10  0.79559E+09  0.28573E+10  0.33846E+10  0.33846E+10
     2.60000  0.35018E+10  0.55572E+09  0.24954E+10  0.27711E+10  0.27711E+10
     2.80000  0.27507E+10  0.36466E+09  0.21370E+10  0.22688E+10  0.22688E+10
     3.00000  0.21512E+10  0.22159E+09  0.18020E+10  0.18575E+10  0.18575E+10
