 Ite ALT.[km]   Ext[km-1]   Ext_err_retr[km-1]  Ext_err_smooth[km-1]   Ext_prior
 i[km-1]   Ext_err_priori[km-1]  version   2.300000    
 16      0.00000  0.65729E-01  0.14152E-01  0.19225E-01  0.97590E-01  0.97590E-01
 16      0.20000  0.73857E-01  0.93685E-02  0.21784E-01  0.79900E-01  0.79900E-01
 16      0.40000  0.93690E-01  0.14163E-01  0.19914E-01  0.65417E-01  0.65417E-01
 16      0.60000  0.94214E-01  0.44250E-02  0.26415E-01  0.53559E-01  0.53559E-01
 16      0.80000  0.74567E-01  0.10523E-01  0.25018E-01  0.43850E-01  0.43850E-01
 16      1.00000  0.50329E-01  0.11685E-01  0.23283E-01  0.35901E-01  0.35901E-01
 16      1.20000  0.31134E-01  0.88805E-02  0.22882E-01  0.29394E-01  0.29394E-01
 16      1.40000  0.18611E-01  0.58278E-02  0.21198E-01  0.24065E-01  0.24065E-01
 16      1.60000  0.11274E-01  0.37615E-02  0.18474E-01  0.19703E-01  0.19703E-01
 16      1.80000  0.72780E-02  0.26213E-02  0.15540E-01  0.16132E-01  0.16132E-01
 16      2.00000  0.52080E-02  0.19992E-02  0.12855E-01  0.13207E-01  0.13207E-01
 16      2.20000  0.41468E-02  0.15889E-02  0.10564E-01  0.10813E-01  0.10813E-01
 16      2.40000  0.35688E-02  0.12629E-02  0.86654E-02  0.88532E-02  0.88532E-02
 16      2.60000  0.32338E-02  0.97831E-03  0.71105E-02  0.72484E-02  0.72484E-02
 16      2.80000  0.31241E-02  0.69899E-03  0.58479E-02  0.59345E-02  0.59345E-02
 16      3.00000  0.32506E-02  0.40567E-03  0.48230E-02  0.48587E-02  0.48587E-02
