    ALT.[km]   NO2[mol/cm3]   NO2_err_retr[mol/cm3]   NO2_err_smooth[mol/cm3]   
 NO2_priori[mol/cm3]  NO2_err_priori[mol/cm3]   version    2.300000    
     0.00000  0.16102E+11  0.19637E+10  0.19729E+10  0.18335E+11  0.18335E+11
     0.20000  0.13100E+11  0.75522E+09  0.17338E+10  0.15011E+11  0.15011E+11
     0.40000  0.10894E+11  0.16371E+10  0.19711E+10  0.12290E+11  0.12290E+11
     0.60000  0.91764E+10  0.15751E+10  0.17391E+10  0.10062E+11  0.10062E+11
     0.80000  0.77199E+10  0.10180E+10  0.23875E+10  0.82384E+10  0.82384E+10
     1.00000  0.64251E+10  0.10776E+10  0.26720E+10  0.67450E+10  0.67450E+10
     1.20000  0.52822E+10  0.14417E+10  0.24711E+10  0.55223E+10  0.55223E+10
     1.40000  0.43082E+10  0.15259E+10  0.22242E+10  0.45213E+10  0.45213E+10
     1.60000  0.35069E+10  0.13560E+10  0.21180E+10  0.37017E+10  0.37017E+10
     1.80000  0.28612E+10  0.10773E+10  0.20447E+10  0.30307E+10  0.30307E+10
     2.00000  0.23435E+10  0.79623E+09  0.19121E+10  0.24813E+10  0.24813E+10
     2.20000  0.19262E+10  0.56083E+09  0.17197E+10  0.20316E+10  0.20316E+10
     2.40000  0.15871E+10  0.38068E+09  0.14999E+10  0.16633E+10  0.16633E+10
     2.60000  0.13096E+10  0.24895E+09  0.12807E+10  0.13618E+10  0.13618E+10
     2.80000  0.10813E+10  0.15531E+09  0.10778E+10  0.11149E+10  0.11149E+10
     3.00000  0.89263E+09  0.90924E+08  0.89767E+09  0.91284E+09  0.91284E+09
