 Ite ALT.[km]   Ext[km-1]   Ext_err_retr[km-1]  Ext_err_smooth[km-1]   Ext_prior
 i[km-1]   Ext_err_priori[km-1]  version   2.300000    
 16      0.00000  0.16125E+00  0.24717E-01  0.35097E-01  0.15359E+00  0.15359E+00
 16      0.20000  0.12003E+00  0.16967E-01  0.41473E-01  0.12575E+00  0.12575E+00
 16      0.40000  0.85670E-01  0.22545E-01  0.43783E-01  0.10295E+00  0.10295E+00
 16      0.60000  0.66299E-01  0.11519E-01  0.44039E-01  0.84292E-01  0.84292E-01
 16      0.80000  0.57838E-01  0.13639E-01  0.44434E-01  0.69012E-01  0.69012E-01
 16      1.00000  0.53265E-01  0.15628E-01  0.41502E-01  0.56503E-01  0.56503E-01
 16      1.20000  0.48892E-01  0.12932E-01  0.37957E-01  0.46260E-01  0.46260E-01
 16      1.40000  0.43967E-01  0.90478E-02  0.33802E-01  0.37875E-01  0.37875E-01
 16      1.60000  0.38679E-01  0.57290E-02  0.29210E-01  0.31009E-01  0.31009E-01
 16      1.80000  0.33333E-01  0.34088E-02  0.24656E-01  0.25388E-01  0.25388E-01
 16      2.00000  0.28209E-01  0.20033E-02  0.20497E-01  0.20786E-01  0.20786E-01
 16      2.20000  0.23507E-01  0.12816E-02  0.16890E-01  0.17018E-01  0.17018E-01
 16      2.40000  0.19337E-01  0.96663E-03  0.13856E-01  0.13933E-01  0.13933E-01
 16      2.60000  0.15710E-01  0.80144E-03  0.11347E-01  0.11408E-01  0.11408E-01
 16      2.80000  0.12482E-01  0.62842E-03  0.92955E-02  0.93398E-02  0.93398E-02
 16      3.00000  0.95059E-02  0.39171E-03  0.76258E-02  0.76468E-02  0.76468E-02
