    ALT.[km]   NO2[mol/cm3]   NO2_err_retr[mol/cm3]   NO2_err_smooth[mol/cm3]   
 NO2_priori[mol/cm3]  NO2_err_priori[mol/cm3]   version    2.300000    
     0.00000  0.20625E+11  0.26589E+10  0.27925E+10  0.40016E+11  0.40016E+11
     0.20000  0.11456E+11  0.13375E+10  0.37698E+10  0.32762E+11  0.32762E+11
     0.40000  0.52161E+10  0.25837E+10  0.32530E+10  0.26823E+11  0.26823E+11
     0.60000  0.22599E+10  0.22451E+10  0.30222E+10  0.21961E+11  0.21961E+11
     0.80000  0.23537E+10  0.16641E+10  0.50623E+10  0.17980E+11  0.17980E+11
     1.00000  0.44412E+10  0.19456E+10  0.55558E+10  0.14721E+11  0.14721E+11
     1.20000  0.70604E+10  0.22279E+10  0.48410E+10  0.12052E+11  0.12052E+11
     1.40000  0.90234E+10  0.21865E+10  0.41216E+10  0.98677E+10  0.98677E+10
     1.60000  0.98091E+10  0.19842E+10  0.38805E+10  0.80790E+10  0.80790E+10
     1.80000  0.95003E+10  0.17296E+10  0.38229E+10  0.66145E+10  0.66145E+10
     2.00000  0.84782E+10  0.14458E+10  0.36768E+10  0.54155E+10  0.54155E+10
     2.20000  0.71429E+10  0.11490E+10  0.34021E+10  0.44339E+10  0.44339E+10
     2.40000  0.57783E+10  0.86452E+09  0.30470E+10  0.36301E+10  0.36301E+10
     2.60000  0.45386E+10  0.61333E+09  0.26630E+10  0.29721E+10  0.29721E+10
     2.80000  0.34885E+10  0.40689E+09  0.22839E+10  0.24334E+10  0.24334E+10
     3.00000  0.26443E+10  0.24920E+09  0.19286E+10  0.19923E+10  0.19923E+10
