 Ite ALT.[km]   Ext[km-1]   Ext_err_retr[km-1]  Ext_err_smooth[km-1]   Ext_prior
 i[km-1]   Ext_err_priori[km-1]  version   2.300000    
  7      0.00000  0.44407E-01  0.16014E-01  0.25429E-01  0.10814E+00  0.10814E+00
  7      0.20000  0.65435E-01  0.87584E-02  0.25839E-01  0.88538E-01  0.88538E-01
  7      0.40000  0.82513E-01  0.16374E-01  0.24294E-01  0.72489E-01  0.72489E-01
  7      0.60000  0.70306E-01  0.59658E-02  0.29002E-01  0.59349E-01  0.59349E-01
  7      0.80000  0.49196E-01  0.86949E-02  0.29498E-01  0.48591E-01  0.48591E-01
  7      1.00000  0.34669E-01  0.11869E-01  0.26372E-01  0.39783E-01  0.39783E-01
  7      1.20000  0.26851E-01  0.10275E-01  0.24430E-01  0.32571E-01  0.32571E-01
  7      1.40000  0.22321E-01  0.73641E-02  0.22474E-01  0.26667E-01  0.26667E-01
  7      1.60000  0.19072E-01  0.47629E-02  0.19914E-01  0.21833E-01  0.21833E-01
  7      1.80000  0.16347E-01  0.28701E-02  0.17079E-01  0.17876E-01  0.17876E-01
  7      2.00000  0.13923E-01  0.16328E-02  0.14336E-01  0.14635E-01  0.14635E-01
  7      2.20000  0.11755E-01  0.89006E-03  0.11880E-01  0.11982E-01  0.11982E-01
  7      2.40000  0.98408E-02  0.48919E-03  0.97770E-02  0.98103E-02  0.98103E-02
  7      2.60000  0.81758E-02  0.30469E-03  0.80191E-02  0.80320E-02  0.80320E-02
  7      2.80000  0.67368E-02  0.21458E-03  0.65690E-02  0.65761E-02  0.65761E-02
  7      3.00000  0.54971E-02  0.13165E-03  0.53808E-02  0.53840E-02  0.53840E-02
