    ALT.[km]   NO2[mol/cm3]   NO2_err_retr[mol/cm3]   NO2_err_smooth[mol/cm3]   
 NO2_priori[mol/cm3]  NO2_err_priori[mol/cm3]   version    2.300000    
     0.00000  0.13678E+11  0.20640E+10  0.17628E+10  0.22730E+11  0.22730E+11
     0.20000  0.12353E+11  0.92604E+09  0.22433E+10  0.18610E+11  0.18610E+11
     0.40000  0.10935E+11  0.18545E+10  0.20965E+10  0.15236E+11  0.15236E+11
     0.60000  0.89230E+10  0.16918E+10  0.19018E+10  0.12474E+11  0.12474E+11
     0.80000  0.67288E+10  0.10870E+10  0.29763E+10  0.10213E+11  0.10213E+11
     1.00000  0.49689E+10  0.12306E+10  0.32706E+10  0.83618E+10  0.83618E+10
     1.20000  0.39043E+10  0.16164E+10  0.28740E+10  0.68461E+10  0.68461E+10
     1.40000  0.33930E+10  0.16923E+10  0.24768E+10  0.56051E+10  0.56051E+10
     1.60000  0.31428E+10  0.15146E+10  0.23606E+10  0.45890E+10  0.45890E+10
     1.80000  0.29310E+10  0.12306E+10  0.23339E+10  0.37572E+10  0.37572E+10
     2.00000  0.26666E+10  0.93939E+09  0.22327E+10  0.30761E+10  0.30761E+10
     2.20000  0.23498E+10  0.68569E+09  0.20436E+10  0.25185E+10  0.25185E+10
     2.40000  0.20140E+10  0.48138E+09  0.18064E+10  0.20620E+10  0.20620E+10
     2.60000  0.16910E+10  0.32396E+09  0.15583E+10  0.16882E+10  0.16882E+10
     2.80000  0.14000E+10  0.20676E+09  0.13215E+10  0.13822E+10  0.13822E+10
     3.00000  0.11490E+10  0.12315E+09  0.11065E+10  0.11316E+10  0.11316E+10
