    ALT.[km]   NO2[mol/cm3]   NO2_err_retr[mol/cm3]   NO2_err_smooth[mol/cm3]   
 NO2_priori[mol/cm3]  NO2_err_priori[mol/cm3]   version    2.300000    
     0.00000  0.40841E+11  0.16560E+10  0.13972E+10  0.24209E+11  0.24209E+11
     0.20000  0.36535E+11  0.15139E+10  0.22455E+10  0.19820E+11  0.19820E+11
     0.40000  0.28733E+11  0.23954E+10  0.24735E+10  0.16228E+11  0.16228E+11
     0.60000  0.19321E+11  0.17456E+10  0.29340E+10  0.13286E+11  0.13286E+11
     0.80000  0.10887E+11  0.10377E+10  0.36068E+10  0.10878E+11  0.10878E+11
     1.00000  0.50300E+10  0.16418E+10  0.36193E+10  0.89059E+10  0.89059E+10
     1.20000  0.18673E+10  0.20828E+10  0.33629E+10  0.72915E+10  0.72915E+10
     1.40000  0.62322E+09  0.20337E+10  0.32295E+10  0.59698E+10  0.59698E+10
     1.60000  0.39536E+09  0.17048E+10  0.31507E+10  0.48876E+10  0.48876E+10
     1.80000  0.55319E+09  0.13025E+10  0.29836E+10  0.40017E+10  0.40017E+10
     2.00000  0.77452E+09  0.93781E+09  0.27121E+10  0.32763E+10  0.32763E+10
     2.20000  0.93839E+09  0.64777E+09  0.23833E+10  0.26824E+10  0.26824E+10
     2.40000  0.10213E+10  0.43219E+09  0.20444E+10  0.21962E+10  0.21962E+10
     2.60000  0.10356E+10  0.27798E+09  0.17253E+10  0.17981E+10  0.17981E+10
     2.80000  0.10004E+10  0.17070E+09  0.14399E+10  0.14721E+10  0.14721E+10
     3.00000  0.93139E+09  0.98521E+08  0.11925E+10  0.12053E+10  0.12053E+10
