 Ite ALT.[km]   Ext[km-1]   Ext_err_retr[km-1]  Ext_err_smooth[km-1]   Ext_prior
 i[km-1]   Ext_err_priori[km-1]  version   2.300000    
 16      0.00000  0.10704E+00  0.28019E-01  0.38476E-01  0.20099E+00  0.20099E+00
 16      0.20000  0.14133E+00  0.17288E-01  0.47597E-01  0.16455E+00  0.16455E+00
 16      0.40000  0.15697E+00  0.30888E-01  0.40635E-01  0.13472E+00  0.13472E+00
 16      0.60000  0.12121E+00  0.13265E-01  0.56926E-01  0.11030E+00  0.11030E+00
 16      0.80000  0.79231E-01  0.11568E-01  0.57938E-01  0.90309E-01  0.90309E-01
 16      1.00000  0.57930E-01  0.17232E-01  0.49390E-01  0.73938E-01  0.73938E-01
 16      1.20000  0.52103E-01  0.16013E-01  0.43542E-01  0.60536E-01  0.60536E-01
 16      1.40000  0.50975E-01  0.12483E-01  0.39276E-01  0.49562E-01  0.49562E-01
 16      1.60000  0.49205E-01  0.90215E-02  0.34831E-01  0.40578E-01  0.40578E-01
 16      1.80000  0.45581E-01  0.63348E-02  0.30131E-01  0.33223E-01  0.33223E-01
 16      2.00000  0.40554E-01  0.44480E-02  0.25550E-01  0.27200E-01  0.27200E-01
 16      2.20000  0.34939E-01  0.31791E-02  0.21373E-01  0.22270E-01  0.22270E-01
 16      2.40000  0.29371E-01  0.23264E-02  0.17728E-01  0.18233E-01  0.18233E-01
 16      2.60000  0.24134E-01  0.17201E-02  0.14635E-01  0.14928E-01  0.14928E-01
 16      2.80000  0.19085E-01  0.12077E-02  0.12063E-01  0.12222E-01  0.12222E-01
 16      3.00000  0.14091E-01  0.69880E-03  0.99456E-02  0.10006E-01  0.10006E-01
