    ALT.[km]   NO2[mol/cm3]   NO2_err_retr[mol/cm3]   NO2_err_smooth[mol/cm3]   
 NO2_priori[mol/cm3]  NO2_err_priori[mol/cm3]   version    2.300000    
     0.00000  0.13966E+11  0.15107E+10  0.16524E+10  0.15849E+11  0.15849E+11
     0.20000  0.17550E+11  0.73629E+09  0.14458E+10  0.12976E+11  0.12976E+11
     0.40000  0.18122E+11  0.14155E+10  0.18116E+10  0.10624E+11  0.10624E+11
     0.60000  0.15250E+11  0.12611E+10  0.17869E+10  0.86981E+10  0.86981E+10
     0.80000  0.10614E+11  0.98888E+09  0.22293E+10  0.71214E+10  0.71214E+10
     1.00000  0.62664E+10  0.12410E+10  0.24866E+10  0.58305E+10  0.58305E+10
     1.20000  0.33132E+10  0.14468E+10  0.24904E+10  0.47736E+10  0.47736E+10
     1.40000  0.17838E+10  0.13707E+10  0.24142E+10  0.39083E+10  0.39083E+10
     1.60000  0.11857E+10  0.11211E+10  0.22925E+10  0.31998E+10  0.31998E+10
     1.80000  0.10219E+10  0.83408E+09  0.21056E+10  0.26198E+10  0.26198E+10
     2.00000  0.99073E+09  0.58521E+09  0.18673E+10  0.21449E+10  0.21449E+10
     2.20000  0.96573E+09  0.39591E+09  0.16111E+10  0.17561E+10  0.17561E+10
     2.40000  0.91530E+09  0.26071E+09  0.13643E+10  0.14378E+10  0.14378E+10
     2.60000  0.84304E+09  0.16673E+09  0.11415E+10  0.11772E+10  0.11772E+10
     2.80000  0.75906E+09  0.10233E+09  0.94771E+09  0.96377E+09  0.96377E+09
     3.00000  0.67091E+09  0.59196E+08  0.78260E+09  0.78907E+09  0.78907E+09
