 Ite ALT.[km]   Ext[km-1]   Ext_err_retr[km-1]  Ext_err_smooth[km-1]   Ext_prior
 i[km-1]   Ext_err_priori[km-1]  version   2.300000    
  6      0.00000  0.16039E+00  0.29830E-01  0.57594E-01  0.16101E+00  0.16101E+00
  6      0.20000  0.61495E-01  0.40945E-02  0.38779E-01  0.13182E+00  0.13182E+00
  6      0.40000  0.11368E-01  0.22633E-01  0.43697E-01  0.10793E+00  0.10793E+00
  6      0.60000  0.31227E-01  0.19349E-01  0.39023E-01  0.88365E-01  0.88365E-01
  6      0.80000  0.71924E-01  0.62660E-02  0.44036E-01  0.72347E-01  0.72347E-01
  6      1.00000  0.94851E-01  0.88024E-02  0.40234E-01  0.59233E-01  0.59233E-01
  6      1.20000  0.94899E-01  0.12019E-01  0.33714E-01  0.48496E-01  0.48496E-01
  6      1.40000  0.81849E-01  0.11117E-01  0.29278E-01  0.39705E-01  0.39705E-01
  6      1.60000  0.65265E-01  0.86667E-02  0.26124E-01  0.32508E-01  0.32508E-01
  6      1.80000  0.50136E-01  0.61952E-02  0.23058E-01  0.26615E-01  0.26615E-01
  6      2.00000  0.37961E-01  0.42351E-02  0.19910E-01  0.21791E-01  0.21791E-01
  6      2.20000  0.28676E-01  0.28394E-02  0.16871E-01  0.17841E-01  0.17841E-01
  6      2.40000  0.21748E-01  0.18997E-02  0.14110E-01  0.14607E-01  0.14607E-01
  6      2.60000  0.16586E-01  0.12758E-02  0.11705E-01  0.11959E-01  0.11959E-01
  6      2.80000  0.12639E-01  0.82750E-03  0.96710E-02  0.97911E-02  0.97911E-02
  6      3.00000  0.95082E-02  0.45563E-03  0.79746E-02  0.80163E-02  0.80163E-02
