 Ite ALT.[km]   Ext[km-1]   Ext_err_retr[km-1]  Ext_err_smooth[km-1]   Ext_prior
 i[km-1]   Ext_err_priori[km-1]  version   2.300000    
 16      0.00000  0.19752E+00  0.19340E-01  0.16179E-01  0.12812E+00  0.12812E+00
 16      0.20000  0.10824E+00  0.14357E-01  0.26775E-01  0.10490E+00  0.10490E+00
 16      0.40000  0.29023E-01  0.15044E-01  0.30996E-01  0.85885E-01  0.85885E-01
 16      0.60000  0.94257E-02  0.92646E-02  0.38436E-01  0.70316E-01  0.70316E-01
 16      0.80000  0.22575E-01  0.52298E-02  0.36508E-01  0.57570E-01  0.57570E-01
 16      1.00000  0.30824E-01  0.54382E-02  0.33286E-01  0.47135E-01  0.47135E-01
 16      1.20000  0.24430E-01  0.51537E-02  0.29753E-01  0.38590E-01  0.38590E-01
 16      1.40000  0.15805E-01  0.40903E-02  0.26126E-01  0.31595E-01  0.31595E-01
 16      1.60000  0.13613E-01  0.29894E-02  0.22551E-01  0.25868E-01  0.25868E-01
 16      1.80000  0.16018E-01  0.21439E-02  0.19183E-01  0.21179E-01  0.21179E-01
 16      2.00000  0.18965E-01  0.15655E-02  0.16142E-01  0.17340E-01  0.17340E-01
 16      2.20000  0.20424E-01  0.11723E-02  0.13480E-01  0.14197E-01  0.14197E-01
 16      2.40000  0.20143E-01  0.88662E-03  0.11198E-01  0.11623E-01  0.11623E-01
 16      2.60000  0.18421E-01  0.65997E-03  0.92704E-02  0.95163E-02  0.95163E-02
 16      2.80000  0.15167E-01  0.45618E-03  0.76642E-02  0.77913E-02  0.77913E-02
 16      3.00000  0.10766E-01  0.25818E-03  0.63328E-02  0.63790E-02  0.63790E-02
