 Ite ALT.[km]   Ext[km-1]   Ext_err_retr[km-1]  Ext_err_smooth[km-1]   Ext_prior
 i[km-1]   Ext_err_priori[km-1]  version   2.300000    
  6      0.00000  0.69468E-01  0.20904E-01  0.33131E-01  0.14670E+00  0.14670E+00
  6      0.20000  0.54416E-01  0.95672E-02  0.34030E-01  0.12011E+00  0.12011E+00
  6      0.40000  0.71949E-01  0.21411E-01  0.27937E-01  0.98336E-01  0.98336E-01
  6      0.60000  0.87009E-01  0.90902E-02  0.38802E-01  0.80510E-01  0.80510E-01
  6      0.80000  0.85703E-01  0.84321E-02  0.40329E-01  0.65916E-01  0.65916E-01
  6      1.00000  0.74065E-01  0.13573E-01  0.33954E-01  0.53968E-01  0.53968E-01
  6      1.20000  0.60061E-01  0.12462E-01  0.30709E-01  0.44185E-01  0.44185E-01
  6      1.40000  0.47526E-01  0.92641E-02  0.28712E-01  0.36176E-01  0.36176E-01
  6      1.60000  0.37389E-01  0.62282E-02  0.25929E-01  0.29618E-01  0.29618E-01
  6      1.80000  0.29473E-01  0.39940E-02  0.22532E-01  0.24249E-01  0.24249E-01
  6      2.00000  0.23344E-01  0.25407E-02  0.19073E-01  0.19854E-01  0.19854E-01
  6      2.20000  0.18584E-01  0.16623E-02  0.15896E-01  0.16255E-01  0.16255E-01
  6      2.40000  0.14865E-01  0.11472E-02  0.13134E-01  0.13308E-01  0.13308E-01
  6      2.60000  0.11932E-01  0.82775E-03  0.10805E-01  0.10896E-01  0.10896E-01
  6      2.80000  0.95783E-02  0.57916E-03  0.88735E-02  0.89208E-02  0.89208E-02
  6      3.00000  0.76572E-02  0.33601E-03  0.72858E-02  0.73037E-02  0.73037E-02
