 Ite ALT.[km]   Ext[km-1]   Ext_err_retr[km-1]  Ext_err_smooth[km-1]   Ext_prior
 i[km-1]   Ext_err_priori[km-1]  version   2.300000    
 16      0.00000  0.11180E+00  0.14625E-01  0.19878E-01  0.10150E+00  0.10150E+00
 16      0.20000  0.13387E+00  0.10737E-01  0.24911E-01  0.83103E-01  0.83103E-01
 16      0.40000  0.10946E+00  0.13878E-01  0.25014E-01  0.68039E-01  0.68039E-01
 16      0.60000  0.56711E-01  0.53506E-02  0.28649E-01  0.55706E-01  0.55706E-01
 16      0.80000  0.21209E-01  0.10245E-01  0.28604E-01  0.45608E-01  0.45608E-01
 16      1.00000  0.92421E-02  0.10952E-01  0.27133E-01  0.37341E-01  0.37341E-01
 16      1.20000  0.82743E-02  0.85884E-02  0.25175E-01  0.30572E-01  0.30572E-01
 16      1.40000  0.98613E-02  0.59084E-02  0.22432E-01  0.25030E-01  0.25030E-01
 16      1.60000  0.11125E-01  0.37709E-02  0.19336E-01  0.20493E-01  0.20493E-01
 16      1.80000  0.11518E-01  0.22741E-02  0.16303E-01  0.16778E-01  0.16778E-01
 16      2.00000  0.11166E-01  0.13223E-02  0.13556E-01  0.13737E-01  0.13737E-01
 16      2.20000  0.10319E-01  0.78477E-03  0.11178E-01  0.11247E-01  0.11247E-01
 16      2.40000  0.92079E-02  0.52698E-03  0.91751E-02  0.92081E-02  0.92081E-02
 16      2.60000  0.79867E-02  0.40841E-03  0.75164E-02  0.75390E-02  0.75390E-02
 16      2.80000  0.67221E-02  0.31327E-03  0.61561E-02  0.61724E-02  0.61724E-02
 16      3.00000  0.54545E-02  0.19311E-03  0.50458E-02  0.50535E-02  0.50535E-02
