 Ite ALT.[km]   Ext[km-1]   Ext_err_retr[km-1]  Ext_err_smooth[km-1]   Ext_prior
 i[km-1]   Ext_err_priori[km-1]  version   2.300000    
  6      0.00000  0.99219E-01  0.29745E-01  0.54253E-01  0.17533E+00  0.17533E+00
  6      0.20000  0.47039E-01  0.10241E-01  0.42131E-01  0.14355E+00  0.14355E+00
  6      0.40000  0.53007E-01  0.29362E-01  0.46048E-01  0.11753E+00  0.11753E+00
  6      0.60000  0.86050E-01  0.17053E-01  0.47590E-01  0.96221E-01  0.96221E-01
  6      0.80000  0.10484E+00  0.77038E-02  0.49532E-01  0.78779E-01  0.78779E-01
  6      1.00000  0.10181E+00  0.15271E-01  0.43670E-01  0.64499E-01  0.64499E-01
  6      1.20000  0.87729E-01  0.15368E-01  0.38770E-01  0.52807E-01  0.52807E-01
  6      1.40000  0.71682E-01  0.11971E-01  0.35135E-01  0.43235E-01  0.43235E-01
  6      1.60000  0.57479E-01  0.83347E-02  0.31184E-01  0.35398E-01  0.35398E-01
  6      1.80000  0.45921E-01  0.55780E-02  0.26878E-01  0.28981E-01  0.28981E-01
  6      2.00000  0.36707E-01  0.37950E-02  0.22658E-01  0.23728E-01  0.23728E-01
  6      2.20000  0.29356E-01  0.27269E-02  0.18838E-01  0.19427E-01  0.19427E-01
  6      2.40000  0.23464E-01  0.20727E-02  0.15544E-01  0.15905E-01  0.15905E-01
  6      2.60000  0.18683E-01  0.16093E-02  0.12784E-01  0.13022E-01  0.13022E-01
  6      2.80000  0.14624E-01  0.11779E-02  0.10515E-01  0.10662E-01  0.10662E-01
  6      3.00000  0.11007E-01  0.70074E-03  0.86679E-02  0.87290E-02  0.87290E-02
