    ALT.[km]   NO2[mol/cm3]   NO2_err_retr[mol/cm3]   NO2_err_smooth[mol/cm3]   
 NO2_priori[mol/cm3]  NO2_err_priori[mol/cm3]   version    2.300000    
     0.00000  0.95903E+11  0.33287E+10  0.25499E+10  0.55424E+11  0.55424E+11
     0.20000  0.59753E+11  0.29922E+10  0.46113E+10  0.45377E+11  0.45377E+11
     0.40000  0.29149E+11  0.47415E+10  0.38121E+10  0.37152E+11  0.37152E+11
     0.60000  0.10409E+11  0.37314E+10  0.56897E+10  0.30417E+11  0.30417E+11
     0.80000  0.33585E+10  0.23169E+10  0.80770E+10  0.24904E+11  0.24904E+11
     1.00000  0.35692E+10  0.28048E+10  0.80591E+10  0.20389E+11  0.20389E+11
     1.20000  0.62395E+10  0.34651E+10  0.69667E+10  0.16693E+11  0.16693E+11
     1.40000  0.84635E+10  0.34863E+10  0.62896E+10  0.13667E+11  0.13667E+11
     1.60000  0.93330E+10  0.31003E+10  0.61178E+10  0.11190E+11  0.11190E+11
     1.80000  0.90458E+10  0.25658E+10  0.59414E+10  0.91615E+10  0.91615E+10
     2.00000  0.81004E+10  0.20211E+10  0.55596E+10  0.75008E+10  0.75008E+10
     2.20000  0.69108E+10  0.15266E+10  0.50167E+10  0.61412E+10  0.61412E+10
     2.40000  0.57232E+10  0.11054E+10  0.44044E+10  0.50279E+10  0.50279E+10
     2.60000  0.46536E+10  0.76285E+09  0.37912E+10  0.41165E+10  0.41165E+10
     2.80000  0.37421E+10  0.49610E+09  0.32151E+10  0.33703E+10  0.33703E+10
     3.00000  0.29921E+10  0.29943E+09  0.26941E+10  0.27594E+10  0.27594E+10
