 Ite ALT.[km]   Ext[km-1]   Ext_err_retr[km-1]  Ext_err_smooth[km-1]   Ext_prior
 i[km-1]   Ext_err_priori[km-1]  version   2.300000    
  6      0.00000  0.72000E-01  0.21679E-01  0.35194E-01  0.16177E+00  0.16177E+00
  6      0.20000  0.63828E-01  0.10798E-01  0.36999E-01  0.13245E+00  0.13245E+00
  6      0.40000  0.92099E-01  0.22968E-01  0.29507E-01  0.10844E+00  0.10844E+00
  6      0.60000  0.11014E+00  0.99286E-02  0.43358E-01  0.88783E-01  0.88783E-01
  6      0.80000  0.10408E+00  0.88124E-02  0.45059E-01  0.72689E-01  0.72689E-01
  6      1.00000  0.86065E-01  0.13882E-01  0.37890E-01  0.59513E-01  0.59513E-01
  6      1.20000  0.67360E-01  0.12768E-01  0.34052E-01  0.48725E-01  0.48725E-01
  6      1.40000  0.52027E-01  0.96135E-02  0.31569E-01  0.39893E-01  0.39893E-01
  6      1.60000  0.40329E-01  0.65926E-02  0.28385E-01  0.32661E-01  0.32661E-01
  6      1.80000  0.31520E-01  0.43100E-02  0.24655E-01  0.26741E-01  0.26741E-01
  6      2.00000  0.24848E-01  0.27590E-02  0.20904E-01  0.21894E-01  0.21894E-01
  6      2.20000  0.19738E-01  0.17687E-02  0.17460E-01  0.17925E-01  0.17925E-01
  6      2.40000  0.15781E-01  0.11599E-02  0.14455E-01  0.14676E-01  0.14676E-01
  6      2.60000  0.12682E-01  0.78381E-03  0.11909E-01  0.12015E-01  0.12015E-01
  6      2.80000  0.10224E-01  0.51926E-03  0.97883E-02  0.98374E-02  0.98374E-02
  6      3.00000  0.82490E-02  0.29135E-03  0.80373E-02  0.80542E-02  0.80542E-02
