    ALT.[km]   NO2[mol/cm3]   NO2_err_retr[mol/cm3]   NO2_err_smooth[mol/cm3]   
 NO2_priori[mol/cm3]  NO2_err_priori[mol/cm3]   version    2.300000    
     0.00000  0.81491E+11  0.25617E+10  0.21130E+10  0.57029E+11  0.57029E+11
     0.20000  0.73987E+11  0.24171E+10  0.40376E+10  0.46691E+11  0.46691E+11
     0.40000  0.49799E+11  0.35503E+10  0.28134E+10  0.38228E+11  0.38228E+11
     0.60000  0.19516E+11  0.28910E+10  0.56442E+10  0.31298E+11  0.31298E+11
     0.80000 -0.36610E+10  0.27863E+10  0.78809E+10  0.25625E+11  0.25625E+11
     1.00000 -0.13600E+11  0.31277E+10  0.76720E+10  0.20980E+11  0.20980E+11
     1.20000 -0.12619E+11  0.30895E+10  0.67602E+10  0.17177E+11  0.17177E+11
     1.40000 -0.66576E+10  0.28769E+10  0.63717E+10  0.14063E+11  0.14063E+11
     1.60000 -0.53686E+09  0.26643E+10  0.62876E+10  0.11514E+11  0.11514E+11
     1.80000  0.36127E+10  0.23900E+10  0.60730E+10  0.94268E+10  0.94268E+10
     2.00000  0.56231E+10  0.20235E+10  0.56456E+10  0.77180E+10  0.77180E+10
     2.20000  0.61069E+10  0.16116E+10  0.50813E+10  0.63190E+10  0.63190E+10
     2.40000  0.57300E+10  0.12115E+10  0.44654E+10  0.51735E+10  0.51735E+10
     2.60000  0.49680E+10  0.85898E+09  0.38553E+10  0.42357E+10  0.42357E+10
     2.80000  0.41050E+10  0.56997E+09  0.32817E+10  0.34679E+10  0.34679E+10
     3.00000  0.32928E+10  0.34931E+09  0.27593E+10  0.28393E+10  0.28393E+10
