    ALT.[km]   NO2[mol/cm3]   NO2_err_retr[mol/cm3]   NO2_err_smooth[mol/cm3]   
 NO2_priori[mol/cm3]  NO2_err_priori[mol/cm3]   version    2.300000    
     0.00000  0.16995E+11  0.19770E+10  0.17871E+10  0.28289E+11  0.28289E+11
     0.20000  0.17052E+11  0.10412E+10  0.22770E+10  0.23161E+11  0.23161E+11
     0.40000  0.17046E+11  0.18910E+10  0.16740E+10  0.18963E+11  0.18963E+11
     0.60000  0.15340E+11  0.15299E+10  0.22142E+10  0.15525E+11  0.15525E+11
     0.80000  0.12015E+11  0.12888E+10  0.35108E+10  0.12711E+11  0.12711E+11
     1.00000  0.82395E+10  0.17694E+10  0.35420E+10  0.10407E+11  0.10407E+11
     1.20000  0.51507E+10  0.20480E+10  0.30689E+10  0.85204E+10  0.85204E+10
     1.40000  0.32149E+10  0.19741E+10  0.29553E+10  0.69760E+10  0.69760E+10
     1.60000  0.22774E+10  0.17075E+10  0.30956E+10  0.57114E+10  0.57114E+10
     1.80000  0.19339E+10  0.13774E+10  0.31197E+10  0.46761E+10  0.46761E+10
     2.00000  0.18307E+10  0.10524E+10  0.29518E+10  0.38285E+10  0.38285E+10
     2.20000  0.17680E+10  0.76716E+09  0.26594E+10  0.31345E+10  0.31345E+10
     2.40000  0.16732E+10  0.53561E+09  0.23182E+10  0.25663E+10  0.25663E+10
     2.60000  0.15400E+10  0.35759E+09  0.19780E+10  0.21011E+10  0.21011E+10
     2.80000  0.13830E+10  0.22632E+09  0.16638E+10  0.17202E+10  0.17202E+10
     3.00000  0.12172E+10  0.13382E+09  0.13853E+10  0.14084E+10  0.14084E+10
