    ALT.[km]   NO2[mol/cm3]   NO2_err_retr[mol/cm3]   NO2_err_smooth[mol/cm3]   
 NO2_priori[mol/cm3]  NO2_err_priori[mol/cm3]   version    2.300000    
     0.00000  0.95233E+11  0.24253E+10  0.25117E+10  0.31121E+11  0.31121E+11
     0.20000  0.63087E+11  0.19348E+10  0.34066E+10  0.25480E+11  0.25480E+11
     0.40000  0.34663E+11  0.34002E+10  0.43419E+10  0.20861E+11  0.20861E+11
     0.60000  0.16251E+11  0.28253E+10  0.43870E+10  0.17080E+11  0.17080E+11
     0.80000  0.77989E+10  0.13420E+10  0.49357E+10  0.13984E+11  0.13984E+11
     1.00000  0.55483E+10  0.12363E+10  0.51109E+10  0.11449E+11  0.11449E+11
     1.20000  0.56643E+10  0.19789E+10  0.48179E+10  0.93734E+10  0.93734E+10
     1.40000  0.59747E+10  0.22100E+10  0.44140E+10  0.76743E+10  0.76743E+10
     1.60000  0.58163E+10  0.20380E+10  0.40438E+10  0.62832E+10  0.62832E+10
     1.80000  0.52522E+10  0.16912E+10  0.36781E+10  0.51443E+10  0.51443E+10
     2.00000  0.45071E+10  0.13168E+10  0.32903E+10  0.42118E+10  0.42118E+10
     2.20000  0.37493E+10  0.98086E+09  0.28909E+10  0.34483E+10  0.34483E+10
     2.40000  0.30641E+10  0.70257E+09  0.25012E+10  0.28232E+10  0.28232E+10
     2.60000  0.24809E+10  0.48156E+09  0.21373E+10  0.23115E+10  0.23115E+10
     2.80000  0.20006E+10  0.31205E+09  0.18069E+10  0.18925E+10  0.18925E+10
     3.00000  0.16125E+10  0.18804E+09  0.15126E+10  0.15494E+10  0.15494E+10
