 Ite ALT.[km]   Ext[km-1]   Ext_err_retr[km-1]  Ext_err_smooth[km-1]   Ext_prior
 i[km-1]   Ext_err_priori[km-1]  version   2.300000    
  6      0.00000  0.18625E+00  0.31561E-01  0.60960E-01  0.15953E+00  0.15953E+00
  6      0.20000  0.66503E-01  0.52385E-02  0.38770E-01  0.13062E+00  0.13062E+00
  6      0.40000  0.12195E-02  0.22974E-01  0.46660E-01  0.10694E+00  0.10694E+00
  6      0.60000  0.22020E-01  0.20160E-01  0.41686E-01  0.87554E-01  0.87554E-01
  6      0.80000  0.68917E-01  0.73430E-02  0.43847E-01  0.71683E-01  0.71683E-01
  6      1.00000  0.95412E-01  0.88801E-02  0.40230E-01  0.58689E-01  0.58689E-01
  6      1.20000  0.95939E-01  0.12163E-01  0.34336E-01  0.48051E-01  0.48051E-01
  6      1.40000  0.82122E-01  0.11332E-01  0.29933E-01  0.39341E-01  0.39341E-01
  6      1.60000  0.64746E-01  0.88455E-02  0.26534E-01  0.32209E-01  0.32209E-01
  6      1.80000  0.49174E-01  0.63180E-02  0.23239E-01  0.26371E-01  0.26371E-01
  6      2.00000  0.36887E-01  0.43270E-02  0.19940E-01  0.21591E-01  0.21591E-01
  6      2.20000  0.27682E-01  0.29237E-02  0.16820E-01  0.17677E-01  0.17677E-01
  6      2.40000  0.20909E-01  0.19862E-02  0.14025E-01  0.14473E-01  0.14473E-01
  6      2.60000  0.15917E-01  0.13639E-02  0.11612E-01  0.11849E-01  0.11849E-01
  6      2.80000  0.12146E-01  0.90664E-03  0.95830E-02  0.97013E-02  0.97013E-02
  6      3.00000  0.91994E-02  0.50916E-03  0.78998E-02  0.79428E-02  0.79428E-02
