 Ite ALT.[km]   Ext[km-1]   Ext_err_retr[km-1]  Ext_err_smooth[km-1]   Ext_prior
 i[km-1]   Ext_err_priori[km-1]  version   2.300000    
  7      0.00000  0.16728E+00  0.24784E-01  0.32859E-01  0.17977E+00  0.17977E+00
  7      0.20000  0.72314E-01  0.12128E-01  0.40367E-01  0.14718E+00  0.14718E+00
  7      0.40000  0.53425E-01  0.23345E-01  0.31072E-01  0.12050E+00  0.12050E+00
  7      0.60000  0.88883E-01  0.96152E-02  0.48842E-01  0.98658E-01  0.98658E-01
  7      0.80000  0.11003E+00  0.12343E-01  0.47694E-01  0.80775E-01  0.80775E-01
  7      1.00000  0.10259E+00  0.16391E-01  0.39864E-01  0.66133E-01  0.66133E-01
  7      1.20000  0.83675E-01  0.14233E-01  0.37467E-01  0.54145E-01  0.54145E-01
  7      1.40000  0.65486E-01  0.10200E-01  0.35744E-01  0.44330E-01  0.44330E-01
  7      1.60000  0.51170E-01  0.65819E-02  0.32371E-01  0.36294E-01  0.36294E-01
  7      1.80000  0.40355E-01  0.40232E-02  0.28040E-01  0.29715E-01  0.29715E-01
  7      2.00000  0.32111E-01  0.24631E-02  0.23632E-01  0.24329E-01  0.24329E-01
  7      2.20000  0.25699E-01  0.16289E-02  0.19618E-01  0.19919E-01  0.19919E-01
  7      2.40000  0.20624E-01  0.12103E-02  0.16160E-01  0.16308E-01  0.16308E-01
  7      2.60000  0.16539E-01  0.95637E-03  0.13265E-01  0.13352E-01  0.13352E-01
  7      2.80000  0.13136E-01  0.71480E-03  0.10880E-01  0.10932E-01  0.10932E-01
  7      3.00000  0.10205E-01  0.42990E-03  0.89283E-02  0.89501E-02  0.89501E-02
