 Ite ALT.[km]   Ext[km-1]   Ext_err_retr[km-1]  Ext_err_smooth[km-1]   Ext_prior
 i[km-1]   Ext_err_priori[km-1]  version   2.300000    
 16      0.00000  0.16341E+00  0.24768E-01  0.41394E-01  0.18152E+00  0.18152E+00
 16      0.20000  0.99314E-01  0.12591E-01  0.46613E-01  0.14862E+00  0.14862E+00
 16      0.40000  0.19432E-01  0.21513E-01  0.43392E-01  0.12168E+00  0.12168E+00
 16      0.60000  0.86347E-09  0.10468E-01  0.48631E-01  0.99620E-01  0.99620E-01
 16      0.80000  0.22861E-08  0.14710E-01  0.51466E-01  0.81562E-01  0.81562E-01
 16      1.00000  0.71709E-08  0.18313E-01  0.45509E-01  0.66777E-01  0.66777E-01
 16      1.20000  0.50624E-08  0.16730E-01  0.38853E-01  0.54673E-01  0.54673E-01
 16      1.40000  0.37392E-03  0.13804E-01  0.33213E-01  0.44762E-01  0.44762E-01
 16      1.60000  0.16770E-01  0.11236E-01  0.28354E-01  0.36648E-01  0.36648E-01
 16      1.80000  0.29226E-01  0.90646E-02  0.24259E-01  0.30005E-01  0.30005E-01
 16      2.00000  0.33465E-01  0.71034E-02  0.20810E-01  0.24566E-01  0.24566E-01
 16      2.20000  0.33675E-01  0.53828E-02  0.17788E-01  0.20113E-01  0.20113E-01
 16      2.40000  0.31637E-01  0.39611E-02  0.15084E-01  0.16467E-01  0.16467E-01
 16      2.60000  0.27767E-01  0.28184E-02  0.12694E-01  0.13482E-01  0.13482E-01
 16      2.80000  0.22317E-01  0.18588E-02  0.10643E-01  0.11038E-01  0.11038E-01
 16      3.00000  0.15831E-01  0.10132E-02  0.88985E-02  0.90373E-02  0.90373E-02
