 Ite ALT.[km]   Ext[km-1]   Ext_err_retr[km-1]  Ext_err_smooth[km-1]   Ext_prior
 i[km-1]   Ext_err_priori[km-1]  version   2.300000    
  6      0.00000  0.11236E+00  0.15494E-01  0.20362E-01  0.11313E+00  0.11313E+00
  6      0.20000  0.14666E+00  0.12318E-01  0.27187E-01  0.92619E-01  0.92619E-01
  6      0.40000  0.11491E+00  0.14958E-01  0.26825E-01  0.75830E-01  0.75830E-01
  6      0.60000  0.49249E-01  0.54820E-02  0.31891E-01  0.62085E-01  0.62085E-01
  6      0.80000  0.11680E-01  0.11931E-01  0.31663E-01  0.50831E-01  0.50831E-01
  6      1.00000  0.36549E-02  0.12576E-01  0.29986E-01  0.41617E-01  0.41617E-01
  6      1.20000  0.64143E-02  0.98123E-02  0.27883E-01  0.34073E-01  0.34073E-01
  6      1.40000  0.10522E-01  0.66782E-02  0.24951E-01  0.27896E-01  0.27896E-01
  6      1.60000  0.13505E-01  0.41576E-02  0.21582E-01  0.22840E-01  0.22840E-01
  6      1.80000  0.14950E-01  0.24406E-02  0.18214E-01  0.18700E-01  0.18700E-01
  6      2.00000  0.15022E-01  0.14626E-02  0.15124E-01  0.15310E-01  0.15310E-01
  6      2.20000  0.14109E-01  0.10348E-02  0.12439E-01  0.12535E-01  0.12535E-01
  6      2.40000  0.12622E-01  0.87283E-03  0.10186E-01  0.10263E-01  0.10263E-01
  6      2.60000  0.10864E-01  0.75781E-03  0.83314E-02  0.84022E-02  0.84022E-02
  6      2.80000  0.89476E-02  0.59474E-03  0.68249E-02  0.68792E-02  0.68792E-02
  6      3.00000  0.69389E-02  0.36563E-03  0.56069E-02  0.56322E-02  0.56322E-02
