 Ite ALT.[km]   Ext[km-1]   Ext_err_retr[km-1]  Ext_err_smooth[km-1]   Ext_prior
 i[km-1]   Ext_err_priori[km-1]  version   2.300000    
 16      0.00000  0.82506E-01  0.73580E-02  0.12969E-01  0.38012E-01  0.38012E-01
 16      0.20000  0.58236E-01  0.15234E-02  0.10036E-01  0.31122E-01  0.31122E-01
 16      0.40000  0.21746E-01  0.46284E-02  0.11309E-01  0.25480E-01  0.25480E-01
 16      0.60000  0.52337E-03  0.39151E-02  0.10388E-01  0.20861E-01  0.20861E-01
 16      0.80000  0.17080E-08  0.24132E-02  0.10970E-01  0.17080E-01  0.17080E-01
 16      1.00000  0.13984E-08  0.27860E-02  0.10240E-01  0.13984E-01  0.13984E-01
 16      1.20000  0.11449E-08  0.30083E-02  0.88859E-02  0.11449E-01  0.11449E-01
 16      1.40000  0.93736E-09  0.27172E-02  0.75991E-02  0.93736E-02  0.93736E-02
 16      1.60000  0.76745E-09  0.22030E-02  0.65020E-02  0.76745E-02  0.76745E-02
 16      1.80000  0.62833E-09  0.16715E-02  0.55497E-02  0.62833E-02  0.62833E-02
 16      2.00000  0.51444E-09  0.12147E-02  0.47058E-02  0.51444E-02  0.51444E-02
 16      2.20000  0.42118E-09  0.85744E-03  0.39587E-02  0.42118E-02  0.42118E-02
 16      2.40000  0.34484E-09  0.59298E-03  0.33061E-02  0.34484E-02  0.34484E-02
 16      2.60000  0.41919E-10  0.40178E-03  0.27459E-02  0.28233E-02  0.28233E-02
 16      2.80000  0.28130E-07  0.25738E-03  0.22736E-02  0.23115E-02  0.23115E-02
 16      3.00000  0.58551E-03  0.13900E-03  0.18792E-02  0.18925E-02  0.18925E-02
