    ALT.[km]   NO2[mol/cm3]   NO2_err_retr[mol/cm3]   NO2_err_smooth[mol/cm3]   
 NO2_priori[mol/cm3]  NO2_err_priori[mol/cm3]   version    2.300000    
     0.00000  0.13229E+11  0.15381E+10  0.15393E+10  0.16520E+11  0.16520E+11
     0.20000  0.13219E+11  0.76303E+09  0.14529E+10  0.13526E+11  0.13526E+11
     0.40000  0.13096E+11  0.15031E+10  0.16237E+10  0.11074E+11  0.11074E+11
     0.60000  0.12050E+11  0.12820E+10  0.16645E+10  0.90665E+10  0.90665E+10
     0.80000  0.10116E+11  0.87164E+09  0.22251E+10  0.74230E+10  0.74230E+10
     1.00000  0.78434E+10  0.11828E+10  0.23844E+10  0.60774E+10  0.60774E+10
     1.20000  0.57868E+10  0.14844E+10  0.22543E+10  0.49758E+10  0.49758E+10
     1.40000  0.42174E+10  0.14580E+10  0.21664E+10  0.40738E+10  0.40738E+10
     1.60000  0.31377E+10  0.12191E+10  0.21311E+10  0.33354E+10  0.33354E+10
     1.80000  0.24232E+10  0.91972E+09  0.20376E+10  0.27308E+10  0.27308E+10
     2.00000  0.19396E+10  0.65002E+09  0.18615E+10  0.22358E+10  0.22358E+10
     2.20000  0.15915E+10  0.44032E+09  0.16370E+10  0.18305E+10  0.18305E+10
     2.40000  0.13238E+10  0.28894E+09  0.14024E+10  0.14987E+10  0.14987E+10
     2.60000  0.11076E+10  0.18359E+09  0.11813E+10  0.12270E+10  0.12270E+10
     2.80000  0.92835E+09  0.11183E+09  0.98442E+09  0.10046E+10  0.10046E+10
     3.00000  0.77728E+09  0.64217E+08  0.81451E+09  0.82249E+09  0.82249E+09
