    ALT.[km]   NO2[mol/cm3]   NO2_err_retr[mol/cm3]   NO2_err_smooth[mol/cm3]   
 NO2_priori[mol/cm3]  NO2_err_priori[mol/cm3]   version    2.300000    
     0.00000  0.16152E+11  0.17868E+10  0.18588E+10  0.20779E+11  0.20779E+11
     0.20000  0.14620E+11  0.97757E+09  0.18212E+10  0.17012E+11  0.17012E+11
     0.40000  0.14131E+11  0.19039E+10  0.20689E+10  0.13928E+11  0.13928E+11
     0.60000  0.13730E+11  0.15497E+10  0.22066E+10  0.11404E+11  0.11404E+11
     0.80000  0.12841E+11  0.97792E+09  0.28930E+10  0.93365E+10  0.93365E+10
     1.00000  0.11380E+11  0.14253E+10  0.30720E+10  0.76441E+10  0.76441E+10
     1.20000  0.95877E+10  0.18276E+10  0.29065E+10  0.62584E+10  0.62584E+10
     1.40000  0.77686E+10  0.18022E+10  0.27849E+10  0.51240E+10  0.51240E+10
     1.60000  0.61381E+10  0.15100E+10  0.27160E+10  0.41952E+10  0.41952E+10
     1.80000  0.47874E+10  0.11432E+10  0.25769E+10  0.34347E+10  0.34347E+10
     2.00000  0.37194E+10  0.81224E+09  0.23435E+10  0.28121E+10  0.28121E+10
     2.20000  0.28944E+10  0.55385E+09  0.20568E+10  0.23024E+10  0.23024E+10
     2.40000  0.22619E+10  0.36604E+09  0.17610E+10  0.18850E+10  0.18850E+10
     2.60000  0.17765E+10  0.23419E+09  0.14837E+10  0.15433E+10  0.15433E+10
     2.80000  0.14023E+10  0.14352E+09  0.12370E+10  0.12636E+10  0.12636E+10
     3.00000  0.11125E+10  0.82837E+08  0.10239E+10  0.10345E+10  0.10345E+10
