    ALT.[km]   NO2[mol/cm3]   NO2_err_retr[mol/cm3]   NO2_err_smooth[mol/cm3]   
 NO2_priori[mol/cm3]  NO2_err_priori[mol/cm3]   version    2.300000    
     0.00000  0.91700E+10  0.20356E+10  0.20531E+10  0.26202E+11  0.26202E+11
     0.20000  0.12904E+11  0.96850E+09  0.21288E+10  0.21452E+11  0.21452E+11
     0.40000  0.15463E+11  0.20137E+10  0.18488E+10  0.17563E+11  0.17563E+11
     0.60000  0.14949E+11  0.17454E+10  0.21452E+10  0.14380E+11  0.14380E+11
     0.80000  0.11972E+11  0.11641E+10  0.34274E+10  0.11773E+11  0.11773E+11
     1.00000  0.82993E+10  0.14272E+10  0.36186E+10  0.96390E+10  0.96390E+10
     1.20000  0.53211E+10  0.17824E+10  0.31561E+10  0.78918E+10  0.78918E+10
     1.40000  0.34795E+10  0.18021E+10  0.28381E+10  0.64612E+10  0.64612E+10
     1.60000  0.25530E+10  0.15921E+10  0.28042E+10  0.52900E+10  0.52900E+10
     1.80000  0.21394E+10  0.12973E+10  0.27781E+10  0.43311E+10  0.43311E+10
     2.00000  0.19333E+10  0.10018E+10  0.26314E+10  0.35460E+10  0.35460E+10
     2.20000  0.17792E+10  0.74190E+09  0.23858E+10  0.29032E+10  0.29032E+10
     2.40000  0.16236E+10  0.52833E+09  0.20957E+10  0.23770E+10  0.23770E+10
     2.60000  0.14596E+10  0.36011E+09  0.18013E+10  0.19461E+10  0.19461E+10
     2.80000  0.12932E+10  0.23229E+09  0.15248E+10  0.15933E+10  0.15933E+10
     3.00000  0.11304E+10  0.13955E+09  0.12758E+10  0.13045E+10  0.13045E+10
