    ALT.[km]   NO2[mol/cm3]   NO2_err_retr[mol/cm3]   NO2_err_smooth[mol/cm3]   
 NO2_priori[mol/cm3]  NO2_err_priori[mol/cm3]   version    2.300000    
     0.00000  0.13251E+11  0.17013E+10  0.15850E+10  0.19520E+11  0.19520E+11
     0.20000  0.14761E+11  0.88555E+09  0.16424E+10  0.15982E+11  0.15982E+11
     0.40000  0.14643E+11  0.17545E+10  0.16398E+10  0.13085E+11  0.13085E+11
     0.60000  0.12273E+11  0.14752E+10  0.18909E+10  0.10713E+11  0.10713E+11
     0.80000  0.86906E+10  0.92754E+09  0.26900E+10  0.87709E+10  0.87709E+10
     1.00000  0.53533E+10  0.12499E+10  0.28032E+10  0.71810E+10  0.71810E+10
     1.20000  0.30891E+10  0.16111E+10  0.25237E+10  0.58793E+10  0.58793E+10
     1.40000  0.19263E+10  0.16106E+10  0.23599E+10  0.48136E+10  0.48136E+10
     1.60000  0.14835E+10  0.13712E+10  0.23378E+10  0.39410E+10  0.39410E+10
     1.80000  0.13661E+10  0.10576E+10  0.22733E+10  0.32266E+10  0.32266E+10
     2.00000  0.13321E+10  0.76714E+09  0.21083E+10  0.26418E+10  0.26418E+10
     2.20000  0.12826E+10  0.53462E+09  0.18760E+10  0.21629E+10  0.21629E+10
     2.40000  0.11983E+10  0.36100E+09  0.16221E+10  0.17708E+10  0.17708E+10
     2.60000  0.10891E+10  0.23560E+09  0.13764E+10  0.14498E+10  0.14498E+10
     2.80000  0.96889E+09  0.14692E+09  0.11534E+10  0.11870E+10  0.11870E+10
     3.00000  0.84732E+09  0.86034E+08  0.95816E+09  0.97185E+09  0.97185E+09
