 Ite ALT.[km]   Ext[km-1]   Ext_err_retr[km-1]  Ext_err_smooth[km-1]   Ext_prior
 i[km-1]   Ext_err_priori[km-1]  version   2.300000    
  6      0.00000  0.16677E+00  0.27529E-01  0.47015E-01  0.17154E+00  0.17154E+00
  6      0.20000  0.65340E-01  0.62636E-02  0.41759E-01  0.14044E+00  0.14044E+00
  6      0.40000  0.21191E-01  0.23417E-01  0.38107E-01  0.11499E+00  0.11499E+00
  6      0.60000  0.46831E-01  0.15393E-01  0.42688E-01  0.94142E-01  0.94142E-01
  6      0.80000  0.87209E-01  0.59301E-02  0.48171E-01  0.77077E-01  0.77077E-01
  6      1.00000  0.10637E+00  0.11698E-01  0.41414E-01  0.63106E-01  0.63106E-01
  6      1.20000  0.10248E+00  0.12878E-01  0.34950E-01  0.51666E-01  0.51666E-01
  6      1.40000  0.86340E-01  0.10758E-01  0.31489E-01  0.42301E-01  0.42301E-01
  6      1.60000  0.67491E-01  0.78831E-02  0.28557E-01  0.34633E-01  0.34633E-01
  6      1.80000  0.50791E-01  0.53892E-02  0.25198E-01  0.28355E-01  0.28355E-01
  6      2.00000  0.37657E-01  0.35476E-02  0.21642E-01  0.23215E-01  0.23215E-01
  6      2.20000  0.27884E-01  0.22920E-02  0.18241E-01  0.19007E-01  0.19007E-01
  6      2.40000  0.20785E-01  0.14740E-02  0.15193E-01  0.15562E-01  0.15562E-01
  6      2.60000  0.15669E-01  0.95011E-03  0.12565E-01  0.12741E-01  0.12741E-01
  6      2.80000  0.11965E-01  0.59450E-03  0.10354E-01  0.10431E-01  0.10431E-01
  6      3.00000  0.92395E-02  0.31940E-03  0.85148E-02  0.85404E-02  0.85404E-02
