 Ite ALT.[km]   Ext[km-1]   Ext_err_retr[km-1]  Ext_err_smooth[km-1]   Ext_prior
 i[km-1]   Ext_err_priori[km-1]  version   2.300000    
  6      0.00000  0.63791E-01  0.20271E-01  0.31186E-01  0.14517E+00  0.14517E+00
  6      0.20000  0.67651E-01  0.10416E-01  0.33620E-01  0.11885E+00  0.11885E+00
  6      0.40000  0.90866E-01  0.21533E-01  0.27760E-01  0.97310E-01  0.97310E-01
  6      0.60000  0.95346E-01  0.87958E-02  0.39380E-01  0.79671E-01  0.79671E-01
  6      0.80000  0.82566E-01  0.83276E-02  0.40525E-01  0.65229E-01  0.65229E-01
  6      1.00000  0.66286E-01  0.13175E-01  0.34293E-01  0.53405E-01  0.53405E-01
  6      1.20000  0.52575E-01  0.12070E-01  0.30864E-01  0.43724E-01  0.43724E-01
  6      1.40000  0.41988E-01  0.90527E-02  0.28533E-01  0.35798E-01  0.35798E-01
  6      1.60000  0.33803E-01  0.61808E-02  0.25601E-01  0.29309E-01  0.29309E-01
  6      1.80000  0.27356E-01  0.40254E-02  0.22205E-01  0.23996E-01  0.23996E-01
  6      2.00000  0.22193E-01  0.25757E-02  0.18806E-01  0.19647E-01  0.19647E-01
  6      2.20000  0.18021E-01  0.16608E-02  0.15693E-01  0.16085E-01  0.16085E-01
  6      2.40000  0.14636E-01  0.11037E-02  0.12983E-01  0.13170E-01  0.13170E-01
  6      2.60000  0.11875E-01  0.75951E-03  0.10690E-01  0.10782E-01  0.10782E-01
  6      2.80000  0.95872E-02  0.51151E-03  0.87837E-02  0.88278E-02  0.88278E-02
  6      3.00000  0.76608E-02  0.29011E-03  0.72119E-02  0.72276E-02  0.72276E-02
