    ALT.[km]   NO2[mol/cm3]   NO2_err_retr[mol/cm3]   NO2_err_smooth[mol/cm3]   
 NO2_priori[mol/cm3]  NO2_err_priori[mol/cm3]   version    2.300000    
     0.00000  0.16577E+11  0.30946E+10  0.35293E+10  0.33817E+11  0.33817E+11
     0.20000  0.14669E+11  0.12359E+10  0.28424E+10  0.27687E+11  0.27687E+11
     0.40000  0.14672E+11  0.29864E+10  0.31173E+10  0.22668E+11  0.22668E+11
     0.60000  0.14586E+11  0.27874E+10  0.29584E+10  0.18559E+11  0.18559E+11
     0.80000  0.13461E+11  0.15411E+10  0.44346E+10  0.15195E+11  0.15195E+11
     1.00000  0.11428E+11  0.14373E+10  0.48944E+10  0.12440E+11  0.12440E+11
     1.20000  0.91154E+10  0.21666E+10  0.43722E+10  0.10185E+11  0.10185E+11
     1.40000  0.70558E+10  0.24036E+10  0.38227E+10  0.83391E+10  0.83391E+10
     1.60000  0.54695E+10  0.21948E+10  0.36356E+10  0.68275E+10  0.68275E+10
     1.80000  0.43329E+10  0.17873E+10  0.35578E+10  0.55898E+10  0.55898E+10
     2.00000  0.35266E+10  0.13561E+10  0.33739E+10  0.45766E+10  0.45766E+10
     2.20000  0.29343E+10  0.98130E+09  0.30701E+10  0.37470E+10  0.37470E+10
     2.40000  0.24761E+10  0.68327E+09  0.27038E+10  0.30678E+10  0.30678E+10
     2.60000  0.21047E+10  0.45678E+09  0.23269E+10  0.25117E+10  0.25117E+10
     2.80000  0.17934E+10  0.29003E+09  0.19702E+10  0.20564E+10  0.20564E+10
     3.00000  0.15259E+10  0.17206E+09  0.16480E+10  0.16836E+10  0.16836E+10
