    ALT.[km]   NO2[mol/cm3]   NO2_err_retr[mol/cm3]   NO2_err_smooth[mol/cm3]   
 NO2_priori[mol/cm3]  NO2_err_priori[mol/cm3]   version    2.300000    
     0.00000  0.15948E+11  0.21823E+10  0.24002E+10  0.21125E+11  0.21125E+11
     0.20000  0.12051E+11  0.90346E+09  0.19133E+10  0.17296E+11  0.17296E+11
     0.40000  0.98404E+10  0.20285E+10  0.23877E+10  0.14160E+11  0.14160E+11
     0.60000  0.88179E+10  0.19208E+10  0.22518E+10  0.11594E+11  0.11594E+11
     0.80000  0.83066E+10  0.11444E+10  0.28868E+10  0.94920E+10  0.94920E+10
     1.00000  0.77850E+10  0.10894E+10  0.31648E+10  0.77714E+10  0.77714E+10
     1.20000  0.70414E+10  0.15366E+10  0.29490E+10  0.63627E+10  0.63627E+10
     1.40000  0.61103E+10  0.16700E+10  0.26718E+10  0.52093E+10  0.52093E+10
     1.60000  0.51228E+10  0.15060E+10  0.25162E+10  0.42650E+10  0.42650E+10
     1.80000  0.41946E+10  0.12109E+10  0.23894E+10  0.34919E+10  0.34919E+10
     2.00000  0.33876E+10  0.90589E+09  0.22094E+10  0.28589E+10  0.28589E+10
     2.20000  0.27173E+10  0.64601E+09  0.19764E+10  0.23407E+10  0.23407E+10
     2.40000  0.21739E+10  0.44373E+09  0.17211E+10  0.19164E+10  0.19164E+10
     2.60000  0.17381E+10  0.29323E+09  0.14701E+10  0.15690E+10  0.15690E+10
     2.80000  0.13903E+10  0.18450E+09  0.12385E+10  0.12846E+10  0.12846E+10
     3.00000  0.11136E+10  0.10872E+09  0.10327E+10  0.10517E+10  0.10517E+10
