 Ite ALT.[km]   Ext[km-1]   Ext_err_retr[km-1]  Ext_err_smooth[km-1]   Ext_prior
 i[km-1]   Ext_err_priori[km-1]  version   2.300000    
  8      0.00000  0.11002E+00  0.28391E-01  0.41517E-01  0.20674E+00  0.20674E+00
  8      0.20000  0.99870E-01  0.15834E-01  0.47088E-01  0.16926E+00  0.16926E+00
  8      0.40000  0.12722E+00  0.30268E-01  0.38047E-01  0.13858E+00  0.13858E+00
  8      0.60000  0.14097E+00  0.13291E-01  0.57024E-01  0.11346E+00  0.11346E+00
  8      0.80000  0.12930E+00  0.12589E-01  0.58134E-01  0.92893E-01  0.92893E-01
  8      1.00000  0.10656E+00  0.17884E-01  0.49373E-01  0.76055E-01  0.76055E-01
  8      1.20000  0.84217E-01  0.16147E-01  0.44422E-01  0.62268E-01  0.62268E-01
  8      1.40000  0.65998E-01  0.12233E-01  0.40731E-01  0.50981E-01  0.50981E-01
  8      1.60000  0.51928E-01  0.85521E-02  0.36307E-01  0.41740E-01  0.41740E-01
  8      1.80000  0.41122E-01  0.57370E-02  0.31409E-01  0.34173E-01  0.34173E-01
  8      2.00000  0.32755E-01  0.37689E-02  0.26603E-01  0.27979E-01  0.27979E-01
  8      2.20000  0.26215E-01  0.24583E-02  0.22230E-01  0.22907E-01  0.22907E-01
  8      2.40000  0.21060E-01  0.16122E-02  0.18422E-01  0.18755E-01  0.18755E-01
  8      2.60000  0.16956E-01  0.10687E-02  0.15191E-01  0.15355E-01  0.15355E-01
  8      2.80000  0.13627E-01  0.68851E-03  0.12497E-01  0.12572E-01  0.12572E-01
  8      3.00000  0.10876E-01  0.37787E-03  0.10267E-01  0.10293E-01  0.10293E-01
