    ALT.[km]   NO2[mol/cm3]   NO2_err_retr[mol/cm3]   NO2_err_smooth[mol/cm3]   
 NO2_priori[mol/cm3]  NO2_err_priori[mol/cm3]   version    2.300000    
     0.00000  0.98625E+11  0.24641E+10  0.19320E+10  0.43876E+11  0.43876E+11
     0.20000  0.55319E+11  0.19018E+10  0.33512E+10  0.35922E+11  0.35922E+11
     0.40000  0.21812E+11  0.30167E+10  0.23396E+10  0.29411E+11  0.29411E+11
     0.60000  0.43063E+10  0.24247E+10  0.40929E+10  0.24079E+11  0.24079E+11
     0.80000 -0.10716E+08  0.20810E+10  0.59677E+10  0.19715E+11  0.19715E+11
     1.00000  0.20906E+10  0.25101E+10  0.58901E+10  0.16141E+11  0.16141E+11
     1.20000  0.51684E+10  0.27111E+10  0.51313E+10  0.13215E+11  0.13215E+11
     1.40000  0.69063E+10  0.25918E+10  0.48064E+10  0.10820E+11  0.10820E+11
     1.60000  0.71763E+10  0.23219E+10  0.48050E+10  0.88583E+10  0.88583E+10
     1.80000  0.65893E+10  0.19776E+10  0.47094E+10  0.72526E+10  0.72526E+10
     2.00000  0.56898E+10  0.15981E+10  0.44144E+10  0.59379E+10  0.59379E+10
     2.20000  0.47721E+10  0.12260E+10  0.39820E+10  0.48616E+10  0.48616E+10
     2.40000  0.39501E+10  0.89462E+09  0.34932E+10  0.39803E+10  0.39803E+10
     2.60000  0.32505E+10  0.61963E+09  0.30045E+10  0.32588E+10  0.32588E+10
     2.80000  0.26674E+10  0.40382E+09  0.25465E+10  0.26681E+10  0.26681E+10
     3.00000  0.21857E+10  0.24416E+09  0.21331E+10  0.21844E+10  0.21844E+10
