    ALT.[km]   NO2[mol/cm3]   NO2_err_retr[mol/cm3]   NO2_err_smooth[mol/cm3]   
 NO2_priori[mol/cm3]  NO2_err_priori[mol/cm3]   version    2.300000    
     0.00000  0.16657E+11  0.23102E+10  0.24340E+10  0.35516E+11  0.35516E+11
     0.20000  0.15310E+11  0.12125E+10  0.28256E+10  0.29078E+11  0.29078E+11
     0.40000  0.13392E+11  0.22473E+10  0.21794E+10  0.23807E+11  0.23807E+11
     0.60000  0.10190E+11  0.18668E+10  0.26871E+10  0.19491E+11  0.19491E+11
     0.80000  0.67560E+10  0.15875E+10  0.43817E+10  0.15958E+11  0.15958E+11
     1.00000  0.43577E+10  0.19990E+10  0.45507E+10  0.13066E+11  0.13066E+11
     1.20000  0.33903E+10  0.22158E+10  0.39627E+10  0.10697E+11  0.10697E+11
     1.40000  0.34091E+10  0.21333E+10  0.36529E+10  0.87581E+10  0.87581E+10
     1.60000  0.37395E+10  0.19157E+10  0.36834E+10  0.71705E+10  0.71705E+10
     1.80000  0.39330E+10  0.16384E+10  0.36771E+10  0.58707E+10  0.58707E+10
     2.00000  0.38511E+10  0.13289E+10  0.34984E+10  0.48065E+10  0.48065E+10
     2.20000  0.35434E+10  0.10204E+10  0.31866E+10  0.39353E+10  0.39353E+10
     2.40000  0.31137E+10  0.74306E+09  0.28116E+10  0.32219E+10  0.32219E+10
     2.60000  0.26504E+10  0.51270E+09  0.24259E+10  0.26379E+10  0.26379E+10
     2.80000  0.22082E+10  0.33271E+09  0.20592E+10  0.21597E+10  0.21597E+10
     3.00000  0.18148E+10  0.20041E+09  0.17261E+10  0.17682E+10  0.17682E+10
