    ALT.[km]   NO2[mol/cm3]   NO2_err_retr[mol/cm3]   NO2_err_smooth[mol/cm3]   
 NO2_priori[mol/cm3]  NO2_err_priori[mol/cm3]   version    2.300000    
     0.00000  0.26836E+11  0.32031E+10  0.34875E+10  0.32086E+11  0.32086E+11
     0.20000  0.16563E+11  0.13484E+10  0.29101E+10  0.26270E+11  0.26270E+11
     0.40000  0.99996E+10  0.30481E+10  0.34328E+10  0.21508E+11  0.21508E+11
     0.60000  0.72975E+10  0.29057E+10  0.31378E+10  0.17609E+11  0.17609E+11
     0.80000  0.71787E+10  0.16529E+10  0.42821E+10  0.14417E+11  0.14417E+11
     1.00000  0.79437E+10  0.13806E+10  0.47414E+10  0.11804E+11  0.11804E+11
     1.20000  0.84116E+10  0.21020E+10  0.43125E+10  0.96641E+10  0.96641E+10
     1.40000  0.81871E+10  0.23786E+10  0.37831E+10  0.79123E+10  0.79123E+10
     1.60000  0.74002E+10  0.21953E+10  0.35418E+10  0.64780E+10  0.64780E+10
     1.80000  0.63427E+10  0.17941E+10  0.34182E+10  0.53038E+10  0.53038E+10
     2.00000  0.52541E+10  0.13587E+10  0.32209E+10  0.43424E+10  0.43424E+10
     2.20000  0.42658E+10  0.97755E+09  0.29239E+10  0.35552E+10  0.35552E+10
     2.40000  0.34251E+10  0.67549E+09  0.25723E+10  0.29108E+10  0.29108E+10
     2.60000  0.27340E+10  0.44799E+09  0.22121E+10  0.23831E+10  0.23831E+10
     2.80000  0.21761E+10  0.28238E+09  0.18718E+10  0.19511E+10  0.19511E+10
     3.00000  0.17316E+10  0.16649E+09  0.15648E+10  0.15975E+10  0.15975E+10
