    ALT.[km]   NO2[mol/cm3]   NO2_err_retr[mol/cm3]   NO2_err_smooth[mol/cm3]   
 NO2_priori[mol/cm3]  NO2_err_priori[mol/cm3]   version    2.300000    
     0.00000  0.12121E+11  0.21132E+10  0.20742E+10  0.29170E+11  0.29170E+11
     0.20000  0.16028E+11  0.10757E+10  0.22996E+10  0.23882E+11  0.23882E+11
     0.40000  0.17431E+11  0.21106E+10  0.18389E+10  0.19553E+11  0.19553E+11
     0.60000  0.14915E+11  0.17720E+10  0.23822E+10  0.16009E+11  0.16009E+11
     0.80000  0.10106E+11  0.12938E+10  0.37875E+10  0.13107E+11  0.13107E+11
     1.00000  0.55132E+10  0.16716E+10  0.39132E+10  0.10731E+11  0.10731E+11
     1.20000  0.26054E+10  0.20025E+10  0.33998E+10  0.87858E+10  0.87858E+10
     1.40000  0.14360E+10  0.19767E+10  0.31311E+10  0.71932E+10  0.71932E+10
     1.60000  0.13230E+10  0.17320E+10  0.31561E+10  0.58893E+10  0.58893E+10
     1.80000  0.15775E+10  0.14108E+10  0.31402E+10  0.48218E+10  0.48218E+10
     2.00000  0.18073E+10  0.10910E+10  0.29686E+10  0.39477E+10  0.39477E+10
     2.20000  0.18869E+10  0.80802E+09  0.26834E+10  0.32321E+10  0.32321E+10
     2.40000  0.18285E+10  0.57451E+09  0.23503E+10  0.26462E+10  0.26462E+10
     2.60000  0.16836E+10  0.39060E+09  0.20153E+10  0.21666E+10  0.21666E+10
     2.80000  0.14984E+10  0.25127E+09  0.17026E+10  0.17738E+10  0.17738E+10
     3.00000  0.13027E+10  0.15058E+09  0.14226E+10  0.14523E+10  0.14523E+10
