 Ite ALT.[km]   Ext[km-1]   Ext_err_retr[km-1]  Ext_err_smooth[km-1]   Ext_prior
 i[km-1]   Ext_err_priori[km-1]  version   2.300000    
 12      0.00000  0.24503E+00  0.31053E-01  0.44232E-01  0.18629E+00  0.18629E+00
 12      0.20000  0.55345E-01  0.76609E-02  0.45410E-01  0.15252E+00  0.15252E+00
 12      0.40000  0.10546E-05  0.24803E-01  0.38541E-01  0.12488E+00  0.12488E+00
 12      0.60000  0.19986E-01  0.15219E-01  0.48197E-01  0.10224E+00  0.10224E+00
 12      0.80000  0.85114E-01  0.81824E-02  0.51533E-01  0.83707E-01  0.83707E-01
 12      1.00000  0.12121E+00  0.13528E-01  0.43059E-01  0.68534E-01  0.68534E-01
 12      1.20000  0.11756E+00  0.13950E-01  0.37112E-01  0.56111E-01  0.56111E-01
 12      1.40000  0.95817E-01  0.11267E-01  0.34448E-01  0.45940E-01  0.45940E-01
 12      1.60000  0.72730E-01  0.79783E-02  0.31630E-01  0.37612E-01  0.37612E-01
 12      1.80000  0.53950E-01  0.52207E-02  0.27939E-01  0.30794E-01  0.30794E-01
 12      2.00000  0.40022E-01  0.32572E-02  0.23917E-01  0.25212E-01  0.25212E-01
 12      2.20000  0.29986E-01  0.19846E-02  0.20072E-01  0.20642E-01  0.20642E-01
 12      2.40000  0.22755E-01  0.12133E-02  0.16652E-01  0.16900E-01  0.16900E-01
 12      2.60000  0.17470E-01  0.76513E-03  0.13728E-01  0.13837E-01  0.13837E-01
 12      2.80000  0.13486E-01  0.48563E-03  0.11283E-01  0.11329E-01  0.11329E-01
 12      3.00000  0.10376E-01  0.26816E-03  0.92603E-02  0.92750E-02  0.92750E-02
