 Ite ALT.[km]   Ext[km-1]   Ext_err_retr[km-1]  Ext_err_smooth[km-1]   Ext_prior
 i[km-1]   Ext_err_priori[km-1]  version   2.300000    
  7      0.00000  0.50621E-01  0.99506E-02  0.17064E-01  0.68042E-01  0.68042E-01
  7      0.20000  0.69698E-01  0.50145E-02  0.17030E-01  0.55708E-01  0.55708E-01
  7      0.40000  0.73264E-01  0.91814E-02  0.16832E-01  0.45610E-01  0.45610E-01
  7      0.60000  0.52514E-01  0.44522E-02  0.17927E-01  0.37342E-01  0.37342E-01
  7      0.80000  0.29524E-01  0.60206E-02  0.19072E-01  0.30573E-01  0.30573E-01
  7      1.00000  0.16086E-01  0.74169E-02  0.17790E-01  0.25031E-01  0.25031E-01
  7      1.20000  0.10349E-01  0.64461E-02  0.16181E-01  0.20494E-01  0.20494E-01
  7      1.40000  0.82234E-02  0.48023E-02  0.14425E-01  0.16779E-01  0.16779E-01
  7      1.60000  0.73824E-02  0.33155E-02  0.12531E-01  0.13737E-01  0.13737E-01
  7      1.80000  0.68724E-02  0.21951E-02  0.10654E-01  0.11247E-01  0.11247E-01
  7      2.00000  0.63668E-02  0.14207E-02  0.89241E-02  0.92084E-02  0.92084E-02
  7      2.20000  0.57891E-02  0.91305E-03  0.74034E-02  0.75392E-02  0.75392E-02
  7      2.40000  0.51536E-02  0.59163E-03  0.61061E-02  0.61726E-02  0.61726E-02
  7      2.60000  0.44992E-02  0.38944E-03  0.50197E-02  0.50537E-02  0.50537E-02
  7      2.80000  0.38625E-02  0.25064E-03  0.41207E-02  0.41376E-02  0.41376E-02
  7      3.00000  0.32706E-02  0.13791E-03  0.33814E-02  0.33876E-02  0.33876E-02
