    ALT.[km]   NO2[mol/cm3]   NO2_err_retr[mol/cm3]   NO2_err_smooth[mol/cm3]   
 NO2_priori[mol/cm3]  NO2_err_priori[mol/cm3]   version    2.300000    
     0.00000  0.53065E+11  0.28647E+10  0.34207E+10  0.35411E+11  0.35411E+11
     0.20000  0.63864E+11  0.19335E+10  0.37510E+10  0.28992E+11  0.28992E+11
     0.40000  0.63635E+11  0.38205E+10  0.50562E+10  0.23737E+11  0.23737E+11
     0.60000  0.52234E+11  0.33041E+10  0.50703E+10  0.19434E+11  0.19434E+11
     0.80000  0.35329E+11  0.15729E+10  0.55868E+10  0.15911E+11  0.15911E+11
     1.00000  0.19333E+11  0.11623E+10  0.57862E+10  0.13027E+11  0.13027E+11
     1.20000  0.78008E+10  0.20726E+10  0.54751E+10  0.10666E+11  0.10666E+11
     1.40000  0.11256E+10  0.24129E+10  0.50171E+10  0.87322E+10  0.87322E+10
     1.60000 -0.19362E+10  0.22689E+10  0.45898E+10  0.71493E+10  0.71493E+10
     1.80000 -0.28510E+10  0.19015E+10  0.41732E+10  0.58534E+10  0.58534E+10
     2.00000 -0.26914E+10  0.14873E+10  0.37356E+10  0.47923E+10  0.47923E+10
     2.20000 -0.20848E+10  0.11095E+10  0.32847E+10  0.39236E+10  0.39236E+10
     2.40000 -0.13525E+10  0.79492E+09  0.28435E+10  0.32124E+10  0.32124E+10
     2.60000 -0.64914E+09  0.54501E+09  0.24305E+10  0.26301E+10  0.26301E+10
     2.80000 -0.52330E+08  0.35346E+09  0.20551E+10  0.21533E+10  0.21533E+10
     3.00000  0.39421E+09  0.21330E+09  0.17206E+10  0.17630E+10  0.17630E+10
