    ALT.[km]   NO2[mol/cm3]   NO2_err_retr[mol/cm3]   NO2_err_smooth[mol/cm3]   
 NO2_priori[mol/cm3]  NO2_err_priori[mol/cm3]   version    2.300000    
     0.00000  0.16393E+11  0.24789E+10  0.23010E+10  0.26820E+11  0.26820E+11
     0.20000  0.11571E+11  0.97162E+09  0.27161E+10  0.21959E+11  0.21959E+11
     0.40000  0.83112E+10  0.21397E+10  0.26766E+10  0.17978E+11  0.17978E+11
     0.60000  0.63482E+10  0.20386E+10  0.22101E+10  0.14719E+11  0.14719E+11
     0.80000  0.54293E+10  0.12566E+10  0.34452E+10  0.12051E+11  0.12051E+11
     1.00000  0.52180E+10  0.12470E+10  0.38950E+10  0.98667E+10  0.98667E+10
     1.20000  0.53082E+10  0.17275E+10  0.34493E+10  0.80782E+10  0.80782E+10
     1.40000  0.53518E+10  0.18851E+10  0.28987E+10  0.66138E+10  0.66138E+10
     1.60000  0.51653E+10  0.17306E+10  0.26866E+10  0.54149E+10  0.54149E+10
     1.80000  0.47351E+10  0.14287E+10  0.26492E+10  0.44334E+10  0.44334E+10
     2.00000  0.41461E+10  0.11019E+10  0.25570E+10  0.36297E+10  0.36297E+10
     2.20000  0.35027E+10  0.80986E+09  0.23629E+10  0.29718E+10  0.29718E+10
     2.40000  0.28836E+10  0.57123E+09  0.21043E+10  0.24331E+10  0.24331E+10
     2.60000  0.23320E+10  0.38566E+09  0.18248E+10  0.19920E+10  0.19920E+10
     2.80000  0.18640E+10  0.24664E+09  0.15528E+10  0.16310E+10  0.16310E+10
     3.00000  0.14806E+10  0.14708E+09  0.13029E+10  0.13353E+10  0.13353E+10
