    ALT.[km]   NO2[mol/cm3]   NO2_err_retr[mol/cm3]   NO2_err_smooth[mol/cm3]   
 NO2_priori[mol/cm3]  NO2_err_priori[mol/cm3]   version    2.300000    
     0.00000  0.13783E+11  0.19578E+10  0.22577E+10  0.16824E+11  0.16824E+11
     0.20000  0.13467E+11  0.77519E+09  0.15760E+10  0.13775E+11  0.13775E+11
     0.40000  0.13170E+11  0.15929E+10  0.22181E+10  0.11278E+11  0.11278E+11
     0.60000  0.12176E+11  0.16041E+10  0.20235E+10  0.92334E+10  0.92334E+10
     0.80000  0.10473E+11  0.11031E+10  0.22902E+10  0.75597E+10  0.75597E+10
     1.00000  0.84718E+10  0.10233E+10  0.25280E+10  0.61893E+10  0.61893E+10
     1.20000  0.65971E+10  0.12883E+10  0.24676E+10  0.50674E+10  0.50674E+10
     1.40000  0.50680E+10  0.13585E+10  0.23102E+10  0.41488E+10  0.41488E+10
     1.60000  0.39105E+10  0.12108E+10  0.21717E+10  0.33968E+10  0.33968E+10
     1.80000  0.30561E+10  0.96486E+09  0.20243E+10  0.27811E+10  0.27811E+10
     2.00000  0.24208E+10  0.71489E+09  0.18381E+10  0.22769E+10  0.22769E+10
     2.20000  0.19383E+10  0.50443E+09  0.16217E+10  0.18642E+10  0.18642E+10
     2.40000  0.15638E+10  0.34276E+09  0.13981E+10  0.15263E+10  0.15263E+10
     2.60000  0.12681E+10  0.22424E+09  0.11855E+10  0.12496E+10  0.12496E+10
     2.80000  0.10318E+10  0.13987E+09  0.99358E+09  0.10231E+10  0.10231E+10
     3.00000  0.84152E+09  0.81841E+08  0.82556E+09  0.83764E+09  0.83764E+09
