 Ite ALT.[km]   Ext[km-1]   Ext_err_retr[km-1]  Ext_err_smooth[km-1]   Ext_prior
 i[km-1]   Ext_err_priori[km-1]  version   2.300000    
  6      0.00000  0.14087E+00  0.26481E-01  0.48878E-01  0.20987E+00  0.20987E+00
  6      0.20000  0.42518E-01  0.10731E-01  0.47465E-01  0.17183E+00  0.17183E+00
  6      0.40000  0.48364E-01  0.25321E-01  0.36398E-01  0.14068E+00  0.14068E+00
  6      0.60000  0.11713E+00  0.13186E-01  0.52936E-01  0.11518E+00  0.11518E+00
  6      0.80000  0.15766E+00  0.11921E-01  0.56628E-01  0.94303E-01  0.94303E-01
  6      1.00000  0.15029E+00  0.16267E-01  0.47499E-01  0.77208E-01  0.77208E-01
  6      1.20000  0.12100E+00  0.14966E-01  0.42860E-01  0.63213E-01  0.63213E-01
  6      1.40000  0.91203E-01  0.11512E-01  0.40240E-01  0.51754E-01  0.51754E-01
  6      1.60000  0.67889E-01  0.80535E-02  0.36494E-01  0.42373E-01  0.42373E-01
  6      1.80000  0.50975E-01  0.53219E-02  0.31839E-01  0.34692E-01  0.34692E-01
  6      2.00000  0.38810E-01  0.33951E-02  0.27058E-01  0.28403E-01  0.28403E-01
  6      2.20000  0.29945E-01  0.21246E-02  0.22632E-01  0.23255E-01  0.23255E-01
  6      2.40000  0.23368E-01  0.13245E-02  0.18753E-01  0.19039E-01  0.19039E-01
  6      2.60000  0.18386E-01  0.83314E-03  0.15458E-01  0.15588E-01  0.15588E-01
  6      2.80000  0.14497E-01  0.51547E-03  0.12707E-01  0.12762E-01  0.12762E-01
  6      3.00000  0.11366E-01  0.27679E-03  0.10431E-01  0.10449E-01  0.10449E-01
