 Ite ALT.[km]   Ext[km-1]   Ext_err_retr[km-1]  Ext_err_smooth[km-1]   Ext_prior
 i[km-1]   Ext_err_priori[km-1]  version   2.300000    
 16      0.00000  0.10440E+00  0.19532E-01  0.16695E-01  0.88423E-01  0.88423E-01
 16      0.20000  0.11860E+00  0.72210E-02  0.22317E-01  0.72395E-01  0.72395E-01
 16      0.40000  0.70638E-01  0.44494E-02  0.16106E-01  0.59272E-01  0.59272E-01
 16      0.60000  0.10568E-01  0.54187E-02  0.24384E-01  0.48527E-01  0.48527E-01
 16      0.80000  0.10838E-03  0.41621E-02  0.25144E-01  0.39731E-01  0.39731E-01
 16      1.00000  0.39806E-03  0.39755E-02  0.20102E-01  0.32529E-01  0.32529E-01
 16      1.20000  0.57186E-02  0.31270E-02  0.18576E-01  0.26632E-01  0.26632E-01
 16      1.40000  0.11742E-01  0.22802E-02  0.17415E-01  0.21805E-01  0.21805E-01
 16      1.60000  0.14571E-01  0.16105E-02  0.15498E-01  0.17852E-01  0.17852E-01
 16      1.80000  0.15344E-01  0.11030E-02  0.13330E-01  0.14616E-01  0.14616E-01
 16      2.00000  0.14656E-01  0.76832E-03  0.11244E-01  0.11967E-01  0.11967E-01
 16      2.20000  0.13530E-01  0.57295E-03  0.93793E-02  0.97975E-02  0.97975E-02
 16      2.40000  0.12112E-01  0.45525E-03  0.77725E-02  0.80215E-02  0.80215E-02
 16      2.60000  0.10588E-01  0.36501E-03  0.64185E-02  0.65675E-02  0.65675E-02
 16      2.80000  0.88448E-02  0.27033E-03  0.52963E-02  0.53770E-02  0.53770E-02
 16      3.00000  0.67453E-02  0.16050E-03  0.43718E-02  0.44023E-02  0.44023E-02
