 Ite ALT.[km]   Ext[km-1]   Ext_err_retr[km-1]  Ext_err_smooth[km-1]   Ext_prior
 i[km-1]   Ext_err_priori[km-1]  version   2.300000    
 16      0.00000  0.11154E+00  0.27185E-01  0.43114E-01  0.16007E+00  0.16007E+00
 16      0.20000  0.11136E+00  0.10947E-01  0.41127E-01  0.13105E+00  0.13105E+00
 16      0.40000  0.99114E-01  0.25774E-01  0.42360E-01  0.10730E+00  0.10730E+00
 16      0.60000  0.67112E-01  0.14983E-01  0.44531E-01  0.87848E-01  0.87848E-01
 16      0.80000  0.43324E-01  0.71299E-02  0.46836E-01  0.71924E-01  0.71924E-01
 16      1.00000  0.37220E-01  0.12721E-01  0.41509E-01  0.58886E-01  0.58886E-01
 16      1.20000  0.40519E-01  0.13432E-01  0.35820E-01  0.48212E-01  0.48212E-01
 16      1.40000  0.44771E-01  0.11270E-01  0.31441E-01  0.39473E-01  0.39473E-01
 16      1.60000  0.46277E-01  0.84736E-02  0.27576E-01  0.32317E-01  0.32317E-01
 16      1.80000  0.44594E-01  0.60187E-02  0.23829E-01  0.26459E-01  0.26459E-01
 16      2.00000  0.40618E-01  0.41690E-02  0.20248E-01  0.21663E-01  0.21663E-01
 16      2.20000  0.35466E-01  0.28818E-02  0.16977E-01  0.17736E-01  0.17736E-01
 16      2.40000  0.30005E-01  0.20189E-02  0.14105E-01  0.14521E-01  0.14521E-01
 16      2.60000  0.24656E-01  0.14320E-02  0.11655E-01  0.11889E-01  0.11889E-01
 16      2.80000  0.19255E-01  0.97624E-03  0.96109E-02  0.97338E-02  0.97338E-02
 16      3.00000  0.13646E-01  0.55608E-03  0.79230E-02  0.79694E-02  0.79694E-02
