    ALT.[km]   NO2[mol/cm3]   NO2_err_retr[mol/cm3]   NO2_err_smooth[mol/cm3]   
 NO2_priori[mol/cm3]  NO2_err_priori[mol/cm3]   version    2.300000    
     0.00000  0.13489E+11  0.20951E+10  0.22105E+10  0.19635E+11  0.19635E+11
     0.20000  0.11348E+11  0.77647E+09  0.18238E+10  0.16076E+11  0.16076E+11
     0.40000  0.10785E+11  0.17742E+10  0.21460E+10  0.13162E+11  0.13162E+11
     0.60000  0.10794E+11  0.17227E+10  0.18991E+10  0.10776E+11  0.10776E+11
     0.80000  0.10514E+11  0.10646E+10  0.25679E+10  0.88228E+10  0.88228E+10
     1.00000  0.96008E+10  0.10365E+10  0.28787E+10  0.72235E+10  0.72235E+10
     1.20000  0.81886E+10  0.14455E+10  0.26622E+10  0.59141E+10  0.59141E+10
     1.40000  0.66149E+10  0.15717E+10  0.23753E+10  0.48420E+10  0.48420E+10
     1.60000  0.51658E+10  0.14207E+10  0.22387E+10  0.39643E+10  0.39643E+10
     1.80000  0.39791E+10  0.11436E+10  0.21534E+10  0.32457E+10  0.32457E+10
     2.00000  0.30695E+10  0.85496E+09  0.20164E+10  0.26574E+10  0.26574E+10
     2.20000  0.23917E+10  0.60830E+09  0.18191E+10  0.21757E+10  0.21757E+10
     2.40000  0.18871E+10  0.41653E+09  0.15919E+10  0.17813E+10  0.17813E+10
     2.60000  0.15065E+10  0.27439E+09  0.13634E+10  0.14584E+10  0.14584E+10
     2.80000  0.12139E+10  0.17217E+09  0.11501E+10  0.11940E+10  0.11940E+10
     3.00000  0.98476E+09  0.10123E+09  0.95955E+09  0.97759E+09  0.97759E+09
