    ALT.[km]   NO2[mol/cm3]   NO2_err_retr[mol/cm3]   NO2_err_smooth[mol/cm3]   
 NO2_priori[mol/cm3]  NO2_err_priori[mol/cm3]   version    2.300000    
     0.00000  0.15847E+11  0.18096E+10  0.17428E+10  0.17013E+11  0.17013E+11
     0.20000  0.14118E+11  0.71701E+09  0.15545E+10  0.13929E+11  0.13929E+11
     0.40000  0.12557E+11  0.14850E+10  0.16894E+10  0.11404E+11  0.11404E+11
     0.60000  0.10789E+11  0.13952E+10  0.15414E+10  0.93370E+10  0.93370E+10
     0.80000  0.88421E+10  0.98080E+09  0.21831E+10  0.76445E+10  0.76445E+10
     1.00000  0.69639E+10  0.11718E+10  0.24147E+10  0.62588E+10  0.62588E+10
     1.20000  0.53747E+10  0.14785E+10  0.22410E+10  0.51243E+10  0.51243E+10
     1.40000  0.41541E+10  0.14924E+10  0.20811E+10  0.41954E+10  0.41954E+10
     1.60000  0.32628E+10  0.12818E+10  0.20363E+10  0.34349E+10  0.34349E+10
     1.80000  0.26144E+10  0.99114E+09  0.19761E+10  0.28123E+10  0.28123E+10
     2.00000  0.21289E+10  0.71644E+09  0.18364E+10  0.23025E+10  0.23025E+10
     2.20000  0.17508E+10  0.49546E+09  0.16372E+10  0.18851E+10  0.18851E+10
     2.40000  0.14470E+10  0.33138E+09  0.14165E+10  0.15434E+10  0.15434E+10
     2.60000  0.11983E+10  0.21422E+09  0.12018E+10  0.12636E+10  0.12636E+10
     2.80000  0.99284E+09  0.13248E+09  0.10066E+10  0.10346E+10  0.10346E+10
     3.00000  0.82220E+09  0.77064E+08  0.83574E+09  0.84704E+09  0.84704E+09
