    ALT.[km]   NO2[mol/cm3]   NO2_err_retr[mol/cm3]   NO2_err_smooth[mol/cm3]   
 NO2_priori[mol/cm3]  NO2_err_priori[mol/cm3]   version    2.300000    
     0.00000  0.15323E+11  0.26108E+10  0.28595E+10  0.30943E+11  0.30943E+11
     0.20000  0.11487E+11  0.11141E+10  0.25624E+10  0.25334E+11  0.25334E+11
     0.40000  0.10359E+11  0.26211E+10  0.25769E+10  0.20741E+11  0.20741E+11
     0.60000  0.10569E+11  0.23616E+10  0.27029E+10  0.16982E+11  0.16982E+11
     0.80000  0.10906E+11  0.12880E+10  0.41635E+10  0.13903E+11  0.13903E+11
     1.00000  0.10724E+11  0.13481E+10  0.45014E+10  0.11383E+11  0.11383E+11
     1.20000  0.99256E+10  0.19663E+10  0.39717E+10  0.93197E+10  0.93197E+10
     1.40000  0.87189E+10  0.21298E+10  0.34870E+10  0.76304E+10  0.76304E+10
     1.60000  0.73705E+10  0.19229E+10  0.33427E+10  0.62472E+10  0.62472E+10
     1.80000  0.60758E+10  0.15613E+10  0.32733E+10  0.51148E+10  0.51148E+10
     2.00000  0.49344E+10  0.11882E+10  0.30957E+10  0.41876E+10  0.41876E+10
     2.20000  0.39755E+10  0.86592E+09  0.28098E+10  0.34285E+10  0.34285E+10
     2.40000  0.31902E+10  0.60856E+09  0.24710E+10  0.28070E+10  0.28070E+10
     2.60000  0.25551E+10  0.41092E+09  0.21256E+10  0.22982E+10  0.22982E+10
     2.80000  0.20449E+10  0.26341E+09  0.18002E+10  0.18816E+10  0.18816E+10
     3.00000  0.16375E+10  0.15759E+09  0.15065E+10  0.15405E+10  0.15405E+10
