 Ite ALT.[km]   Ext[km-1]   Ext_err_retr[km-1]  Ext_err_smooth[km-1]   Ext_prior
 i[km-1]   Ext_err_priori[km-1]  version   2.300000    
  6      0.00000  0.60799E-01  0.19897E-01  0.31313E-01  0.13328E+00  0.13328E+00
  6      0.20000  0.49566E-01  0.88138E-02  0.31147E-01  0.10912E+00  0.10912E+00
  6      0.40000  0.67486E-01  0.20140E-01  0.26557E-01  0.89337E-01  0.89337E-01
  6      0.60000  0.79922E-01  0.85081E-02  0.35137E-01  0.73143E-01  0.73143E-01
  6      0.80000  0.75727E-01  0.79525E-02  0.36493E-01  0.59884E-01  0.59884E-01
  6      1.00000  0.63135E-01  0.12940E-01  0.30954E-01  0.49029E-01  0.49029E-01
  6      1.20000  0.50052E-01  0.11870E-01  0.28108E-01  0.40142E-01  0.40142E-01
  6      1.40000  0.39284E-01  0.87805E-02  0.26283E-01  0.32865E-01  0.32865E-01
  6      1.60000  0.30988E-01  0.58533E-02  0.23710E-01  0.26908E-01  0.26908E-01
  6      1.80000  0.24645E-01  0.37057E-02  0.20578E-01  0.22030E-01  0.22030E-01
  6      2.00000  0.19744E-01  0.23159E-02  0.17398E-01  0.18037E-01  0.18037E-01
  6      2.20000  0.15903E-01  0.14874E-02  0.14483E-01  0.14767E-01  0.14767E-01
  6      2.40000  0.12859E-01  0.10148E-02  0.11956E-01  0.12090E-01  0.12090E-01
  6      2.60000  0.10422E-01  0.73178E-03  0.98277E-02  0.98988E-02  0.98988E-02
  6      2.80000  0.84442E-02  0.51517E-03  0.80666E-02  0.81045E-02  0.81045E-02
  6      3.00000  0.68212E-02  0.30084E-03  0.66206E-02  0.66354E-02  0.66354E-02
