 Ite ALT.[km]   Ext[km-1]   Ext_err_retr[km-1]  Ext_err_smooth[km-1]   Ext_prior
 i[km-1]   Ext_err_priori[km-1]  version   2.300000    
  6      0.00000  0.10081E+00  0.19305E-01  0.28375E-01  0.16086E+00  0.16086E+00
  6      0.20000  0.64611E-01  0.11541E-01  0.34784E-01  0.13170E+00  0.13170E+00
  6      0.40000  0.75443E-01  0.19310E-01  0.26227E-01  0.10783E+00  0.10783E+00
  6      0.60000  0.97257E-01  0.64742E-02  0.43054E-01  0.88282E-01  0.88282E-01
  6      0.80000  0.99687E-01  0.12965E-01  0.40699E-01  0.72279E-01  0.72279E-01
  6      1.00000  0.86006E-01  0.15657E-01  0.34842E-01  0.59177E-01  0.59177E-01
  6      1.20000  0.68468E-01  0.12725E-01  0.34223E-01  0.48450E-01  0.48450E-01
  6      1.40000  0.53215E-01  0.87446E-02  0.32846E-01  0.39668E-01  0.39668E-01
  6      1.60000  0.41380E-01  0.56589E-02  0.29486E-01  0.32477E-01  0.32477E-01
  6      1.80000  0.32429E-01  0.37797E-02  0.25283E-01  0.26590E-01  0.26590E-01
  6      2.00000  0.25629E-01  0.27789E-02  0.21139E-01  0.21770E-01  0.21770E-01
  6      2.20000  0.20398E-01  0.22157E-02  0.17456E-01  0.17824E-01  0.17824E-01
  6      2.40000  0.16324E-01  0.18110E-02  0.14340E-01  0.14593E-01  0.14593E-01
  6      2.60000  0.13111E-01  0.14489E-02  0.11763E-01  0.11948E-01  0.11948E-01
  6      2.80000  0.10529E-01  0.10630E-02  0.96634E-02  0.97819E-02  0.97819E-02
  6      3.00000  0.84135E-02  0.62774E-03  0.79586E-02  0.80087E-02  0.80087E-02
