 Ite ALT.[km]   Ext[km-1]   Ext_err_retr[km-1]  Ext_err_smooth[km-1]   Ext_prior
 i[km-1]   Ext_err_priori[km-1]  version   2.300000    
  6      0.00000  0.23280E+00  0.27115E-01  0.42484E-01  0.17592E+00  0.17592E+00
  6      0.20000  0.62461E-01  0.77853E-02  0.42254E-01  0.14403E+00  0.14403E+00
  6      0.40000  0.10546E-03  0.21427E-01  0.38413E-01  0.11792E+00  0.11792E+00
  6      0.60000  0.23839E-01  0.14228E-01  0.45680E-01  0.96545E-01  0.96545E-01
  6      0.80000  0.87452E-01  0.75674E-02  0.49027E-01  0.79045E-01  0.79045E-01
  6      1.00000  0.11378E+00  0.13689E-01  0.41329E-01  0.64716E-01  0.64716E-01
  6      1.20000  0.10636E+00  0.13635E-01  0.35686E-01  0.52985E-01  0.52985E-01
  6      1.40000  0.85320E-01  0.10322E-01  0.32809E-01  0.43381E-01  0.43381E-01
  6      1.60000  0.63940E-01  0.73702E-02  0.29504E-01  0.35517E-01  0.35517E-01
  6      1.80000  0.46890E-01  0.57195E-02  0.25497E-01  0.29079E-01  0.29079E-01
  6      2.00000  0.34448E-01  0.48001E-02  0.21480E-01  0.23808E-01  0.23808E-01
  6      2.20000  0.25620E-01  0.40676E-02  0.17880E-01  0.19492E-01  0.19492E-01
  6      2.40000  0.19358E-01  0.33623E-02  0.14818E-01  0.15959E-01  0.15959E-01
  6      2.60000  0.14864E-01  0.26686E-02  0.12278E-01  0.13066E-01  0.13066E-01
  6      2.80000  0.11579E-01  0.19366E-02  0.10225E-01  0.10698E-01  0.10698E-01
  6      3.00000  0.91321E-02  0.11351E-02  0.85690E-02  0.87584E-02  0.87584E-02
