 Ite ALT.[km]   Ext[km-1]   Ext_err_retr[km-1]  Ext_err_smooth[km-1]   Ext_prior
 i[km-1]   Ext_err_priori[km-1]  version   2.300000    
 16      0.00000  0.11091E+00  0.10937E-01  0.11695E-01  0.36999E-01  0.36999E-01
 16      0.20000  0.88509E-01  0.50328E-02  0.10398E-01  0.30292E-01  0.30292E-01
 16      0.40000  0.22629E-01  0.33681E-02  0.72502E-02  0.24801E-01  0.24801E-01
 16      0.60000  0.34809E-03  0.35486E-02  0.86555E-02  0.20306E-01  0.20306E-01
 16      0.80000  0.36224E-02  0.16959E-02  0.10239E-01  0.16625E-01  0.16625E-01
 16      1.00000  0.11378E-01  0.21239E-02  0.75068E-02  0.13611E-01  0.13611E-01
 16      1.20000  0.78229E-02  0.17508E-02  0.70607E-02  0.11144E-01  0.11144E-01
 16      1.40000  0.59049E-02  0.13521E-02  0.68938E-02  0.91239E-02  0.91239E-02
 16      1.60000  0.59005E-02  0.10495E-02  0.62628E-02  0.74700E-02  0.74700E-02
 16      1.80000  0.46548E-02  0.77921E-03  0.55135E-02  0.61159E-02  0.61159E-02
 16      2.00000  0.48009E-03  0.65015E-03  0.47592E-02  0.50073E-02  0.50073E-02
 16      2.20000  0.40996E-09  0.67876E-03  0.39506E-02  0.40996E-02  0.40996E-02
 16      2.40000  0.33565E-09  0.60273E-03  0.32254E-02  0.33565E-02  0.33565E-02
 16      2.60000  0.27481E-09  0.41793E-03  0.26695E-02  0.27481E-02  0.27481E-02
 16      2.80000  0.22499E-09  0.24689E-03  0.22161E-02  0.22499E-02  0.22499E-02
 16      3.00000  0.15544E-08  0.12267E-03  0.18318E-02  0.18421E-02  0.18421E-02
