 Ite ALT.[km]   Ext[km-1]   Ext_err_retr[km-1]  Ext_err_smooth[km-1]   Ext_prior
 i[km-1]   Ext_err_priori[km-1]  version   2.300000    
 16      0.00000  0.17461E+00  0.31560E-01  0.42448E-01  0.19020E+00  0.19020E+00
 16      0.20000  0.13833E+00  0.17123E-01  0.48612E-01  0.15572E+00  0.15572E+00
 16      0.40000  0.94718E-01  0.30401E-01  0.46729E-01  0.12749E+00  0.12749E+00
 16      0.60000  0.60382E-01  0.15094E-01  0.53943E-01  0.10438E+00  0.10438E+00
 16      0.80000  0.49581E-01  0.13221E-01  0.55025E-01  0.85461E-01  0.85461E-01
 16      1.00000  0.53141E-01  0.18592E-01  0.48160E-01  0.69970E-01  0.69970E-01
 16      1.20000  0.58440E-01  0.17382E-01  0.42508E-01  0.57286E-01  0.57286E-01
 16      1.40000  0.60618E-01  0.13523E-01  0.38109E-01  0.46902E-01  0.46902E-01
 16      1.60000  0.59227E-01  0.96766E-02  0.33606E-01  0.38400E-01  0.38400E-01
 16      1.80000  0.54796E-01  0.67538E-02  0.28897E-01  0.31439E-01  0.31439E-01
 16      2.00000  0.48401E-01  0.47661E-02  0.24362E-01  0.25740E-01  0.25740E-01
 16      2.20000  0.41309E-01  0.34523E-02  0.20287E-01  0.21074E-01  0.21074E-01
 16      2.40000  0.34386E-01  0.25651E-02  0.16775E-01  0.17254E-01  0.17254E-01
 16      2.60000  0.27943E-01  0.19196E-02  0.13823E-01  0.14127E-01  0.14127E-01
 16      2.80000  0.21714E-01  0.13578E-02  0.11390E-01  0.11566E-01  0.11566E-01
 16      3.00000  0.15466E-01  0.78911E-03  0.93986E-02  0.94694E-02  0.94694E-02
