 Ite ALT.[km]   Ext[km-1]   Ext_err_retr[km-1]  Ext_err_smooth[km-1]   Ext_prior
 i[km-1]   Ext_err_priori[km-1]  version   2.300000    
 16      0.00000  0.45902E-01  0.23626E-01  0.47233E-01  0.13825E+00  0.13825E+00
 16      0.20000  0.51523E-01  0.60043E-02  0.33764E-01  0.11319E+00  0.11319E+00
 16      0.40000  0.79359E-01  0.21762E-01  0.39423E-01  0.92673E-01  0.92673E-01
 16      0.60000  0.86161E-01  0.15205E-01  0.36948E-01  0.75874E-01  0.75874E-01
 16      0.80000  0.73496E-01  0.46357E-02  0.39291E-01  0.62121E-01  0.62121E-01
 16      1.00000  0.58112E-01  0.95854E-02  0.35643E-01  0.50860E-01  0.50860E-01
 16      1.20000  0.46878E-01  0.11103E-01  0.30932E-01  0.41641E-01  0.41641E-01
 16      1.40000  0.39240E-01  0.95776E-02  0.27192E-01  0.34092E-01  0.34092E-01
 16      1.60000  0.33448E-01  0.72659E-02  0.23858E-01  0.27913E-01  0.27913E-01
 16      1.80000  0.28519E-01  0.51736E-02  0.20608E-01  0.22853E-01  0.22853E-01
 16      2.00000  0.24121E-01  0.35733E-02  0.17507E-01  0.18710E-01  0.18710E-01
 16      2.20000  0.20196E-01  0.24446E-02  0.14680E-01  0.15319E-01  0.15319E-01
 16      2.40000  0.16745E-01  0.16815E-02  0.12200E-01  0.12542E-01  0.12542E-01
 16      2.60000  0.13724E-01  0.11659E-02  0.10083E-01  0.10268E-01  0.10268E-01
 16      2.80000  0.10984E-01  0.77862E-03  0.83128E-02  0.84071E-02  0.84071E-02
 16      3.00000  0.84194E-02  0.43753E-03  0.68485E-02  0.68832E-02  0.68832E-02
