    ALT.[km]   NO2[mol/cm3]   NO2_err_retr[mol/cm3]   NO2_err_smooth[mol/cm3]   
 NO2_priori[mol/cm3]  NO2_err_priori[mol/cm3]   version    2.300000    
     0.00000  0.18355E+11  0.30251E+10  0.26320E+10  0.30838E+11  0.30838E+11
     0.20000  0.16056E+11  0.12296E+10  0.32692E+10  0.25248E+11  0.25248E+11
     0.40000  0.13679E+11  0.25766E+10  0.32699E+10  0.20671E+11  0.20671E+11
     0.60000  0.10633E+11  0.24795E+10  0.26691E+10  0.16924E+11  0.16924E+11
     0.80000  0.75130E+10  0.15121E+10  0.40276E+10  0.13856E+11  0.13856E+11
     1.00000  0.51510E+10  0.14220E+10  0.45653E+10  0.11345E+11  0.11345E+11
     1.20000  0.38741E+10  0.20214E+10  0.40598E+10  0.92881E+10  0.92881E+10
     1.40000  0.34414E+10  0.22420E+10  0.34000E+10  0.76045E+10  0.76045E+10
     1.60000  0.33959E+10  0.20684E+10  0.31241E+10  0.62260E+10  0.62260E+10
     1.80000  0.33806E+10  0.17015E+10  0.30677E+10  0.50974E+10  0.50974E+10
     2.00000  0.32392E+10  0.12999E+10  0.29589E+10  0.41734E+10  0.41734E+10
     2.20000  0.29637E+10  0.94342E+09  0.27335E+10  0.34169E+10  0.34169E+10
     2.40000  0.26076E+10  0.65667E+09  0.24324E+10  0.27975E+10  0.27975E+10
     2.60000  0.22287E+10  0.43796E+09  0.21067E+10  0.22904E+10  0.22904E+10
     2.80000  0.18670E+10  0.27720E+09  0.17903E+10  0.18752E+10  0.18752E+10
     3.00000  0.15438E+10  0.16393E+09  0.15005E+10  0.15353E+10  0.15353E+10
