    ALT.[km]   NO2[mol/cm3]   NO2_err_retr[mol/cm3]   NO2_err_smooth[mol/cm3]   
 NO2_priori[mol/cm3]  NO2_err_priori[mol/cm3]   version    2.300000    
     0.00000  0.24170E+11  0.17585E+10  0.21040E+10  0.12713E+11  0.12713E+11
     0.20000  0.21738E+11  0.79084E+09  0.13941E+10  0.10408E+11  0.10408E+11
     0.40000  0.18065E+11  0.99399E+09  0.23533E+10  0.85216E+10  0.85216E+10
     0.60000  0.13789E+11  0.12027E+10  0.21757E+10  0.69769E+10  0.69769E+10
     0.80000  0.97610E+10  0.11204E+10  0.19382E+10  0.57122E+10  0.57122E+10
     1.00000  0.65698E+10  0.10051E+10  0.20315E+10  0.46767E+10  0.46767E+10
     1.20000  0.43661E+10  0.93688E+09  0.21438E+10  0.38290E+10  0.38290E+10
     1.40000  0.29861E+10  0.84432E+09  0.21142E+10  0.31349E+10  0.31349E+10
     1.60000  0.21624E+10  0.70526E+09  0.19674E+10  0.25666E+10  0.25666E+10
     1.80000  0.16644E+10  0.54879E+09  0.17585E+10  0.21014E+10  0.21014E+10
     2.00000  0.13422E+10  0.40468E+09  0.15288E+10  0.17205E+10  0.17205E+10
     2.20000  0.11136E+10  0.28668E+09  0.13041E+10  0.14086E+10  0.14086E+10
     2.40000  0.93796E+09  0.19622E+09  0.10981E+10  0.11533E+10  0.11533E+10
     2.60000  0.79569E+09  0.12934E+09  0.91654E+09  0.94422E+09  0.94422E+09
     2.80000  0.67672E+09  0.81183E+08  0.76026E+09  0.77306E+09  0.77306E+09
     3.00000  0.57493E+09  0.47728E+08  0.62767E+09  0.63293E+09  0.63293E+09
