 Ite ALT.[km]   Ext[km-1]   Ext_err_retr[km-1]  Ext_err_smooth[km-1]   Ext_prior
 i[km-1]   Ext_err_priori[km-1]  version   2.300000    
  7      0.00000  0.11726E+00  0.26112E-01  0.34470E-01  0.18540E+00  0.18540E+00
  7      0.20000  0.11060E+00  0.15642E-01  0.42336E-01  0.15180E+00  0.15180E+00
  7      0.40000  0.12462E+00  0.28022E-01  0.35213E-01  0.12428E+00  0.12428E+00
  7      0.60000  0.12244E+00  0.11032E-01  0.52699E-01  0.10175E+00  0.10175E+00
  7      0.80000  0.10357E+00  0.11625E-01  0.52407E-01  0.83308E-01  0.83308E-01
  7      1.00000  0.82037E-01  0.16602E-01  0.44500E-01  0.68207E-01  0.68207E-01
  7      1.20000  0.64556E-01  0.14819E-01  0.40211E-01  0.55843E-01  0.55843E-01
  7      1.40000  0.51453E-01  0.11082E-01  0.36879E-01  0.45720E-01  0.45720E-01
  7      1.60000  0.41526E-01  0.76403E-02  0.32828E-01  0.37433E-01  0.37433E-01
  7      1.80000  0.33771E-01  0.50633E-02  0.28349E-01  0.30647E-01  0.30647E-01
  7      2.00000  0.27561E-01  0.33075E-02  0.23968E-01  0.25092E-01  0.25092E-01
  7      2.20000  0.22516E-01  0.21746E-02  0.19995E-01  0.20543E-01  0.20543E-01
  7      2.40000  0.18386E-01  0.14642E-02  0.16548E-01  0.16820E-01  0.16820E-01
  7      2.60000  0.14983E-01  0.10101E-02  0.13633E-01  0.13771E-01  0.13771E-01
  7      2.80000  0.12141E-01  0.67629E-03  0.11208E-01  0.11274E-01  0.11274E-01
  7      3.00000  0.97333E-02  0.38083E-03  0.92073E-02  0.92308E-02  0.92308E-02
