 Ite ALT.[km]   Ext[km-1]   Ext_err_retr[km-1]  Ext_err_smooth[km-1]   Ext_prior
 i[km-1]   Ext_err_priori[km-1]  version   2.300000    
  6      0.00000  0.11841E+00  0.26661E-01  0.49375E-01  0.20726E+00  0.20726E+00
  6      0.20000  0.49311E-01  0.10692E-01  0.47078E-01  0.16969E+00  0.16969E+00
  6      0.40000  0.69203E-01  0.26118E-01  0.36526E-01  0.13893E+00  0.13893E+00
  6      0.60000  0.12765E+00  0.13753E-01  0.52534E-01  0.11375E+00  0.11375E+00
  6      0.80000  0.15423E+00  0.11016E-01  0.56884E-01  0.93129E-01  0.93129E-01
  6      1.00000  0.14121E+00  0.15818E-01  0.47802E-01  0.76248E-01  0.76248E-01
  6      1.20000  0.11249E+00  0.14766E-01  0.42630E-01  0.62426E-01  0.62426E-01
  6      1.40000  0.84961E-01  0.11437E-01  0.39644E-01  0.51110E-01  0.51110E-01
  6      1.60000  0.63559E-01  0.80806E-02  0.35828E-01  0.41846E-01  0.41846E-01
  6      1.80000  0.47912E-01  0.54219E-02  0.31249E-01  0.34260E-01  0.34260E-01
  6      2.00000  0.36561E-01  0.35288E-02  0.26582E-01  0.28050E-01  0.28050E-01
  6      2.20000  0.28245E-01  0.22600E-02  0.22261E-01  0.22965E-01  0.22965E-01
  6      2.40000  0.22061E-01  0.14432E-02  0.18467E-01  0.18802E-01  0.18802E-01
  6      2.60000  0.17387E-01  0.92696E-03  0.15236E-01  0.15394E-01  0.15394E-01
  6      2.80000  0.13773E-01  0.58113E-03  0.12534E-01  0.12604E-01  0.12604E-01
  6      3.00000  0.10912E-01  0.31382E-03  0.10296E-01  0.10319E-01  0.10319E-01
