    ALT.[km]   NO2[mol/cm3]   NO2_err_retr[mol/cm3]   NO2_err_smooth[mol/cm3]   
 NO2_priori[mol/cm3]  NO2_err_priori[mol/cm3]   version    2.300000    
     0.00000  0.57880E+11  0.18788E+10  0.16095E+10  0.26181E+11  0.26181E+11
     0.20000  0.86717E+11  0.17051E+10  0.23933E+10  0.21435E+11  0.21435E+11
     0.40000  0.84525E+11  0.27872E+10  0.28381E+10  0.17549E+11  0.17549E+11
     0.60000  0.57136E+11  0.20849E+10  0.35133E+10  0.14368E+11  0.14368E+11
     0.80000  0.22447E+11  0.95597E+09  0.42237E+10  0.11764E+11  0.11764E+11
     1.00000 -0.43203E+10  0.14222E+10  0.41689E+10  0.96313E+10  0.96313E+10
     1.20000 -0.17965E+11  0.19696E+10  0.38020E+10  0.78854E+10  0.78854E+10
     1.40000 -0.21101E+11  0.19965E+10  0.35602E+10  0.64561E+10  0.64561E+10
     1.60000 -0.18665E+11  0.17151E+10  0.33988E+10  0.52858E+10  0.52858E+10
     1.80000 -0.14433E+11  0.13435E+10  0.31751E+10  0.43276E+10  0.43276E+10
     2.00000 -0.10320E+11  0.99730E+09  0.28673E+10  0.35432E+10  0.35432E+10
     2.20000 -0.69662E+10  0.71463E+09  0.25165E+10  0.29009E+10  0.29009E+10
     2.40000 -0.44268E+10  0.49646E+09  0.21642E+10  0.23750E+10  0.23750E+10
     2.60000 -0.25736E+10  0.33238E+09  0.18351E+10  0.19445E+10  0.19445E+10
     2.80000 -0.12635E+10  0.21162E+09  0.15400E+10  0.15920E+10  0.15920E+10
     3.00000 -0.38431E+09  0.12589E+09  0.12816E+10  0.13035E+10  0.13035E+10
