 Ite ALT.[km]   Ext[km-1]   Ext_err_retr[km-1]  Ext_err_smooth[km-1]   Ext_prior
 i[km-1]   Ext_err_priori[km-1]  version   2.300000    
  7      0.00000  0.12323E+00  0.24648E-01  0.43001E-01  0.18096E+00  0.18096E+00
  7      0.20000  0.42280E-01  0.89576E-02  0.41714E-01  0.14816E+00  0.14816E+00
  7      0.40000  0.38847E-01  0.23096E-01  0.33051E-01  0.12130E+00  0.12130E+00
  7      0.60000  0.88465E-01  0.11664E-01  0.45710E-01  0.99315E-01  0.99315E-01
  7      0.80000  0.12515E+00  0.97507E-02  0.49116E-01  0.81312E-01  0.81312E-01
  7      1.00000  0.12742E+00  0.14989E-01  0.40962E-01  0.66573E-01  0.66573E-01
  7      1.20000  0.10832E+00  0.14082E-01  0.36631E-01  0.54505E-01  0.54505E-01
  7      1.40000  0.83611E-01  0.10697E-01  0.34553E-01  0.44625E-01  0.44625E-01
  7      1.60000  0.61717E-01  0.72645E-02  0.31538E-01  0.36536E-01  0.36536E-01
  7      1.80000  0.45032E-01  0.46300E-02  0.27593E-01  0.29913E-01  0.29913E-01
  7      2.00000  0.33062E-01  0.28565E-02  0.23451E-01  0.24491E-01  0.24491E-01
  7      2.20000  0.24613E-01  0.17516E-02  0.19593E-01  0.20051E-01  0.20051E-01
  7      2.40000  0.18629E-01  0.10999E-02  0.16213E-01  0.16417E-01  0.16417E-01
  7      2.60000  0.14349E-01  0.72351E-03  0.13349E-01  0.13441E-01  0.13441E-01
  7      2.80000  0.11265E-01  0.47721E-03  0.10964E-01  0.11004E-01  0.11004E-01
  7      3.00000  0.90298E-02  0.26952E-03  0.89960E-02  0.90097E-02  0.90097E-02
