    ALT.[km]   NO2[mol/cm3]   NO2_err_retr[mol/cm3]   NO2_err_smooth[mol/cm3]   
 NO2_priori[mol/cm3]  NO2_err_priori[mol/cm3]   version    2.300000    
     0.00000  0.67519E+11  0.22030E+10  0.16430E+10  0.29894E+11  0.29894E+11
     0.20000  0.63364E+11  0.17655E+10  0.29781E+10  0.24475E+11  0.24475E+11
     0.40000  0.48881E+11  0.28799E+10  0.29166E+10  0.20038E+11  0.20038E+11
     0.60000  0.29037E+11  0.21862E+10  0.33290E+10  0.16406E+11  0.16406E+11
     0.80000  0.10925E+11  0.12101E+10  0.44341E+10  0.13432E+11  0.13432E+11
     1.00000 -0.94576E+09  0.18778E+10  0.45540E+10  0.10997E+11  0.10997E+11
     1.20000 -0.61327E+10  0.24918E+10  0.41100E+10  0.90038E+10  0.90038E+10
     1.40000 -0.67233E+10  0.25006E+10  0.38015E+10  0.73717E+10  0.73717E+10
     1.60000 -0.51819E+10  0.21316E+10  0.36852E+10  0.60354E+10  0.60354E+10
     1.80000 -0.31861E+10  0.16440E+10  0.35301E+10  0.49414E+10  0.49414E+10
     2.00000 -0.15080E+10  0.11899E+10  0.32507E+10  0.40457E+10  0.40457E+10
     2.20000 -0.34050E+09  0.82487E+09  0.28848E+10  0.33123E+10  0.33123E+10
     2.40000  0.37788E+09  0.55246E+09  0.24916E+10  0.27119E+10  0.27119E+10
     2.60000  0.77256E+09  0.35693E+09  0.21128E+10  0.22203E+10  0.22203E+10
     2.80000  0.95446E+09  0.22020E+09  0.17694E+10  0.18178E+10  0.18178E+10
     3.00000  0.10013E+10  0.12763E+09  0.14689E+10  0.14883E+10  0.14883E+10
