 Ite ALT.[km]   Ext[km-1]   Ext_err_retr[km-1]  Ext_err_smooth[km-1]   Ext_prior
 i[km-1]   Ext_err_priori[km-1]  version   2.300000    
  6      0.00000  0.13414E+00  0.23469E-01  0.39326E-01  0.20695E+00  0.20695E+00
  6      0.20000  0.62000E-01  0.12749E-01  0.45371E-01  0.16944E+00  0.16944E+00
  6      0.40000  0.64866E-01  0.22749E-01  0.33315E-01  0.13872E+00  0.13872E+00
  6      0.60000  0.11297E+00  0.11165E-01  0.54405E-01  0.11358E+00  0.11358E+00
  6      0.80000  0.14538E+00  0.14219E-01  0.54213E-01  0.92990E-01  0.92990E-01
  6      1.00000  0.14321E+00  0.16786E-01  0.45751E-01  0.76134E-01  0.76134E-01
  6      1.20000  0.12037E+00  0.14647E-01  0.42884E-01  0.62333E-01  0.62333E-01
  6      1.40000  0.93179E-01  0.10962E-01  0.40699E-01  0.51034E-01  0.51034E-01
  6      1.60000  0.69697E-01  0.74231E-02  0.36827E-01  0.41783E-01  0.41783E-01
  6      1.80000  0.51769E-01  0.46873E-02  0.31972E-01  0.34209E-01  0.34209E-01
  6      2.00000  0.38708E-01  0.28265E-02  0.27038E-01  0.28008E-01  0.28008E-01
  6      2.20000  0.29301E-01  0.16708E-02  0.22521E-01  0.22931E-01  0.22931E-01
  6      2.40000  0.22486E-01  0.10077E-02  0.18601E-01  0.18774E-01  0.18774E-01
  6      2.60000  0.17477E-01  0.64856E-03  0.15296E-01  0.15371E-01  0.15371E-01
  6      2.80000  0.13717E-01  0.43031E-03  0.12553E-01  0.12585E-01  0.12585E-01
  6      3.00000  0.10833E-01  0.24653E-03  0.10293E-01  0.10304E-01  0.10304E-01
