 Ite ALT.[km]   Ext[km-1]   Ext_err_retr[km-1]  Ext_err_smooth[km-1]   Ext_prior
 i[km-1]   Ext_err_priori[km-1]  version   2.300000    
 13      0.00000  0.25055E+00  0.35220E-01  0.60613E-01  0.17561E+00  0.17561E+00
 13      0.20000  0.59773E-01  0.51856E-02  0.43756E-01  0.14378E+00  0.14378E+00
 13      0.40000  0.10546E-05  0.24140E-01  0.47945E-01  0.11772E+00  0.11772E+00
 13      0.60000  0.21863E-02  0.21150E-01  0.44185E-01  0.96378E-01  0.96378E-01
 13      0.80000  0.52608E-01  0.75754E-02  0.48369E-01  0.78908E-01  0.78908E-01
 13      1.00000  0.97552E-01  0.85301E-02  0.43863E-01  0.64604E-01  0.64604E-01
 13      1.20000  0.10065E+00  0.12246E-01  0.36623E-01  0.52894E-01  0.52894E-01
 13      1.40000  0.84853E-01  0.11699E-01  0.31627E-01  0.43306E-01  0.43306E-01
 13      1.60000  0.66948E-01  0.92857E-02  0.28209E-01  0.35456E-01  0.35456E-01
 13      1.80000  0.51212E-01  0.66926E-02  0.24972E-01  0.29029E-01  0.29029E-01
 13      2.00000  0.38886E-01  0.45852E-02  0.21622E-01  0.23767E-01  0.23767E-01
 13      2.20000  0.29638E-01  0.30650E-02  0.18358E-01  0.19458E-01  0.19458E-01
 13      2.40000  0.22745E-01  0.20326E-02  0.15374E-01  0.15931E-01  0.15931E-01
 13      2.60000  0.17564E-01  0.13470E-02  0.12764E-01  0.13043E-01  0.13043E-01
 13      2.80000  0.13539E-01  0.86160E-03  0.10549E-01  0.10679E-01  0.10679E-01
 13      3.00000  0.10279E-01  0.46938E-03  0.86991E-02  0.87432E-02  0.87432E-02
