 Ite ALT.[km]   Ext[km-1]   Ext_err_retr[km-1]  Ext_err_smooth[km-1]   Ext_prior
 i[km-1]   Ext_err_priori[km-1]  version   2.300000    
 16      0.00000  0.14431E+00  0.29785E-01  0.33356E-01  0.21894E+00  0.21894E+00
 16      0.20000  0.23122E+00  0.31778E-01  0.57971E-01  0.17926E+00  0.17926E+00
 16      0.40000  0.20055E+00  0.33595E-01  0.59992E-01  0.14676E+00  0.14676E+00
 16      0.60000  0.92180E-01  0.12649E-01  0.66696E-01  0.12016E+00  0.12016E+00
 16      0.80000  0.31117E-01  0.20618E-01  0.64644E-01  0.98378E-01  0.98378E-01
 16      1.00000  0.26948E-01  0.22313E-01  0.59420E-01  0.80545E-01  0.80545E-01
 16      1.20000  0.41475E-01  0.18012E-01  0.53938E-01  0.65945E-01  0.65945E-01
 16      1.40000  0.53186E-01  0.12902E-01  0.47665E-01  0.53991E-01  0.53991E-01
 16      1.60000  0.57798E-01  0.87828E-02  0.41004E-01  0.44204E-01  0.44204E-01
 16      1.80000  0.56932E-01  0.59370E-02  0.34574E-01  0.36191E-01  0.36191E-01
 16      2.00000  0.52653E-01  0.41569E-02  0.28768E-01  0.29631E-01  0.29631E-01
 16      2.20000  0.46548E-01  0.31002E-02  0.23743E-01  0.24260E-01  0.24260E-01
 16      2.40000  0.39775E-01  0.24398E-02  0.19511E-01  0.19862E-01  0.19862E-01
 16      2.60000  0.32933E-01  0.19435E-02  0.16007E-01  0.16262E-01  0.16262E-01
 16      2.80000  0.25852E-01  0.14455E-02  0.13147E-01  0.13314E-01  0.13314E-01
 16      3.00000  0.18395E-01  0.86755E-03  0.10829E-01  0.10901E-01  0.10901E-01
