    ALT.[km]   NO2[mol/cm3]   NO2_err_retr[mol/cm3]   NO2_err_smooth[mol/cm3]   
 NO2_priori[mol/cm3]  NO2_err_priori[mol/cm3]   version    2.300000    
     0.00000  0.15508E+11  0.16183E+10  0.19169E+10  0.12178E+11  0.12178E+11
     0.20000  0.14981E+11  0.62834E+09  0.11916E+10  0.99703E+10  0.99703E+10
     0.40000  0.13822E+11  0.10215E+10  0.18169E+10  0.81630E+10  0.81630E+10
     0.60000  0.11836E+11  0.11710E+10  0.15950E+10  0.66833E+10  0.66833E+10
     0.80000  0.93662E+10  0.10153E+10  0.16088E+10  0.54718E+10  0.54718E+10
     1.00000  0.69501E+10  0.96592E+09  0.18414E+10  0.44799E+10  0.44799E+10
     1.20000  0.49707E+10  0.10168E+10  0.19397E+10  0.36679E+10  0.36679E+10
     1.40000  0.35430E+10  0.97664E+09  0.18995E+10  0.30030E+10  0.30030E+10
     1.60000  0.25899E+10  0.82834E+09  0.17849E+10  0.24586E+10  0.24586E+10
     1.80000  0.19683E+10  0.63675E+09  0.16245E+10  0.20130E+10  0.20130E+10
     2.00000  0.15513E+10  0.45662E+09  0.14357E+10  0.16481E+10  0.16481E+10
     2.20000  0.12545E+10  0.31208E+09  0.12383E+10  0.13493E+10  0.13493E+10
     2.40000  0.10296E+10  0.20567E+09  0.10490E+10  0.11047E+10  0.11047E+10
     2.60000  0.85115E+09  0.13086E+09  0.87791E+09  0.90448E+09  0.90448E+09
     2.80000  0.70574E+09  0.79695E+08  0.72877E+09  0.74053E+09  0.74053E+09
     3.00000  0.58541E+09  0.45729E+08  0.60164E+09  0.60629E+09  0.60629E+09
