    ALT.[km]   NO2[mol/cm3]   NO2_err_retr[mol/cm3]   NO2_err_smooth[mol/cm3]   
 NO2_priori[mol/cm3]  NO2_err_priori[mol/cm3]   version    2.300000    
     0.00000  0.10054E+12  0.29489E+10  0.25496E+10  0.59735E+11  0.59735E+11
     0.20000  0.59781E+11  0.29599E+10  0.48246E+10  0.48907E+11  0.48907E+11
     0.40000  0.25374E+11  0.44579E+10  0.37239E+10  0.40042E+11  0.40042E+11
     0.60000  0.48370E+10  0.35483E+10  0.58817E+10  0.32783E+11  0.32783E+11
     0.80000 -0.18069E+10  0.27039E+10  0.84849E+10  0.26841E+11  0.26841E+11
     1.00000  0.28416E+09  0.30467E+10  0.84984E+10  0.21975E+11  0.21975E+11
     1.20000  0.52513E+10  0.32851E+10  0.73768E+10  0.17992E+11  0.17992E+11
     1.40000  0.93827E+10  0.31596E+10  0.66275E+10  0.14730E+11  0.14730E+11
     1.60000  0.11431E+11  0.28836E+10  0.63685E+10  0.12060E+11  0.12060E+11
     1.80000  0.11623E+11  0.25356E+10  0.61414E+10  0.98741E+10  0.98741E+10
     2.00000  0.10657E+11  0.21266E+10  0.57509E+10  0.80842E+10  0.80842E+10
     2.20000  0.91635E+10  0.16898E+10  0.52198E+10  0.66188E+10  0.66188E+10
     2.40000  0.75529E+10  0.12698E+10  0.46200E+10  0.54190E+10  0.54190E+10
     2.60000  0.60449E+10  0.89933E+09  0.40100E+10  0.44367E+10  0.44367E+10
     2.80000  0.47384E+10  0.59533E+09  0.34253E+10  0.36325E+10  0.36325E+10
     3.00000  0.36663E+10  0.36369E+09  0.28858E+10  0.29740E+10  0.29740E+10
