 Ite ALT.[km]   Ext[km-1]   Ext_err_retr[km-1]  Ext_err_smooth[km-1]   Ext_prior
 i[km-1]   Ext_err_priori[km-1]  version   2.300000    
  5      0.00000  0.14609E+00  0.29726E-01  0.41975E-01  0.19565E+00  0.19565E+00
  5      0.20000  0.10306E+00  0.13119E-01  0.46322E-01  0.16019E+00  0.16019E+00
  5      0.40000  0.10035E+00  0.29053E-01  0.38309E-01  0.13115E+00  0.13115E+00
  5      0.60000  0.11215E+00  0.14228E-01  0.53136E-01  0.10738E+00  0.10738E+00
  5      0.80000  0.11248E+00  0.10379E-01  0.55382E-01  0.87912E-01  0.87912E-01
  5      1.00000  0.99783E-01  0.16492E-01  0.46690E-01  0.71976E-01  0.71976E-01
  5      1.20000  0.82340E-01  0.15640E-01  0.41245E-01  0.58929E-01  0.58929E-01
  5      1.40000  0.65823E-01  0.12076E-01  0.37847E-01  0.48247E-01  0.48247E-01
  5      1.60000  0.52184E-01  0.84571E-02  0.33991E-01  0.39501E-01  0.39501E-01
  5      1.80000  0.41447E-01  0.56344E-02  0.29578E-01  0.32341E-01  0.32341E-01
  5      2.00000  0.33049E-01  0.36751E-02  0.25130E-01  0.26478E-01  0.26478E-01
  5      2.20000  0.26441E-01  0.24018E-02  0.21025E-01  0.21679E-01  0.21679E-01
  5      2.40000  0.21206E-01  0.16043E-02  0.17428E-01  0.17749E-01  0.17749E-01
  5      2.60000  0.17017E-01  0.11004E-02  0.14371E-01  0.14532E-01  0.14532E-01
  5      2.80000  0.13578E-01  0.73622E-03  0.11821E-01  0.11898E-01  0.11898E-01
  5      3.00000  0.10682E-01  0.41547E-03  0.97138E-02  0.97409E-02  0.97409E-02
