    ALT.[km]   NO2[mol/cm3]   NO2_err_retr[mol/cm3]   NO2_err_smooth[mol/cm3]   
 NO2_priori[mol/cm3]  NO2_err_priori[mol/cm3]   version    2.300000    
     0.00000  0.10128E+11  0.19148E+10  0.16347E+10  0.17989E+11  0.17989E+11
     0.20000  0.11101E+11  0.86939E+09  0.18407E+10  0.14728E+11  0.14728E+11
     0.40000  0.11081E+11  0.16739E+10  0.19693E+10  0.12058E+11  0.12058E+11
     0.60000  0.93976E+10  0.15774E+10  0.17941E+10  0.98724E+10  0.98724E+10
     0.80000  0.67441E+10  0.10114E+10  0.24645E+10  0.80828E+10  0.80828E+10
     1.00000  0.42237E+10  0.10322E+10  0.27171E+10  0.66177E+10  0.66177E+10
     1.20000  0.25029E+10  0.13719E+10  0.24773E+10  0.54181E+10  0.54181E+10
     1.40000  0.16319E+10  0.14589E+10  0.21866E+10  0.44359E+10  0.44359E+10
     1.60000  0.13229E+10  0.13083E+10  0.20462E+10  0.36318E+10  0.36318E+10
     1.80000  0.12621E+10  0.10523E+10  0.19620E+10  0.29735E+10  0.29735E+10
     2.00000  0.12525E+10  0.78914E+09  0.18359E+10  0.24345E+10  0.24345E+10
     2.20000  0.12142E+10  0.56436E+09  0.16572E+10  0.19932E+10  0.19932E+10
     2.40000  0.11353E+10  0.38868E+09  0.14519E+10  0.16319E+10  0.16319E+10
     2.60000  0.10291E+10  0.25747E+09  0.12450E+10  0.13361E+10  0.13361E+10
     2.80000  0.91128E+09  0.16235E+09  0.10515E+10  0.10939E+10  0.10939E+10
     3.00000  0.79275E+09  0.95852E+08  0.87808E+09  0.89560E+09  0.89560E+09
