    ALT.[km]   NO2[mol/cm3]   NO2_err_retr[mol/cm3]   NO2_err_smooth[mol/cm3]   
 NO2_priori[mol/cm3]  NO2_err_priori[mol/cm3]   version    2.300000    
     0.00000  0.12071E+11  0.21427E+10  0.23613E+10  0.21093E+11  0.21093E+11
     0.20000  0.13176E+11  0.80256E+09  0.18642E+10  0.17270E+11  0.17270E+11
     0.40000  0.13457E+11  0.18885E+10  0.22014E+10  0.14139E+11  0.14139E+11
     0.60000  0.11833E+11  0.17583E+10  0.20307E+10  0.11576E+11  0.11576E+11
     0.80000  0.88302E+10  0.10350E+10  0.27605E+10  0.94779E+10  0.94779E+10
     1.00000  0.56824E+10  0.11540E+10  0.30552E+10  0.77598E+10  0.77598E+10
     1.20000  0.33076E+10  0.16258E+10  0.28336E+10  0.63532E+10  0.63532E+10
     1.40000  0.19408E+10  0.17315E+10  0.25868E+10  0.52016E+10  0.52016E+10
     1.60000  0.13469E+10  0.15333E+10  0.24862E+10  0.42587E+10  0.42587E+10
     1.80000  0.11720E+10  0.12108E+10  0.23985E+10  0.34867E+10  0.34867E+10
     2.00000  0.11511E+10  0.88892E+09  0.22332E+10  0.28547E+10  0.28547E+10
     2.20000  0.11477E+10  0.62193E+09  0.19998E+10  0.23372E+10  0.23372E+10
     2.40000  0.11156E+10  0.41943E+09  0.17382E+10  0.19136E+10  0.19136E+10
     2.60000  0.10518E+10  0.27264E+09  0.14804E+10  0.15667E+10  0.15667E+10
     2.80000  0.96567E+09  0.16915E+09  0.12434E+10  0.12827E+10  0.12827E+10
     3.00000  0.86680E+09  0.98553E+08  0.10343E+10  0.10502E+10  0.10502E+10
