 Ite ALT.[km]   Ext[km-1]   Ext_err_retr[km-1]  Ext_err_smooth[km-1]   Ext_prior
 i[km-1]   Ext_err_priori[km-1]  version   2.300000    
  6      0.00000  0.16417E+00  0.28000E-01  0.45458E-01  0.15631E+00  0.15631E+00
  6      0.20000  0.71037E-01  0.60701E-02  0.38512E-01  0.12798E+00  0.12798E+00
  6      0.40000  0.29736E-01  0.23639E-01  0.37739E-01  0.10478E+00  0.10478E+00
  6      0.60000  0.50061E-01  0.16186E-01  0.40019E-01  0.85787E-01  0.85787E-01
  6      0.80000  0.79599E-01  0.49528E-02  0.44402E-01  0.70236E-01  0.70236E-01
  6      1.00000  0.89118E-01  0.10563E-01  0.38783E-01  0.57504E-01  0.57504E-01
  6      1.20000  0.81295E-01  0.12225E-01  0.32802E-01  0.47081E-01  0.47081E-01
  6      1.40000  0.66609E-01  0.10465E-01  0.29127E-01  0.38546E-01  0.38546E-01
  6      1.60000  0.51852E-01  0.78110E-02  0.26101E-01  0.31559E-01  0.31559E-01
  6      1.80000  0.39574E-01  0.54342E-02  0.22909E-01  0.25838E-01  0.25838E-01
  6      2.00000  0.30102E-01  0.36415E-02  0.19648E-01  0.21155E-01  0.21155E-01
  6      2.20000  0.23000E-01  0.23946E-02  0.16563E-01  0.17320E-01  0.17320E-01
  6      2.40000  0.17712E-01  0.15661E-02  0.13805E-01  0.14180E-01  0.14180E-01
  6      2.60000  0.13756E-01  0.10246E-02  0.11426E-01  0.11610E-01  0.11610E-01
  6      2.80000  0.10745E-01  0.64805E-03  0.94216E-02  0.95054E-02  0.95054E-02
  6      3.00000  0.83996E-02  0.35020E-03  0.77542E-02  0.77824E-02  0.77824E-02
