    ALT.[km]   NO2[mol/cm3]   NO2_err_retr[mol/cm3]   NO2_err_smooth[mol/cm3]   
 NO2_priori[mol/cm3]  NO2_err_priori[mol/cm3]   version    2.300000    
     0.00000  0.13110E+11  0.16328E+10  0.22527E+10  0.18115E+11  0.18115E+11
     0.20000  0.14984E+11  0.83291E+09  0.18420E+10  0.14831E+11  0.14831E+11
     0.40000  0.15695E+11  0.16282E+10  0.27696E+10  0.12143E+11  0.12143E+11
     0.60000  0.14365E+11  0.15036E+10  0.26681E+10  0.99415E+10  0.99415E+10
     0.80000  0.11595E+11  0.10684E+10  0.27738E+10  0.81394E+10  0.81394E+10
     1.00000  0.85371E+10  0.11283E+10  0.29797E+10  0.66640E+10  0.66640E+10
     1.20000  0.60132E+10  0.13257E+10  0.30246E+10  0.54560E+10  0.54560E+10
     1.40000  0.42611E+10  0.13005E+10  0.29222E+10  0.44670E+10  0.44670E+10
     1.60000  0.31468E+10  0.11052E+10  0.27193E+10  0.36573E+10  0.36573E+10
     1.80000  0.24430E+10  0.85669E+09  0.24482E+10  0.29943E+10  0.29943E+10
     2.00000  0.19723E+10  0.62714E+09  0.21440E+10  0.24515E+10  0.24515E+10
     2.20000  0.16313E+10  0.44187E+09  0.18388E+10  0.20071E+10  0.20071E+10
     2.40000  0.13671E+10  0.30151E+09  0.15542E+10  0.16433E+10  0.16433E+10
     2.60000  0.11536E+10  0.19841E+09  0.13007E+10  0.13454E+10  0.13454E+10
     2.80000  0.97644E+09  0.12439E+09  0.10809E+10  0.11015E+10  0.11015E+10
     3.00000  0.82621E+09  0.73048E+08  0.89339E+09  0.90187E+09  0.90187E+09
