    ALT.[km]   NO2[mol/cm3]   NO2_err_retr[mol/cm3]   NO2_err_smooth[mol/cm3]   
 NO2_priori[mol/cm3]  NO2_err_priori[mol/cm3]   version    2.300000    
     0.00000  0.14023E+11  0.16884E+10  0.15759E+10  0.18073E+11  0.18073E+11
     0.20000  0.12620E+11  0.78651E+09  0.15294E+10  0.14797E+11  0.14797E+11
     0.40000  0.11561E+11  0.16023E+10  0.15244E+10  0.12114E+11  0.12114E+11
     0.60000  0.10257E+11  0.14212E+10  0.16470E+10  0.99184E+10  0.99184E+10
     0.80000  0.86299E+10  0.95661E+09  0.24185E+10  0.81205E+10  0.81205E+10
     1.00000  0.69202E+10  0.11778E+10  0.25664E+10  0.66485E+10  0.66485E+10
     1.20000  0.53926E+10  0.14839E+10  0.23060E+10  0.54434E+10  0.54434E+10
     1.40000  0.41770E+10  0.14887E+10  0.21287E+10  0.44566E+10  0.44566E+10
     1.60000  0.32710E+10  0.12801E+10  0.21003E+10  0.36488E+10  0.36488E+10
     1.80000  0.26088E+10  0.99983E+09  0.20513E+10  0.29874E+10  0.29874E+10
     2.00000  0.21177E+10  0.73520E+09  0.19138E+10  0.24459E+10  0.24459E+10
     2.20000  0.17421E+10  0.51919E+09  0.17122E+10  0.20025E+10  0.20025E+10
     2.40000  0.14458E+10  0.35478E+09  0.14869E+10  0.16395E+10  0.16395E+10
     2.60000  0.12064E+10  0.23389E+09  0.12660E+10  0.13423E+10  0.13423E+10
     2.80000  0.10095E+10  0.14706E+09  0.10637E+10  0.10990E+10  0.10990E+10
     3.00000  0.84530E+09  0.86671E+08  0.88528E+09  0.89978E+09  0.89978E+09
