    ALT.[km]   NO2[mol/cm3]   NO2_err_retr[mol/cm3]   NO2_err_smooth[mol/cm3]   
 NO2_priori[mol/cm3]  NO2_err_priori[mol/cm3]   version    2.300000    
     0.00000  0.24735E+11  0.21525E+10  0.18703E+10  0.33796E+11  0.33796E+11
     0.20000  0.28978E+11  0.13252E+10  0.25327E+10  0.27670E+11  0.27670E+11
     0.40000  0.31335E+11  0.22432E+10  0.17581E+10  0.22654E+11  0.22654E+11
     0.60000  0.29044E+11  0.18684E+10  0.28443E+10  0.18547E+11  0.18547E+11
     0.80000  0.22656E+11  0.17147E+10  0.43312E+10  0.15185E+11  0.15185E+11
     1.00000  0.14781E+11  0.20810E+10  0.43433E+10  0.12433E+11  0.12433E+11
     1.20000  0.79577E+10  0.22222E+10  0.38179E+10  0.10179E+11  0.10179E+11
     1.40000  0.34045E+10  0.21101E+10  0.36188E+10  0.83339E+10  0.83339E+10
     1.60000  0.10505E+10  0.18857E+10  0.36565E+10  0.68232E+10  0.68232E+10
     1.80000  0.20258E+09  0.16023E+10  0.36076E+10  0.55864E+10  0.55864E+10
     2.00000  0.13873E+09  0.12885E+10  0.33945E+10  0.45737E+10  0.45737E+10
     2.20000  0.36796E+09  0.98159E+09  0.30680E+10  0.37447E+10  0.37447E+10
     2.40000  0.63898E+09  0.71092E+09  0.26935E+10  0.30659E+10  0.30659E+10
     2.60000  0.85459E+09  0.48907E+09  0.23167E+10  0.25101E+10  0.25101E+10
     2.80000  0.98974E+09  0.31703E+09  0.19630E+10  0.20551E+10  0.20551E+10
     3.00000  0.10446E+10  0.19095E+09  0.16438E+10  0.16826E+10  0.16826E+10
