 Ite ALT.[km]   Ext[km-1]   Ext_err_retr[km-1]  Ext_err_smooth[km-1]   Ext_prior
 i[km-1]   Ext_err_priori[km-1]  version   2.300000    
 16      0.00000  0.11713E+00  0.13609E-01  0.18714E-01  0.96072E-01  0.96072E-01
 16      0.20000  0.14794E+00  0.10099E-01  0.24112E-01  0.78657E-01  0.78657E-01
 16      0.40000  0.10333E+00  0.12488E-01  0.24418E-01  0.64399E-01  0.64399E-01
 16      0.60000  0.32288E-01  0.48554E-02  0.27174E-01  0.52725E-01  0.52725E-01
 16      0.80000  0.34606E-09  0.92328E-02  0.27614E-01  0.43168E-01  0.43168E-01
 16      1.00000  0.35343E-09  0.98328E-02  0.26310E-01  0.35343E-01  0.35343E-01
 16      1.20000  0.28936E-09  0.79097E-02  0.24069E-01  0.28936E-01  0.28936E-01
 16      1.40000  0.23691E-09  0.56885E-02  0.21199E-01  0.23691E-01  0.23691E-01
 16      1.60000  0.71580E-03  0.38629E-02  0.18171E-01  0.19397E-01  0.19397E-01
 16      1.80000  0.26788E-02  0.25401E-02  0.15297E-01  0.15881E-01  0.15881E-01
 16      2.00000  0.42208E-02  0.16535E-02  0.12728E-01  0.13002E-01  0.13002E-01
 16      2.20000  0.51866E-02  0.10979E-02  0.10511E-01  0.10645E-01  0.10645E-01
 16      2.40000  0.55970E-02  0.76841E-03  0.86422E-02  0.87154E-02  0.87154E-02
 16      2.60000  0.55510E-02  0.56770E-03  0.70891E-02  0.71356E-02  0.71356E-02
 16      2.80000  0.51634E-02  0.40843E-03  0.58131E-02  0.58421E-02  0.58421E-02
 16      3.00000  0.45546E-02  0.24178E-03  0.47707E-02  0.47831E-02  0.47831E-02
