    ALT.[km]   NO2[mol/cm3]   NO2_err_retr[mol/cm3]   NO2_err_smooth[mol/cm3]   
 NO2_priori[mol/cm3]  NO2_err_priori[mol/cm3]   version    2.300000    
     0.00000  0.86869E+11  0.20249E+10  0.15944E+10  0.40246E+11  0.40246E+11
     0.20000  0.77616E+11  0.18582E+10  0.29581E+10  0.32951E+11  0.32951E+11
     0.40000  0.52586E+11  0.28410E+10  0.21766E+10  0.26978E+11  0.26978E+11
     0.60000  0.22185E+11  0.22296E+10  0.40518E+10  0.22088E+11  0.22088E+11
     0.80000 -0.15939E+10  0.18451E+10  0.56579E+10  0.18084E+11  0.18084E+11
     1.00000 -0.13199E+11  0.22144E+10  0.55017E+10  0.14806E+11  0.14806E+11
     1.20000 -0.14458E+11  0.23959E+10  0.48045E+10  0.12122E+11  0.12122E+11
     1.40000 -0.10441E+11  0.22902E+10  0.45151E+10  0.99246E+10  0.99246E+10
     1.60000 -0.54315E+10  0.20548E+10  0.44832E+10  0.81256E+10  0.81256E+10
     1.80000 -0.15288E+10  0.17612E+10  0.43532E+10  0.66527E+10  0.66527E+10
     2.00000  0.84284E+09  0.14389E+10  0.40523E+10  0.54468E+10  0.54468E+10
     2.20000  0.19997E+10  0.11187E+10  0.36418E+10  0.44594E+10  0.44594E+10
     2.40000  0.23915E+10  0.82733E+09  0.31910E+10  0.36511E+10  0.36511E+10
     2.60000  0.23697E+10  0.57968E+09  0.27457E+10  0.29892E+10  0.29892E+10
     2.80000  0.21559E+10  0.38120E+09  0.23297E+10  0.24474E+10  0.24474E+10
     3.00000  0.18736E+10  0.23199E+09  0.19537E+10  0.20037E+10  0.20037E+10
