 Ite ALT.[km]   Ext[km-1]   Ext_err_retr[km-1]  Ext_err_smooth[km-1]   Ext_prior
 i[km-1]   Ext_err_priori[km-1]  version   2.300000    
  6      0.00000  0.12514E+00  0.25921E-01  0.47318E-01  0.19584E+00  0.19584E+00
  6      0.20000  0.47341E-01  0.97065E-02  0.45068E-01  0.16034E+00  0.16034E+00
  6      0.40000  0.50016E-01  0.24860E-01  0.35780E-01  0.13127E+00  0.13127E+00
  6      0.60000  0.10197E+00  0.13127E-01  0.49349E-01  0.10748E+00  0.10748E+00
  6      0.80000  0.13641E+00  0.10182E-01  0.53691E-01  0.87995E-01  0.87995E-01
  6      1.00000  0.13472E+00  0.15341E-01  0.45064E-01  0.72044E-01  0.72044E-01
  6      1.20000  0.11293E+00  0.14496E-01  0.39989E-01  0.58985E-01  0.58985E-01
  6      1.40000  0.87595E-01  0.11210E-01  0.37276E-01  0.48293E-01  0.48293E-01
  6      1.60000  0.66015E-01  0.78516E-02  0.33814E-01  0.39539E-01  0.39539E-01
  6      1.80000  0.49533E-01  0.52042E-02  0.29554E-01  0.32372E-01  0.32372E-01
  6      2.00000  0.37398E-01  0.33401E-02  0.25158E-01  0.26504E-01  0.26504E-01
  6      2.20000  0.28525E-01  0.21079E-02  0.21068E-01  0.21699E-01  0.21699E-01
  6      2.40000  0.21998E-01  0.13267E-02  0.17472E-01  0.17766E-01  0.17766E-01
  6      2.60000  0.17135E-01  0.84128E-03  0.14410E-01  0.14545E-01  0.14545E-01
  6      2.80000  0.13424E-01  0.52253E-03  0.11850E-01  0.11909E-01  0.11909E-01
  6      3.00000  0.10515E-01  0.28063E-03  0.97312E-02  0.97501E-02  0.97501E-02
