    ALT.[km]   NO2[mol/cm3]   NO2_err_retr[mol/cm3]   NO2_err_smooth[mol/cm3]   
 NO2_priori[mol/cm3]  NO2_err_priori[mol/cm3]   version    2.300000    
     0.00000  0.36899E+11  0.18776E+10  0.14616E+10  0.29013E+11  0.29013E+11
     0.20000  0.37155E+11  0.14522E+10  0.21559E+10  0.23754E+11  0.23754E+11
     0.40000  0.30861E+11  0.24104E+10  0.17472E+10  0.19448E+11  0.19448E+11
     0.60000  0.20007E+11  0.18809E+10  0.29776E+10  0.15922E+11  0.15922E+11
     0.80000  0.91278E+10  0.13492E+10  0.41596E+10  0.13036E+11  0.13036E+11
     1.00000  0.16567E+10  0.17904E+10  0.40727E+10  0.10673E+11  0.10673E+11
     1.20000 -0.16996E+10  0.21189E+10  0.35699E+10  0.87384E+10  0.87384E+10
     1.40000 -0.21563E+10  0.20538E+10  0.33788E+10  0.71544E+10  0.71544E+10
     1.60000 -0.13144E+10  0.17639E+10  0.33816E+10  0.58575E+10  0.58575E+10
     1.80000 -0.26024E+09  0.14089E+10  0.32906E+10  0.47958E+10  0.47958E+10
     2.00000  0.54403E+09  0.10724E+10  0.30515E+10  0.39264E+10  0.39264E+10
     2.20000  0.10200E+10  0.78631E+09  0.27219E+10  0.32147E+10  0.32147E+10
     2.40000  0.12380E+10  0.55646E+09  0.23639E+10  0.26320E+10  0.26320E+10
     2.60000  0.12900E+10  0.37798E+09  0.20165E+10  0.21549E+10  0.21549E+10
     2.80000  0.12464E+10  0.24343E+09  0.16985E+10  0.17643E+10  0.17643E+10
     3.00000  0.11506E+10  0.14615E+09  0.14168E+10  0.14445E+10  0.14445E+10
