    ALT.[km]   NO2[mol/cm3]   NO2_err_retr[mol/cm3]   NO2_err_smooth[mol/cm3]   
 NO2_priori[mol/cm3]  NO2_err_priori[mol/cm3]   version    2.300000    
     0.00000  0.15358E+11  0.18578E+10  0.23575E+10  0.17464E+11  0.17464E+11
     0.20000  0.18965E+11  0.83385E+09  0.17860E+10  0.14298E+11  0.14298E+11
     0.40000  0.20475E+11  0.15543E+10  0.26780E+10  0.11707E+11  0.11707E+11
     0.60000  0.18844E+11  0.15419E+10  0.24509E+10  0.95846E+10  0.95846E+10
     0.80000  0.15010E+11  0.11405E+10  0.25012E+10  0.78472E+10  0.78472E+10
     1.00000  0.10673E+11  0.11183E+10  0.27472E+10  0.64247E+10  0.64247E+10
     1.20000  0.70763E+10  0.13045E+10  0.28182E+10  0.52601E+10  0.52601E+10
     1.40000  0.46228E+10  0.13086E+10  0.27275E+10  0.43066E+10  0.43066E+10
     1.60000  0.31434E+10  0.11343E+10  0.25469E+10  0.35260E+10  0.35260E+10
     1.80000  0.22972E+10  0.88917E+09  0.23087E+10  0.28868E+10  0.28868E+10
     2.00000  0.18005E+10  0.65224E+09  0.20369E+10  0.23635E+10  0.23635E+10
     2.20000  0.14805E+10  0.45712E+09  0.17575E+10  0.19351E+10  0.19351E+10
     2.40000  0.12494E+10  0.30889E+09  0.14916E+10  0.15843E+10  0.15843E+10
     2.60000  0.10664E+10  0.20098E+09  0.12513E+10  0.12971E+10  0.12971E+10
     2.80000  0.91329E+09  0.12466E+09  0.10411E+10  0.10620E+10  0.10620E+10
     3.00000  0.78064E+09  0.72544E+08  0.86103E+09  0.86949E+09  0.86949E+09
