    ALT.[km]   NO2[mol/cm3]   NO2_err_retr[mol/cm3]   NO2_err_smooth[mol/cm3]   
 NO2_priori[mol/cm3]  NO2_err_priori[mol/cm3]   version    2.300000    
     0.00000  0.66828E+11  0.26462E+10  0.19886E+10  0.50043E+11  0.50043E+11
     0.20000  0.47469E+11  0.29494E+10  0.39953E+10  0.40972E+11  0.40972E+11
     0.40000  0.31155E+11  0.47356E+10  0.39207E+10  0.33545E+11  0.33545E+11
     0.60000  0.20019E+11  0.34013E+10  0.63492E+10  0.27464E+11  0.27464E+11
     0.80000  0.13806E+11  0.12198E+10  0.82201E+10  0.22486E+11  0.22486E+11
     1.00000  0.10834E+11  0.21544E+10  0.79320E+10  0.18410E+11  0.18410E+11
     1.20000  0.93956E+10  0.31659E+10  0.68972E+10  0.15073E+11  0.15073E+11
     1.40000  0.84490E+10  0.32606E+10  0.62993E+10  0.12340E+11  0.12340E+11
     1.60000  0.75798E+10  0.28331E+10  0.60540E+10  0.10104E+11  0.10104E+11
     1.80000  0.67011E+10  0.22461E+10  0.57456E+10  0.82721E+10  0.82721E+10
     2.00000  0.58325E+10  0.16896E+10  0.52628E+10  0.67726E+10  0.67726E+10
     2.20000  0.50072E+10  0.12276E+10  0.46706E+10  0.55449E+10  0.55449E+10
     2.40000  0.42488E+10  0.86490E+09  0.40516E+10  0.45398E+10  0.45398E+10
     2.60000  0.35701E+10  0.58710E+09  0.34591E+10  0.37169E+10  0.37169E+10
     2.80000  0.29757E+10  0.37869E+09  0.29184E+10  0.30431E+10  0.30431E+10
     3.00000  0.24642E+10  0.22794E+09  0.24383E+10  0.24915E+10  0.24915E+10
