    ALT.[km]   NO2[mol/cm3]   NO2_err_retr[mol/cm3]   NO2_err_smooth[mol/cm3]   
 NO2_priori[mol/cm3]  NO2_err_priori[mol/cm3]   version    2.300000    
     0.00000  0.10054E+11  0.19400E+10  0.25898E+10  0.22142E+11  0.22142E+11
     0.20000  0.12506E+11  0.10321E+10  0.21153E+10  0.18129E+11  0.18129E+11
     0.40000  0.14736E+11  0.21159E+10  0.30956E+10  0.14842E+11  0.14842E+11
     0.60000  0.15078E+11  0.18352E+10  0.31301E+10  0.12152E+11  0.12152E+11
     0.80000  0.13513E+11  0.10760E+10  0.34136E+10  0.99492E+10  0.99492E+10
     1.00000  0.10987E+11  0.12156E+10  0.35873E+10  0.81457E+10  0.81457E+10
     1.20000  0.84467E+10  0.16080E+10  0.35215E+10  0.66691E+10  0.66691E+10
     1.40000  0.63790E+10  0.16474E+10  0.33579E+10  0.54602E+10  0.54602E+10
     1.60000  0.48576E+10  0.14305E+10  0.31410E+10  0.44705E+10  0.44705E+10
     1.80000  0.37709E+10  0.11257E+10  0.28612E+10  0.36601E+10  0.36601E+10
     2.00000  0.29837E+10  0.83474E+09  0.25346E+10  0.29966E+10  0.29966E+10
     2.20000  0.23959E+10  0.59509E+09  0.21945E+10  0.24534E+10  0.24534E+10
     2.40000  0.19440E+10  0.41036E+09  0.18689E+10  0.20087E+10  0.20087E+10
     2.60000  0.15888E+10  0.27249E+09  0.15732E+10  0.16446E+10  0.16446E+10
     2.80000  0.13050E+10  0.17210E+09  0.13130E+10  0.13465E+10  0.13465E+10
     3.00000  0.10751E+10  0.10165E+09  0.10885E+10  0.11024E+10  0.11024E+10
