 Ite ALT.[km]   Ext[km-1]   Ext_err_retr[km-1]  Ext_err_smooth[km-1]   Ext_prior
 i[km-1]   Ext_err_priori[km-1]  version   2.300000    
 16      0.00000  0.30883E-01  0.11639E-01  0.18054E-01  0.83550E-01  0.83550E-01
 16      0.20000  0.77308E-01  0.68149E-02  0.20178E-01  0.68405E-01  0.68405E-01
 16      0.40000  0.87469E-01  0.11409E-01  0.18692E-01  0.56005E-01  0.56005E-01
 16      0.60000  0.49781E-01  0.34761E-02  0.22325E-01  0.45853E-01  0.45853E-01
 16      0.80000  0.13903E-01  0.72152E-02  0.22878E-01  0.37541E-01  0.37541E-01
 16      1.00000  0.30736E-12  0.91388E-02  0.20923E-01  0.30736E-01  0.30736E-01
 16      1.20000  0.25165E-12  0.78591E-02  0.19230E-01  0.25165E-01  0.25165E-01
 16      1.40000  0.20603E-12  0.58050E-02  0.17367E-01  0.20603E-01  0.20603E-01
 16      1.60000  0.12543E-02  0.39560E-02  0.15237E-01  0.16868E-01  0.16868E-01
 16      1.80000  0.32571E-02  0.25436E-02  0.13048E-01  0.13811E-01  0.13811E-01
 16      2.00000  0.45980E-02  0.15523E-02  0.10980E-01  0.11307E-01  0.11307E-01
 16      2.20000  0.52920E-02  0.90114E-03  0.91295E-02  0.92576E-02  0.92576E-02
 16      2.40000  0.54534E-02  0.50361E-03  0.75337E-02  0.75795E-02  0.75795E-02
 16      2.60000  0.52246E-02  0.28487E-03  0.61892E-02  0.62055E-02  0.62055E-02
 16      2.80000  0.47298E-02  0.17283E-03  0.50739E-02  0.50807E-02  0.50807E-02
 16      3.00000  0.40803E-02  0.97888E-04  0.41571E-02  0.41597E-02  0.41597E-02
