 Ite ALT.[km]   Ext[km-1]   Ext_err_retr[km-1]  Ext_err_smooth[km-1]   Ext_prior
 i[km-1]   Ext_err_priori[km-1]  version   2.300000    
  6      0.00000  0.68673E-01  0.15604E-01  0.21055E-01  0.11306E+00  0.11306E+00
  6      0.20000  0.66154E-01  0.98845E-02  0.24814E-01  0.92567E-01  0.92567E-01
  6      0.40000  0.80278E-01  0.15530E-01  0.20789E-01  0.75788E-01  0.75788E-01
  6      0.60000  0.82177E-01  0.45063E-02  0.30217E-01  0.62050E-01  0.62050E-01
  6      0.80000  0.68569E-01  0.11544E-01  0.28398E-01  0.50802E-01  0.50802E-01
  6      1.00000  0.51067E-01  0.13285E-01  0.25565E-01  0.41593E-01  0.41593E-01
  6      1.20000  0.36888E-01  0.10357E-01  0.25367E-01  0.34054E-01  0.34054E-01
  6      1.40000  0.27082E-01  0.68929E-02  0.23965E-01  0.27881E-01  0.27881E-01
  6      1.60000  0.20537E-01  0.44123E-02  0.21177E-01  0.22827E-01  0.22827E-01
  6      1.80000  0.16077E-01  0.29978E-02  0.17950E-01  0.18689E-01  0.18689E-01
  6      2.00000  0.12904E-01  0.22589E-02  0.14894E-01  0.15301E-01  0.15301E-01
  6      2.20000  0.10537E-01  0.18151E-02  0.12245E-01  0.12528E-01  0.12528E-01
  6      2.40000  0.86966E-02  0.14733E-02  0.10037E-01  0.10257E-01  0.10257E-01
  6      2.60000  0.72293E-02  0.11653E-02  0.82288E-02  0.83975E-02  0.83975E-02
  6      2.80000  0.60677E-02  0.84630E-03  0.67654E-02  0.68753E-02  0.68753E-02
  6      3.00000  0.51703E-02  0.49644E-03  0.55825E-02  0.56290E-02  0.56290E-02
