 Ite ALT.[km]   Ext[km-1]   Ext_err_retr[km-1]  Ext_err_smooth[km-1]   Ext_prior
 i[km-1]   Ext_err_priori[km-1]  version   2.300000    
 16      0.00000  0.10177E+00  0.24037E-01  0.41555E-01  0.18883E+00  0.18883E+00
 16      0.20000  0.55860E-01  0.10659E-01  0.43048E-01  0.15460E+00  0.15460E+00
 16      0.40000  0.68762E-01  0.23629E-01  0.33013E-01  0.12658E+00  0.12658E+00
 16      0.60000  0.10572E+00  0.11349E-01  0.48994E-01  0.10363E+00  0.10363E+00
 16      0.80000  0.12679E+00  0.10844E-01  0.51560E-01  0.84849E-01  0.84849E-01
 16      1.00000  0.12322E+00  0.15358E-01  0.43134E-01  0.69468E-01  0.69468E-01
 16      1.20000  0.10489E+00  0.14067E-01  0.38861E-01  0.56876E-01  0.56876E-01
 16      1.40000  0.82671E-01  0.10674E-01  0.36406E-01  0.46566E-01  0.46566E-01
 16      1.60000  0.62664E-01  0.73440E-02  0.32981E-01  0.38125E-01  0.38125E-01
 16      1.80000  0.46821E-01  0.47709E-02  0.28753E-01  0.31214E-01  0.31214E-01
 16      2.00000  0.34990E-01  0.29968E-02  0.24416E-01  0.25556E-01  0.25556E-01
 16      2.20000  0.26358E-01  0.18551E-02  0.20405E-01  0.20923E-01  0.20923E-01
 16      2.40000  0.20089E-01  0.11552E-02  0.16896E-01  0.17131E-01  0.17131E-01
 16      2.60000  0.15520E-01  0.73640E-03  0.13919E-01  0.14025E-01  0.14025E-01
 16      2.80000  0.12166E-01  0.46635E-03  0.11438E-01  0.11483E-01  0.11483E-01
 16      3.00000  0.96703E-02  0.25547E-03  0.93867E-02  0.94015E-02  0.94015E-02
