 Ite ALT.[km]   Ext[km-1]   Ext_err_retr[km-1]  Ext_err_smooth[km-1]   Ext_prior
 i[km-1]   Ext_err_priori[km-1]  version   2.300000    
 16      0.00000  0.10327E+00  0.18942E-01  0.21986E-01  0.14782E+00  0.14782E+00
 16      0.20000  0.14207E+00  0.15280E-01  0.32944E-01  0.12102E+00  0.12102E+00
 16      0.40000  0.11576E+00  0.19330E-01  0.29629E-01  0.99086E-01  0.99086E-01
 16      0.60000  0.50968E-01  0.63619E-02  0.41439E-01  0.81125E-01  0.81125E-01
 16      0.80000  0.17794E-01  0.15200E-01  0.39405E-01  0.66419E-01  0.66419E-01
 16      1.00000  0.17530E-01  0.16735E-01  0.35631E-01  0.54380E-01  0.54380E-01
 16      1.20000  0.26753E-01  0.13497E-01  0.33556E-01  0.44522E-01  0.44522E-01
 16      1.40000  0.34027E-01  0.95608E-02  0.30834E-01  0.36452E-01  0.36452E-01
 16      1.60000  0.37280E-01  0.64266E-02  0.27178E-01  0.29844E-01  0.29844E-01
 16      1.80000  0.37115E-01  0.44032E-02  0.23159E-01  0.24434E-01  0.24434E-01
 16      2.00000  0.34573E-01  0.32728E-02  0.19305E-01  0.20005E-01  0.20005E-01
 16      2.20000  0.30667E-01  0.26338E-02  0.15901E-01  0.16379E-01  0.16379E-01
 16      2.40000  0.26205E-01  0.21807E-02  0.13034E-01  0.13410E-01  0.13410E-01
 16      2.60000  0.21649E-01  0.17691E-02  0.10680E-01  0.10979E-01  0.10979E-01
 16      2.80000  0.16975E-01  0.13134E-02  0.87874E-02  0.89889E-02  0.89889E-02
 16      3.00000  0.12123E-01  0.78197E-03  0.72722E-02  0.73595E-02  0.73595E-02
