 Ite ALT.[km]   Ext[km-1]   Ext_err_retr[km-1]  Ext_err_smooth[km-1]   Ext_prior
 i[km-1]   Ext_err_priori[km-1]  version   2.300000    
  7      0.00000  0.58560E-01  0.16831E-01  0.22421E-01  0.12321E+00  0.12321E+00
  7      0.20000  0.80810E-01  0.11143E-01  0.27150E-01  0.10088E+00  0.10088E+00
  7      0.40000  0.97316E-01  0.17162E-01  0.23107E-01  0.82593E-01  0.82593E-01
  7      0.60000  0.82429E-01  0.48701E-02  0.33459E-01  0.67621E-01  0.67621E-01
  7      0.80000  0.58797E-01  0.12071E-01  0.31675E-01  0.55364E-01  0.55364E-01
  7      1.00000  0.42543E-01  0.14070E-01  0.28336E-01  0.45328E-01  0.45328E-01
  7      1.20000  0.33450E-01  0.11175E-01  0.27576E-01  0.37111E-01  0.37111E-01
  7      1.40000  0.27852E-01  0.76322E-02  0.25847E-01  0.30384E-01  0.30384E-01
  7      1.60000  0.23669E-01  0.49895E-02  0.22854E-01  0.24877E-01  0.24877E-01
  7      1.80000  0.20127E-01  0.33853E-02  0.19437E-01  0.20367E-01  0.20367E-01
  7      2.00000  0.16999E-01  0.24975E-02  0.16180E-01  0.16675E-01  0.16675E-01
  7      2.20000  0.14237E-01  0.19693E-02  0.13332E-01  0.13653E-01  0.13653E-01
  7      2.40000  0.11831E-01  0.15858E-02  0.10941E-01  0.11178E-01  0.11178E-01
  7      2.60000  0.97590E-02  0.12533E-02  0.89737E-02  0.91516E-02  0.91516E-02
  7      2.80000  0.79740E-02  0.91204E-03  0.73774E-02  0.74927E-02  0.74927E-02
  7      3.00000  0.64295E-02  0.53604E-03  0.60857E-02  0.61345E-02  0.61345E-02
