    ALT.[km]   NO2[mol/cm3]   NO2_err_retr[mol/cm3]   NO2_err_smooth[mol/cm3]   
 NO2_priori[mol/cm3]  NO2_err_priori[mol/cm3]   version    2.300000    
     0.00000  0.20381E+11  0.15335E+10  0.16025E+10  0.85003E+10  0.85003E+10
     0.20000  0.17272E+11  0.69970E+09  0.91346E+09  0.69595E+10  0.69595E+10
     0.40000  0.13731E+11  0.69038E+09  0.15565E+10  0.56979E+10  0.56979E+10
     0.60000  0.10468E+11  0.97209E+09  0.14453E+10  0.46651E+10  0.46651E+10
     0.80000  0.78589E+10  0.10136E+10  0.12875E+10  0.38194E+10  0.38194E+10
     1.00000  0.59189E+10  0.91610E+09  0.13739E+10  0.31271E+10  0.31271E+10
     1.20000  0.44953E+10  0.78262E+09  0.14716E+10  0.25602E+10  0.25602E+10
     1.40000  0.34310E+10  0.64127E+09  0.14588E+10  0.20961E+10  0.20961E+10
     1.60000  0.26223E+10  0.49914E+09  0.13562E+10  0.17162E+10  0.17162E+10
     1.80000  0.20068E+10  0.36872E+09  0.12074E+10  0.14051E+10  0.14051E+10
     2.00000  0.15417E+10  0.26070E+09  0.10446E+10  0.11504E+10  0.11504E+10
     2.20000  0.11919E+10  0.17813E+09  0.88656E+09  0.94186E+09  0.94186E+09
     2.40000  0.92815E+09  0.11818E+09  0.74308E+09  0.77113E+09  0.77113E+09
     2.60000  0.72779E+09  0.75901E+08  0.61776E+09  0.63135E+09  0.63135E+09
     2.80000  0.57413E+09  0.46666E+08  0.51080E+09  0.51690E+09  0.51690E+09
     3.00000  0.45541E+09  0.27003E+08  0.42075E+09  0.42320E+09  0.42320E+09
