 Ite ALT.[km]   Ext[km-1]   Ext_err_retr[km-1]  Ext_err_smooth[km-1]   Ext_prior
 i[km-1]   Ext_err_priori[km-1]  version   2.300000    
 16      0.00000  0.44212E-01  0.27149E-01  0.49482E-01  0.17543E+00  0.17543E+00
 16      0.20000  0.59677E-01  0.12879E-01  0.43020E-01  0.14363E+00  0.14363E+00
 16      0.40000  0.92784E-01  0.29466E-01  0.45940E-01  0.11759E+00  0.11759E+00
 16      0.60000  0.92691E-01  0.15043E-01  0.48592E-01  0.96277E-01  0.96277E-01
 16      0.80000  0.76472E-01  0.88531E-02  0.50078E-01  0.78825E-01  0.78825E-01
 16      1.00000  0.65490E-01  0.15769E-01  0.44435E-01  0.64536E-01  0.64536E-01
 16      1.20000  0.60242E-01  0.15306E-01  0.39564E-01  0.52838E-01  0.52838E-01
 16      1.40000  0.56276E-01  0.11916E-01  0.35544E-01  0.43260E-01  0.43260E-01
 16      1.60000  0.51870E-01  0.84357E-02  0.31294E-01  0.35418E-01  0.35418E-01
 16      1.80000  0.46751E-01  0.57899E-02  0.26861E-01  0.28998E-01  0.28998E-01
 16      2.00000  0.41079E-01  0.40549E-02  0.22602E-01  0.23742E-01  0.23742E-01
 16      2.20000  0.35223E-01  0.29942E-02  0.18776E-01  0.19438E-01  0.19438E-01
 16      2.40000  0.29560E-01  0.23224E-02  0.15485E-01  0.15914E-01  0.15914E-01
 16      2.60000  0.24253E-01  0.18265E-02  0.12733E-01  0.13030E-01  0.13030E-01
 16      2.80000  0.19049E-01  0.13471E-02  0.10480E-01  0.10668E-01  0.10668E-01
 16      3.00000  0.13741E-01  0.80469E-03  0.86546E-02  0.87340E-02  0.87340E-02
