 Ite ALT.[km]   Ext[km-1]   Ext_err_retr[km-1]  Ext_err_smooth[km-1]   Ext_prior
 i[km-1]   Ext_err_priori[km-1]  version   2.300000    
  7      0.00000  0.79812E-01  0.20602E-01  0.32461E-01  0.13647E+00  0.13647E+00
  7      0.20000  0.44365E-01  0.84557E-02  0.31955E-01  0.11173E+00  0.11173E+00
  7      0.40000  0.49134E-01  0.19999E-01  0.27057E-01  0.91477E-01  0.91477E-01
  7      0.60000  0.69498E-01  0.87333E-02  0.35309E-01  0.74895E-01  0.74895E-01
  7      0.80000  0.78345E-01  0.86854E-02  0.36699E-01  0.61319E-01  0.61319E-01
  7      1.00000  0.72422E-01  0.13691E-01  0.30925E-01  0.50204E-01  0.50204E-01
  7      1.20000  0.59762E-01  0.12505E-01  0.28284E-01  0.41103E-01  0.41103E-01
  7      1.40000  0.46735E-01  0.91452E-02  0.26820E-01  0.33652E-01  0.33652E-01
  7      1.60000  0.35865E-01  0.59399E-02  0.24397E-01  0.27552E-01  0.27552E-01
  7      1.80000  0.27506E-01  0.35858E-02  0.21236E-01  0.22558E-01  0.22558E-01
  7      2.00000  0.21257E-01  0.20749E-02  0.17954E-01  0.18469E-01  0.18469E-01
  7      2.20000  0.16603E-01  0.12028E-02  0.14928E-01  0.15121E-01  0.15121E-01
  7      2.40000  0.13108E-01  0.75323E-03  0.12305E-01  0.12380E-01  0.12380E-01
  7      2.60000  0.10449E-01  0.53370E-03  0.10100E-01  0.10136E-01  0.10136E-01
  7      2.80000  0.84036E-02  0.38726E-03  0.82792E-02  0.82986E-02  0.82986E-02
  7      3.00000  0.68151E-02  0.23342E-03  0.67861E-02  0.67943E-02  0.67943E-02
