    ALT.[km]   NO2[mol/cm3]   NO2_err_retr[mol/cm3]   NO2_err_smooth[mol/cm3]   
 NO2_priori[mol/cm3]  NO2_err_priori[mol/cm3]   version    2.300000    
     0.00000  0.16253E+11  0.18179E+10  0.15427E+10  0.28058E+11  0.28058E+11
     0.20000  0.19711E+11  0.14143E+10  0.20906E+10  0.22972E+11  0.22972E+11
     0.40000  0.19800E+11  0.24233E+10  0.18878E+10  0.18808E+11  0.18808E+11
     0.60000  0.16310E+11  0.17701E+10  0.30848E+10  0.15399E+11  0.15399E+11
     0.80000  0.11494E+11  0.10397E+10  0.41825E+10  0.12607E+11  0.12607E+11
     1.00000  0.75630E+10  0.17092E+10  0.40659E+10  0.10322E+11  0.10322E+11
     1.20000  0.53017E+10  0.21737E+10  0.35729E+10  0.84509E+10  0.84509E+10
     1.40000  0.43232E+10  0.21159E+10  0.34096E+10  0.69190E+10  0.69190E+10
     1.60000  0.39341E+10  0.17697E+10  0.34233E+10  0.56648E+10  0.56648E+10
     1.80000  0.36646E+10  0.13549E+10  0.33210E+10  0.46380E+10  0.46380E+10
     2.00000  0.33381E+10  0.98419E+09  0.30604E+10  0.37973E+10  0.37973E+10
     2.20000  0.29447E+10  0.69083E+09  0.27099E+10  0.31089E+10  0.31089E+10
     2.40000  0.25261E+10  0.47106E+09  0.23363E+10  0.25454E+10  0.25454E+10
     2.60000  0.21214E+10  0.31045E+09  0.19797E+10  0.20840E+10  0.20840E+10
     2.80000  0.17546E+10  0.19521E+09  0.16582E+10  0.17062E+10  0.17062E+10
     3.00000  0.14366E+10  0.11505E+09  0.13772E+10  0.13969E+10  0.13969E+10
