    ALT.[km]   NO2[mol/cm3]   NO2_err_retr[mol/cm3]   NO2_err_smooth[mol/cm3]   
 NO2_priori[mol/cm3]  NO2_err_priori[mol/cm3]   version    2.300000    
     0.00000  0.96773E+11  0.26448E+10  0.18894E+10  0.46215E+11  0.46215E+11
     0.20000  0.62743E+11  0.24264E+10  0.39524E+10  0.37837E+11  0.37837E+11
     0.40000  0.30506E+11  0.37389E+10  0.30900E+10  0.30979E+11  0.30979E+11
     0.60000  0.81255E+10  0.29133E+10  0.46042E+10  0.25363E+11  0.25363E+11
     0.80000 -0.22155E+10  0.19787E+10  0.66297E+10  0.20766E+11  0.20766E+11
     1.00000 -0.35345E+10  0.24613E+10  0.66183E+10  0.17001E+11  0.17001E+11
     1.20000 -0.60748E+09  0.29264E+10  0.57068E+10  0.13920E+11  0.13920E+11
     1.40000  0.28951E+10  0.28940E+10  0.51575E+10  0.11396E+11  0.11396E+11
     1.60000  0.52710E+10  0.25676E+10  0.50400E+10  0.93306E+10  0.93306E+10
     1.80000  0.62615E+10  0.21358E+10  0.49157E+10  0.76392E+10  0.76392E+10
     2.00000  0.62335E+10  0.16935E+10  0.46137E+10  0.62545E+10  0.62545E+10
     2.20000  0.56432E+10  0.12858E+10  0.41713E+10  0.51207E+10  0.51207E+10
     2.40000  0.48287E+10  0.93399E+09  0.36667E+10  0.41925E+10  0.41925E+10
     2.60000  0.39888E+10  0.64563E+09  0.31586E+10  0.34325E+10  0.34325E+10
     2.80000  0.32223E+10  0.42019E+09  0.26798E+10  0.28103E+10  0.28103E+10
     3.00000  0.25696E+10  0.25370E+09  0.22460E+10  0.23009E+10  0.23009E+10
