 Ite ALT.[km]   Ext[km-1]   Ext_err_retr[km-1]  Ext_err_smooth[km-1]   Ext_prior
 i[km-1]   Ext_err_priori[km-1]  version   2.300000    
  6      0.00000  0.96450E-01  0.20386E-01  0.32840E-01  0.15327E+00  0.15327E+00
  6      0.20000  0.58689E-01  0.96463E-02  0.35222E-01  0.12549E+00  0.12549E+00
  6      0.40000  0.66456E-01  0.20821E-01  0.27786E-01  0.10274E+00  0.10274E+00
  6      0.60000  0.88510E-01  0.88634E-02  0.40761E-01  0.84119E-01  0.84119E-01
  6      0.80000  0.94077E-01  0.85359E-02  0.42153E-01  0.68871E-01  0.68871E-01
  6      1.00000  0.83299E-01  0.13263E-01  0.35242E-01  0.56386E-01  0.56386E-01
  6      1.20000  0.67266E-01  0.12143E-01  0.31853E-01  0.46165E-01  0.46165E-01
  6      1.40000  0.52563E-01  0.90563E-02  0.29829E-01  0.37797E-01  0.37797E-01
  6      1.60000  0.40890E-01  0.61115E-02  0.26976E-01  0.30946E-01  0.30946E-01
  6      1.80000  0.31988E-01  0.39171E-02  0.23473E-01  0.25336E-01  0.25336E-01
  6      2.00000  0.25216E-01  0.24655E-02  0.19896E-01  0.20743E-01  0.20743E-01
  6      2.20000  0.20015E-01  0.15759E-02  0.16599E-01  0.16983E-01  0.16983E-01
  6      2.40000  0.15974E-01  0.10554E-02  0.13726E-01  0.13905E-01  0.13905E-01
  6      2.60000  0.12794E-01  0.74279E-03  0.11296E-01  0.11384E-01  0.11384E-01
  6      2.80000  0.10235E-01  0.51244E-03  0.92782E-02  0.93206E-02  0.93206E-02
  6      3.00000  0.81305E-02  0.29528E-03  0.76158E-02  0.76311E-02  0.76311E-02
