 Ite ALT.[km]   Ext[km-1]   Ext_err_retr[km-1]  Ext_err_smooth[km-1]   Ext_prior
 i[km-1]   Ext_err_priori[km-1]  version   2.300000    
  9      0.00000  0.76844E-01  0.21494E-01  0.33705E-01  0.14278E+00  0.14278E+00
  9      0.20000  0.52093E-01  0.91195E-02  0.33553E-01  0.11690E+00  0.11690E+00
  9      0.40000  0.63434E-01  0.21553E-01  0.28575E-01  0.95709E-01  0.95709E-01
  9      0.60000  0.81054E-01  0.96718E-02  0.37625E-01  0.78360E-01  0.78360E-01
  9      0.80000  0.84478E-01  0.80737E-02  0.39345E-01  0.64155E-01  0.64155E-01
  9      1.00000  0.75166E-01  0.13504E-01  0.33235E-01  0.52526E-01  0.52526E-01
  9      1.20000  0.61228E-01  0.12578E-01  0.29925E-01  0.43005E-01  0.43005E-01
  9      1.40000  0.47879E-01  0.93944E-02  0.27944E-01  0.35209E-01  0.35209E-01
  9      1.60000  0.36934E-01  0.63056E-02  0.25252E-01  0.28827E-01  0.28827E-01
  9      1.80000  0.28505E-01  0.40138E-02  0.21955E-01  0.23601E-01  0.23601E-01
  9      2.00000  0.22153E-01  0.25157E-02  0.18588E-01  0.19323E-01  0.19323E-01
  9      2.20000  0.17376E-01  0.16096E-02  0.15491E-01  0.15821E-01  0.15821E-01
  9      2.40000  0.13757E-01  0.10838E-02  0.12797E-01  0.12953E-01  0.12953E-01
  9      2.60000  0.10983E-01  0.76738E-03  0.10526E-01  0.10605E-01  0.10605E-01
  9      2.80000  0.88357E-02  0.53183E-03  0.86421E-02  0.86825E-02  0.86825E-02
  9      3.00000  0.71577E-02  0.30757E-03  0.70934E-02  0.71086E-02  0.71086E-02
