    ALT.[km]   NO2[mol/cm3]   NO2_err_retr[mol/cm3]   NO2_err_smooth[mol/cm3]   
 NO2_priori[mol/cm3]  NO2_err_priori[mol/cm3]   version    2.300000    
     0.00000  0.22532E+11  0.21209E+10  0.16341E+10  0.24303E+11  0.24303E+11
     0.20000  0.22980E+11  0.10265E+10  0.22729E+10  0.19898E+11  0.19898E+11
     0.40000  0.22828E+11  0.19320E+10  0.19097E+10  0.16291E+11  0.16291E+11
     0.60000  0.20947E+11  0.16460E+10  0.20470E+10  0.13338E+11  0.13338E+11
     0.80000  0.17522E+11  0.11305E+10  0.31954E+10  0.10920E+11  0.10920E+11
     1.00000  0.13503E+11  0.15316E+10  0.33332E+10  0.89406E+10  0.89406E+10
     1.20000  0.98199E+10  0.19286E+10  0.28837E+10  0.73199E+10  0.73199E+10
     1.40000  0.69595E+10  0.19231E+10  0.26387E+10  0.59931E+10  0.59931E+10
     1.60000  0.49698E+10  0.16512E+10  0.26787E+10  0.49067E+10  0.49067E+10
     1.80000  0.36674E+10  0.12919E+10  0.26865E+10  0.40173E+10  0.40173E+10
     2.00000  0.28242E+10  0.95216E+09  0.25453E+10  0.32891E+10  0.32891E+10
     2.20000  0.22593E+10  0.67297E+09  0.22948E+10  0.26929E+10  0.26929E+10
     2.40000  0.18570E+10  0.45920E+09  0.19997E+10  0.22047E+10  0.22047E+10
     2.60000  0.15518E+10  0.30173E+09  0.17045E+10  0.18051E+10  0.18051E+10
     2.80000  0.13080E+10  0.18891E+09  0.14322E+10  0.14779E+10  0.14779E+10
     3.00000  0.11055E+10  0.11086E+09  0.11915E+10  0.12100E+10  0.12100E+10
