    ALT.[km]   NO2[mol/cm3]   NO2_err_retr[mol/cm3]   NO2_err_smooth[mol/cm3]   
 NO2_priori[mol/cm3]  NO2_err_priori[mol/cm3]   version    2.300000    
     0.00000  0.11239E+12  0.26312E+10  0.22890E+10  0.49246E+11  0.49246E+11
     0.20000  0.54248E+11  0.19561E+10  0.39266E+10  0.40319E+11  0.40319E+11
     0.40000  0.11667E+11  0.30276E+10  0.27516E+10  0.33011E+11  0.33011E+11
     0.60000 -0.69482E+10  0.24684E+10  0.42502E+10  0.27027E+11  0.27027E+11
     0.80000 -0.66620E+10  0.23734E+10  0.64147E+10  0.22128E+11  0.22128E+11
     1.00000  0.16535E+10  0.27702E+10  0.64518E+10  0.18117E+11  0.18117E+11
     1.20000  0.94641E+10  0.27813E+10  0.56355E+10  0.14833E+11  0.14833E+11
     1.40000  0.13431E+11  0.25768E+10  0.52052E+10  0.12144E+11  0.12144E+11
     1.60000  0.13893E+11  0.23755E+10  0.51450E+10  0.99426E+10  0.99426E+10
     1.80000  0.12394E+11  0.21369E+10  0.50385E+10  0.81403E+10  0.81403E+10
     2.00000  0.10237E+11  0.18147E+10  0.47507E+10  0.66647E+10  0.66647E+10
     2.20000  0.81295E+10  0.14442E+10  0.43228E+10  0.54566E+10  0.54566E+10
     2.40000  0.63358E+10  0.10807E+10  0.38268E+10  0.44675E+10  0.44675E+10
     2.60000  0.48966E+10  0.76113E+09  0.33182E+10  0.36577E+10  0.36577E+10
     2.80000  0.37723E+10  0.50144E+09  0.28307E+10  0.29946E+10  0.29946E+10
     3.00000  0.29081E+10  0.30531E+09  0.23822E+10  0.24518E+10  0.24518E+10
