 Ite ALT.[km]   Ext[km-1]   Ext_err_retr[km-1]  Ext_err_smooth[km-1]   Ext_prior
 i[km-1]   Ext_err_priori[km-1]  version   2.300000    
  7      0.00000  0.94744E-01  0.23266E-01  0.37764E-01  0.16703E+00  0.16703E+00
  7      0.20000  0.58632E-01  0.98694E-02  0.38714E-01  0.13675E+00  0.13675E+00
  7      0.40000  0.69841E-01  0.23191E-01  0.31014E-01  0.11196E+00  0.11196E+00
  7      0.60000  0.96131E-01  0.10952E-01  0.43918E-01  0.91668E-01  0.91668E-01
  7      0.80000  0.10667E+00  0.87301E-02  0.46397E-01  0.75051E-01  0.75051E-01
  7      1.00000  0.98415E-01  0.14113E-01  0.38838E-01  0.61447E-01  0.61447E-01
  7      1.20000  0.81328E-01  0.13247E-01  0.34616E-01  0.50308E-01  0.50308E-01
  7      1.40000  0.63530E-01  0.10065E-01  0.32213E-01  0.41189E-01  0.41189E-01
  7      1.60000  0.48461E-01  0.69021E-02  0.29135E-01  0.33723E-01  0.33723E-01
  7      1.80000  0.36752E-01  0.44757E-02  0.25405E-01  0.27610E-01  0.27610E-01
  7      2.00000  0.27988E-01  0.28223E-02  0.21581E-01  0.22605E-01  0.22605E-01
  7      2.20000  0.21520E-01  0.17749E-02  0.18038E-01  0.18507E-01  0.18507E-01
  7      2.40000  0.16739E-01  0.11409E-02  0.14937E-01  0.15153E-01  0.15153E-01
  7      2.60000  0.13171E-01  0.75854E-03  0.12305E-01  0.12406E-01  0.12406E-01
  7      2.80000  0.10479E-01  0.49812E-03  0.10111E-01  0.10157E-01  0.10157E-01
  7      3.00000  0.84271E-02  0.27863E-03  0.83004E-02  0.83159E-02  0.83159E-02
