 Ite ALT.[km]   Ext[km-1]   Ext_err_retr[km-1]  Ext_err_smooth[km-1]   Ext_prior
 i[km-1]   Ext_err_priori[km-1]  version   2.300000    
 12      0.00000  0.19950E+00  0.29634E-01  0.48647E-01  0.17391E+00  0.17391E+00
 12      0.20000  0.61331E-01  0.59466E-02  0.42397E-01  0.14239E+00  0.14239E+00
 12      0.40000  0.22923E-09  0.24113E-01  0.39520E-01  0.11658E+00  0.11658E+00
 12      0.60000  0.35905E-01  0.16292E-01  0.43435E-01  0.95446E-01  0.95446E-01
 12      0.80000  0.90624E-01  0.62203E-02  0.48441E-01  0.78144E-01  0.78144E-01
 12      1.00000  0.11488E+00  0.12012E-01  0.41724E-01  0.63979E-01  0.63979E-01
 12      1.20000  0.10933E+00  0.13403E-01  0.35261E-01  0.52382E-01  0.52382E-01
 12      1.40000  0.90041E-01  0.11235E-01  0.31873E-01  0.42887E-01  0.42887E-01
 12      1.60000  0.69068E-01  0.82006E-02  0.28997E-01  0.35113E-01  0.35113E-01
 12      1.80000  0.51456E-01  0.55581E-02  0.25623E-01  0.28748E-01  0.28748E-01
 12      2.00000  0.38095E-01  0.36166E-02  0.22010E-01  0.23537E-01  0.23537E-01
 12      2.20000  0.28352E-01  0.23044E-02  0.18543E-01  0.19270E-01  0.19270E-01
 12      2.40000  0.21321E-01  0.14585E-02  0.15435E-01  0.15777E-01  0.15777E-01
 12      2.60000  0.16223E-01  0.92421E-03  0.12758E-01  0.12917E-01  0.12917E-01
 12      2.80000  0.12452E-01  0.56974E-03  0.10507E-01  0.10576E-01  0.10576E-01
 12      3.00000  0.95808E-02  0.30309E-03  0.86364E-02  0.86586E-02  0.86586E-02
