 Ite ALT.[km]   Ext[km-1]   Ext_err_retr[km-1]  Ext_err_smooth[km-1]   Ext_prior
 i[km-1]   Ext_err_priori[km-1]  version   2.300000    
 16      0.00000  0.41671E-01  0.10915E-01  0.17200E-01  0.78215E-01  0.78215E-01
 16      0.20000  0.78128E-01  0.62508E-02  0.19050E-01  0.64037E-01  0.64037E-01
 16      0.40000  0.84302E-01  0.10479E-01  0.17715E-01  0.52429E-01  0.52429E-01
 16      0.60000  0.51137E-01  0.36615E-02  0.20753E-01  0.42925E-01  0.42925E-01
 16      0.80000  0.19045E-01  0.70154E-02  0.21440E-01  0.35144E-01  0.35144E-01
 16      1.00000  0.44513E-02  0.86921E-02  0.19688E-01  0.28774E-01  0.28774E-01
 16      1.20000  0.11082E-02  0.74555E-02  0.18067E-01  0.23558E-01  0.23558E-01
 16      1.40000  0.17574E-02  0.55326E-02  0.16267E-01  0.19288E-01  0.19288E-01
 16      1.60000  0.31987E-02  0.38299E-02  0.14229E-01  0.15791E-01  0.15791E-01
 16      1.80000  0.44146E-02  0.25455E-02  0.12158E-01  0.12929E-01  0.12929E-01
 16      2.00000  0.51452E-02  0.16507E-02  0.10219E-01  0.10585E-01  0.10585E-01
 16      2.20000  0.53937E-02  0.10619E-02  0.84950E-02  0.86665E-02  0.86665E-02
 16      2.40000  0.52631E-02  0.69155E-03  0.70135E-02  0.70955E-02  0.70955E-02
 16      2.60000  0.48771E-02  0.46230E-03  0.57675E-02  0.58093E-02  0.58093E-02
 16      2.80000  0.43417E-02  0.30466E-03  0.47349E-02  0.47563E-02  0.47563E-02
 16      3.00000  0.37418E-02  0.17115E-03  0.38859E-02  0.38941E-02  0.38941E-02
