    ALT.[km]   NO2[mol/cm3]   NO2_err_retr[mol/cm3]   NO2_err_smooth[mol/cm3]   
 NO2_priori[mol/cm3]  NO2_err_priori[mol/cm3]   version    2.300000    
     0.00000  0.24087E+11  0.28383E+10  0.31597E+10  0.28488E+11  0.28488E+11
     0.20000  0.22159E+11  0.13279E+10  0.26483E+10  0.23324E+11  0.23324E+11
     0.40000  0.19916E+11  0.28329E+10  0.33863E+10  0.19096E+11  0.19096E+11
     0.60000  0.16690E+11  0.26097E+10  0.32530E+10  0.15635E+11  0.15635E+11
     0.80000  0.12896E+11  0.14497E+10  0.40067E+10  0.12801E+11  0.12801E+11
     1.00000  0.93593E+10  0.13432E+10  0.43293E+10  0.10480E+11  0.10480E+11
     1.20000  0.66367E+10  0.20016E+10  0.40447E+10  0.85805E+10  0.85805E+10
     1.40000  0.48192E+10  0.22074E+10  0.36833E+10  0.70251E+10  0.70251E+10
     1.60000  0.37001E+10  0.20006E+10  0.34616E+10  0.57517E+10  0.57517E+10
     1.80000  0.30115E+10  0.16123E+10  0.32670E+10  0.47091E+10  0.47091E+10
     2.00000  0.25513E+10  0.12076E+10  0.30049E+10  0.38555E+10  0.38555E+10
     2.20000  0.22046E+10  0.86144E+09  0.26787E+10  0.31566E+10  0.31566E+10
     2.40000  0.19177E+10  0.59139E+09  0.23279E+10  0.25844E+10  0.25844E+10
     2.60000  0.16686E+10  0.39031E+09  0.19861E+10  0.21159E+10  0.21159E+10
     2.80000  0.14477E+10  0.24513E+09  0.16720E+10  0.17324E+10  0.17324E+10
     3.00000  0.12493E+10  0.14415E+09  0.13934E+10  0.14183E+10  0.14183E+10
