    ALT.[km]   NO2[mol/cm3]   NO2_err_retr[mol/cm3]   NO2_err_smooth[mol/cm3]   
 NO2_priori[mol/cm3]  NO2_err_priori[mol/cm3]   version    2.300000    
     0.00000  0.51161E+11  0.23195E+10  0.19483E+10  0.48124E+11  0.48124E+11
     0.20000  0.58865E+11  0.19834E+10  0.33420E+10  0.39400E+11  0.39400E+11
     0.40000  0.47693E+11  0.30291E+10  0.22879E+10  0.32258E+11  0.32258E+11
     0.60000  0.24205E+11  0.24753E+10  0.47005E+10  0.26411E+11  0.26411E+11
     0.80000  0.14947E+10  0.23343E+10  0.66121E+10  0.21623E+11  0.21623E+11
     1.00000 -0.11582E+11  0.26600E+10  0.64314E+10  0.17704E+11  0.17704E+11
     1.20000 -0.14300E+11  0.26913E+10  0.56612E+10  0.14495E+11  0.14495E+11
     1.40000 -0.10862E+11  0.25312E+10  0.53691E+10  0.11867E+11  0.11867E+11
     1.60000 -0.57544E+10  0.23222E+10  0.53415E+10  0.97160E+10  0.97160E+10
     1.80000 -0.15135E+10  0.20480E+10  0.51825E+10  0.79548E+10  0.79548E+10
     2.00000  0.11624E+10  0.17068E+10  0.48223E+10  0.65128E+10  0.65128E+10
     2.20000  0.25011E+10  0.13426E+10  0.43349E+10  0.53322E+10  0.53322E+10
     2.40000  0.29601E+10  0.10001E+10  0.38007E+10  0.43657E+10  0.43657E+10
     2.60000  0.29263E+10  0.70450E+09  0.32730E+10  0.35743E+10  0.35743E+10
     2.80000  0.26554E+10  0.46543E+09  0.27797E+10  0.29264E+10  0.29264E+10
     3.00000  0.22973E+10  0.28445E+09  0.23331E+10  0.23959E+10  0.23959E+10
