    ALT.[km]   NO2[mol/cm3]   NO2_err_retr[mol/cm3]   NO2_err_smooth[mol/cm3]   
 NO2_priori[mol/cm3]  NO2_err_priori[mol/cm3]   version    2.300000    
     0.00000  0.50746E+11  0.17600E+10  0.14950E+10  0.26223E+11  0.26223E+11
     0.20000  0.38946E+11  0.16383E+10  0.24512E+10  0.21469E+11  0.21469E+11
     0.40000  0.26797E+11  0.26100E+10  0.26957E+10  0.17577E+11  0.17577E+11
     0.60000  0.17002E+11  0.18896E+10  0.32432E+10  0.14391E+11  0.14391E+11
     0.80000  0.10725E+11  0.10301E+10  0.40071E+10  0.11783E+11  0.11783E+11
     1.00000  0.74944E+10  0.16883E+10  0.40198E+10  0.96467E+10  0.96467E+10
     1.20000  0.60920E+10  0.21941E+10  0.37084E+10  0.78981E+10  0.78981E+10
     1.40000  0.54373E+10  0.21630E+10  0.35206E+10  0.64664E+10  0.64664E+10
     1.60000  0.49316E+10  0.18244E+10  0.34062E+10  0.52942E+10  0.52942E+10
     1.80000  0.43757E+10  0.14024E+10  0.32125E+10  0.43346E+10  0.43346E+10
     2.00000  0.37688E+10  0.10174E+10  0.29161E+10  0.35488E+10  0.35488E+10
     2.20000  0.31642E+10  0.70937E+09  0.25629E+10  0.29055E+10  0.29055E+10
     2.40000  0.26070E+10  0.47842E+09  0.22008E+10  0.23789E+10  0.23789E+10
     2.60000  0.21209E+10  0.31116E+09  0.18601E+10  0.19476E+10  0.19476E+10
     2.80000  0.17123E+10  0.19306E+09  0.15549E+10  0.15946E+10  0.15946E+10
     3.00000  0.13778E+10  0.11241E+09  0.12896E+10  0.13055E+10  0.13055E+10
