    ALT.[km]   NO2[mol/cm3]   NO2_err_retr[mol/cm3]   NO2_err_smooth[mol/cm3]   
 NO2_priori[mol/cm3]  NO2_err_priori[mol/cm3]   version    2.300000    
     0.00000  0.12650E+11  0.19121E+10  0.17426E+10  0.22593E+11  0.22593E+11
     0.20000  0.18324E+11  0.89348E+09  0.18526E+10  0.18498E+11  0.18498E+11
     0.40000  0.20313E+11  0.18023E+10  0.16019E+10  0.15145E+11  0.15145E+11
     0.60000  0.17200E+11  0.15684E+10  0.18864E+10  0.12399E+11  0.12399E+11
     0.80000  0.10963E+11  0.11117E+10  0.29529E+10  0.10152E+11  0.10152E+11
     1.00000  0.47044E+10  0.14057E+10  0.30865E+10  0.83116E+10  0.83116E+10
     1.20000  0.44484E+09  0.17207E+10  0.27055E+10  0.68050E+10  0.68050E+10
     1.40000 -0.14765E+10  0.17086E+10  0.24897E+10  0.55714E+10  0.55714E+10
     1.60000 -0.17516E+10  0.14796E+10  0.24982E+10  0.45615E+10  0.45615E+10
     1.80000 -0.12527E+10  0.11778E+10  0.24773E+10  0.37347E+10  0.37347E+10
     2.00000 -0.58233E+09  0.88712E+09  0.23349E+10  0.30577E+10  0.30577E+10
     2.20000 -0.19404E+08  0.64141E+09  0.21039E+10  0.25034E+10  0.25034E+10
     2.40000  0.36600E+09  0.44716E+09  0.18369E+10  0.20496E+10  0.20496E+10
     2.60000  0.59441E+09  0.29946E+09  0.15705E+10  0.16781E+10  0.16781E+10
     2.80000  0.70705E+09  0.19050E+09  0.13237E+10  0.13739E+10  0.13739E+10
     3.00000  0.73880E+09  0.11325E+09  0.11041E+10  0.11249E+10  0.11249E+10
