    ALT.[km]   NO2[mol/cm3]   NO2_err_retr[mol/cm3]   NO2_err_smooth[mol/cm3]   
 NO2_priori[mol/cm3]  NO2_err_priori[mol/cm3]   version    2.300000    
     0.00000  0.16467E+11  0.24591E+10  0.26609E+10  0.32317E+11  0.32317E+11
     0.20000  0.12781E+11  0.10438E+10  0.27591E+10  0.26459E+11  0.26459E+11
     0.40000  0.10786E+11  0.23136E+10  0.24590E+10  0.21663E+11  0.21663E+11
     0.60000  0.95497E+10  0.20377E+10  0.24838E+10  0.17736E+11  0.17736E+11
     0.80000  0.86532E+10  0.12881E+10  0.41252E+10  0.14521E+11  0.14521E+11
     1.00000  0.79677E+10  0.15682E+10  0.44581E+10  0.11889E+11  0.11889E+11
     1.20000  0.73993E+10  0.20387E+10  0.38671E+10  0.97336E+10  0.97336E+10
     1.40000  0.68289E+10  0.21064E+10  0.33925E+10  0.79692E+10  0.79692E+10
     1.60000  0.61753E+10  0.18820E+10  0.33326E+10  0.65246E+10  0.65246E+10
     1.80000  0.54345E+10  0.15411E+10  0.33375E+10  0.53419E+10  0.53419E+10
     2.00000  0.46571E+10  0.11916E+10  0.31973E+10  0.43736E+10  0.43736E+10
     2.20000  0.39044E+10  0.88166E+09  0.29214E+10  0.35808E+10  0.35808E+10
     2.40000  0.32201E+10  0.62643E+09  0.25773E+10  0.29317E+10  0.29317E+10
     2.60000  0.26248E+10  0.42570E+09  0.22201E+10  0.24003E+10  0.24003E+10
     2.80000  0.21228E+10  0.27373E+09  0.18809E+10  0.19652E+10  0.19652E+10
     3.00000  0.17090E+10  0.16396E+09  0.15740E+10  0.16090E+10  0.16090E+10
