 Ite ALT.[km]   Ext[km-1]   Ext_err_retr[km-1]  Ext_err_smooth[km-1]   Ext_prior
 i[km-1]   Ext_err_priori[km-1]  version   2.300000    
 10      0.00000  0.26204E+00  0.33705E-01  0.51257E-01  0.18409E+00  0.18409E+00
 10      0.20000  0.51425E-01  0.60915E-02  0.45339E-01  0.15072E+00  0.15072E+00
 10      0.40000  0.10546E-03  0.25714E-01  0.42374E-01  0.12340E+00  0.12340E+00
 10      0.60000  0.19117E-01  0.18277E-01  0.46581E-01  0.10103E+00  0.10103E+00
 10      0.80000  0.79263E-01  0.67649E-02  0.51447E-01  0.82718E-01  0.82718E-01
 10      1.00000  0.11697E+00  0.11903E-01  0.44259E-01  0.67724E-01  0.67724E-01
 10      1.20000  0.11193E+00  0.13641E-01  0.37265E-01  0.55448E-01  0.55448E-01
 10      1.40000  0.90744E-01  0.11618E-01  0.33582E-01  0.45397E-01  0.45397E-01
 10      1.60000  0.69375E-01  0.85635E-02  0.30557E-01  0.37168E-01  0.37168E-01
 10      1.80000  0.51742E-01  0.58420E-02  0.27033E-01  0.30430E-01  0.30430E-01
 10      2.00000  0.38399E-01  0.38204E-02  0.23246E-01  0.24914E-01  0.24914E-01
 10      2.20000  0.28678E-01  0.24458E-02  0.19599E-01  0.20398E-01  0.20398E-01
 10      2.40000  0.21667E-01  0.15571E-02  0.16322E-01  0.16701E-01  0.16701E-01
 10      2.60000  0.16582E-01  0.99461E-03  0.13496E-01  0.13673E-01  0.13673E-01
 10      2.80000  0.12822E-01  0.61873E-03  0.11117E-01  0.11195E-01  0.11195E-01
 10      3.00000  0.99602E-02  0.33159E-03  0.91402E-02  0.91654E-02  0.91654E-02
