    ALT.[km]   NO2[mol/cm3]   NO2_err_retr[mol/cm3]   NO2_err_smooth[mol/cm3]   
 NO2_priori[mol/cm3]  NO2_err_priori[mol/cm3]   version    2.300000    
     0.00000  0.23395E+11  0.17857E+10  0.18870E+10  0.10445E+11  0.10445E+11
     0.20000  0.21168E+11  0.84950E+09  0.12418E+10  0.85516E+10  0.85516E+10
     0.40000  0.17721E+11  0.72868E+09  0.21021E+10  0.70015E+10  0.70015E+10
     0.60000  0.13722E+11  0.10166E+10  0.19575E+10  0.57323E+10  0.57323E+10
     0.80000  0.99473E+10  0.10687E+10  0.16698E+10  0.46932E+10  0.46932E+10
     1.00000  0.69030E+10  0.96875E+09  0.16918E+10  0.38425E+10  0.38425E+10
     1.20000  0.47194E+10  0.83139E+09  0.17905E+10  0.31460E+10  0.31460E+10
     1.40000  0.32713E+10  0.69076E+09  0.17753E+10  0.25757E+10  0.25757E+10
     1.60000  0.23460E+10  0.55096E+09  0.16510E+10  0.21088E+10  0.21088E+10
     1.80000  0.17528E+10  0.42017E+09  0.14695E+10  0.17265E+10  0.17265E+10
     2.00000  0.13586E+10  0.30772E+09  0.12716E+10  0.14136E+10  0.14136E+10
     2.20000  0.10826E+10  0.21772E+09  0.10804E+10  0.11573E+10  0.11573E+10
     2.40000  0.87897E+09  0.14911E+09  0.90706E+09  0.94755E+09  0.94755E+09
     2.60000  0.72227E+09  0.98383E+08  0.75551E+09  0.77578E+09  0.77578E+09
     2.80000  0.59777E+09  0.61816E+08  0.62579E+09  0.63516E+09  0.63516E+09
     3.00000  0.49642E+09  0.36373E+08  0.51618E+09  0.52002E+09  0.52002E+09
