 Ite ALT.[km]   Ext[km-1]   Ext_err_retr[km-1]  Ext_err_smooth[km-1]   Ext_prior
 i[km-1]   Ext_err_priori[km-1]  version   2.300000    
  4      0.00000  0.11988E+00  0.19686E-01  0.23412E-01  0.13178E+00  0.13178E+00
  4      0.20000  0.11809E+00  0.12753E-01  0.30003E-01  0.10790E+00  0.10790E+00
  4      0.40000  0.10408E+00  0.19412E-01  0.26855E-01  0.88338E-01  0.88338E-01
  4      0.60000  0.74553E-01  0.61752E-02  0.37078E-01  0.72325E-01  0.72325E-01
  4      0.80000  0.48800E-01  0.12492E-01  0.35107E-01  0.59215E-01  0.59215E-01
  4      1.00000  0.34789E-01  0.14869E-01  0.31162E-01  0.48481E-01  0.48481E-01
  4      1.20000  0.28847E-01  0.11997E-01  0.29765E-01  0.39693E-01  0.39693E-01
  4      1.40000  0.26134E-01  0.81345E-02  0.27754E-01  0.32498E-01  0.32498E-01
  4      1.60000  0.24082E-01  0.50038E-02  0.24598E-01  0.26607E-01  0.26607E-01
  4      1.80000  0.21834E-01  0.29160E-02  0.21004E-01  0.21784E-01  0.21784E-01
  4      2.00000  0.19313E-01  0.17098E-02  0.17543E-01  0.17835E-01  0.17835E-01
  4      2.20000  0.16685E-01  0.11145E-02  0.14481E-01  0.14602E-01  0.14602E-01
  4      2.40000  0.14134E-01  0.84713E-03  0.11887E-01  0.11955E-01  0.11955E-01
  4      2.60000  0.11764E-01  0.68919E-03  0.97379E-02  0.97881E-02  0.97881E-02
  4      2.80000  0.95652E-02  0.52469E-03  0.79786E-02  0.80138E-02  0.80138E-02
  4      3.00000  0.75106E-02  0.31855E-03  0.65452E-02  0.65612E-02  0.65612E-02
