 Ite ALT.[km]   Ext[km-1]   Ext_err_retr[km-1]  Ext_err_smooth[km-1]   Ext_prior
 i[km-1]   Ext_err_priori[km-1]  version   2.300000    
  6      0.00000  0.19433E+00  0.25766E-01  0.32421E-01  0.17666E+00  0.17666E+00
  6      0.20000  0.71425E-01  0.12363E-01  0.39902E-01  0.14463E+00  0.14463E+00
  6      0.40000  0.38512E-01  0.23852E-01  0.31310E-01  0.11842E+00  0.11842E+00
  6      0.60000  0.80481E-01  0.95759E-02  0.48079E-01  0.96951E-01  0.96951E-01
  6      0.80000  0.11005E+00  0.13062E-01  0.46472E-01  0.79376E-01  0.79376E-01
  6      1.00000  0.10522E+00  0.17213E-01  0.38968E-01  0.64988E-01  0.64988E-01
  6      1.20000  0.85245E-01  0.14738E-01  0.37019E-01  0.53208E-01  0.53208E-01
  6      1.40000  0.65361E-01  0.10376E-01  0.35457E-01  0.43563E-01  0.43563E-01
  6      1.60000  0.49975E-01  0.65630E-02  0.32087E-01  0.35666E-01  0.35666E-01
  6      1.80000  0.38743E-01  0.39339E-02  0.27733E-01  0.29201E-01  0.29201E-01
  6      2.00000  0.30461E-01  0.23827E-02  0.23320E-01  0.23908E-01  0.23908E-01
  6      2.20000  0.24192E-01  0.15872E-02  0.19323E-01  0.19574E-01  0.19574E-01
  6      2.40000  0.19334E-01  0.11995E-02  0.15897E-01  0.16026E-01  0.16026E-01
  6      2.60000  0.15489E-01  0.95874E-03  0.13040E-01  0.13121E-01  0.13121E-01
  6      2.80000  0.12345E-01  0.71970E-03  0.10692E-01  0.10742E-01  0.10742E-01
  6      3.00000  0.96957E-02  0.43353E-03  0.87733E-02  0.87952E-02  0.87952E-02
