    ALT.[km]   NO2[mol/cm3]   NO2_err_retr[mol/cm3]   NO2_err_smooth[mol/cm3]   
 NO2_priori[mol/cm3]  NO2_err_priori[mol/cm3]   version    2.300000    
     0.00000  0.11208E+11  0.22159E+10  0.23353E+10  0.30953E+11  0.30953E+11
     0.20000  0.14123E+11  0.11199E+10  0.25250E+10  0.25342E+11  0.25342E+11
     0.40000  0.15999E+11  0.23342E+10  0.21760E+10  0.20748E+11  0.20748E+11
     0.60000  0.14945E+11  0.19719E+10  0.26107E+10  0.16987E+11  0.16987E+11
     0.80000  0.11657E+11  0.11978E+10  0.41448E+10  0.13908E+11  0.13908E+11
     1.00000  0.79392E+10  0.15311E+10  0.43547E+10  0.11387E+11  0.11387E+11
     1.20000  0.51193E+10  0.20015E+10  0.37758E+10  0.93229E+10  0.93229E+10
     1.40000  0.35180E+10  0.20517E+10  0.33720E+10  0.76329E+10  0.76329E+10
     1.60000  0.28097E+10  0.18141E+10  0.33234E+10  0.62493E+10  0.62493E+10
     1.80000  0.25403E+10  0.14703E+10  0.32936E+10  0.51165E+10  0.51165E+10
     2.00000  0.23992E+10  0.11276E+10  0.31208E+10  0.41890E+10  0.41890E+10
     2.20000  0.22486E+10  0.83028E+09  0.28290E+10  0.34297E+10  0.34297E+10
     2.40000  0.20578E+10  0.58899E+09  0.24833E+10  0.28080E+10  0.28080E+10
     2.60000  0.18390E+10  0.40055E+09  0.21328E+10  0.22990E+10  0.22990E+10
     2.80000  0.16118E+10  0.25805E+09  0.18040E+10  0.18823E+10  0.18823E+10
     3.00000  0.13907E+10  0.15491E+09  0.15084E+10  0.15411E+10  0.15411E+10
