 Ite ALT.[km]   Ext[km-1]   Ext_err_retr[km-1]  Ext_err_smooth[km-1]   Ext_prior
 i[km-1]   Ext_err_priori[km-1]  version   2.300000    
  7      0.00000  0.89150E-01  0.28944E-01  0.52750E-01  0.16891E+00  0.16891E+00
  7      0.20000  0.58345E-01  0.90724E-02  0.41009E-01  0.13829E+00  0.13829E+00
  7      0.40000  0.69904E-01  0.26798E-01  0.44375E-01  0.11322E+00  0.11322E+00
  7      0.60000  0.90378E-01  0.16456E-01  0.44494E-01  0.92700E-01  0.92700E-01
  7      0.80000  0.96452E-01  0.88716E-02  0.47162E-01  0.75896E-01  0.75896E-01
  7      1.00000  0.88970E-01  0.15041E-01  0.42175E-01  0.62139E-01  0.62139E-01
  7      1.20000  0.76127E-01  0.15035E-01  0.37437E-01  0.50875E-01  0.50875E-01
  7      1.40000  0.62911E-01  0.11935E-01  0.33709E-01  0.41653E-01  0.41653E-01
  7      1.60000  0.51026E-01  0.86886E-02  0.29722E-01  0.34102E-01  0.34102E-01
  7      1.80000  0.40937E-01  0.61908E-02  0.25525E-01  0.27921E-01  0.27921E-01
  7      2.00000  0.32676E-01  0.44431E-02  0.21516E-01  0.22860E-01  0.22860E-01
  7      2.20000  0.26040E-01  0.32491E-02  0.17927E-01  0.18716E-01  0.18716E-01
  7      2.40000  0.20746E-01  0.24203E-02  0.14836E-01  0.15323E-01  0.15323E-01
  7      2.60000  0.16500E-01  0.18079E-02  0.12237E-01  0.12546E-01  0.12546E-01
  7      2.80000  0.12979E-01  0.12750E-02  0.10093E-01  0.10271E-01  0.10271E-01
  7      3.00000  0.99421E-02  0.73947E-03  0.83383E-02  0.84095E-02  0.84095E-02
