 Ite ALT.[km]   Ext[km-1]   Ext_err_retr[km-1]  Ext_err_smooth[km-1]   Ext_prior
 i[km-1]   Ext_err_priori[km-1]  version   2.300000    
  6      0.00000  0.10629E+00  0.28890E-01  0.40325E-01  0.20935E+00  0.20935E+00
  6      0.20000  0.11230E+00  0.17425E-01  0.47428E-01  0.17140E+00  0.17140E+00
  6      0.40000  0.14692E+00  0.31683E-01  0.38976E-01  0.14033E+00  0.14033E+00
  6      0.60000  0.15138E+00  0.13309E-01  0.58843E-01  0.11489E+00  0.11489E+00
  6      0.80000  0.12680E+00  0.12821E-01  0.59101E-01  0.94068E-01  0.94068E-01
  6      1.00000  0.97711E-01  0.18141E-01  0.50329E-01  0.77016E-01  0.77016E-01
  6      1.20000  0.74975E-01  0.16246E-01  0.45434E-01  0.63056E-01  0.63056E-01
  6      1.40000  0.58613E-01  0.12266E-01  0.41544E-01  0.51626E-01  0.51626E-01
  6      1.60000  0.46668E-01  0.85890E-02  0.36901E-01  0.42267E-01  0.42267E-01
  6      1.80000  0.37672E-01  0.57920E-02  0.31853E-01  0.34606E-01  0.34606E-01
  6      2.00000  0.30683E-01  0.38376E-02  0.26949E-01  0.28333E-01  0.28333E-01
  6      2.20000  0.25100E-01  0.25412E-02  0.22506E-01  0.23197E-01  0.23197E-01
  6      2.40000  0.20548E-01  0.17079E-02  0.18644E-01  0.18992E-01  0.18992E-01
  6      2.60000  0.16789E-01  0.11668E-02  0.15373E-01  0.15549E-01  0.15549E-01
  6      2.80000  0.13634E-01  0.77181E-03  0.12646E-01  0.12731E-01  0.12731E-01
  6      3.00000  0.10952E-01  0.43066E-03  0.10394E-01  0.10423E-01  0.10423E-01
