 Ite ALT.[km]   Ext[km-1]   Ext_err_retr[km-1]  Ext_err_smooth[km-1]   Ext_prior
 i[km-1]   Ext_err_priori[km-1]  version   2.300000    
  6      0.00000  0.15879E+00  0.24057E-01  0.36713E-01  0.18298E+00  0.18298E+00
  6      0.20000  0.59986E-01  0.10637E-01  0.41563E-01  0.14981E+00  0.14981E+00
  6      0.40000  0.43119E-01  0.22519E-01  0.31575E-01  0.12266E+00  0.12266E+00
  6      0.60000  0.88028E-01  0.10373E-01  0.48418E-01  0.10042E+00  0.10042E+00
  6      0.80000  0.11986E+00  0.11051E-01  0.49176E-01  0.82219E-01  0.82219E-01
  6      1.00000  0.11735E+00  0.15213E-01  0.40873E-01  0.67315E-01  0.67315E-01
  6      1.20000  0.97054E-01  0.13716E-01  0.37500E-01  0.55113E-01  0.55113E-01
  6      1.40000  0.74707E-01  0.10199E-01  0.35591E-01  0.45122E-01  0.45122E-01
  6      1.60000  0.56363E-01  0.68081E-02  0.32366E-01  0.36943E-01  0.36943E-01
  6      1.80000  0.42652E-01  0.42602E-02  0.28193E-01  0.30247E-01  0.30247E-01
  6      2.00000  0.32626E-01  0.25936E-02  0.23876E-01  0.24764E-01  0.24764E-01
  6      2.20000  0.25257E-01  0.16094E-02  0.19893E-01  0.20275E-01  0.20275E-01
  6      2.40000  0.19765E-01  0.10723E-02  0.16429E-01  0.16600E-01  0.16600E-01
  6      2.60000  0.15597E-01  0.77407E-03  0.13508E-01  0.13591E-01  0.13591E-01
  6      2.80000  0.12347E-01  0.55268E-03  0.11086E-01  0.11127E-01  0.11127E-01
  6      3.00000  0.97451E-02  0.32646E-03  0.90949E-02  0.91101E-02  0.91101E-02
