 Ite ALT.[km]   Ext[km-1]   Ext_err_retr[km-1]  Ext_err_smooth[km-1]   Ext_prior
 i[km-1]   Ext_err_priori[km-1]  version   2.300000    
 16      0.00000  0.14034E+00  0.29753E-01  0.38318E-01  0.20225E+00  0.20225E+00
 16      0.20000  0.14210E+00  0.21619E-01  0.49144E-01  0.16559E+00  0.16559E+00
 16      0.40000  0.12439E+00  0.33295E-01  0.46424E-01  0.13557E+00  0.13557E+00
 16      0.60000  0.84945E-01  0.12623E-01  0.59236E-01  0.11100E+00  0.11100E+00
 16      0.80000  0.60275E-01  0.14845E-01  0.58283E-01  0.90877E-01  0.90877E-01
 16      1.00000  0.56058E-01  0.20157E-01  0.50728E-01  0.74404E-01  0.74404E-01
 16      1.20000  0.58984E-01  0.17851E-01  0.45603E-01  0.60917E-01  0.60917E-01
 16      1.40000  0.60406E-01  0.13360E-01  0.41197E-01  0.49874E-01  0.49874E-01
 16      1.60000  0.58799E-01  0.92703E-02  0.36285E-01  0.40834E-01  0.40834E-01
 16      1.80000  0.55035E-01  0.62691E-02  0.31123E-01  0.33432E-01  0.33432E-01
 16      2.00000  0.49840E-01  0.43164E-02  0.26181E-01  0.27372E-01  0.27372E-01
 16      2.20000  0.43742E-01  0.31312E-02  0.21749E-01  0.22410E-01  0.22410E-01
 16      2.40000  0.37310E-01  0.23987E-02  0.17938E-01  0.18348E-01  0.18348E-01
 16      2.60000  0.30892E-01  0.18756E-02  0.14747E-01  0.15022E-01  0.15022E-01
 16      2.80000  0.24256E-01  0.13788E-02  0.12128E-01  0.12299E-01  0.12299E-01
 16      3.00000  0.17236E-01  0.82119E-03  0.99979E-02  0.10069E-01  0.10069E-01
