 Ite ALT.[km]   Ext[km-1]   Ext_err_retr[km-1]  Ext_err_smooth[km-1]   Ext_prior
 i[km-1]   Ext_err_priori[km-1]  version   2.300000    
  7      0.00000  0.12728E+00  0.30752E-01  0.44947E-01  0.19850E+00  0.19850E+00
  7      0.20000  0.99307E-01  0.13786E-01  0.47077E-01  0.16252E+00  0.16252E+00
  7      0.40000  0.10776E+00  0.30748E-01  0.40301E-01  0.13306E+00  0.13306E+00
  7      0.60000  0.11782E+00  0.15393E-01  0.53827E-01  0.10894E+00  0.10894E+00
  7      0.80000  0.11260E+00  0.10464E-01  0.56608E-01  0.89190E-01  0.89190E-01
  7      1.00000  0.97546E-01  0.16898E-01  0.48164E-01  0.73023E-01  0.73023E-01
  7      1.20000  0.80931E-01  0.16132E-01  0.42390E-01  0.59786E-01  0.59786E-01
  7      1.40000  0.66216E-01  0.12571E-01  0.38544E-01  0.48949E-01  0.48949E-01
  7      1.60000  0.53953E-01  0.89471E-02  0.34406E-01  0.40076E-01  0.40076E-01
  7      1.80000  0.43901E-01  0.61063E-02  0.29861E-01  0.32811E-01  0.32811E-01
  7      2.00000  0.35684E-01  0.41083E-02  0.25357E-01  0.26864E-01  0.26864E-01
  7      2.20000  0.28961E-01  0.27799E-02  0.21224E-01  0.21994E-01  0.21994E-01
  7      2.40000  0.23456E-01  0.19190E-02  0.17606E-01  0.18007E-01  0.18007E-01
  7      2.60000  0.18914E-01  0.13491E-02  0.14529E-01  0.14743E-01  0.14743E-01
  7      2.80000  0.15033E-01  0.91564E-03  0.11964E-01  0.12071E-01  0.12071E-01
  7      3.00000  0.11598E-01  0.52044E-03  0.98436E-02  0.98826E-02  0.98826E-02
