    ALT.[km]   NO2[mol/cm3]   NO2_err_retr[mol/cm3]   NO2_err_smooth[mol/cm3]   
 NO2_priori[mol/cm3]  NO2_err_priori[mol/cm3]   version    2.300000    
     0.00000  0.19907E+11  0.24440E+10  0.29672E+10  0.22520E+11  0.22520E+11
     0.20000  0.23243E+11  0.12113E+10  0.23471E+10  0.18438E+11  0.18438E+11
     0.40000  0.23476E+11  0.22739E+10  0.35623E+10  0.15096E+11  0.15096E+11
     0.60000  0.19840E+11  0.21888E+10  0.34035E+10  0.12359E+11  0.12359E+11
     0.80000  0.14029E+11  0.13570E+10  0.34455E+10  0.10119E+11  0.10119E+11
     1.00000  0.83690E+10  0.10335E+10  0.35723E+10  0.82846E+10  0.82846E+10
     1.20000  0.42759E+10  0.13931E+10  0.34787E+10  0.67829E+10  0.67829E+10
     1.40000  0.19555E+10  0.15546E+10  0.32637E+10  0.55533E+10  0.55533E+10
     1.60000  0.92969E+09  0.14401E+10  0.30220E+10  0.45467E+10  0.45467E+10
     1.80000  0.61681E+09  0.11895E+10  0.27566E+10  0.37225E+10  0.37225E+10
     2.00000  0.60578E+09  0.91480E+09  0.24621E+10  0.30477E+10  0.30477E+10
     2.20000  0.68072E+09  0.67041E+09  0.21537E+10  0.24953E+10  0.24953E+10
     2.40000  0.75323E+09  0.47226E+09  0.18521E+10  0.20430E+10  0.20430E+10
     2.60000  0.79657E+09  0.31893E+09  0.15723E+10  0.16726E+10  0.16726E+10
     2.80000  0.80643E+09  0.20421E+09  0.13212E+10  0.13694E+10  0.13694E+10
     3.00000  0.78420E+09  0.12196E+09  0.11008E+10  0.11212E+10  0.11212E+10
