 Ite ALT.[km]   Ext[km-1]   Ext_err_retr[km-1]  Ext_err_smooth[km-1]   Ext_prior
 i[km-1]   Ext_err_priori[km-1]  version   2.300000    
  8      0.00000  0.98718E-01  0.20173E-01  0.33811E-01  0.18152E+00  0.18152E+00
  8      0.20000  0.60350E-01  0.11358E-01  0.39558E-01  0.14861E+00  0.14861E+00
  8      0.40000  0.78275E-01  0.20124E-01  0.28963E-01  0.12167E+00  0.12167E+00
  8      0.60000  0.11131E+00  0.84569E-02  0.48168E-01  0.99618E-01  0.99618E-01
  8      0.80000  0.12219E+00  0.12159E-01  0.47242E-01  0.81561E-01  0.81561E-01
  8      1.00000  0.11017E+00  0.15097E-01  0.39763E-01  0.66776E-01  0.66776E-01
  8      1.20000  0.89076E-01  0.12961E-01  0.37806E-01  0.54672E-01  0.54672E-01
  8      1.40000  0.68563E-01  0.93441E-02  0.36126E-01  0.44761E-01  0.44761E-01
  8      1.60000  0.51992E-01  0.60819E-02  0.32680E-01  0.36648E-01  0.36648E-01
  8      1.80000  0.39511E-01  0.37376E-02  0.28289E-01  0.30005E-01  0.30005E-01
  8      2.00000  0.30307E-01  0.22864E-02  0.23843E-01  0.24566E-01  0.24566E-01
  8      2.20000  0.23513E-01  0.14971E-02  0.19801E-01  0.20113E-01  0.20113E-01
  8      2.40000  0.18446E-01  0.10961E-02  0.16318E-01  0.16467E-01  0.16467E-01
  8      2.60000  0.14608E-01  0.85642E-03  0.13401E-01  0.13482E-01  0.13482E-01
  8      2.80000  0.11648E-01  0.63564E-03  0.10993E-01  0.11038E-01  0.11038E-01
  8      3.00000  0.93253E-02  0.38055E-03  0.90192E-02  0.90372E-02  0.90372E-02
