 Ite ALT.[km]   Ext[km-1]   Ext_err_retr[km-1]  Ext_err_smooth[km-1]   Ext_prior
 i[km-1]   Ext_err_priori[km-1]  version   2.300000    
  6      0.00000  0.13671E+00  0.27395E-01  0.53226E-01  0.14924E+00  0.14924E+00
  6      0.20000  0.77168E-01  0.68278E-02  0.37314E-01  0.12219E+00  0.12219E+00
  6      0.40000  0.47128E-01  0.22342E-01  0.45097E-01  0.10004E+00  0.10004E+00
  6      0.60000  0.50613E-01  0.16624E-01  0.41681E-01  0.81904E-01  0.81904E-01
  6      0.80000  0.62691E-01  0.64242E-02  0.42335E-01  0.67057E-01  0.67057E-01
  6      1.00000  0.67568E-01  0.98929E-02  0.38593E-01  0.54902E-01  0.54902E-01
  6      1.20000  0.64298E-01  0.11491E-01  0.33759E-01  0.44950E-01  0.44950E-01
  6      1.40000  0.56656E-01  0.10052E-01  0.29667E-01  0.36802E-01  0.36802E-01
  6      1.60000  0.47755E-01  0.77104E-02  0.25945E-01  0.30131E-01  0.30131E-01
  6      1.80000  0.39261E-01  0.55557E-02  0.22338E-01  0.24669E-01  0.24669E-01
  6      2.00000  0.31834E-01  0.39087E-02  0.18922E-01  0.20197E-01  0.20197E-01
  6      2.20000  0.25608E-01  0.27527E-02  0.15832E-01  0.16536E-01  0.16536E-01
  6      2.40000  0.20497E-01  0.19679E-02  0.13137E-01  0.13539E-01  0.13539E-01
  6      2.60000  0.16306E-01  0.14219E-02  0.10849E-01  0.11084E-01  0.11084E-01
  6      2.80000  0.12727E-01  0.98265E-03  0.89465E-02  0.90752E-02  0.90752E-02
  6      3.00000  0.95258E-02  0.56441E-03  0.73804E-02  0.74301E-02  0.74301E-02
