    ALT.[km]   NO2[mol/cm3]   NO2_err_retr[mol/cm3]   NO2_err_smooth[mol/cm3]   
 NO2_priori[mol/cm3]  NO2_err_priori[mol/cm3]   version    2.300000    
     0.00000  0.13534E+12  0.23786E+10  0.14756E+10  0.39271E+11  0.39271E+11
     0.20000  0.74928E+11  0.19592E+10  0.33306E+10  0.32152E+11  0.32152E+11
     0.40000  0.22706E+11  0.29844E+10  0.23909E+10  0.26324E+11  0.26324E+11
     0.60000 -0.79362E+10  0.23523E+10  0.37751E+10  0.21552E+11  0.21552E+11
     0.80000 -0.16914E+11  0.18462E+10  0.55069E+10  0.17646E+11  0.17646E+11
     1.00000 -0.12741E+11  0.23123E+10  0.54539E+10  0.14447E+11  0.14447E+11
     1.20000 -0.46478E+10  0.26195E+10  0.46953E+10  0.11828E+11  0.11828E+11
     1.40000  0.19359E+10  0.25317E+10  0.43174E+10  0.96841E+10  0.96841E+10
     1.60000  0.54976E+10  0.22277E+10  0.42962E+10  0.79287E+10  0.79287E+10
     1.80000  0.66124E+10  0.18450E+10  0.42233E+10  0.64914E+10  0.64914E+10
     2.00000  0.63377E+10  0.14538E+10  0.39698E+10  0.53147E+10  0.53147E+10
     2.20000  0.54870E+10  0.10941E+10  0.35845E+10  0.43513E+10  0.43513E+10
     2.40000  0.45127E+10  0.78738E+09  0.31432E+10  0.35626E+10  0.35626E+10
     2.60000  0.36126E+10  0.53978E+09  0.27003E+10  0.29168E+10  0.29168E+10
     2.80000  0.28516E+10  0.34908E+09  0.22856E+10  0.23881E+10  0.23881E+10
     3.00000  0.22374E+10  0.20984E+09  0.19123E+10  0.19552E+10  0.19552E+10
