 Ite ALT.[km]   Ext[km-1]   Ext_err_retr[km-1]  Ext_err_smooth[km-1]   Ext_prior
 i[km-1]   Ext_err_priori[km-1]  version   2.300000    
 16      0.00000  0.64009E-01  0.85361E-02  0.14343E-01  0.51067E-01  0.51067E-01
 16      0.20000  0.76692E-01  0.24695E-02  0.13457E-01  0.41810E-01  0.41810E-01
 16      0.40000  0.47173E-01  0.65510E-02  0.13935E-01  0.34231E-01  0.34231E-01
 16      0.60000  0.84323E-02  0.40891E-02  0.13789E-01  0.28026E-01  0.28026E-01
 16      0.80000  0.22946E-08  0.29163E-02  0.14891E-01  0.22946E-01  0.22946E-01
 16      1.00000  0.18787E-08  0.42528E-02  0.13660E-01  0.18787E-01  0.18787E-01
 16      1.20000  0.15381E-08  0.44108E-02  0.11796E-01  0.15381E-01  0.15381E-01
 16      1.40000  0.12593E-08  0.38043E-02  0.10147E-01  0.12593E-01  0.12593E-01
 16      1.60000  0.10310E-08  0.29772E-02  0.87442E-02  0.10310E-01  0.10310E-01
 16      1.80000  0.84414E-09  0.21998E-02  0.74952E-02  0.84414E-02  0.84414E-02
 16      2.00000  0.69112E-09  0.15683E-02  0.63636E-02  0.69112E-02  0.69112E-02
 16      2.20000  0.56584E-09  0.10936E-02  0.53505E-02  0.56584E-02  0.56584E-02
 16      2.40000  0.46327E-09  0.75255E-03  0.44626E-02  0.46327E-02  0.46327E-02
 16      2.60000  0.37930E-09  0.51113E-03  0.37009E-02  0.37930E-02  0.37930E-02
 16      2.80000  0.53020E-08  0.33008E-03  0.30601E-02  0.31054E-02  0.31054E-02
 16      3.00000  0.45500E-03  0.17989E-03  0.25264E-02  0.25425E-02  0.25425E-02
