    ALT.[km]   NO2[mol/cm3]   NO2_err_retr[mol/cm3]   NO2_err_smooth[mol/cm3]   
 NO2_priori[mol/cm3]  NO2_err_priori[mol/cm3]   version    2.300000    
     0.00000  0.15941E+11  0.15854E+10  0.15112E+10  0.16751E+11  0.16751E+11
     0.20000  0.15265E+11  0.78021E+09  0.14942E+10  0.13715E+11  0.13715E+11
     0.40000  0.14247E+11  0.14941E+10  0.16171E+10  0.11229E+11  0.11229E+11
     0.60000  0.12439E+11  0.12730E+10  0.16495E+10  0.91931E+10  0.91931E+10
     0.80000  0.10095E+11  0.91869E+09  0.22347E+10  0.75267E+10  0.75267E+10
     1.00000  0.77520E+10  0.12632E+10  0.24017E+10  0.61623E+10  0.61623E+10
     1.20000  0.58100E+10  0.15527E+10  0.22812E+10  0.50453E+10  0.50453E+10
     1.40000  0.43835E+10  0.15047E+10  0.22097E+10  0.41307E+10  0.41307E+10
     1.60000  0.33916E+10  0.12447E+10  0.21840E+10  0.33820E+10  0.33820E+10
     1.80000  0.26971E+10  0.92965E+09  0.20892E+10  0.27689E+10  0.27689E+10
     2.00000  0.21872E+10  0.65058E+09  0.19054E+10  0.22670E+10  0.22670E+10
     2.20000  0.17925E+10  0.43660E+09  0.16719E+10  0.18561E+10  0.18561E+10
     2.40000  0.14753E+10  0.28415E+09  0.14291E+10  0.15196E+10  0.15196E+10
     2.60000  0.12155E+10  0.17934E+09  0.12016E+10  0.12442E+10  0.12442E+10
     2.80000  0.10012E+10  0.10868E+09  0.10000E+10  0.10186E+10  0.10186E+10
     3.00000  0.82402E+09  0.62177E+08  0.82666E+09  0.83398E+09  0.83398E+09
