 Ite ALT.[km]   Ext[km-1]   Ext_err_retr[km-1]  Ext_err_smooth[km-1]   Ext_prior
 i[km-1]   Ext_err_priori[km-1]  version   2.300000    
  7      0.00000  0.11692E+00  0.25281E-01  0.42679E-01  0.15895E+00  0.15895E+00
  7      0.20000  0.47940E-01  0.73580E-02  0.37901E-01  0.13014E+00  0.13014E+00
  7      0.40000  0.37334E-01  0.23393E-01  0.34070E-01  0.10655E+00  0.10655E+00
  7      0.60000  0.69943E-01  0.13637E-01  0.40256E-01  0.87233E-01  0.87233E-01
  7      0.80000  0.96281E-01  0.62918E-02  0.44476E-01  0.71420E-01  0.71420E-01
  7      1.00000  0.98334E-01  0.12800E-01  0.37832E-01  0.58474E-01  0.58474E-01
  7      1.20000  0.84793E-01  0.13207E-01  0.32667E-01  0.47874E-01  0.47874E-01
  7      1.40000  0.67172E-01  0.10519E-01  0.29958E-01  0.39196E-01  0.39196E-01
  7      1.60000  0.51351E-01  0.74135E-02  0.27177E-01  0.32091E-01  0.32091E-01
  7      1.80000  0.38886E-01  0.49046E-02  0.23842E-01  0.26274E-01  0.26274E-01
  7      2.00000  0.29541E-01  0.31446E-02  0.20352E-01  0.21511E-01  0.21511E-01
  7      2.20000  0.22632E-01  0.19968E-02  0.17069E-01  0.17612E-01  0.17612E-01
  7      2.40000  0.17514E-01  0.12801E-02  0.14166E-01  0.14419E-01  0.14419E-01
  7      2.60000  0.13682E-01  0.83735E-03  0.11686E-01  0.11806E-01  0.11806E-01
  7      2.80000  0.10752E-01  0.53795E-03  0.96121E-02  0.96657E-02  0.96657E-02
  7      3.00000  0.84569E-02  0.29602E-03  0.78955E-02  0.79136E-02  0.79136E-02
