 Ite ALT.[km]   Ext[km-1]   Ext_err_retr[km-1]  Ext_err_smooth[km-1]   Ext_prior
 i[km-1]   Ext_err_priori[km-1]  version   2.300000    
  6      0.00000  0.11472E+00  0.17917E-01  0.21693E-01  0.12784E+00  0.12784E+00
  6      0.20000  0.12594E+00  0.13218E-01  0.29235E-01  0.10466E+00  0.10466E+00
  6      0.40000  0.99174E-01  0.17701E-01  0.27075E-01  0.85691E-01  0.85691E-01
  6      0.60000  0.53139E-01  0.56829E-02  0.35785E-01  0.70158E-01  0.70158E-01
  6      0.80000  0.27476E-01  0.13441E-01  0.34103E-01  0.57441E-01  0.57441E-01
  6      1.00000  0.22444E-01  0.14836E-01  0.31305E-01  0.47028E-01  0.47028E-01
  6      1.20000  0.24439E-01  0.11716E-01  0.29777E-01  0.38504E-01  0.38504E-01
  6      1.40000  0.26284E-01  0.80540E-02  0.27311E-01  0.31524E-01  0.31524E-01
  6      1.60000  0.26315E-01  0.52683E-02  0.23909E-01  0.25810E-01  0.25810E-01
  6      1.80000  0.24754E-01  0.35546E-02  0.20246E-01  0.21131E-01  0.21131E-01
  6      2.00000  0.22205E-01  0.26411E-02  0.16807E-01  0.17301E-01  0.17301E-01
  6      2.20000  0.19222E-01  0.21354E-02  0.13814E-01  0.14165E-01  0.14165E-01
  6      2.40000  0.16206E-01  0.17712E-02  0.11313E-01  0.11597E-01  0.11597E-01
  6      2.60000  0.13359E-01  0.14355E-02  0.92666E-02  0.94949E-02  0.94949E-02
  6      2.80000  0.10668E-01  0.10635E-02  0.76196E-02  0.77737E-02  0.77737E-02
  6      3.00000  0.80893E-02  0.63189E-03  0.62980E-02  0.63646E-02  0.63646E-02
