    ALT.[km]   NO2[mol/cm3]   NO2_err_retr[mol/cm3]   NO2_err_smooth[mol/cm3]   
 NO2_priori[mol/cm3]  NO2_err_priori[mol/cm3]   version    2.300000    
     0.00000  0.20125E+11  0.26725E+10  0.20081E+10  0.30806E+11  0.30806E+11
     0.20000  0.11632E+11  0.12162E+10  0.34324E+10  0.25222E+11  0.25222E+11
     0.40000  0.65836E+10  0.23021E+10  0.30826E+10  0.20650E+11  0.20650E+11
     0.60000  0.48344E+10  0.21370E+10  0.24658E+10  0.16907E+11  0.16907E+11
     0.80000  0.52756E+10  0.14253E+10  0.39918E+10  0.13842E+11  0.13842E+11
     1.00000  0.65160E+10  0.15191E+10  0.44913E+10  0.11333E+11  0.11333E+11
     1.20000  0.75173E+10  0.19368E+10  0.39136E+10  0.92787E+10  0.92787E+10
     1.40000  0.78252E+10  0.20337E+10  0.32126E+10  0.75967E+10  0.75967E+10
     1.60000  0.74506E+10  0.18564E+10  0.29384E+10  0.62197E+10  0.62197E+10
     1.80000  0.66266E+10  0.15580E+10  0.29071E+10  0.50922E+10  0.50922E+10
     2.00000  0.56126E+10  0.12365E+10  0.28303E+10  0.41692E+10  0.41692E+10
     2.20000  0.45980E+10  0.93756E+09  0.26385E+10  0.34134E+10  0.34134E+10
     2.40000  0.36854E+10  0.67981E+09  0.23683E+10  0.27947E+10  0.27947E+10
     2.60000  0.29126E+10  0.46908E+09  0.20676E+10  0.22881E+10  0.22881E+10
     2.80000  0.22818E+10  0.30489E+09  0.17689E+10  0.18733E+10  0.18733E+10
     3.00000  0.17808E+10  0.18396E+09  0.14900E+10  0.15338E+10  0.15338E+10
