    ALT.[km]   NO2[mol/cm3]   NO2_err_retr[mol/cm3]   NO2_err_smooth[mol/cm3]   
 NO2_priori[mol/cm3]  NO2_err_priori[mol/cm3]   version    2.300000    
     0.00000  0.90759E+11  0.29980E+10  0.29074E+10  0.47715E+11  0.47715E+11
     0.20000  0.55993E+11  0.26171E+10  0.49108E+10  0.39065E+11  0.39065E+11
     0.40000  0.26431E+11  0.46995E+10  0.52376E+10  0.31984E+11  0.31984E+11
     0.60000  0.81431E+10  0.39174E+10  0.55099E+10  0.26186E+11  0.26186E+11
     0.80000  0.97374E+09  0.18180E+10  0.72240E+10  0.21440E+11  0.21440E+11
     1.00000  0.85596E+09  0.15150E+10  0.77032E+10  0.17553E+11  0.17553E+11
     1.20000  0.34065E+10  0.26075E+10  0.70207E+10  0.14371E+11  0.14371E+11
     1.40000  0.59004E+10  0.30181E+10  0.61083E+10  0.11766E+11  0.11766E+11
     1.60000  0.73340E+10  0.28686E+10  0.54289E+10  0.96334E+10  0.96334E+10
     1.80000  0.76893E+10  0.24523E+10  0.49449E+10  0.78872E+10  0.78872E+10
     2.00000  0.72887E+10  0.19640E+10  0.45142E+10  0.64575E+10  0.64575E+10
     2.20000  0.64704E+10  0.14993E+10  0.40715E+10  0.52869E+10  0.52869E+10
     2.40000  0.54864E+10  0.10952E+10  0.36126E+10  0.43286E+10  0.43286E+10
     2.60000  0.44973E+10  0.76183E+09  0.31531E+10  0.35439E+10  0.35439E+10
     2.80000  0.35952E+10  0.49889E+09  0.27089E+10  0.29015E+10  0.29015E+10
     3.00000  0.28264E+10  0.30284E+09  0.22927E+10  0.23756E+10  0.23756E+10
