    ALT.[km]   NO2[mol/cm3]   NO2_err_retr[mol/cm3]   NO2_err_smooth[mol/cm3]   
 NO2_priori[mol/cm3]  NO2_err_priori[mol/cm3]   version    2.300000    
     0.00000  0.14093E+11  0.22192E+10  0.16530E+10  0.24880E+11  0.24880E+11
     0.20000  0.13561E+11  0.10656E+10  0.26800E+10  0.20370E+11  0.20370E+11
     0.40000  0.12150E+11  0.20037E+10  0.23864E+10  0.16678E+11  0.16678E+11
     0.60000  0.94722E+10  0.18162E+10  0.20654E+10  0.13654E+11  0.13654E+11
     0.80000  0.64937E+10  0.11677E+10  0.33035E+10  0.11179E+11  0.11179E+11
     1.00000  0.43092E+10  0.13302E+10  0.36441E+10  0.91528E+10  0.91528E+10
     1.20000  0.32883E+10  0.17516E+10  0.31658E+10  0.74937E+10  0.74937E+10
     1.40000  0.31052E+10  0.18377E+10  0.26678E+10  0.61353E+10  0.61353E+10
     1.60000  0.32226E+10  0.16480E+10  0.25188E+10  0.50232E+10  0.50232E+10
     1.80000  0.32680E+10  0.13411E+10  0.25044E+10  0.41126E+10  0.41126E+10
     2.00000  0.31176E+10  0.10251E+10  0.24138E+10  0.33671E+10  0.33671E+10
     2.20000  0.28057E+10  0.74897E+09  0.22210E+10  0.27568E+10  0.27568E+10
     2.40000  0.24148E+10  0.52610E+09  0.19695E+10  0.22571E+10  0.22571E+10
     2.60000  0.20146E+10  0.35416E+09  0.17021E+10  0.18479E+10  0.18479E+10
     2.80000  0.16466E+10  0.22607E+09  0.14449E+10  0.15130E+10  0.15130E+10
     3.00000  0.13296E+10  0.13468E+09  0.12105E+10  0.12387E+10  0.12387E+10
