 Ite ALT.[km]   Ext[km-1]   Ext_err_retr[km-1]  Ext_err_smooth[km-1]   Ext_prior
 i[km-1]   Ext_err_priori[km-1]  version   2.300000    
  6      0.00000  0.90831E-01  0.19250E-01  0.29916E-01  0.17375E+00  0.17375E+00
  6      0.20000  0.70371E-01  0.12174E-01  0.37102E-01  0.14226E+00  0.14226E+00
  6      0.40000  0.93112E-01  0.19871E-01  0.27654E-01  0.11647E+00  0.11647E+00
  6      0.60000  0.11503E+00  0.71914E-02  0.47057E-01  0.95359E-01  0.95359E-01
  6      0.80000  0.11361E+00  0.12743E-01  0.44774E-01  0.78073E-01  0.78073E-01
  6      1.00000  0.96465E-01  0.15429E-01  0.38173E-01  0.63921E-01  0.63921E-01
  6      1.20000  0.75984E-01  0.12764E-01  0.36944E-01  0.52334E-01  0.52334E-01
  6      1.40000  0.58218E-01  0.88997E-02  0.35246E-01  0.42847E-01  0.42847E-01
  6      1.60000  0.44455E-01  0.56866E-02  0.31675E-01  0.35080E-01  0.35080E-01
  6      1.80000  0.34191E-01  0.35441E-02  0.27262E-01  0.28721E-01  0.28721E-01
  6      2.00000  0.26582E-01  0.23195E-02  0.22883E-01  0.23515E-01  0.23515E-01
  6      2.20000  0.20897E-01  0.16839E-02  0.18954E-01  0.19253E-01  0.19253E-01
  6      2.40000  0.16592E-01  0.13273E-02  0.15597E-01  0.15763E-01  0.15763E-01
  6      2.60000  0.13285E-01  0.10614E-02  0.12801E-01  0.12905E-01  0.12905E-01
  6      2.80000  0.10713E-01  0.78629E-03  0.10503E-01  0.10566E-01  0.10566E-01
  6      3.00000  0.86944E-02  0.46795E-03  0.86243E-02  0.86507E-02  0.86507E-02
