    ALT.[km]   NO2[mol/cm3]   NO2_err_retr[mol/cm3]   NO2_err_smooth[mol/cm3]   
 NO2_priori[mol/cm3]  NO2_err_priori[mol/cm3]   version    2.300000    
     0.00000  0.11538E+11  0.15556E+10  0.14282E+10  0.16027E+11  0.16027E+11
     0.20000  0.15038E+11  0.72903E+09  0.13781E+10  0.13122E+11  0.13122E+11
     0.40000  0.16141E+11  0.14191E+10  0.14263E+10  0.10743E+11  0.10743E+11
     0.60000  0.13982E+11  0.12352E+10  0.15130E+10  0.87959E+10  0.87959E+10
     0.80000  0.98259E+10  0.90028E+09  0.21299E+10  0.72015E+10  0.72015E+10
     1.00000  0.56178E+10  0.11952E+10  0.22662E+10  0.58961E+10  0.58961E+10
     1.20000  0.26148E+10  0.14610E+10  0.21064E+10  0.48273E+10  0.48273E+10
     1.40000  0.10367E+10  0.14204E+10  0.20220E+10  0.39523E+10  0.39523E+10
     1.60000  0.47984E+09  0.11835E+10  0.20119E+10  0.32358E+10  0.32358E+10
     1.80000  0.43444E+09  0.89369E+09  0.19429E+10  0.26493E+10  0.26493E+10
     2.00000  0.54901E+09  0.63443E+09  0.17857E+10  0.21690E+10  0.21690E+10
     2.20000  0.65772E+09  0.43289E+09  0.15758E+10  0.17759E+10  0.17759E+10
     2.40000  0.71257E+09  0.28669E+09  0.13531E+10  0.14540E+10  0.14540E+10
     2.60000  0.71640E+09  0.18400E+09  0.11418E+10  0.11904E+10  0.11904E+10
     2.80000  0.68469E+09  0.11319E+09  0.95281E+09  0.97462E+09  0.97462E+09
     3.00000  0.63093E+09  0.65579E+08  0.78919E+09  0.79795E+09  0.79795E+09
