    ALT.[km]   NO2[mol/cm3]   NO2_err_retr[mol/cm3]   NO2_err_smooth[mol/cm3]   
 NO2_priori[mol/cm3]  NO2_err_priori[mol/cm3]   version    2.300000    
     0.00000  0.22263E+11  0.30591E+10  0.32998E+10  0.33502E+11  0.33502E+11
     0.20000  0.22477E+11  0.15743E+10  0.30753E+10  0.27429E+11  0.27429E+11
     0.40000  0.21276E+11  0.33259E+10  0.36980E+10  0.22457E+11  0.22457E+11
     0.60000  0.17795E+11  0.29247E+10  0.37549E+10  0.18386E+11  0.18386E+11
     0.80000  0.13166E+11  0.14826E+10  0.48130E+10  0.15053E+11  0.15053E+11
     1.00000  0.89898E+10  0.15390E+10  0.51280E+10  0.12325E+11  0.12325E+11
     1.20000  0.61231E+10  0.23643E+10  0.47174E+10  0.10091E+11  0.10091E+11
     1.40000  0.45254E+10  0.25831E+10  0.42839E+10  0.82615E+10  0.82615E+10
     1.60000  0.37356E+10  0.23203E+10  0.40472E+10  0.67639E+10  0.67639E+10
     1.80000  0.33135E+10  0.18592E+10  0.38347E+10  0.55378E+10  0.55378E+10
     2.00000  0.30023E+10  0.13887E+10  0.35313E+10  0.45340E+10  0.45340E+10
     2.20000  0.27020E+10  0.99030E+09  0.31483E+10  0.37121E+10  0.37121E+10
     2.40000  0.23945E+10  0.68068E+09  0.27357E+10  0.30392E+10  0.30392E+10
     2.60000  0.20899E+10  0.45013E+09  0.23341E+10  0.24883E+10  0.24883E+10
     2.80000  0.18009E+10  0.28331E+09  0.19652E+10  0.20373E+10  0.20373E+10
     3.00000  0.15354E+10  0.16693E+09  0.16382E+10  0.16680E+10  0.16680E+10
