 Ite ALT.[km]   Ext[km-1]   Ext_err_retr[km-1]  Ext_err_smooth[km-1]   Ext_prior
 i[km-1]   Ext_err_priori[km-1]  version   2.300000    
  6      0.00000  0.11873E+00  0.22314E-01  0.29494E-01  0.17162E+00  0.17162E+00
  6      0.20000  0.86540E-01  0.13287E-01  0.37710E-01  0.14051E+00  0.14051E+00
  6      0.40000  0.91385E-01  0.22686E-01  0.29590E-01  0.11504E+00  0.11504E+00
  6      0.60000  0.10281E+00  0.80082E-02  0.47667E-01  0.94185E-01  0.94185E-01
  6      0.80000  0.99608E-01  0.12579E-01  0.45804E-01  0.77112E-01  0.77112E-01
  6      1.00000  0.85072E-01  0.16092E-01  0.38877E-01  0.63134E-01  0.63134E-01
  6      1.20000  0.68250E-01  0.13608E-01  0.36685E-01  0.51690E-01  0.51690E-01
  6      1.40000  0.53979E-01  0.96496E-02  0.34605E-01  0.42320E-01  0.42320E-01
  6      1.60000  0.42988E-01  0.62476E-02  0.31064E-01  0.34649E-01  0.34649E-01
  6      1.80000  0.34507E-01  0.38816E-02  0.26791E-01  0.28368E-01  0.28368E-01
  6      2.00000  0.27823E-01  0.24360E-02  0.22542E-01  0.23226E-01  0.23226E-01
  6      2.20000  0.22481E-01  0.16348E-02  0.18707E-01  0.19016E-01  0.19016E-01
  6      2.40000  0.18176E-01  0.12010E-02  0.15414E-01  0.15569E-01  0.15569E-01
  6      2.60000  0.14678E-01  0.92607E-03  0.12658E-01  0.12747E-01  0.12747E-01
  6      2.80000  0.11773E-01  0.67799E-03  0.10385E-01  0.10436E-01  0.10436E-01
  6      3.00000  0.93054E-02  0.40276E-03  0.85237E-02  0.85442E-02  0.85442E-02
