 Ite ALT.[km]   Ext[km-1]   Ext_err_retr[km-1]  Ext_err_smooth[km-1]   Ext_prior
 i[km-1]   Ext_err_priori[km-1]  version   2.300000    
  9      0.00000  0.97537E-01  0.21725E-01  0.34848E-01  0.15139E+00  0.15139E+00
  9      0.20000  0.59381E-01  0.94490E-02  0.35462E-01  0.12394E+00  0.12394E+00
  9      0.40000  0.63857E-01  0.22010E-01  0.29498E-01  0.10148E+00  0.10148E+00
  9      0.60000  0.84317E-01  0.10343E-01  0.40045E-01  0.83082E-01  0.83082E-01
  9      0.80000  0.91544E-01  0.77844E-02  0.42222E-01  0.68022E-01  0.68022E-01
  9      1.00000  0.83017E-01  0.13190E-01  0.35507E-01  0.55691E-01  0.55691E-01
  9      1.20000  0.68014E-01  0.12507E-01  0.31549E-01  0.45596E-01  0.45596E-01
  9      1.40000  0.53266E-01  0.95337E-02  0.29249E-01  0.37331E-01  0.37331E-01
  9      1.60000  0.41141E-01  0.65475E-02  0.26417E-01  0.30564E-01  0.30564E-01
  9      1.80000  0.31798E-01  0.42591E-02  0.23025E-01  0.25024E-01  0.25024E-01
  9      2.00000  0.24737E-01  0.27035E-02  0.19556E-01  0.20488E-01  0.20488E-01
  9      2.20000  0.19403E-01  0.17170E-02  0.16345E-01  0.16774E-01  0.16774E-01
  9      2.40000  0.15342E-01  0.11174E-02  0.13534E-01  0.13733E-01  0.13733E-01
  9      2.60000  0.12215E-01  0.75207E-03  0.11149E-01  0.11244E-01  0.11244E-01
  9      2.80000  0.97670E-02  0.49807E-03  0.91618E-02  0.92057E-02  0.92057E-02
  9      3.00000  0.78175E-02  0.27986E-03  0.75218E-02  0.75370E-02  0.75370E-02
