    ALT.[km]   NO2[mol/cm3]   NO2_err_retr[mol/cm3]   NO2_err_smooth[mol/cm3]   
 NO2_priori[mol/cm3]  NO2_err_priori[mol/cm3]   version    2.300000    
     0.00000  0.13811E+11  0.27639E+10  0.31624E+10  0.34173E+11  0.34173E+11
     0.20000  0.12070E+11  0.10687E+10  0.30063E+10  0.27979E+11  0.27979E+11
     0.40000  0.12040E+11  0.25893E+10  0.29698E+10  0.22907E+11  0.22907E+11
     0.60000  0.11825E+11  0.23998E+10  0.26935E+10  0.18755E+11  0.18755E+11
     0.80000  0.10718E+11  0.14089E+10  0.43776E+10  0.15355E+11  0.15355E+11
     1.00000  0.89996E+10  0.14244E+10  0.48915E+10  0.12572E+11  0.12572E+11
     1.20000  0.72421E+10  0.19970E+10  0.43203E+10  0.10293E+11  0.10293E+11
     1.40000  0.58120E+10  0.21703E+10  0.36877E+10  0.84270E+10  0.84270E+10
     1.60000  0.47763E+10  0.19915E+10  0.34677E+10  0.68995E+10  0.68995E+10
     1.80000  0.40375E+10  0.16542E+10  0.34146E+10  0.56488E+10  0.56488E+10
     2.00000  0.34744E+10  0.12909E+10  0.32740E+10  0.46248E+10  0.46248E+10
     2.20000  0.30054E+10  0.96314E+09  0.30102E+10  0.37865E+10  0.37865E+10
     2.40000  0.25919E+10  0.69032E+09  0.26742E+10  0.31001E+10  0.31001E+10
     2.60000  0.22208E+10  0.47321E+09  0.23180E+10  0.25382E+10  0.25382E+10
     2.80000  0.18891E+10  0.30667E+09  0.19737E+10  0.20781E+10  0.20781E+10
     3.00000  0.15955E+10  0.18489E+09  0.16576E+10  0.17014E+10  0.17014E+10
