    ALT.[km]   NO2[mol/cm3]   NO2_err_retr[mol/cm3]   NO2_err_smooth[mol/cm3]   
 NO2_priori[mol/cm3]  NO2_err_priori[mol/cm3]   version    2.300000    
     0.00000  0.62616E+11  0.23128E+10  0.17597E+10  0.37823E+11  0.37823E+11
     0.20000  0.56407E+11  0.18893E+10  0.30667E+10  0.30967E+11  0.30967E+11
     0.40000  0.42379E+11  0.31367E+10  0.25368E+10  0.25354E+11  0.25354E+11
     0.60000  0.24950E+11  0.22737E+10  0.40048E+10  0.20758E+11  0.20758E+11
     0.80000  0.10043E+11  0.13070E+10  0.55534E+10  0.16995E+11  0.16995E+11
     1.00000  0.99945E+09  0.21817E+10  0.54170E+10  0.13914E+11  0.13914E+11
     1.20000 -0.24109E+10  0.28055E+10  0.46970E+10  0.11392E+11  0.11392E+11
     1.40000 -0.23524E+10  0.27581E+10  0.44295E+10  0.93271E+10  0.93271E+10
     1.60000 -0.98628E+09  0.23306E+10  0.44664E+10  0.76364E+10  0.76364E+10
     1.80000  0.40599E+09  0.18013E+10  0.43755E+10  0.62522E+10  0.62522E+10
     2.00000  0.13592E+10  0.13179E+10  0.40673E+10  0.51188E+10  0.51188E+10
     2.20000  0.18512E+10  0.92868E+09  0.36238E+10  0.41910E+10  0.41910E+10
     2.40000  0.20085E+10  0.63360E+09  0.31367E+10  0.34313E+10  0.34313E+10
     2.60000  0.19640E+10  0.41672E+09  0.26640E+10  0.28093E+10  0.28093E+10
     2.80000  0.18138E+10  0.26110E+09  0.22339E+10  0.23000E+10  0.23000E+10
     3.00000  0.16167E+10  0.15324E+09  0.18563E+10  0.18831E+10  0.18831E+10
