    ALT.[km]   NO2[mol/cm3]   NO2_err_retr[mol/cm3]   NO2_err_smooth[mol/cm3]   
 NO2_priori[mol/cm3]  NO2_err_priori[mol/cm3]   version    2.300000    
     0.00000  0.56486E+11  0.25681E+10  0.25297E+10  0.58172E+11  0.58172E+11
     0.20000  0.44315E+11  0.21802E+10  0.40258E+10  0.47627E+11  0.47627E+11
     0.40000  0.25530E+11  0.29184E+10  0.25984E+10  0.38994E+11  0.38994E+11
     0.60000  0.72835E+10  0.25385E+10  0.48296E+10  0.31926E+11  0.31926E+11
     0.80000 -0.30952E+10  0.32941E+10  0.69547E+10  0.26138E+11  0.26138E+11
     1.00000 -0.38160E+10  0.35319E+10  0.69330E+10  0.21400E+11  0.21400E+11
     1.20000  0.15286E+10  0.29457E+10  0.63784E+10  0.17521E+11  0.17521E+11
     1.40000  0.79353E+10  0.25208E+10  0.61514E+10  0.14345E+11  0.14345E+11
     1.60000  0.12236E+11  0.25652E+10  0.60213E+10  0.11745E+11  0.11745E+11
     1.80000  0.13711E+11  0.25593E+10  0.57745E+10  0.96158E+10  0.96158E+10
     2.00000  0.13069E+11  0.23019E+10  0.53980E+10  0.78727E+10  0.78727E+10
     2.20000  0.11323E+11  0.18850E+10  0.49245E+10  0.64457E+10  0.64457E+10
     2.40000  0.92389E+10  0.14316E+10  0.43930E+10  0.52773E+10  0.52773E+10
     2.60000  0.72395E+10  0.10170E+10  0.38423E+10  0.43206E+10  0.43206E+10
     2.80000  0.55126E+10  0.67387E+09  0.33027E+10  0.35374E+10  0.35374E+10
     3.00000  0.41192E+10  0.41205E+09  0.27953E+10  0.28962E+10  0.28962E+10
