    ALT.[km]   NO2[mol/cm3]   NO2_err_retr[mol/cm3]   NO2_err_smooth[mol/cm3]   
 NO2_priori[mol/cm3]  NO2_err_priori[mol/cm3]   version    2.300000    
     0.00000  0.22066E+11  0.29424E+10  0.32703E+10  0.29191E+11  0.29191E+11
     0.20000  0.19589E+11  0.12207E+10  0.27473E+10  0.23900E+11  0.23900E+11
     0.40000  0.17533E+11  0.27290E+10  0.33596E+10  0.19567E+11  0.19567E+11
     0.60000  0.14935E+11  0.25637E+10  0.30158E+10  0.16020E+11  0.16020E+11
     0.80000  0.11781E+11  0.14515E+10  0.38814E+10  0.13116E+11  0.13116E+11
     1.00000  0.86359E+10  0.13996E+10  0.43124E+10  0.10739E+11  0.10739E+11
     1.20000  0.60569E+10  0.20919E+10  0.40199E+10  0.87921E+10  0.87921E+10
     1.40000  0.42651E+10  0.23168E+10  0.36175E+10  0.71984E+10  0.71984E+10
     1.60000  0.31695E+10  0.21064E+10  0.34049E+10  0.58935E+10  0.58935E+10
     1.80000  0.25452E+10  0.16970E+10  0.32553E+10  0.48252E+10  0.48252E+10
     2.00000  0.21807E+10  0.12652E+10  0.30330E+10  0.39506E+10  0.39506E+10
     2.20000  0.19359E+10  0.89514E+09  0.27275E+10  0.32344E+10  0.32344E+10
     2.40000  0.17389E+10  0.60808E+09  0.23817E+10  0.26481E+10  0.26481E+10
     2.60000  0.15604E+10  0.39687E+09  0.20361E+10  0.21681E+10  0.21681E+10
     2.80000  0.13904E+10  0.24666E+09  0.17149E+10  0.17751E+10  0.17751E+10
     3.00000  0.12261E+10  0.14376E+09  0.14289E+10  0.14533E+10  0.14533E+10
