 Ite ALT.[km]   Ext[km-1]   Ext_err_retr[km-1]  Ext_err_smooth[km-1]   Ext_prior
 i[km-1]   Ext_err_priori[km-1]  version   2.300000    
 16      0.00000  0.92474E-01  0.13602E-01  0.20304E-01  0.97482E-01  0.97482E-01
 16      0.20000  0.13872E+00  0.10210E-01  0.24609E-01  0.79812E-01  0.79812E-01
 16      0.40000  0.11135E+00  0.13079E-01  0.25755E-01  0.65344E-01  0.65344E-01
 16      0.60000  0.44961E-01  0.46554E-02  0.27759E-01  0.53500E-01  0.53500E-01
 16      0.80000  0.83453E-02  0.87770E-02  0.28045E-01  0.43802E-01  0.43802E-01
 16      1.00000  0.10618E-02  0.95588E-02  0.26767E-01  0.35862E-01  0.35862E-01
 16      1.20000  0.20874E-02  0.77175E-02  0.24509E-01  0.29361E-01  0.29361E-01
 16      1.40000  0.36344E-02  0.55341E-02  0.21581E-01  0.24039E-01  0.24039E-01
 16      1.60000  0.51658E-02  0.37092E-02  0.18498E-01  0.19681E-01  0.19681E-01
 16      1.80000  0.66326E-02  0.23633E-02  0.15577E-01  0.16114E-01  0.16114E-01
 16      2.00000  0.76858E-02  0.14566E-02  0.12963E-01  0.13193E-01  0.13193E-01
 16      2.20000  0.81298E-02  0.90416E-03  0.10703E-01  0.10801E-01  0.10801E-01
 16      2.40000  0.79999E-02  0.60684E-03  0.87955E-02  0.88434E-02  0.88434E-02
 16      2.60000  0.74281E-02  0.45441E-03  0.72105E-02  0.72404E-02  0.72404E-02
 16      2.80000  0.65149E-02  0.34015E-03  0.59080E-02  0.59279E-02  0.59279E-02
 16      3.00000  0.53604E-02  0.20775E-03  0.48443E-02  0.48534E-02  0.48534E-02
