 Ite ALT.[km]   Ext[km-1]   Ext_err_retr[km-1]  Ext_err_smooth[km-1]   Ext_prior
 i[km-1]   Ext_err_priori[km-1]  version   2.300000    
  6      0.00000  0.10558E+00  0.24229E-01  0.34218E-01  0.19942E+00  0.19942E+00
  6      0.20000  0.88774E-01  0.15273E-01  0.42953E-01  0.16327E+00  0.16327E+00
  6      0.40000  0.12148E+00  0.25603E-01  0.33168E-01  0.13368E+00  0.13368E+00
  6      0.60000  0.14306E+00  0.10175E-01  0.55646E-01  0.10945E+00  0.10945E+00
  6      0.80000  0.13117E+00  0.13587E-01  0.54035E-01  0.89606E-01  0.89606E-01
  6      1.00000  0.10430E+00  0.17036E-01  0.45950E-01  0.73363E-01  0.73363E-01
  6      1.20000  0.79327E-01  0.14598E-01  0.42830E-01  0.60065E-01  0.60065E-01
  6      1.40000  0.60672E-01  0.10634E-01  0.39971E-01  0.49177E-01  0.49177E-01
  6      1.60000  0.47272E-01  0.71283E-02  0.35730E-01  0.40263E-01  0.40263E-01
  6      1.80000  0.37427E-01  0.45617E-02  0.30827E-01  0.32964E-01  0.32964E-01
  6      2.00000  0.29956E-01  0.28554E-02  0.26005E-01  0.26989E-01  0.26989E-01
  6      2.20000  0.24139E-01  0.17927E-02  0.21647E-01  0.22097E-01  0.22097E-01
  6      2.40000  0.19531E-01  0.11635E-02  0.17884E-01  0.18091E-01  0.18091E-01
  6      2.60000  0.15831E-01  0.79197E-03  0.14713E-01  0.14812E-01  0.14812E-01
  6      2.80000  0.12811E-01  0.53438E-03  0.12082E-01  0.12127E-01  0.12127E-01
  6      3.00000  0.10311E-01  0.30476E-03  0.99129E-02  0.99286E-02  0.99286E-02
