 Ite ALT.[km]   Ext[km-1]   Ext_err_retr[km-1]  Ext_err_smooth[km-1]   Ext_prior
 i[km-1]   Ext_err_priori[km-1]  version   2.300000    
 16      0.00000  0.11127E+00  0.11609E-01  0.15914E-01  0.75803E-01  0.75803E-01
 16      0.20000  0.12542E+00  0.64198E-02  0.19502E-01  0.62063E-01  0.62063E-01
 16      0.40000  0.77602E-01  0.99194E-02  0.18717E-01  0.50813E-01  0.50813E-01
 16      0.60000  0.16259E-01  0.44134E-02  0.21109E-01  0.41602E-01  0.41602E-01
 16      0.80000  0.17904E-08  0.65653E-02  0.21975E-01  0.34061E-01  0.34061E-01
 16      1.00000  0.27886E-08  0.78314E-02  0.20247E-01  0.27886E-01  0.27886E-01
 16      1.20000  0.22832E-08  0.69035E-02  0.18076E-01  0.22832E-01  0.22832E-01
 16      1.40000  0.18693E-08  0.53525E-02  0.15875E-01  0.18693E-01  0.18693E-01
 16      1.60000  0.15304E-08  0.38868E-02  0.13713E-01  0.15304E-01  0.15304E-01
 16      1.80000  0.12530E-08  0.27242E-02  0.11661E-01  0.12530E-01  0.12530E-01
 16      2.00000  0.10259E-08  0.18809E-02  0.97909E-02  0.10259E-01  0.10259E-01
 16      2.20000  0.83993E-09  0.12999E-02  0.81446E-02  0.83993E-02  0.83993E-02
 16      2.40000  0.68767E-09  0.90897E-03  0.67338E-02  0.68767E-02  0.68767E-02
 16      2.60000  0.54934E-08  0.64068E-03  0.55476E-02  0.56302E-02  0.56302E-02
 16      2.80000  0.58286E-03  0.43241E-03  0.45651E-02  0.46096E-02  0.46096E-02
 16      3.00000  0.15936E-02  0.24391E-03  0.37570E-02  0.37740E-02  0.37740E-02
