    ALT.[km]   NO2[mol/cm3]   NO2_err_retr[mol/cm3]   NO2_err_smooth[mol/cm3]   
 NO2_priori[mol/cm3]  NO2_err_priori[mol/cm3]   version    2.300000    
     0.00000  0.46852E+11  0.13232E+10  0.11714E+10  0.15241E+11  0.15241E+11
     0.20000  0.39325E+11  0.94752E+09  0.17143E+10  0.12478E+11  0.12478E+11
     0.40000  0.28683E+11  0.14765E+10  0.21391E+10  0.10216E+11  0.10216E+11
     0.60000  0.17967E+11  0.12758E+10  0.20484E+10  0.83642E+10  0.83642E+10
     0.80000  0.96160E+10  0.10318E+10  0.22865E+10  0.68480E+10  0.68480E+10
     1.00000  0.44447E+10  0.12101E+10  0.24914E+10  0.56067E+10  0.56067E+10
     1.20000  0.19173E+10  0.13412E+10  0.25258E+10  0.45904E+10  0.45904E+10
     1.40000  0.10032E+10  0.12453E+10  0.24536E+10  0.37583E+10  0.37583E+10
     1.60000  0.82959E+09  0.10143E+10  0.23018E+10  0.30770E+10  0.30770E+10
     1.80000  0.88624E+09  0.75719E+09  0.20845E+10  0.25192E+10  0.25192E+10
     2.00000  0.95298E+09  0.53354E+09  0.18299E+10  0.20626E+10  0.20626E+10
     2.20000  0.96689E+09  0.36105E+09  0.15690E+10  0.16887E+10  0.16887E+10
     2.40000  0.92856E+09  0.23639E+09  0.13234E+10  0.13826E+10  0.13826E+10
     2.60000  0.85569E+09  0.14954E+09  0.11042E+10  0.11320E+10  0.11320E+10
     2.80000  0.76539E+09  0.90564E+08  0.91467E+09  0.92678E+09  0.92678E+09
     3.00000  0.66955E+09  0.51692E+08  0.75406E+09  0.75878E+09  0.75878E+09
