    ALT.[km]   NO2[mol/cm3]   NO2_err_retr[mol/cm3]   NO2_err_smooth[mol/cm3]   
 NO2_priori[mol/cm3]  NO2_err_priori[mol/cm3]   version    2.300000    
     0.00000  0.18940E+11  0.24073E+10  0.25195E+10  0.44872E+11  0.44872E+11
     0.20000  0.21425E+11  0.15539E+10  0.32701E+10  0.36738E+11  0.36738E+11
     0.40000  0.21718E+11  0.23487E+10  0.21837E+10  0.30079E+11  0.30079E+11
     0.60000  0.18095E+11  0.19811E+10  0.33632E+10  0.24626E+11  0.24626E+11
     0.80000  0.12396E+11  0.24125E+10  0.52050E+10  0.20162E+11  0.20162E+11
     1.00000  0.74088E+10  0.27302E+10  0.52875E+10  0.16507E+11  0.16507E+11
     1.20000  0.46034E+10  0.24446E+10  0.47900E+10  0.13515E+11  0.13515E+11
     1.40000  0.37733E+10  0.21468E+10  0.45875E+10  0.11065E+11  0.11065E+11
     1.60000  0.39459E+10  0.20964E+10  0.45549E+10  0.90595E+10  0.90595E+10
     1.80000  0.42753E+10  0.20184E+10  0.44415E+10  0.74173E+10  0.74173E+10
     2.00000  0.43615E+10  0.17778E+10  0.41946E+10  0.60728E+10  0.60728E+10
     2.20000  0.41513E+10  0.14344E+10  0.38413E+10  0.49720E+10  0.49720E+10
     2.40000  0.37397E+10  0.10765E+10  0.34257E+10  0.40707E+10  0.40707E+10
     2.60000  0.32394E+10  0.75715E+09  0.29893E+10  0.33328E+10  0.33328E+10
     2.80000  0.27318E+10  0.49776E+09  0.25622E+10  0.27287E+10  0.27287E+10
     3.00000  0.22638E+10  0.30255E+09  0.21631E+10  0.22340E+10  0.22340E+10
