 Ite ALT.[km]   Ext[km-1]   Ext_err_retr[km-1]  Ext_err_smooth[km-1]   Ext_prior
 i[km-1]   Ext_err_priori[km-1]  version   2.300000    
  4      0.00000  0.56642E-01  0.12417E-01  0.23084E-01  0.77958E-01  0.77958E-01
  4      0.20000  0.67192E-01  0.49024E-02  0.19868E-01  0.63827E-01  0.63827E-01
  4      0.40000  0.69047E-01  0.10479E-01  0.21671E-01  0.52257E-01  0.52257E-01
  4      0.60000  0.52708E-01  0.60613E-02  0.20987E-01  0.42784E-01  0.42784E-01
  4      0.80000  0.33947E-01  0.59259E-02  0.22026E-01  0.35029E-01  0.35029E-01
  4      1.00000  0.22139E-01  0.75711E-02  0.20778E-01  0.28679E-01  0.28679E-01
  4      1.20000  0.16359E-01  0.67730E-02  0.18915E-01  0.23481E-01  0.23481E-01
  4      1.40000  0.13564E-01  0.50169E-02  0.16855E-01  0.19224E-01  0.19224E-01
  4      1.60000  0.11875E-01  0.33267E-02  0.14635E-01  0.15740E-01  0.15740E-01
  4      1.80000  0.10504E-01  0.20386E-02  0.12422E-01  0.12886E-01  0.12886E-01
  4      2.00000  0.92112E-02  0.11662E-02  0.10375E-01  0.10551E-01  0.10551E-01
  4      2.20000  0.79640E-02  0.62107E-03  0.85799E-02  0.86380E-02  0.86380E-02
  4      2.40000  0.67908E-02  0.30524E-03  0.70558E-02  0.70722E-02  0.70722E-02
  4      2.60000  0.57205E-02  0.14303E-03  0.57861E-02  0.57903E-02  0.57903E-02
  4      2.80000  0.47635E-02  0.77706E-04  0.47392E-02  0.47407E-02  0.47407E-02
  4      3.00000  0.39197E-02  0.46535E-04  0.38807E-02  0.38813E-02  0.38813E-02
