    ALT.[km]   NO2[mol/cm3]   NO2_err_retr[mol/cm3]   NO2_err_smooth[mol/cm3]   
 NO2_priori[mol/cm3]  NO2_err_priori[mol/cm3]   version    2.300000    
     0.00000  0.15730E+11  0.25760E+10  0.19911E+10  0.27219E+11  0.27219E+11
     0.20000  0.11700E+11  0.10945E+10  0.30472E+10  0.22285E+11  0.22285E+11
     0.40000  0.93530E+10  0.21691E+10  0.28837E+10  0.18245E+11  0.18245E+11
     0.60000  0.80093E+10  0.20769E+10  0.23015E+10  0.14938E+11  0.14938E+11
     0.80000  0.71841E+10  0.13235E+10  0.35781E+10  0.12230E+11  0.12230E+11
     1.00000  0.65968E+10  0.12814E+10  0.40656E+10  0.10013E+11  0.10013E+11
     1.20000  0.60882E+10  0.17305E+10  0.35910E+10  0.81982E+10  0.81982E+10
     1.40000  0.55651E+10  0.18877E+10  0.29539E+10  0.67121E+10  0.67121E+10
     1.60000  0.49886E+10  0.17437E+10  0.26658E+10  0.54954E+10  0.54954E+10
     1.80000  0.43671E+10  0.14524E+10  0.26084E+10  0.44993E+10  0.44993E+10
     2.00000  0.37369E+10  0.11316E+10  0.25282E+10  0.36837E+10  0.36837E+10
     2.20000  0.31375E+10  0.84017E+09  0.23516E+10  0.30160E+10  0.30160E+10
     2.40000  0.25969E+10  0.59812E+09  0.21068E+10  0.24693E+10  0.24693E+10
     2.60000  0.21280E+10  0.40700E+09  0.18357E+10  0.20217E+10  0.20217E+10
     2.80000  0.17323E+10  0.26194E+09  0.15677E+10  0.16552E+10  0.16552E+10
     3.00000  0.14049E+10  0.15697E+09  0.13187E+10  0.13552E+10  0.13552E+10
