    ALT.[km]   NO2[mol/cm3]   NO2_err_retr[mol/cm3]   NO2_err_smooth[mol/cm3]   
 NO2_priori[mol/cm3]  NO2_err_priori[mol/cm3]   version    2.300000    
     0.00000  0.22709E+11  0.17210E+10  0.14792E+10  0.24880E+11  0.24880E+11
     0.20000  0.18050E+11  0.13233E+10  0.20349E+10  0.20370E+11  0.20370E+11
     0.40000  0.14429E+11  0.22941E+10  0.19873E+10  0.16678E+11  0.16678E+11
     0.60000  0.11853E+11  0.17161E+10  0.27661E+10  0.13654E+11  0.13654E+11
     0.80000  0.10165E+11  0.91554E+09  0.37065E+10  0.11179E+11  0.11179E+11
     1.00000  0.90292E+10  0.14757E+10  0.36792E+10  0.91528E+10  0.91528E+10
     1.20000  0.80979E+10  0.19486E+10  0.32683E+10  0.74937E+10  0.74937E+10
     1.40000  0.71612E+10  0.19375E+10  0.30723E+10  0.61353E+10  0.61353E+10
     1.60000  0.61740E+10  0.16426E+10  0.30344E+10  0.50232E+10  0.50232E+10
     1.80000  0.51862E+10  0.12681E+10  0.29260E+10  0.41126E+10  0.41126E+10
     2.00000  0.42644E+10  0.92482E+09  0.26958E+10  0.33671E+10  0.33671E+10
     2.20000  0.34523E+10  0.64948E+09  0.23909E+10  0.27568E+10  0.27568E+10
     2.40000  0.27651E+10  0.44195E+09  0.20650E+10  0.22571E+10  0.22571E+10
     2.60000  0.21987E+10  0.29023E+09  0.17523E+10  0.18479E+10  0.18479E+10
     2.80000  0.17404E+10  0.18175E+09  0.14690E+10  0.15130E+10  0.15130E+10
     3.00000  0.13755E+10  0.10670E+09  0.12208E+10  0.12387E+10  0.12387E+10
