 Ite ALT.[km]   Ext[km-1]   Ext_err_retr[km-1]  Ext_err_smooth[km-1]   Ext_prior
 i[km-1]   Ext_err_priori[km-1]  version   2.300000    
 16      0.00000  0.17800E+00  0.32804E-01  0.45424E-01  0.20560E+00  0.20560E+00
 16      0.20000  0.10305E+00  0.14476E-01  0.49122E-01  0.16833E+00  0.16833E+00
 16      0.40000  0.85021E-01  0.31786E-01  0.42251E-01  0.13782E+00  0.13782E+00
 16      0.60000  0.10093E+00  0.15992E-01  0.56186E-01  0.11283E+00  0.11283E+00
 16      0.80000  0.10676E+00  0.11056E-01  0.58537E-01  0.92380E-01  0.92380E-01
 16      1.00000  0.96724E-01  0.17641E-01  0.49637E-01  0.75635E-01  0.75635E-01
 16      1.20000  0.81767E-01  0.16879E-01  0.43634E-01  0.61924E-01  0.61924E-01
 16      1.40000  0.68411E-01  0.13151E-01  0.39773E-01  0.50699E-01  0.50699E-01
 16      1.60000  0.57726E-01  0.93371E-02  0.35603E-01  0.41509E-01  0.41509E-01
 16      1.80000  0.48917E-01  0.63875E-02  0.30936E-01  0.33985E-01  0.33985E-01
 16      2.00000  0.41268E-01  0.43670E-02  0.26263E-01  0.27824E-01  0.27824E-01
 16      2.20000  0.34484E-01  0.30579E-02  0.21963E-01  0.22781E-01  0.22781E-01
 16      2.40000  0.28501E-01  0.22142E-02  0.18203E-01  0.18651E-01  0.18651E-01
 16      2.60000  0.23232E-01  0.16348E-02  0.15013E-01  0.15270E-01  0.15270E-01
 16      2.80000  0.18375E-01  0.11516E-02  0.12363E-01  0.12502E-01  0.12502E-01
 16      3.00000  0.13716E-01  0.66888E-03  0.10182E-01  0.10236E-01  0.10236E-01
