 Ite ALT.[km]   Ext[km-1]   Ext_err_retr[km-1]  Ext_err_smooth[km-1]   Ext_prior
 i[km-1]   Ext_err_priori[km-1]  version   2.300000    
  7      0.00000  0.48873E-01  0.17419E-01  0.26434E-01  0.11596E+00  0.11596E+00
  7      0.20000  0.64890E-01  0.93954E-02  0.27335E-01  0.94944E-01  0.94944E-01
  7      0.40000  0.83676E-01  0.17955E-01  0.24983E-01  0.77734E-01  0.77734E-01
  7      0.60000  0.76445E-01  0.64653E-02  0.31404E-01  0.63643E-01  0.63643E-01
  7      0.80000  0.57718E-01  0.88281E-02  0.31637E-01  0.52106E-01  0.52106E-01
  7      1.00000  0.42475E-01  0.12449E-01  0.27771E-01  0.42661E-01  0.42661E-01
  7      1.20000  0.32768E-01  0.10838E-01  0.25727E-01  0.34928E-01  0.34928E-01
  7      1.40000  0.26423E-01  0.77719E-02  0.23826E-01  0.28597E-01  0.28597E-01
  7      1.60000  0.21798E-01  0.50341E-02  0.21210E-01  0.23413E-01  0.23413E-01
  7      1.80000  0.18127E-01  0.30599E-02  0.18235E-01  0.19169E-01  0.19169E-01
  7      2.00000  0.15086E-01  0.17876E-02  0.15325E-01  0.15694E-01  0.15694E-01
  7      2.20000  0.12529E-01  0.10386E-02  0.12709E-01  0.12849E-01  0.12849E-01
  7      2.40000  0.10373E-01  0.63852E-03  0.10465E-01  0.10520E-01  0.10520E-01
  7      2.60000  0.85626E-02  0.43795E-03  0.85869E-02  0.86131E-02  0.86131E-02
  7      2.80000  0.70463E-02  0.31090E-03  0.70374E-02  0.70518E-02  0.70518E-02
  7      3.00000  0.57805E-02  0.18576E-03  0.57675E-02  0.57736E-02  0.57736E-02
