    ALT.[km]   NO2[mol/cm3]   NO2_err_retr[mol/cm3]   NO2_err_smooth[mol/cm3]   
 NO2_priori[mol/cm3]  NO2_err_priori[mol/cm3]   version    2.300000    
     0.00000  0.92399E+11  0.22604E+10  0.17558E+10  0.31320E+11  0.31320E+11
     0.20000  0.59647E+11  0.14732E+10  0.25699E+10  0.25643E+11  0.25643E+11
     0.40000  0.29989E+11  0.25682E+10  0.20800E+10  0.20995E+11  0.20995E+11
     0.60000  0.10300E+11  0.20802E+10  0.29684E+10  0.17189E+11  0.17189E+11
     0.80000  0.11304E+10  0.14408E+10  0.43531E+10  0.14073E+11  0.14073E+11
     1.00000 -0.10669E+10  0.18757E+10  0.43772E+10  0.11522E+11  0.11522E+11
     1.20000 -0.30415E+09  0.22733E+10  0.38067E+10  0.94335E+10  0.94335E+10
     1.40000  0.94107E+09  0.22398E+10  0.35234E+10  0.77235E+10  0.77235E+10
     1.60000  0.17684E+10  0.19410E+10  0.35195E+10  0.63234E+10  0.63234E+10
     1.80000  0.21156E+10  0.15567E+10  0.34591E+10  0.51772E+10  0.51772E+10
     2.00000  0.21565E+10  0.11858E+10  0.32403E+10  0.42387E+10  0.42387E+10
     2.20000  0.20462E+10  0.86790E+09  0.29115E+10  0.34704E+10  0.34704E+10
     2.40000  0.18751E+10  0.61194E+09  0.25401E+10  0.28413E+10  0.28413E+10
     2.60000  0.16868E+10  0.41366E+09  0.21725E+10  0.23263E+10  0.23263E+10
     2.80000  0.14995E+10  0.26502E+09  0.18324E+10  0.19046E+10  0.19046E+10
     3.00000  0.13188E+10  0.15833E+09  0.15293E+10  0.15593E+10  0.15593E+10
