    ALT.[km]   NO2[mol/cm3]   NO2_err_retr[mol/cm3]   NO2_err_smooth[mol/cm3]   
 NO2_priori[mol/cm3]  NO2_err_priori[mol/cm3]   version    2.300000    
     0.00000  0.15928E+11  0.26311E+10  0.19940E+10  0.33533E+11  0.33533E+11
     0.20000  0.12967E+11  0.12794E+10  0.35325E+10  0.27455E+11  0.27455E+11
     0.40000  0.10119E+11  0.23425E+10  0.29657E+10  0.22478E+11  0.22478E+11
     0.60000  0.70319E+10  0.20977E+10  0.26005E+10  0.18404E+11  0.18404E+11
     0.80000  0.45060E+10  0.15255E+10  0.43227E+10  0.15068E+11  0.15068E+11
     1.00000  0.32956E+10  0.17386E+10  0.47348E+10  0.12336E+11  0.12336E+11
     1.20000  0.33735E+10  0.20438E+10  0.40757E+10  0.10100E+11  0.10100E+11
     1.40000  0.40988E+10  0.20389E+10  0.34124E+10  0.82692E+10  0.82692E+10
     1.60000  0.47803E+10  0.18411E+10  0.32071E+10  0.67703E+10  0.67703E+10
     1.80000  0.50437E+10  0.15741E+10  0.31864E+10  0.55430E+10  0.55430E+10
     2.00000  0.48525E+10  0.12870E+10  0.30855E+10  0.45383E+10  0.45383E+10
     2.20000  0.43495E+10  0.10034E+10  0.28639E+10  0.37156E+10  0.37156E+10
     2.40000  0.37053E+10  0.74327E+09  0.25666E+10  0.30421E+10  0.30421E+10
     2.60000  0.30461E+10  0.52078E+09  0.22414E+10  0.24906E+10  0.24906E+10
     2.80000  0.24441E+10  0.34213E+09  0.19197E+10  0.20392E+10  0.20392E+10
     3.00000  0.19322E+10  0.20798E+09  0.16191E+10  0.16695E+10  0.16695E+10
