 Ite ALT.[km]   Ext[km-1]   Ext_err_retr[km-1]  Ext_err_smooth[km-1]   Ext_prior
 i[km-1]   Ext_err_priori[km-1]  version   2.300000    
  8      0.00000  0.78562E-01  0.20956E-01  0.33133E-01  0.13667E+00  0.13667E+00
  8      0.20000  0.48146E-01  0.83487E-02  0.32266E-01  0.11189E+00  0.11189E+00
  8      0.40000  0.54484E-01  0.20643E-01  0.27851E-01  0.91612E-01  0.91612E-01
  8      0.60000  0.72613E-01  0.95258E-02  0.35732E-01  0.75005E-01  0.75005E-01
  8      0.80000  0.79238E-01  0.75470E-02  0.37566E-01  0.61409E-01  0.61409E-01
  8      1.00000  0.72438E-01  0.12975E-01  0.31725E-01  0.50278E-01  0.50278E-01
  8      1.20000  0.59615E-01  0.12204E-01  0.28498E-01  0.41164E-01  0.41164E-01
  8      1.40000  0.46553E-01  0.91361E-02  0.26665E-01  0.33702E-01  0.33702E-01
  8      1.60000  0.35623E-01  0.61144E-02  0.24157E-01  0.27593E-01  0.27593E-01
  8      1.80000  0.27200E-01  0.38662E-02  0.21031E-01  0.22591E-01  0.22591E-01
  8      2.00000  0.20915E-01  0.24033E-02  0.17812E-01  0.18496E-01  0.18496E-01
  8      2.20000  0.16261E-01  0.15291E-02  0.14842E-01  0.15143E-01  0.15143E-01
  8      2.40000  0.12794E-01  0.10304E-02  0.12258E-01  0.12398E-01  0.12398E-01
  8      2.60000  0.10181E-01  0.73432E-03  0.10079E-01  0.10151E-01  0.10151E-01
  8      2.80000  0.82006E-02  0.51269E-03  0.82733E-02  0.83108E-02  0.83108E-02
  8      3.00000  0.66956E-02  0.29804E-03  0.67899E-02  0.68043E-02  0.68043E-02
