 Ite ALT.[km]   Ext[km-1]   Ext_err_retr[km-1]  Ext_err_smooth[km-1]   Ext_prior
 i[km-1]   Ext_err_priori[km-1]  version   2.300000    
 16      0.00000  0.17029E+00  0.23934E-01  0.28693E-01  0.16375E+00  0.16375E+00
 16      0.20000  0.87074E-01  0.13072E-01  0.36866E-01  0.13406E+00  0.13406E+00
 16      0.40000  0.60903E-01  0.22819E-01  0.29917E-01  0.10976E+00  0.10976E+00
 16      0.60000  0.78377E-01  0.82200E-02  0.45314E-01  0.89865E-01  0.89865E-01
 16      0.80000  0.88186E-01  0.13287E-01  0.43170E-01  0.73576E-01  0.73576E-01
 16      1.00000  0.80219E-01  0.16893E-01  0.36752E-01  0.60239E-01  0.60239E-01
 16      1.20000  0.65948E-01  0.14140E-01  0.35071E-01  0.49319E-01  0.49319E-01
 16      1.40000  0.52791E-01  0.98185E-02  0.33340E-01  0.40379E-01  0.40379E-01
 16      1.60000  0.42367E-01  0.61589E-02  0.29984E-01  0.33060E-01  0.33060E-01
 16      1.80000  0.34273E-01  0.36730E-02  0.25821E-01  0.27067E-01  0.27067E-01
 16      2.00000  0.27866E-01  0.22224E-02  0.21668E-01  0.22161E-01  0.22161E-01
 16      2.20000  0.22686E-01  0.14909E-02  0.17933E-01  0.18144E-01  0.18144E-01
 16      2.40000  0.18446E-01  0.11408E-02  0.14742E-01  0.14855E-01  0.14855E-01
 16      2.60000  0.14937E-01  0.92103E-03  0.12086E-01  0.12162E-01  0.12162E-01
 16      2.80000  0.11942E-01  0.69577E-03  0.99074E-02  0.99574E-02  0.99574E-02
 16      3.00000  0.93081E-02  0.42067E-03  0.81304E-02  0.81524E-02  0.81524E-02
