 Ite ALT.[km]   Ext[km-1]   Ext_err_retr[km-1]  Ext_err_smooth[km-1]   Ext_prior
 i[km-1]   Ext_err_priori[km-1]  version   2.300000    
  6      0.00000  0.14812E+00  0.23918E-01  0.39536E-01  0.21400E+00  0.21400E+00
  6      0.20000  0.53453E-01  0.13258E-01  0.45872E-01  0.17521E+00  0.17521E+00
  6      0.40000  0.65474E-01  0.22792E-01  0.33441E-01  0.14345E+00  0.14345E+00
  6      0.60000  0.13124E+00  0.11658E-01  0.56099E-01  0.11744E+00  0.11744E+00
  6      0.80000  0.16057E+00  0.14871E-01  0.54952E-01  0.96155E-01  0.96155E-01
  6      1.00000  0.14431E+00  0.16959E-01  0.46770E-01  0.78725E-01  0.78725E-01
  6      1.20000  0.11240E+00  0.14734E-01  0.44580E-01  0.64454E-01  0.64454E-01
  6      1.40000  0.83894E-01  0.10990E-01  0.42478E-01  0.52771E-01  0.52771E-01
  6      1.60000  0.62932E-01  0.73724E-02  0.38384E-01  0.43205E-01  0.43205E-01
  6      1.80000  0.48090E-01  0.45905E-02  0.33249E-01  0.35373E-01  0.35373E-01
  6      2.00000  0.37385E-01  0.27299E-02  0.28062E-01  0.28961E-01  0.28961E-01
  6      2.20000  0.29432E-01  0.16109E-02  0.23338E-01  0.23711E-01  0.23711E-01
  6      2.40000  0.23368E-01  0.10038E-02  0.19256E-01  0.19413E-01  0.19413E-01
  6      2.60000  0.18636E-01  0.69268E-03  0.15824E-01  0.15894E-01  0.15894E-01
  6      2.80000  0.14821E-01  0.48973E-03  0.12981E-01  0.13013E-01  0.13013E-01
  6      3.00000  0.11652E-01  0.29016E-03  0.10643E-01  0.10654E-01  0.10654E-01
