 Ite ALT.[km]   Ext[km-1]   Ext_err_retr[km-1]  Ext_err_smooth[km-1]   Ext_prior
 i[km-1]   Ext_err_priori[km-1]  version   2.300000    
  6      0.00000  0.73788E-01  0.19302E-01  0.28356E-01  0.15394E+00  0.15394E+00
  6      0.20000  0.76738E-01  0.11511E-01  0.34095E-01  0.12604E+00  0.12604E+00
  6      0.40000  0.98891E-01  0.20455E-01  0.26454E-01  0.10319E+00  0.10319E+00
  6      0.60000  0.10396E+00  0.70249E-02  0.42360E-01  0.84487E-01  0.84487E-01
  6      0.80000  0.92323E-01  0.10483E-01  0.41548E-01  0.69172E-01  0.69172E-01
  6      1.00000  0.75501E-01  0.14098E-01  0.35118E-01  0.56633E-01  0.56633E-01
  6      1.20000  0.59546E-01  0.12092E-01  0.32793E-01  0.46367E-01  0.46367E-01
  6      1.40000  0.46251E-01  0.86606E-02  0.30826E-01  0.37962E-01  0.37962E-01
  6      1.60000  0.35806E-01  0.56862E-02  0.27672E-01  0.31081E-01  0.31081E-01
  6      1.80000  0.27833E-01  0.35936E-02  0.23896E-01  0.25447E-01  0.25447E-01
  6      2.00000  0.21809E-01  0.22793E-02  0.20140E-01  0.20834E-01  0.20834E-01
  6      2.20000  0.17249E-01  0.15131E-02  0.16740E-01  0.17058E-01  0.17058E-01
  6      2.40000  0.13769E-01  0.10753E-02  0.13810E-01  0.13966E-01  0.13966E-01
  6      2.60000  0.11089E-01  0.79912E-03  0.11351E-01  0.11434E-01  0.11434E-01
  6      2.80000  0.90239E-02  0.56962E-03  0.93176E-02  0.93614E-02  0.93614E-02
  6      3.00000  0.74383E-02  0.33313E-03  0.76476E-02  0.76645E-02  0.76645E-02
