    ALT.[km]   NO2[mol/cm3]   NO2_err_retr[mol/cm3]   NO2_err_smooth[mol/cm3]   
 NO2_priori[mol/cm3]  NO2_err_priori[mol/cm3]   version    2.300000    
     0.00000  0.30814E+11  0.23544E+10  0.23327E+10  0.42806E+11  0.42806E+11
     0.20000  0.21858E+11  0.15395E+10  0.33196E+10  0.35046E+11  0.35046E+11
     0.40000  0.18252E+11  0.23474E+10  0.22613E+10  0.28694E+11  0.28694E+11
     0.60000  0.17561E+11  0.19362E+10  0.32256E+10  0.23492E+11  0.23492E+11
     0.80000  0.16856E+11  0.22387E+10  0.50631E+10  0.19234E+11  0.19234E+11
     1.00000  0.14692E+11  0.26076E+10  0.51575E+10  0.15747E+11  0.15747E+11
     1.20000  0.11410E+11  0.24309E+10  0.46037E+10  0.12893E+11  0.12893E+11
     1.40000  0.80981E+10  0.21581E+10  0.43518E+10  0.10556E+11  0.10556E+11
     1.60000  0.55501E+10  0.20512E+10  0.43267E+10  0.86423E+10  0.86423E+10
     1.80000  0.39425E+10  0.19312E+10  0.42398E+10  0.70757E+10  0.70757E+10
     2.00000  0.30558E+10  0.16838E+10  0.40145E+10  0.57931E+10  0.57931E+10
     2.20000  0.25855E+10  0.13530E+10  0.36780E+10  0.47430E+10  0.47430E+10
     2.40000  0.23068E+10  0.10134E+10  0.32782E+10  0.38832E+10  0.38832E+10
     2.60000  0.20986E+10  0.71201E+09  0.28580E+10  0.31793E+10  0.31793E+10
     2.80000  0.19085E+10  0.46771E+09  0.24477E+10  0.26030E+10  0.26030E+10
     3.00000  0.17170E+10  0.28411E+09  0.20651E+10  0.21312E+10  0.21312E+10
