 Ite ALT.[km]   Ext[km-1]   Ext_err_retr[km-1]  Ext_err_smooth[km-1]   Ext_prior
 i[km-1]   Ext_err_priori[km-1]  version   2.300000    
  6      0.00000  0.93823E-01  0.15533E-01  0.20093E-01  0.11716E+00  0.11716E+00
  6      0.20000  0.15110E+00  0.13052E-01  0.27666E-01  0.95919E-01  0.95919E-01
  6      0.40000  0.12428E+00  0.15440E-01  0.27204E-01  0.78532E-01  0.78532E-01
  6      0.60000  0.49534E-01  0.54398E-02  0.32979E-01  0.64297E-01  0.64297E-01
  6      0.80000  0.72536E-02  0.12386E-01  0.32638E-01  0.52642E-01  0.52642E-01
  6      1.00000  0.27408E-03  0.13063E-01  0.30833E-01  0.43099E-01  0.43099E-01
  6      1.20000  0.45132E-02  0.10310E-01  0.28606E-01  0.35287E-01  0.35287E-01
  6      1.40000  0.10225E-01  0.71721E-02  0.25590E-01  0.28890E-01  0.28890E-01
  6      1.60000  0.14435E-01  0.46352E-02  0.22160E-01  0.23653E-01  0.23653E-01
  6      1.80000  0.16673E-01  0.29271E-02  0.18720E-01  0.19366E-01  0.19366E-01
  6      2.00000  0.17109E-01  0.19762E-02  0.15548E-01  0.15855E-01  0.15855E-01
  6      2.20000  0.16228E-01  0.15262E-02  0.12786E-01  0.12981E-01  0.12981E-01
  6      2.40000  0.14567E-01  0.12844E-02  0.10468E-01  0.10628E-01  0.10628E-01
  6      2.60000  0.12519E-01  0.10773E-02  0.85633E-02  0.87016E-02  0.87016E-02
  6      2.80000  0.10222E-01  0.82195E-03  0.70249E-02  0.71243E-02  0.71243E-02
  6      3.00000  0.77571E-02  0.49724E-03  0.57882E-02  0.58328E-02  0.58328E-02
