    ALT.[km]   NO2[mol/cm3]   NO2_err_retr[mol/cm3]   NO2_err_smooth[mol/cm3]   
 NO2_priori[mol/cm3]  NO2_err_priori[mol/cm3]   version    2.300000    
     0.00000  0.17085E+11  0.30121E+10  0.32976E+10  0.34666E+11  0.34666E+11
     0.20000  0.16509E+11  0.15560E+10  0.30884E+10  0.28382E+11  0.28382E+11
     0.40000  0.18012E+11  0.33458E+10  0.36440E+10  0.23237E+11  0.23237E+11
     0.60000  0.19187E+11  0.28281E+10  0.38772E+10  0.19025E+11  0.19025E+11
     0.80000  0.18791E+11  0.13446E+10  0.50284E+10  0.15577E+11  0.15577E+11
     1.00000  0.16875E+11  0.16979E+10  0.53078E+10  0.12753E+11  0.12753E+11
     1.20000  0.14161E+11  0.25614E+10  0.48831E+10  0.10441E+11  0.10441E+11
     1.40000  0.11373E+11  0.27307E+10  0.44868E+10  0.85486E+10  0.85486E+10
     1.60000  0.89352E+10  0.24087E+10  0.42776E+10  0.69990E+10  0.69990E+10
     1.80000  0.69762E+10  0.19024E+10  0.40551E+10  0.57303E+10  0.57303E+10
     2.00000  0.54625E+10  0.14047E+10  0.37202E+10  0.46916E+10  0.46916E+10
     2.20000  0.43059E+10  0.99244E+09  0.33016E+10  0.38411E+10  0.38411E+10
     2.40000  0.34192E+10  0.67713E+09  0.28573E+10  0.31448E+10  0.31448E+10
     2.60000  0.27328E+10  0.44516E+09  0.24298E+10  0.25748E+10  0.25748E+10
     2.80000  0.21960E+10  0.27889E+09  0.20408E+10  0.21081E+10  0.21081E+10
     3.00000  0.17725E+10  0.16372E+09  0.16983E+10  0.17259E+10  0.17259E+10
