    ALT.[km]   NO2[mol/cm3]   NO2_err_retr[mol/cm3]   NO2_err_smooth[mol/cm3]   
 NO2_priori[mol/cm3]  NO2_err_priori[mol/cm3]   version    2.300000    
     0.00000  0.11097E+11  0.15673E+10  0.15120E+10  0.17580E+11  0.17580E+11
     0.20000  0.14301E+11  0.79000E+09  0.14827E+10  0.14393E+11  0.14393E+11
     0.40000  0.15794E+11  0.15817E+10  0.15316E+10  0.11784E+11  0.11784E+11
     0.60000  0.14401E+11  0.13386E+10  0.17069E+10  0.96479E+10  0.96479E+10
     0.80000  0.10946E+11  0.86985E+09  0.24064E+10  0.78990E+10  0.78990E+10
     1.00000  0.70875E+10  0.11813E+10  0.25304E+10  0.64672E+10  0.64672E+10
     1.20000  0.40564E+10  0.15066E+10  0.23077E+10  0.52949E+10  0.52949E+10
     1.40000  0.22159E+10  0.14954E+10  0.21745E+10  0.43351E+10  0.43351E+10
     1.60000  0.13311E+10  0.12641E+10  0.21510E+10  0.35493E+10  0.35493E+10
     1.80000  0.10009E+10  0.96696E+09  0.20825E+10  0.29059E+10  0.29059E+10
     2.00000  0.91104E+09  0.69508E+09  0.19231E+10  0.23791E+10  0.23791E+10
     2.20000  0.88961E+09  0.47996E+09  0.17053E+10  0.19479E+10  0.19479E+10
     2.40000  0.86741E+09  0.32130E+09  0.14704E+10  0.15948E+10  0.15948E+10
     2.60000  0.82706E+09  0.20809E+09  0.12449E+10  0.13057E+10  0.13057E+10
     2.80000  0.76966E+09  0.12893E+09  0.10415E+10  0.10690E+10  0.10690E+10
     3.00000  0.69990E+09  0.75108E+08  0.86408E+09  0.87524E+09  0.87524E+09
