    ALT.[km]   NO2[mol/cm3]   NO2_err_retr[mol/cm3]   NO2_err_smooth[mol/cm3]   
 NO2_priori[mol/cm3]  NO2_err_priori[mol/cm3]   version    2.300000    
     0.00000  0.15420E+11  0.22318E+10  0.18721E+10  0.26653E+11  0.26653E+11
     0.20000  0.11332E+11  0.10346E+10  0.27315E+10  0.21821E+11  0.21821E+11
     0.40000  0.88391E+10  0.20266E+10  0.24259E+10  0.17866E+11  0.17866E+11
     0.60000  0.73076E+10  0.18294E+10  0.21109E+10  0.14627E+11  0.14627E+11
     0.80000  0.63043E+10  0.12034E+10  0.34560E+10  0.11976E+11  0.11976E+11
     1.00000  0.55941E+10  0.13968E+10  0.38141E+10  0.98049E+10  0.98049E+10
     1.20000  0.50447E+10  0.18004E+10  0.33085E+10  0.80276E+10  0.80276E+10
     1.40000  0.45651E+10  0.18698E+10  0.27959E+10  0.65724E+10  0.65724E+10
     1.60000  0.40980E+10  0.16785E+10  0.26547E+10  0.53811E+10  0.53811E+10
     1.80000  0.36230E+10  0.13794E+10  0.26483E+10  0.44056E+10  0.44056E+10
     2.00000  0.31479E+10  0.10700E+10  0.25575E+10  0.36070E+10  0.36070E+10
     2.20000  0.26921E+10  0.79385E+09  0.23578E+10  0.29532E+10  0.29532E+10
     2.40000  0.22733E+10  0.56520E+09  0.20954E+10  0.24179E+10  0.24179E+10
     2.60000  0.19017E+10  0.38456E+09  0.18147E+10  0.19796E+10  0.19796E+10
     2.80000  0.15801E+10  0.24742E+09  0.15433E+10  0.16207E+10  0.16207E+10
     3.00000  0.13067E+10  0.14822E+09  0.12947E+10  0.13270E+10  0.13270E+10
