    ALT.[km]   NO2[mol/cm3]   NO2_err_retr[mol/cm3]   NO2_err_smooth[mol/cm3]   
 NO2_priori[mol/cm3]  NO2_err_priori[mol/cm3]   version    2.300000    
     0.00000  0.52492E+11  0.22459E+10  0.15748E+10  0.30806E+11  0.30806E+11
     0.20000  0.54149E+11  0.15262E+10  0.27981E+10  0.25222E+11  0.25222E+11
     0.40000  0.44496E+11  0.25877E+10  0.22936E+10  0.20650E+11  0.20650E+11
     0.60000  0.27131E+11  0.19787E+10  0.29873E+10  0.16907E+11  0.16907E+11
     0.80000  0.95433E+10  0.12652E+10  0.43243E+10  0.13842E+11  0.13842E+11
     1.00000 -0.25520E+10  0.19614E+10  0.43337E+10  0.11333E+11  0.11333E+11
     1.20000 -0.78092E+10  0.24901E+10  0.37612E+10  0.92787E+10  0.92787E+10
     1.40000 -0.80908E+10  0.24480E+10  0.35266E+10  0.75967E+10  0.75967E+10
     1.60000 -0.60490E+10  0.20641E+10  0.35841E+10  0.62197E+10  0.62197E+10
     1.80000 -0.35937E+10  0.15831E+10  0.35496E+10  0.50922E+10  0.50922E+10
     2.00000 -0.16066E+10  0.11431E+10  0.33224E+10  0.41692E+10  0.41692E+10
     2.20000 -0.27896E+09  0.79208E+09  0.29685E+10  0.34134E+10  0.34134E+10
     2.40000  0.49770E+09  0.53075E+09  0.25698E+10  0.27947E+10  0.27947E+10
     2.60000  0.89590E+09  0.34318E+09  0.21800E+10  0.22881E+10  0.22881E+10
     2.80000  0.10584E+10  0.21190E+09  0.18252E+10  0.18733E+10  0.18733E+10
     3.00000  0.10806E+10  0.12291E+09  0.15146E+10  0.15338E+10  0.15338E+10
