 Ite ALT.[km]   Ext[km-1]   Ext_err_retr[km-1]  Ext_err_smooth[km-1]   Ext_prior
 i[km-1]   Ext_err_priori[km-1]  version   2.300000    
  4      0.00000  0.61334E-01  0.11732E-01  0.22477E-01  0.76848E-01  0.76848E-01
  4      0.20000  0.73049E-01  0.52180E-02  0.19743E-01  0.62918E-01  0.62918E-01
  4      0.40000  0.70019E-01  0.10323E-01  0.21673E-01  0.51512E-01  0.51512E-01
  4      0.60000  0.47275E-01  0.62940E-02  0.20494E-01  0.42175E-01  0.42175E-01
  4      0.80000  0.25488E-01  0.59103E-02  0.21771E-01  0.34530E-01  0.34530E-01
  4      1.00000  0.14021E-01  0.74783E-02  0.20614E-01  0.28271E-01  0.28271E-01
  4      1.20000  0.99968E-02  0.68098E-02  0.18649E-01  0.23146E-01  0.23146E-01
  4      1.40000  0.90580E-02  0.51675E-02  0.16529E-01  0.18950E-01  0.18950E-01
  4      1.60000  0.88538E-02  0.35283E-02  0.14329E-01  0.15515E-01  0.15515E-01
  4      1.80000  0.85414E-02  0.22409E-02  0.12171E-01  0.12703E-01  0.12703E-01
  4      2.00000  0.79585E-02  0.13416E-02  0.10182E-01  0.10400E-01  0.10400E-01
  4      2.20000  0.71721E-02  0.75846E-03  0.84335E-02  0.85150E-02  0.85150E-02
  4      2.40000  0.62916E-02  0.40115E-03  0.69443E-02  0.69715E-02  0.69715E-02
  4      2.60000  0.54048E-02  0.19443E-03  0.56998E-02  0.57077E-02  0.57077E-02
  4      2.80000  0.45646E-02  0.84742E-04  0.46709E-02  0.46731E-02  0.46731E-02
  4      3.00000  0.37993E-02  0.33144E-04  0.38254E-02  0.38260E-02  0.38260E-02
