 Ite ALT.[km]   Ext[km-1]   Ext_err_retr[km-1]  Ext_err_smooth[km-1]   Ext_prior
 i[km-1]   Ext_err_priori[km-1]  version   2.300000    
 10      0.00000  0.28258E+00  0.34725E-01  0.52356E-01  0.17852E+00  0.17852E+00
 10      0.20000  0.60439E-01  0.56457E-02  0.45048E-01  0.14616E+00  0.14616E+00
 10      0.40000  0.10546E-03  0.25433E-01  0.44313E-01  0.11967E+00  0.11967E+00
 10      0.60000  0.99374E-04  0.19235E-01  0.45978E-01  0.97976E-01  0.97976E-01
 10      0.80000  0.55343E-01  0.64196E-02  0.50312E-01  0.80216E-01  0.80216E-01
 10      1.00000  0.10148E+00  0.10523E-01  0.43975E-01  0.65675E-01  0.65675E-01
 10      1.20000  0.10437E+00  0.13073E-01  0.36724E-01  0.53770E-01  0.53770E-01
 10      1.40000  0.87434E-01  0.11653E-01  0.32415E-01  0.44023E-01  0.44023E-01
 10      1.60000  0.68225E-01  0.88610E-02  0.29239E-01  0.36043E-01  0.36043E-01
 10      1.80000  0.51542E-01  0.61891E-02  0.25878E-01  0.29510E-01  0.29510E-01
 10      2.00000  0.38521E-01  0.41268E-02  0.22319E-01  0.24160E-01  0.24160E-01
 10      2.20000  0.28863E-01  0.26854E-02  0.18874E-01  0.19781E-01  0.19781E-01
 10      2.40000  0.21812E-01  0.17304E-02  0.15755E-01  0.16195E-01  0.16195E-01
 10      2.60000  0.16653E-01  0.11120E-02  0.13049E-01  0.13260E-01  0.13260E-01
 10      2.80000  0.12809E-01  0.69150E-03  0.10763E-01  0.10856E-01  0.10856E-01
 10      3.00000  0.98607E-02  0.36935E-03  0.88576E-02  0.88881E-02  0.88881E-02
