    ALT.[km]   NO2[mol/cm3]   NO2_err_retr[mol/cm3]   NO2_err_smooth[mol/cm3]   
 NO2_priori[mol/cm3]  NO2_err_priori[mol/cm3]   version    2.300000    
     0.00000  0.10627E+12  0.22492E+10  0.18482E+10  0.38568E+11  0.38568E+11
     0.20000  0.57303E+11  0.16631E+10  0.30901E+10  0.31577E+11  0.31577E+11
     0.40000  0.20490E+11  0.27531E+10  0.22951E+10  0.25853E+11  0.25853E+11
     0.60000  0.25074E+10  0.22239E+10  0.36022E+10  0.21167E+11  0.21167E+11
     0.80000 -0.88240E+09  0.17044E+10  0.53298E+10  0.17330E+11  0.17330E+11
     1.00000  0.19618E+10  0.20501E+10  0.53314E+10  0.14188E+11  0.14188E+11
     1.20000  0.49705E+10  0.23039E+10  0.46077E+10  0.11616E+11  0.11616E+11
     1.40000  0.60801E+10  0.22382E+10  0.42137E+10  0.95108E+10  0.95108E+10
     1.60000  0.56680E+10  0.20045E+10  0.41626E+10  0.77868E+10  0.77868E+10
     1.80000  0.46654E+10  0.17043E+10  0.40773E+10  0.63753E+10  0.63753E+10
     2.00000  0.36800E+10  0.13823E+10  0.38308E+10  0.52196E+10  0.52196E+10
     2.20000  0.29238E+10  0.10693E+10  0.34646E+10  0.42735E+10  0.42735E+10
     2.40000  0.23965E+10  0.78817E+09  0.30470E+10  0.34988E+10  0.34988E+10
     2.60000  0.20333E+10  0.55110E+09  0.26269E+10  0.28646E+10  0.28646E+10
     2.80000  0.17695E+10  0.36195E+09  0.22310E+10  0.23453E+10  0.23453E+10
     3.00000  0.15568E+10  0.22011E+09  0.18717E+10  0.19202E+10  0.19202E+10
