    ALT.[km]   NO2[mol/cm3]   NO2_err_retr[mol/cm3]   NO2_err_smooth[mol/cm3]   
 NO2_priori[mol/cm3]  NO2_err_priori[mol/cm3]   version    2.300000    
     0.00000  0.11721E+11  0.12963E+10  0.13861E+10  0.12818E+11  0.12818E+11
     0.20000  0.16126E+11  0.63162E+09  0.12258E+10  0.10494E+11  0.10494E+11
     0.40000  0.18136E+11  0.11735E+10  0.15825E+10  0.85919E+10  0.85919E+10
     0.60000  0.16788E+11  0.10912E+10  0.14855E+10  0.70344E+10  0.70344E+10
     0.80000  0.13129E+11  0.86497E+09  0.17667E+10  0.57593E+10  0.57593E+10
     1.00000  0.89516E+10  0.10104E+10  0.19799E+10  0.47153E+10  0.47153E+10
     1.20000  0.55502E+10  0.11608E+10  0.20023E+10  0.38606E+10  0.38606E+10
     1.40000  0.33268E+10  0.11043E+10  0.19490E+10  0.31608E+10  0.31608E+10
     1.60000  0.20853E+10  0.90873E+09  0.18532E+10  0.25878E+10  0.25878E+10
     1.80000  0.14562E+10  0.67838E+09  0.17043E+10  0.21187E+10  0.21187E+10
     2.00000  0.11398E+10  0.47533E+09  0.15135E+10  0.17347E+10  0.17347E+10
     2.20000  0.96063E+09  0.31947E+09  0.13069E+10  0.14202E+10  0.14202E+10
     2.40000  0.83614E+09  0.20812E+09  0.11068E+10  0.11628E+10  0.11628E+10
     2.60000  0.73365E+09  0.13136E+09  0.92565E+09  0.95201E+09  0.95201E+09
     2.80000  0.64198E+09  0.79546E+08  0.76789E+09  0.77944E+09  0.77944E+09
     3.00000  0.55749E+09  0.45457E+08  0.63361E+09  0.63815E+09  0.63815E+09
