    ALT.[km]   NO2[mol/cm3]   NO2_err_retr[mol/cm3]   NO2_err_smooth[mol/cm3]   
 NO2_priori[mol/cm3]  NO2_err_priori[mol/cm3]   version    2.300000    
     0.00000  0.23201E+11  0.30877E+10  0.33328E+10  0.31918E+11  0.31918E+11
     0.20000  0.16788E+11  0.13463E+10  0.27962E+10  0.26132E+11  0.26132E+11
     0.40000  0.12374E+11  0.30088E+10  0.31568E+10  0.21395E+11  0.21395E+11
     0.60000  0.99258E+10  0.28326E+10  0.29879E+10  0.17517E+11  0.17517E+11
     0.80000  0.90564E+10  0.15955E+10  0.42799E+10  0.14342E+11  0.14342E+11
     1.00000  0.90533E+10  0.13744E+10  0.47025E+10  0.11742E+11  0.11742E+11
     1.20000  0.91719E+10  0.20740E+10  0.42132E+10  0.96135E+10  0.96135E+10
     1.40000  0.89396E+10  0.23227E+10  0.36796E+10  0.78709E+10  0.78709E+10
     1.60000  0.82444E+10  0.21286E+10  0.34781E+10  0.64441E+10  0.64441E+10
     1.80000  0.72180E+10  0.17314E+10  0.33877E+10  0.52760E+10  0.52760E+10
     2.00000  0.60635E+10  0.13077E+10  0.32050E+10  0.43196E+10  0.43196E+10
     2.20000  0.49437E+10  0.93987E+09  0.29121E+10  0.35366E+10  0.35366E+10
     2.40000  0.39482E+10  0.64956E+09  0.25615E+10  0.28955E+10  0.28955E+10
     2.60000  0.31086E+10  0.43119E+09  0.22020E+10  0.23707E+10  0.23707E+10
     2.80000  0.24244E+10  0.27213E+09  0.18626E+10  0.19409E+10  0.19409E+10
     3.00000  0.18819E+10  0.16066E+09  0.15568E+10  0.15891E+10  0.15891E+10
