 Ite ALT.[km]   Ext[km-1]   Ext_err_retr[km-1]  Ext_err_smooth[km-1]   Ext_prior
 i[km-1]   Ext_err_priori[km-1]  version   2.300000    
 16      0.00000  0.15735E+00  0.30862E-01  0.41279E-01  0.19145E+00  0.19145E+00
 16      0.20000  0.14496E+00  0.15470E-01  0.48538E-01  0.15674E+00  0.15674E+00
 16      0.40000  0.11804E+00  0.30745E-01  0.44182E-01  0.12833E+00  0.12833E+00
 16      0.60000  0.77254E-01  0.15839E-01  0.53856E-01  0.10507E+00  0.10507E+00
 16      0.80000  0.51083E-01  0.10031E-01  0.56182E-01  0.86023E-01  0.86023E-01
 16      1.00000  0.45777E-01  0.16100E-01  0.48351E-01  0.70430E-01  0.70430E-01
 16      1.20000  0.50187E-01  0.15968E-01  0.41646E-01  0.57663E-01  0.57663E-01
 16      1.40000  0.54618E-01  0.12982E-01  0.36942E-01  0.47211E-01  0.47211E-01
 16      1.60000  0.55441E-01  0.96362E-02  0.32657E-01  0.38653E-01  0.38653E-01
 16      1.80000  0.52623E-01  0.68709E-02  0.28320E-01  0.31646E-01  0.31646E-01
 16      2.00000  0.47362E-01  0.48577E-02  0.24093E-01  0.25910E-01  0.25910E-01
 16      2.20000  0.40956E-01  0.34741E-02  0.20207E-01  0.21213E-01  0.21213E-01
 16      2.40000  0.34386E-01  0.25324E-02  0.16792E-01  0.17368E-01  0.17368E-01
 16      2.60000  0.28105E-01  0.18609E-02  0.13881E-01  0.14220E-01  0.14220E-01
 16      2.80000  0.21917E-01  0.12993E-02  0.11457E-01  0.11642E-01  0.11642E-01
 16      3.00000  0.15627E-01  0.74942E-03  0.94606E-02  0.95317E-02  0.95317E-02
