    ALT.[km]   NO2[mol/cm3]   NO2_err_retr[mol/cm3]   NO2_err_smooth[mol/cm3]   
 NO2_priori[mol/cm3]  NO2_err_priori[mol/cm3]   version    2.300000    
     0.00000  0.69980E+11  0.13705E+10  0.13156E+10  0.15618E+11  0.15618E+11
     0.20000  0.52881E+11  0.95194E+09  0.18383E+10  0.12787E+11  0.12787E+11
     0.40000  0.33637E+11  0.14985E+10  0.24423E+10  0.10469E+11  0.10469E+11
     0.60000  0.17585E+11  0.13290E+10  0.23519E+10  0.85714E+10  0.85714E+10
     0.80000  0.71967E+10  0.10519E+10  0.24946E+10  0.70177E+10  0.70177E+10
     1.00000  0.20084E+10  0.11517E+10  0.26702E+10  0.57456E+10  0.57456E+10
     1.20000  0.17626E+09  0.12532E+10  0.26980E+10  0.47041E+10  0.47041E+10
     1.40000 -0.61066E+08  0.11634E+10  0.25990E+10  0.38514E+10  0.38514E+10
     1.60000  0.21148E+09  0.95485E+09  0.24078E+10  0.31532E+10  0.31532E+10
     1.80000  0.51604E+09  0.72353E+09  0.21557E+10  0.25817E+10  0.25817E+10
     2.00000  0.71459E+09  0.52117E+09  0.18778E+10  0.21137E+10  0.21137E+10
     2.20000  0.80408E+09  0.36249E+09  0.16035E+10  0.17305E+10  0.17305E+10
     2.40000  0.81601E+09  0.24453E+09  0.13507E+10  0.14168E+10  0.14168E+10
     2.60000  0.78089E+09  0.15924E+09  0.11273E+10  0.11600E+10  0.11600E+10
     2.80000  0.72004E+09  0.98926E+08  0.93484E+09  0.94974E+09  0.94974E+09
     3.00000  0.64632E+09  0.57644E+08  0.77155E+09  0.77758E+09  0.77758E+09
