    ALT.[km]   NO2[mol/cm3]   NO2_err_retr[mol/cm3]   NO2_err_smooth[mol/cm3]   
 NO2_priori[mol/cm3]  NO2_err_priori[mol/cm3]   version    2.300000    
     0.00000  0.90275E+10  0.42766E+10  0.47084E+10  0.83912E+11  0.83912E+11
     0.20000  0.19259E+11  0.27176E+10  0.59912E+10  0.68701E+11  0.68701E+11
     0.40000  0.23385E+11  0.53653E+10  0.44949E+10  0.56248E+11  0.56248E+11
     0.60000  0.18227E+11  0.41557E+10  0.87488E+10  0.46052E+11  0.46052E+11
     0.80000  0.86742E+10  0.20239E+10  0.12800E+11  0.37704E+11  0.37704E+11
     1.00000  0.94170E+09  0.30202E+10  0.12631E+11  0.30870E+11  0.30870E+11
     1.20000 -0.22652E+10  0.41408E+10  0.10738E+11  0.25274E+11  0.25274E+11
     1.40000 -0.18078E+10  0.42245E+10  0.96863E+10  0.20692E+11  0.20692E+11
     1.60000  0.21439E+09  0.36981E+10  0.95065E+10  0.16942E+11  0.16942E+11
     1.80000  0.22305E+10  0.29903E+10  0.92488E+10  0.13871E+11  0.13871E+11
     2.00000  0.35992E+10  0.23179E+10  0.86118E+10  0.11356E+11  0.11356E+11
     2.20000  0.42804E+10  0.17469E+10  0.77153E+10  0.92977E+10  0.92977E+10
     2.40000  0.44522E+10  0.12789E+10  0.67298E+10  0.76123E+10  0.76123E+10
     2.60000  0.43047E+10  0.89972E+09  0.57659E+10  0.62325E+10  0.62325E+10
     2.80000  0.39771E+10  0.59833E+09  0.48765E+10  0.51027E+10  0.51027E+10
     3.00000  0.35586E+10  0.36904E+09  0.40810E+10  0.41777E+10  0.41777E+10
