 Ite ALT.[km]   Ext[km-1]   Ext_err_retr[km-1]  Ext_err_smooth[km-1]   Ext_prior
 i[km-1]   Ext_err_priori[km-1]  version   2.300000    
 11      0.00000  0.25263E+00  0.34284E-01  0.58113E-01  0.15984E+00  0.15984E+00
 11      0.20000  0.89094E-01  0.61844E-02  0.40647E-01  0.13087E+00  0.13087E+00
 11      0.40000  0.10546E-04  0.22809E-01  0.46847E-01  0.10715E+00  0.10715E+00
 11      0.60000  0.62523E-05  0.20344E-01  0.43278E-01  0.87723E-01  0.87723E-01
 11      0.80000  0.35249E-01  0.80224E-02  0.44999E-01  0.71821E-01  0.71821E-01
 11      1.00000  0.68870E-01  0.75140E-02  0.40843E-01  0.58802E-01  0.58802E-01
 11      1.20000  0.81179E-01  0.10953E-01  0.34490E-01  0.48143E-01  0.48143E-01
 11      1.40000  0.75783E-01  0.10781E-01  0.29596E-01  0.39416E-01  0.39416E-01
 11      1.60000  0.62955E-01  0.87795E-02  0.26028E-01  0.32271E-01  0.32271E-01
 11      1.80000  0.49443E-01  0.64630E-02  0.22826E-01  0.26422E-01  0.26422E-01
 11      2.00000  0.37877E-01  0.45052E-02  0.19683E-01  0.21632E-01  0.21632E-01
 11      2.20000  0.28784E-01  0.30595E-02  0.16687E-01  0.17711E-01  0.17711E-01
 11      2.40000  0.21891E-01  0.20638E-02  0.13968E-01  0.14501E-01  0.14501E-01
 11      2.60000  0.16713E-01  0.13940E-02  0.11596E-01  0.11872E-01  0.11872E-01
 11      2.80000  0.12730E-01  0.90888E-03  0.95873E-02  0.97200E-02  0.97200E-02
 11      3.00000  0.95479E-02  0.50278E-03  0.79113E-02  0.79580E-02  0.79580E-02
