    ALT.[km]   NO2[mol/cm3]   NO2_err_retr[mol/cm3]   NO2_err_smooth[mol/cm3]   
 NO2_priori[mol/cm3]  NO2_err_priori[mol/cm3]   version    2.300000    
     0.00000  0.12274E+11  0.22933E+10  0.19652E+10  0.28488E+11  0.28488E+11
     0.20000  0.13317E+11  0.10402E+10  0.28341E+10  0.23324E+11  0.23324E+11
     0.40000  0.12790E+11  0.20483E+10  0.24302E+10  0.19096E+11  0.19096E+11
     0.60000  0.99503E+10  0.18261E+10  0.21812E+10  0.15635E+11  0.15635E+11
     0.80000  0.61899E+10  0.12399E+10  0.36428E+10  0.12801E+11  0.12801E+11
     1.00000  0.32573E+10  0.14867E+10  0.39709E+10  0.10480E+11  0.10480E+11
     1.20000  0.19051E+10  0.18667E+10  0.34114E+10  0.85805E+10  0.85805E+10
     1.40000  0.18139E+10  0.19083E+10  0.29111E+10  0.70251E+10  0.70251E+10
     1.60000  0.22551E+10  0.17075E+10  0.28206E+10  0.57517E+10  0.57517E+10
     1.80000  0.26646E+10  0.14111E+10  0.28396E+10  0.47091E+10  0.47091E+10
     2.00000  0.28125E+10  0.11045E+10  0.27458E+10  0.38555E+10  0.38555E+10
     2.20000  0.27051E+10  0.82650E+09  0.25292E+10  0.31566E+10  0.31566E+10
     2.40000  0.24374E+10  0.59217E+09  0.22452E+10  0.25844E+10  0.25844E+10
     2.60000  0.21027E+10  0.40457E+09  0.19427E+10  0.21159E+10  0.21159E+10
     2.80000  0.17638E+10  0.26094E+09  0.16511E+10  0.17324E+10  0.17324E+10
     3.00000  0.14540E+10  0.15656E+09  0.13845E+10  0.14183E+10  0.14183E+10
