    ALT.[km]   NO2[mol/cm3]   NO2_err_retr[mol/cm3]   NO2_err_smooth[mol/cm3]   
 NO2_priori[mol/cm3]  NO2_err_priori[mol/cm3]   version    2.300000    
     0.00000  0.10847E+12  0.29360E+10  0.22571E+10  0.66175E+11  0.66175E+11
     0.20000  0.82899E+11  0.40137E+10  0.57381E+10  0.54180E+11  0.54180E+11
     0.40000  0.47789E+11  0.57089E+10  0.53351E+10  0.44359E+11  0.44359E+11
     0.60000  0.14933E+11  0.43337E+10  0.75959E+10  0.36318E+11  0.36318E+11
     0.80000 -0.59463E+10  0.27949E+10  0.10009E+11  0.29734E+11  0.29734E+11
     1.00000 -0.12845E+11  0.31712E+10  0.99720E+10  0.24344E+11  0.24344E+11
     1.20000 -0.10094E+11  0.36560E+10  0.88400E+10  0.19932E+11  0.19932E+11
     1.40000 -0.36103E+10  0.35999E+10  0.79062E+10  0.16319E+11  0.16319E+11
     1.60000  0.24749E+10  0.32819E+10  0.73047E+10  0.13361E+11  0.13361E+11
     1.80000  0.64651E+10  0.28859E+10  0.67731E+10  0.10939E+11  0.10939E+11
     2.00000  0.82720E+10  0.24477E+10  0.62021E+10  0.89558E+10  0.89558E+10
     2.20000  0.84656E+10  0.19801E+10  0.55950E+10  0.73324E+10  0.73324E+10
     2.40000  0.77071E+10  0.15142E+10  0.49726E+10  0.60033E+10  0.60033E+10
     2.60000  0.65228E+10  0.10863E+10  0.43517E+10  0.49151E+10  0.49151E+10
     2.80000  0.52604E+10  0.72447E+09  0.37476E+10  0.40241E+10  0.40241E+10
     3.00000  0.41163E+10  0.44390E+09  0.31766E+10  0.32947E+10  0.32947E+10
