    ALT.[km]   NO2[mol/cm3]   NO2_err_retr[mol/cm3]   NO2_err_smooth[mol/cm3]   
 NO2_priori[mol/cm3]  NO2_err_priori[mol/cm3]   version    2.300000    
     0.00000  0.14878E+11  0.42101E+10  0.48881E+10  0.83912E+11  0.83912E+11
     0.20000  0.11480E+11  0.27254E+10  0.62454E+10  0.68701E+11  0.68701E+11
     0.40000  0.94730E+10  0.53970E+10  0.49447E+10  0.56248E+11  0.56248E+11
     0.60000  0.65025E+10  0.42327E+10  0.86145E+10  0.46052E+11  0.46052E+11
     0.80000  0.36558E+10  0.20233E+10  0.12694E+11  0.37704E+11  0.37704E+11
     1.00000  0.25095E+10  0.28818E+10  0.12698E+11  0.30870E+11  0.30870E+11
     1.20000  0.32514E+10  0.40315E+10  0.10850E+11  0.25274E+11  0.25274E+11
     1.40000  0.49241E+10  0.41676E+10  0.96722E+10  0.20692E+11  0.20692E+11
     1.60000  0.64812E+10  0.36875E+10  0.93744E+10  0.16942E+11  0.16942E+11
     1.80000  0.73859E+10  0.30119E+10  0.90883E+10  0.13871E+11  0.13871E+11
     2.00000  0.75853E+10  0.23575E+10  0.84751E+10  0.11356E+11  0.11356E+11
     2.20000  0.72549E+10  0.17921E+10  0.76172E+10  0.92977E+10  0.92977E+10
     2.40000  0.66046E+10  0.13206E+10  0.66675E+10  0.76123E+10  0.76123E+10
     2.60000  0.58018E+10  0.93281E+09  0.57306E+10  0.62325E+10  0.62325E+10
     2.80000  0.49621E+10  0.62152E+09  0.48588E+10  0.51027E+10  0.51027E+10
     3.00000  0.41601E+10  0.38349E+09  0.40734E+10  0.41777E+10  0.41777E+10
