 Ite ALT.[km]   Ext[km-1]   Ext_err_retr[km-1]  Ext_err_smooth[km-1]   Ext_prior
 i[km-1]   Ext_err_priori[km-1]  version   2.300000    
  5      0.00000  0.77641E-01  0.20940E-01  0.35903E-01  0.14056E+00  0.14056E+00
  5      0.20000  0.55766E-01  0.83723E-02  0.33062E-01  0.11508E+00  0.11508E+00
  5      0.40000  0.68277E-01  0.21659E-01  0.29115E-01  0.94219E-01  0.94219E-01
  5      0.60000  0.83507E-01  0.10840E-01  0.36558E-01  0.77140E-01  0.77140E-01
  5      0.80000  0.83108E-01  0.64462E-02  0.39522E-01  0.63157E-01  0.63157E-01
  5      1.00000  0.71670E-01  0.12258E-01  0.33672E-01  0.51708E-01  0.51708E-01
  5      1.20000  0.57934E-01  0.11965E-01  0.29638E-01  0.42335E-01  0.42335E-01
  5      1.40000  0.45971E-01  0.92770E-02  0.27173E-01  0.34661E-01  0.34661E-01
  5      1.60000  0.36477E-01  0.64737E-02  0.24427E-01  0.28378E-01  0.28378E-01
  5      1.80000  0.29070E-01  0.42844E-02  0.21271E-01  0.23234E-01  0.23234E-01
  5      2.00000  0.23265E-01  0.27672E-02  0.18078E-01  0.19022E-01  0.19022E-01
  5      2.20000  0.18677E-01  0.17814E-02  0.15126E-01  0.15574E-01  0.15574E-01
  5      2.40000  0.15025E-01  0.11642E-02  0.12537E-01  0.12751E-01  0.12751E-01
  5      2.60000  0.12088E-01  0.77779E-03  0.10336E-01  0.10440E-01  0.10440E-01
  5      2.80000  0.96696E-02  0.50815E-03  0.84992E-02  0.85473E-02  0.85473E-02
  5      3.00000  0.76299E-02  0.28234E-03  0.69813E-02  0.69980E-02  0.69980E-02
