 Ite ALT.[km]   Ext[km-1]   Ext_err_retr[km-1]  Ext_err_smooth[km-1]   Ext_prior
 i[km-1]   Ext_err_priori[km-1]  version   2.300000    
  6      0.00000  0.57303E-01  0.17686E-01  0.23546E-01  0.13828E+00  0.13828E+00
  6      0.20000  0.93895E-01  0.12536E-01  0.30078E-01  0.11321E+00  0.11321E+00
  6      0.40000  0.12311E+00  0.19451E-01  0.25061E-01  0.92691E-01  0.92691E-01
  6      0.60000  0.10581E+00  0.53204E-02  0.38881E-01  0.75889E-01  0.75889E-01
  6      0.80000  0.72350E-01  0.11166E-01  0.36961E-01  0.62133E-01  0.62133E-01
  6      1.00000  0.48667E-01  0.13903E-01  0.32116E-01  0.50870E-01  0.50870E-01
  6      1.20000  0.36316E-01  0.11450E-01  0.30445E-01  0.41649E-01  0.41649E-01
  6      1.40000  0.29838E-01  0.80349E-02  0.28386E-01  0.34099E-01  0.34099E-01
  6      1.60000  0.25627E-01  0.52605E-02  0.25225E-01  0.27918E-01  0.27918E-01
  6      1.80000  0.22205E-01  0.33820E-02  0.21631E-01  0.22857E-01  0.22857E-01
  6      2.00000  0.19113E-01  0.22338E-02  0.18150E-01  0.18714E-01  0.18714E-01
  6      2.20000  0.16264E-01  0.15687E-02  0.15046E-01  0.15322E-01  0.15322E-01
  6      2.40000  0.13678E-01  0.11719E-02  0.12393E-01  0.12544E-01  0.12544E-01
  6      2.60000  0.11367E-01  0.89652E-03  0.10178E-01  0.10270E-01  0.10270E-01
  6      2.80000  0.92968E-02  0.64653E-03  0.83548E-02  0.84087E-02  0.84087E-02
  6      3.00000  0.74345E-02  0.37948E-03  0.68626E-02  0.68845E-02  0.68845E-02
