    ALT.[km]   NO2[mol/cm3]   NO2_err_retr[mol/cm3]   NO2_err_smooth[mol/cm3]   
 NO2_priori[mol/cm3]  NO2_err_priori[mol/cm3]   version    2.300000    
     0.00000  0.12981E+11  0.19732E+10  0.25195E+10  0.20978E+11  0.20978E+11
     0.20000  0.16822E+11  0.98100E+09  0.20783E+10  0.17175E+11  0.17175E+11
     0.40000  0.19208E+11  0.19604E+10  0.29787E+10  0.14062E+11  0.14062E+11
     0.60000  0.18618E+11  0.17747E+10  0.28559E+10  0.11513E+11  0.11513E+11
     0.80000  0.15626E+11  0.11414E+10  0.30925E+10  0.94260E+10  0.94260E+10
     1.00000  0.11781E+11  0.12362E+10  0.33327E+10  0.77174E+10  0.77174E+10
     1.20000  0.83539E+10  0.15744E+10  0.33247E+10  0.63185E+10  0.63185E+10
     1.40000  0.58495E+10  0.16041E+10  0.31866E+10  0.51731E+10  0.51731E+10
     1.60000  0.42080E+10  0.13900E+10  0.29854E+10  0.42354E+10  0.42354E+10
     1.80000  0.31673E+10  0.10878E+10  0.27233E+10  0.34676E+10  0.34676E+10
     2.00000  0.24877E+10  0.79851E+09  0.24152E+10  0.28391E+10  0.28391E+10
     2.20000  0.20142E+10  0.56157E+09  0.20917E+10  0.23244E+10  0.23244E+10
     2.40000  0.16615E+10  0.38150E+09  0.17802E+10  0.19031E+10  0.19031E+10
     2.60000  0.13852E+10  0.24973E+09  0.14967E+10  0.15581E+10  0.15581E+10
     2.80000  0.11610E+10  0.15580E+09  0.12474E+10  0.12757E+10  0.12757E+10
     3.00000  0.97442E+09  0.91117E+08  0.10329E+10  0.10444E+10  0.10444E+10
