    ALT.[km]   NO2[mol/cm3]   NO2_err_retr[mol/cm3]   NO2_err_smooth[mol/cm3]   
 NO2_priori[mol/cm3]  NO2_err_priori[mol/cm3]   version    2.300000    
     0.00000  0.61389E+10  0.33017E+10  0.47041E+10  0.83912E+11  0.83912E+11
     0.20000  0.15251E+11  0.22857E+10  0.62940E+10  0.68701E+11  0.68701E+11
     0.40000  0.21719E+11  0.38221E+10  0.43851E+10  0.56248E+11  0.56248E+11
     0.60000  0.19793E+11  0.29574E+10  0.73234E+10  0.46052E+11  0.46052E+11
     0.80000  0.11675E+11  0.27998E+10  0.11277E+11  0.37704E+11  0.37704E+11
     1.00000  0.28953E+10  0.35208E+10  0.11279E+11  0.30870E+11  0.30870E+11
     1.20000 -0.26607E+10  0.36971E+10  0.96760E+10  0.25274E+11  0.25274E+11
     1.40000 -0.43133E+10  0.34783E+10  0.89662E+10  0.20692E+11  0.20692E+11
     1.60000 -0.33686E+10  0.31773E+10  0.90674E+10  0.16942E+11  0.16942E+11
     1.80000 -0.14343E+10  0.28229E+10  0.89954E+10  0.13871E+11  0.13871E+11
     2.00000  0.43781E+09  0.23902E+10  0.84757E+10  0.11356E+11  0.11356E+11
     2.20000  0.18189E+10  0.19148E+10  0.76493E+10  0.92977E+10  0.92977E+10
     2.40000  0.26623E+10  0.14510E+10  0.67018E+10  0.76123E+10  0.76123E+10
     2.60000  0.30729E+10  0.10373E+10  0.57559E+10  0.62325E+10  0.62325E+10
     2.80000  0.31769E+10  0.69360E+09  0.48736E+10  0.51027E+10  0.51027E+10
     3.00000  0.30741E+10  0.42788E+09  0.40805E+10  0.41777E+10  0.41777E+10
