 Ite ALT.[km]   Ext[km-1]   Ext_err_retr[km-1]  Ext_err_smooth[km-1]   Ext_prior
 i[km-1]   Ext_err_priori[km-1]  version   2.300000    
  6      0.00000  0.18111E+00  0.26173E-01  0.39279E-01  0.16590E+00  0.16590E+00
  6      0.20000  0.65451E-01  0.80066E-02  0.39945E-01  0.13583E+00  0.13583E+00
  6      0.40000  0.18099E-01  0.23049E-01  0.33773E-01  0.11121E+00  0.11121E+00
  6      0.60000  0.49567E-01  0.12866E-01  0.43248E-01  0.91049E-01  0.91049E-01
  6      0.80000  0.89925E-01  0.72187E-02  0.46384E-01  0.74544E-01  0.74544E-01
  6      1.00000  0.10281E+00  0.12936E-01  0.38905E-01  0.61032E-01  0.61032E-01
  6      1.20000  0.93239E-01  0.13028E-01  0.33765E-01  0.49968E-01  0.49968E-01
  6      1.40000  0.75258E-01  0.10301E-01  0.31203E-01  0.40911E-01  0.40911E-01
  6      1.60000  0.57566E-01  0.72164E-02  0.28415E-01  0.33495E-01  0.33495E-01
  6      1.80000  0.43205E-01  0.47279E-02  0.24957E-01  0.27423E-01  0.27423E-01
  6      2.00000  0.32399E-01  0.29862E-02  0.21305E-01  0.22452E-01  0.22452E-01
  6      2.20000  0.24485E-01  0.18614E-02  0.17861E-01  0.18382E-01  0.18382E-01
  6      2.40000  0.18713E-01  0.11725E-02  0.14814E-01  0.15050E-01  0.15050E-01
  6      2.60000  0.14469E-01  0.75900E-03  0.12214E-01  0.12322E-01  0.12322E-01
  6      2.80000  0.11286E-01  0.48708E-03  0.10041E-01  0.10088E-01  0.10088E-01
  6      3.00000  0.88390E-02  0.26882E-03  0.82442E-02  0.82597E-02  0.82597E-02
