 Ite ALT.[km]   Ext[km-1]   Ext_err_retr[km-1]  Ext_err_smooth[km-1]   Ext_prior
 i[km-1]   Ext_err_priori[km-1]  version   2.300000    
 16      0.00000  0.17947E+00  0.20137E-01  0.24233E-01  0.12264E+00  0.12264E+00
 16      0.20000  0.11271E+00  0.11578E-01  0.29401E-01  0.10041E+00  0.10041E+00
 16      0.40000  0.62406E-01  0.18359E-01  0.27620E-01  0.82211E-01  0.82211E-01
 16      0.60000  0.46471E-01  0.70329E-02  0.34778E-01  0.67308E-01  0.67308E-01
 16      0.80000  0.42646E-01  0.11413E-01  0.33599E-01  0.55107E-01  0.55107E-01
 16      1.00000  0.38234E-01  0.13803E-01  0.29965E-01  0.45118E-01  0.45118E-01
 16      1.20000  0.32882E-01  0.11414E-01  0.28064E-01  0.36940E-01  0.36940E-01
 16      1.40000  0.27905E-01  0.78908E-02  0.25896E-01  0.30244E-01  0.30244E-01
 16      1.60000  0.23657E-01  0.48889E-02  0.22904E-01  0.24761E-01  0.24761E-01
 16      1.80000  0.20046E-01  0.27904E-02  0.19571E-01  0.20273E-01  0.20273E-01
 16      2.00000  0.16934E-01  0.15034E-02  0.16361E-01  0.16598E-01  0.16598E-01
 16      2.20000  0.14230E-01  0.83014E-03  0.13512E-01  0.13589E-01  0.13589E-01
 16      2.40000  0.11885E-01  0.56282E-03  0.11092E-01  0.11126E-01  0.11126E-01
 16      2.60000  0.98549E-02  0.46777E-03  0.90840E-02  0.91092E-02  0.91092E-02
 16      2.80000  0.80769E-02  0.37571E-03  0.74380E-02  0.74580E-02  0.74580E-02
 16      3.00000  0.64983E-02  0.23635E-03  0.60962E-02  0.61061E-02  0.61061E-02
