 Ite ALT.[km]   Ext[km-1]   Ext_err_retr[km-1]  Ext_err_smooth[km-1]   Ext_prior
 i[km-1]   Ext_err_priori[km-1]  version   2.300000    
  6      0.00000  0.11667E+00  0.28869E-01  0.38570E-01  0.18910E+00  0.18910E+00
  6      0.20000  0.11400E+00  0.16080E-01  0.44368E-01  0.15482E+00  0.15482E+00
  6      0.40000  0.12933E+00  0.30258E-01  0.38793E-01  0.12676E+00  0.12676E+00
  6      0.60000  0.12412E+00  0.12964E-01  0.53518E-01  0.10378E+00  0.10378E+00
  6      0.80000  0.10144E+00  0.11624E-01  0.54053E-01  0.84967E-01  0.84967E-01
  6      1.00000  0.78274E-01  0.17254E-01  0.46277E-01  0.69565E-01  0.69565E-01
  6      1.20000  0.61623E-01  0.15734E-01  0.41398E-01  0.56955E-01  0.56955E-01
  6      1.40000  0.50402E-01  0.11947E-01  0.37639E-01  0.46631E-01  0.46631E-01
  6      1.60000  0.42186E-01  0.83561E-02  0.33388E-01  0.38178E-01  0.38178E-01
  6      1.80000  0.35541E-01  0.56235E-02  0.28809E-01  0.31258E-01  0.31258E-01
  6      2.00000  0.29858E-01  0.37348E-02  0.24362E-01  0.25592E-01  0.25592E-01
  6      2.20000  0.24919E-01  0.24952E-02  0.20335E-01  0.20953E-01  0.20953E-01
  6      2.40000  0.20638E-01  0.17007E-02  0.16838E-01  0.17155E-01  0.17155E-01
  6      2.60000  0.16935E-01  0.11809E-02  0.13879E-01  0.14045E-01  0.14045E-01
  6      2.80000  0.13659E-01  0.79280E-03  0.11417E-01  0.11499E-01  0.11499E-01
  6      3.00000  0.10701E-01  0.44710E-03  0.93851E-02  0.94146E-02  0.94146E-02
