    ALT.[km]   NO2[mol/cm3]   NO2_err_retr[mol/cm3]   NO2_err_smooth[mol/cm3]   
 NO2_priori[mol/cm3]  NO2_err_priori[mol/cm3]   version    2.300000    
     0.00000  0.11121E+11  0.18469E+10  0.17529E+10  0.23286E+11  0.23286E+11
     0.20000  0.13434E+11  0.95160E+09  0.19218E+10  0.19065E+11  0.19065E+11
     0.40000  0.14159E+11  0.19125E+10  0.17178E+10  0.15609E+11  0.15609E+11
     0.60000  0.12217E+11  0.15790E+10  0.20765E+10  0.12779E+11  0.12779E+11
     0.80000  0.86515E+10  0.97647E+09  0.31417E+10  0.10463E+11  0.10463E+11
     1.00000  0.51727E+10  0.13807E+10  0.32546E+10  0.85663E+10  0.85663E+10
     1.20000  0.28287E+10  0.17943E+10  0.28554E+10  0.70135E+10  0.70135E+10
     1.40000  0.17128E+10  0.18012E+10  0.26413E+10  0.57422E+10  0.57422E+10
     1.60000  0.13961E+10  0.15447E+10  0.26539E+10  0.47013E+10  0.47013E+10
     1.80000  0.14131E+10  0.12038E+10  0.26246E+10  0.38491E+10  0.38491E+10
     2.00000  0.14791E+10  0.88394E+09  0.24629E+10  0.31514E+10  0.31514E+10
     2.20000  0.14847E+10  0.62357E+09  0.22084E+10  0.25801E+10  0.25801E+10
     2.40000  0.14185E+10  0.42567E+09  0.19190E+10  0.21124E+10  0.21124E+10
     2.60000  0.13035E+10  0.28028E+09  0.16337E+10  0.17295E+10  0.17295E+10
     2.80000  0.11644E+10  0.17598E+09  0.13721E+10  0.14160E+10  0.14160E+10
     3.00000  0.10186E+10  0.10358E+09  0.11414E+10  0.11593E+10  0.11593E+10
