 Ite ALT.[km]   Ext[km-1]   Ext_err_retr[km-1]  Ext_err_smooth[km-1]   Ext_prior
 i[km-1]   Ext_err_priori[km-1]  version   2.300000    
 16      0.00000  0.78105E-01  0.18488E-01  0.22464E-01  0.14275E+00  0.14275E+00
 16      0.20000  0.14100E+00  0.14675E-01  0.32401E-01  0.11687E+00  0.11687E+00
 16      0.40000  0.12186E+00  0.19187E-01  0.29272E-01  0.95686E-01  0.95686E-01
 16      0.60000  0.49243E-01  0.59852E-02  0.40066E-01  0.78341E-01  0.78341E-01
 16      0.80000  0.11167E-01  0.13965E-01  0.38689E-01  0.64140E-01  0.64140E-01
 16      1.00000  0.11279E-01  0.15879E-01  0.34794E-01  0.52513E-01  0.52513E-01
 16      1.20000  0.22126E-01  0.13098E-01  0.32332E-01  0.42994E-01  0.42994E-01
 16      1.40000  0.30587E-01  0.94521E-02  0.29539E-01  0.35201E-01  0.35201E-01
 16      1.60000  0.34615E-01  0.64068E-02  0.26052E-01  0.28820E-01  0.28820E-01
 16      1.80000  0.35041E-01  0.43300E-02  0.22272E-01  0.23596E-01  0.23596E-01
 16      2.00000  0.32986E-01  0.31128E-02  0.18628E-01  0.19319E-01  0.19319E-01
 16      2.20000  0.29471E-01  0.24317E-02  0.15380E-01  0.15817E-01  0.15817E-01
 16      2.40000  0.25317E-01  0.19862E-02  0.12623E-01  0.12950E-01  0.12950E-01
 16      2.60000  0.20992E-01  0.16077E-02  0.10348E-01  0.10602E-01  0.10602E-01
 16      2.80000  0.16486E-01  0.11958E-02  0.85092E-02  0.86804E-02  0.86804E-02
 16      3.00000  0.11769E-01  0.71335E-03  0.70326E-02  0.71069E-02  0.71069E-02
