    ALT.[km]   NO2[mol/cm3]   NO2_err_retr[mol/cm3]   NO2_err_smooth[mol/cm3]   
 NO2_priori[mol/cm3]  NO2_err_priori[mol/cm3]   version    2.300000    
     0.00000  0.14557E+11  0.15965E+10  0.19728E+10  0.17160E+11  0.17160E+11
     0.20000  0.15376E+11  0.77683E+09  0.16546E+10  0.14049E+11  0.14049E+11
     0.40000  0.14996E+11  0.15385E+10  0.22495E+10  0.11503E+11  0.11503E+11
     0.60000  0.12939E+11  0.13862E+10  0.21231E+10  0.94176E+10  0.94176E+10
     0.80000  0.99362E+10  0.98592E+09  0.24348E+10  0.77105E+10  0.77105E+10
     1.00000  0.70321E+10  0.11712E+10  0.27123E+10  0.63128E+10  0.63128E+10
     1.20000  0.48476E+10  0.14215E+10  0.27413E+10  0.51685E+10  0.51685E+10
     1.40000  0.34556E+10  0.13952E+10  0.26466E+10  0.42316E+10  0.42316E+10
     1.60000  0.26366E+10  0.11746E+10  0.24894E+10  0.34646E+10  0.34646E+10
     1.80000  0.21408E+10  0.89569E+09  0.22722E+10  0.28365E+10  0.28365E+10
     2.00000  0.18017E+10  0.64126E+09  0.20113E+10  0.23224E+10  0.23224E+10
     2.20000  0.15362E+10  0.44045E+09  0.17362E+10  0.19014E+10  0.19014E+10
     2.40000  0.13114E+10  0.29295E+09  0.14722E+10  0.15567E+10  0.15567E+10
     2.60000  0.11160E+10  0.18839E+09  0.12334E+10  0.12745E+10  0.12745E+10
     2.80000  0.94571E+09  0.11589E+09  0.10250E+10  0.10435E+10  0.10435E+10
     3.00000  0.79767E+09  0.67064E+08  0.84691E+09  0.85435E+09  0.85435E+09
