    ALT.[km]   NO2[mol/cm3]   NO2_err_retr[mol/cm3]   NO2_err_smooth[mol/cm3]   
 NO2_priori[mol/cm3]  NO2_err_priori[mol/cm3]   version    2.300000    
     0.00000  0.13033E+11  0.12416E+10  0.14809E+10  0.91527E+10  0.91527E+10
     0.20000  0.13893E+11  0.50184E+09  0.91095E+09  0.74936E+10  0.74936E+10
     0.40000  0.13694E+11  0.77281E+09  0.14691E+10  0.61352E+10  0.61352E+10
     0.60000  0.12153E+11  0.94578E+09  0.13128E+10  0.50231E+10  0.50231E+10
     0.80000  0.97412E+10  0.88675E+09  0.12697E+10  0.41126E+10  0.41126E+10
     1.00000  0.71947E+10  0.81699E+09  0.14463E+10  0.33671E+10  0.33671E+10
     1.20000  0.50519E+10  0.77432E+09  0.15523E+10  0.27567E+10  0.27567E+10
     1.40000  0.34968E+10  0.69300E+09  0.15311E+10  0.22570E+10  0.22570E+10
     1.60000  0.24634E+10  0.56645E+09  0.14258E+10  0.18479E+10  0.18479E+10
     1.80000  0.17985E+10  0.42781E+09  0.12768E+10  0.15129E+10  0.15129E+10
     2.00000  0.13635E+10  0.30488E+09  0.11113E+10  0.12387E+10  0.12387E+10
     2.20000  0.10652E+10  0.20851E+09  0.94758E+09  0.10141E+10  0.10141E+10
     2.40000  0.84901E+09  0.13803E+09  0.79670E+09  0.83032E+09  0.83032E+09
     2.60000  0.68520E+09  0.88355E+08  0.66362E+09  0.67980E+09  0.67980E+09
     2.80000  0.55708E+09  0.54134E+08  0.54935E+09  0.55658E+09  0.55658E+09
     3.00000  0.45485E+09  0.31226E+08  0.45280E+09  0.45569E+09  0.45569E+09
