    ALT.[km]   NO2[mol/cm3]   NO2_err_retr[mol/cm3]   NO2_err_smooth[mol/cm3]   
 NO2_priori[mol/cm3]  NO2_err_priori[mol/cm3]   version    2.300000    
     0.00000  0.45644E+11  0.13287E+10  0.12540E+10  0.14716E+11  0.14716E+11
     0.20000  0.38412E+11  0.87511E+09  0.16703E+10  0.12049E+11  0.12049E+11
     0.40000  0.28816E+11  0.14018E+10  0.21365E+10  0.98645E+10  0.98645E+10
     0.60000  0.19420E+11  0.12502E+10  0.20092E+10  0.80764E+10  0.80764E+10
     0.80000  0.12071E+11  0.10013E+10  0.22132E+10  0.66124E+10  0.66124E+10
     1.00000  0.72842E+10  0.11320E+10  0.24299E+10  0.54137E+10  0.54137E+10
     1.20000  0.45844E+10  0.12539E+10  0.24719E+10  0.44324E+10  0.44324E+10
     1.40000  0.31894E+10  0.11734E+10  0.23925E+10  0.36289E+10  0.36289E+10
     1.60000  0.24614E+10  0.96361E+09  0.22327E+10  0.29711E+10  0.29711E+10
     1.80000  0.20268E+10  0.72514E+09  0.20143E+10  0.24326E+10  0.24326E+10
     2.00000  0.17128E+10  0.51515E+09  0.17647E+10  0.19916E+10  0.19916E+10
     2.20000  0.14536E+10  0.35165E+09  0.15120E+10  0.16306E+10  0.16306E+10
     2.40000  0.12285E+10  0.23235E+09  0.12753E+10  0.13350E+10  0.13350E+10
     2.60000  0.10318E+10  0.14833E+09  0.10645E+10  0.10930E+10  0.10930E+10
     2.80000  0.86126E+09  0.90581E+08  0.88224E+09  0.89489E+09  0.89489E+09
     3.00000  0.71522E+09  0.52068E+08  0.72767E+09  0.73267E+09  0.73267E+09
