 Ite ALT.[km]   Ext[km-1]   Ext_err_retr[km-1]  Ext_err_smooth[km-1]   Ext_prior
 i[km-1]   Ext_err_priori[km-1]  version   2.300000    
  6      0.00000  0.13491E+00  0.20089E-01  0.23543E-01  0.13303E+00  0.13303E+00
  6      0.20000  0.12560E+00  0.13818E-01  0.30658E-01  0.10891E+00  0.10891E+00
  6      0.40000  0.10289E+00  0.19811E-01  0.28880E-01  0.89170E-01  0.89170E-01
  6      0.60000  0.71120E-01  0.63446E-02  0.38072E-01  0.73006E-01  0.73006E-01
  6      0.80000  0.47501E-01  0.12816E-01  0.36151E-01  0.59772E-01  0.59772E-01
  6      1.00000  0.35576E-01  0.14852E-01  0.32604E-01  0.48937E-01  0.48937E-01
  6      1.20000  0.30260E-01  0.11924E-01  0.30792E-01  0.40067E-01  0.40067E-01
  6      1.40000  0.27253E-01  0.81625E-02  0.28287E-01  0.32804E-01  0.32804E-01
  6      1.60000  0.24689E-01  0.51246E-02  0.24871E-01  0.26857E-01  0.26857E-01
  6      1.80000  0.22040E-01  0.30721E-02  0.21176E-01  0.21989E-01  0.21989E-01
  6      2.00000  0.19289E-01  0.18533E-02  0.17678E-01  0.18003E-01  0.18003E-01
  6      2.20000  0.16562E-01  0.12190E-02  0.14597E-01  0.14740E-01  0.14740E-01
  6      2.40000  0.13989E-01  0.91260E-03  0.11987E-01  0.12068E-01  0.12068E-01
  6      2.60000  0.11636E-01  0.73040E-03  0.98234E-02  0.98803E-02  0.98803E-02
  6      2.80000  0.94755E-02  0.55158E-03  0.80506E-02  0.80893E-02  0.80893E-02
  6      3.00000  0.74737E-02  0.33388E-03  0.66056E-02  0.66229E-02  0.66229E-02
