    ALT.[km]   NO2[mol/cm3]   NO2_err_retr[mol/cm3]   NO2_err_smooth[mol/cm3]   
 NO2_priori[mol/cm3]  NO2_err_priori[mol/cm3]   version    2.300000    
     0.00000  0.12752E+11  0.22567E+10  0.22823E+10  0.31939E+11  0.31939E+11
     0.20000  0.13092E+11  0.11012E+10  0.26366E+10  0.26149E+11  0.26149E+11
     0.40000  0.13646E+11  0.21257E+10  0.21032E+10  0.21409E+11  0.21409E+11
     0.60000  0.12855E+11  0.18138E+10  0.23983E+10  0.17529E+11  0.17529E+11
     0.80000  0.10900E+11  0.14551E+10  0.39668E+10  0.14351E+11  0.14351E+11
     1.00000  0.87368E+10  0.18113E+10  0.41723E+10  0.11750E+11  0.11750E+11
     1.20000  0.70598E+10  0.20588E+10  0.36240E+10  0.96199E+10  0.96199E+10
     1.40000  0.59763E+10  0.20027E+10  0.32873E+10  0.78761E+10  0.78761E+10
     1.60000  0.52598E+10  0.17886E+10  0.32870E+10  0.64484E+10  0.64484E+10
     1.80000  0.46716E+10  0.15130E+10  0.32819E+10  0.52795E+10  0.52795E+10
     2.00000  0.40950E+10  0.12168E+10  0.31286E+10  0.43225E+10  0.43225E+10
     2.20000  0.35156E+10  0.93017E+09  0.28543E+10  0.35389E+10  0.35389E+10
     2.40000  0.29596E+10  0.67632E+09  0.25214E+10  0.28974E+10  0.28974E+10
     2.60000  0.24537E+10  0.46668E+09  0.21774E+10  0.23722E+10  0.23722E+10
     2.80000  0.20127E+10  0.30310E+09  0.18497E+10  0.19422E+10  0.19422E+10
     3.00000  0.16400E+10  0.18275E+09  0.15513E+10  0.15902E+10  0.15902E+10
