 Ite ALT.[km]   Ext[km-1]   Ext_err_retr[km-1]  Ext_err_smooth[km-1]   Ext_prior
 i[km-1]   Ext_err_priori[km-1]  version   2.300000    
 16      0.00000  0.68722E-01  0.16706E-01  0.20289E-01  0.12459E+00  0.12459E+00
 16      0.20000  0.12035E+00  0.12902E-01  0.27566E-01  0.10201E+00  0.10201E+00
 16      0.40000  0.12301E+00  0.18047E-01  0.25013E-01  0.83515E-01  0.83515E-01
 16      0.60000  0.75734E-01  0.48289E-02  0.35395E-01  0.68376E-01  0.68376E-01
 16      0.80000  0.38059E-01  0.11546E-01  0.33344E-01  0.55982E-01  0.55982E-01
 16      1.00000  0.24448E-01  0.13442E-01  0.29836E-01  0.45834E-01  0.45834E-01
 16      1.20000  0.22255E-01  0.10877E-01  0.28236E-01  0.37526E-01  0.37526E-01
 16      1.40000  0.22295E-01  0.76762E-02  0.25991E-01  0.30723E-01  0.30723E-01
 16      1.60000  0.21696E-01  0.51692E-02  0.22880E-01  0.25154E-01  0.25154E-01
 16      1.80000  0.20147E-01  0.35276E-02  0.19497E-01  0.20595E-01  0.20595E-01
 16      2.00000  0.17975E-01  0.25493E-02  0.16287E-01  0.16861E-01  0.16861E-01
 16      2.20000  0.15554E-01  0.19607E-02  0.13459E-01  0.13805E-01  0.13805E-01
 16      2.40000  0.13156E-01  0.15574E-02  0.11064E-01  0.11303E-01  0.11303E-01
 16      2.60000  0.10924E-01  0.12267E-02  0.90822E-02  0.92537E-02  0.92537E-02
 16      2.80000  0.88746E-02  0.89350E-03  0.74671E-02  0.75763E-02  0.75763E-02
 16      3.00000  0.69907E-02  0.52580E-03  0.61571E-02  0.62030E-02  0.62030E-02
