 Ite ALT.[km]   Ext[km-1]   Ext_err_retr[km-1]  Ext_err_smooth[km-1]   Ext_prior
 i[km-1]   Ext_err_priori[km-1]  version   2.300000    
  9      0.00000  0.65767E-01  0.18428E-01  0.28352E-01  0.12209E+00  0.12209E+00
  9      0.20000  0.55525E-01  0.89633E-02  0.28824E-01  0.99958E-01  0.99958E-01
  9      0.40000  0.64781E-01  0.18524E-01  0.25539E-01  0.81838E-01  0.81838E-01
  9      0.60000  0.69293E-01  0.72680E-02  0.32401E-01  0.67004E-01  0.67004E-01
  9      0.80000  0.63692E-01  0.89195E-02  0.33063E-01  0.54858E-01  0.54858E-01
  9      1.00000  0.53531E-01  0.13054E-01  0.28550E-01  0.44914E-01  0.44914E-01
  9      1.20000  0.43231E-01  0.11587E-01  0.26334E-01  0.36772E-01  0.36772E-01
  9      1.40000  0.34409E-01  0.83658E-02  0.24644E-01  0.30107E-01  0.30107E-01
  9      1.60000  0.27313E-01  0.54009E-02  0.22150E-01  0.24649E-01  0.24649E-01
  9      1.80000  0.21738E-01  0.32404E-02  0.19147E-01  0.20181E-01  0.20181E-01
  9      2.00000  0.17381E-01  0.18446E-02  0.16131E-01  0.16523E-01  0.16523E-01
  9      2.20000  0.13967E-01  0.10241E-02  0.13390E-01  0.13528E-01  0.13528E-01
  9      2.40000  0.11276E-01  0.59282E-03  0.11027E-01  0.11076E-01  0.11076E-01
  9      2.60000  0.91406E-02  0.39245E-03  0.90475E-02  0.90680E-02  0.90680E-02
  9      2.80000  0.74369E-02  0.28027E-03  0.74132E-02  0.74242E-02  0.74242E-02
  9      3.00000  0.60726E-02  0.17011E-03  0.60736E-02  0.60784E-02  0.60784E-02
