 Ite ALT.[km]   Ext[km-1]   Ext_err_retr[km-1]  Ext_err_smooth[km-1]   Ext_prior
 i[km-1]   Ext_err_priori[km-1]  version   2.300000    
  8      0.00000  0.70703E-01  0.23698E-01  0.42556E-01  0.13893E+00  0.13893E+00
  8      0.20000  0.50398E-01  0.62270E-02  0.33857E-01  0.11375E+00  0.11375E+00
  8      0.40000  0.61080E-01  0.22126E-01  0.35228E-01  0.93130E-01  0.93130E-01
  8      0.60000  0.73726E-01  0.14247E-01  0.35969E-01  0.76248E-01  0.76248E-01
  8      0.80000  0.74339E-01  0.43826E-02  0.39417E-01  0.62427E-01  0.62427E-01
  8      1.00000  0.66499E-01  0.10464E-01  0.34834E-01  0.51111E-01  0.51111E-01
  8      1.20000  0.56151E-01  0.11662E-01  0.29949E-01  0.41846E-01  0.41846E-01
  8      1.40000  0.46300E-01  0.97812E-02  0.26640E-01  0.34261E-01  0.34261E-01
  8      1.60000  0.37856E-01  0.72245E-02  0.23699E-01  0.28050E-01  0.28050E-01
  8      1.80000  0.30857E-01  0.50004E-02  0.20651E-01  0.22966E-01  0.22966E-01
  8      2.00000  0.25101E-01  0.33496E-02  0.17619E-01  0.18803E-01  0.18803E-01
  8      2.20000  0.20374E-01  0.22189E-02  0.14800E-01  0.15394E-01  0.15394E-01
  8      2.40000  0.16489E-01  0.14777E-02  0.12304E-01  0.12604E-01  0.12604E-01
  8      2.60000  0.13275E-01  0.99384E-03  0.10167E-01  0.10319E-01  0.10319E-01
  8      2.80000  0.10532E-01  0.64733E-03  0.83761E-02  0.84486E-02  0.84486E-02
  8      3.00000  0.81158E-02  0.35771E-03  0.68917E-02  0.69171E-02  0.69171E-02
