    ALT.[km]   NO2[mol/cm3]   NO2_err_retr[mol/cm3]   NO2_err_smooth[mol/cm3]   
 NO2_priori[mol/cm3]  NO2_err_priori[mol/cm3]   version    2.300000    
     0.00000  0.28056E+11  0.34458E+10  0.39162E+10  0.38201E+11  0.38201E+11
     0.20000  0.14767E+11  0.15712E+10  0.33077E+10  0.31276E+11  0.31276E+11
     0.40000  0.69701E+10  0.35479E+10  0.36651E+10  0.25607E+11  0.25607E+11
     0.60000  0.48458E+10  0.33521E+10  0.34617E+10  0.20965E+11  0.20965E+11
     0.80000  0.63895E+10  0.18808E+10  0.51190E+10  0.17165E+11  0.17165E+11
     1.00000  0.89585E+10  0.14459E+10  0.56711E+10  0.14053E+11  0.14053E+11
     1.20000  0.10725E+11  0.22392E+10  0.50601E+10  0.11506E+11  0.11506E+11
     1.40000  0.11104E+11  0.25686E+10  0.43395E+10  0.94203E+10  0.94203E+10
     1.60000  0.10351E+11  0.23980E+10  0.40320E+10  0.77126E+10  0.77126E+10
     1.80000  0.89882E+10  0.19865E+10  0.39144E+10  0.63146E+10  0.63146E+10
     2.00000  0.74562E+10  0.15284E+10  0.37208E+10  0.51699E+10  0.51699E+10
     2.20000  0.60113E+10  0.11184E+10  0.34042E+10  0.42328E+10  0.42328E+10
     2.40000  0.47613E+10  0.78541E+09  0.30146E+10  0.34655E+10  0.34655E+10
     2.60000  0.37288E+10  0.52828E+09  0.26064E+10  0.28373E+10  0.28373E+10
     2.80000  0.28994E+10  0.33681E+09  0.22146E+10  0.23230E+10  0.23230E+10
     3.00000  0.22478E+10  0.20035E+09  0.18569E+10  0.19019E+10  0.19019E+10
