 Ite ALT.[km]   Ext[km-1]   Ext_err_retr[km-1]  Ext_err_smooth[km-1]   Ext_prior
 i[km-1]   Ext_err_priori[km-1]  version   2.300000    
  9      0.00000  0.19771E+00  0.27166E-01  0.43699E-01  0.18384E+00  0.18384E+00
  9      0.20000  0.54246E-01  0.76987E-02  0.43643E-01  0.15051E+00  0.15051E+00
  9      0.40000  0.39859E-06  0.22795E-01  0.36071E-01  0.12323E+00  0.12323E+00
  9      0.60000  0.47209E-01  0.13283E-01  0.46512E-01  0.10089E+00  0.10089E+00
  9      0.80000  0.10677E+00  0.85636E-02  0.50058E-01  0.82602E-01  0.82602E-01
  9      1.00000  0.12831E+00  0.13394E-01  0.41773E-01  0.67629E-01  0.67629E-01
  9      1.20000  0.11752E+00  0.13340E-01  0.36483E-01  0.55370E-01  0.55370E-01
  9      1.40000  0.94172E-01  0.10606E-01  0.34195E-01  0.45333E-01  0.45333E-01
  9      1.60000  0.71039E-01  0.74433E-02  0.31425E-01  0.37116E-01  0.37116E-01
  9      1.80000  0.52541E-01  0.48353E-02  0.27707E-01  0.30388E-01  0.30388E-01
  9      2.00000  0.38896E-01  0.29965E-02  0.23676E-01  0.24879E-01  0.24879E-01
  9      2.20000  0.29086E-01  0.18203E-02  0.19843E-01  0.20370E-01  0.20370E-01
  9      2.40000  0.22037E-01  0.11214E-02  0.16449E-01  0.16677E-01  0.16677E-01
  9      2.60000  0.16906E-01  0.72436E-03  0.13553E-01  0.13654E-01  0.13654E-01
  9      2.80000  0.13065E-01  0.47431E-03  0.11136E-01  0.11179E-01  0.11179E-01
  9      3.00000  0.10097E-01  0.26786E-03  0.91383E-02  0.91526E-02  0.91526E-02
