 Ite ALT.[km]   Ext[km-1]   Ext_err_retr[km-1]  Ext_err_smooth[km-1]   Ext_prior
 i[km-1]   Ext_err_priori[km-1]  version   2.300000    
 16      0.00000  0.11012E+00  0.27738E-01  0.42590E-01  0.17081E+00  0.17081E+00
 16      0.20000  0.11766E+00  0.12105E-01  0.43856E-01  0.13985E+00  0.13985E+00
 16      0.40000  0.10502E+00  0.27192E-01  0.42893E-01  0.11450E+00  0.11450E+00
 16      0.60000  0.65150E-01  0.14895E-01  0.47152E-01  0.93744E-01  0.93744E-01
 16      0.80000  0.37084E-01  0.79871E-02  0.49935E-01  0.76751E-01  0.76751E-01
 16      1.00000  0.33181E-01  0.14139E-01  0.43842E-01  0.62838E-01  0.62838E-01
 16      1.20000  0.41448E-01  0.14647E-01  0.37697E-01  0.51448E-01  0.51448E-01
 16      1.40000  0.49882E-01  0.12170E-01  0.33181E-01  0.42122E-01  0.42122E-01
 16      1.60000  0.53642E-01  0.90914E-02  0.29228E-01  0.34486E-01  0.34486E-01
 16      1.80000  0.52615E-01  0.64275E-02  0.25338E-01  0.28235E-01  0.28235E-01
 16      2.00000  0.48311E-01  0.44426E-02  0.21570E-01  0.23117E-01  0.23117E-01
 16      2.20000  0.42318E-01  0.30770E-02  0.18101E-01  0.18927E-01  0.18927E-01
 16      2.40000  0.35811E-01  0.21701E-02  0.15042E-01  0.15496E-01  0.15496E-01
 16      2.60000  0.29360E-01  0.15536E-02  0.12430E-01  0.12687E-01  0.12687E-01
 16      2.80000  0.22775E-01  0.10677E-02  0.10251E-01  0.10387E-01  0.10387E-01
 16      3.00000  0.15870E-01  0.61114E-03  0.84523E-02  0.85042E-02  0.85042E-02
