    ALT.[km]   NO2[mol/cm3]   NO2_err_retr[mol/cm3]   NO2_err_smooth[mol/cm3]   
 NO2_priori[mol/cm3]  NO2_err_priori[mol/cm3]   version    2.300000    
     0.00000  0.20361E+11  0.13722E+10  0.15148E+10  0.92639E+10  0.92639E+10
     0.20000  0.18825E+11  0.58419E+09  0.10545E+10  0.75846E+10  0.75846E+10
     0.40000  0.15927E+11  0.72506E+09  0.17470E+10  0.62098E+10  0.62098E+10
     0.60000  0.12282E+11  0.10015E+10  0.15926E+10  0.50841E+10  0.50841E+10
     0.80000  0.87458E+10  0.10233E+10  0.14316E+10  0.41625E+10  0.41625E+10
     1.00000  0.59166E+10  0.91251E+09  0.15568E+10  0.34080E+10  0.34080E+10
     1.20000  0.39583E+10  0.76595E+09  0.16765E+10  0.27902E+10  0.27902E+10
     1.40000  0.27260E+10  0.61433E+09  0.16566E+10  0.22844E+10  0.22844E+10
     1.60000  0.19779E+10  0.46964E+09  0.15284E+10  0.18703E+10  0.18703E+10
     1.80000  0.15112E+10  0.34346E+09  0.13488E+10  0.15313E+10  0.15313E+10
     2.00000  0.11984E+10  0.24244E+09  0.11576E+10  0.12537E+10  0.12537E+10
     2.20000  0.97130E+09  0.16641E+09  0.97662E+09  0.10265E+10  0.10265E+10
     2.40000  0.79627E+09  0.11127E+09  0.81515E+09  0.84040E+09  0.84040E+09
     2.60000  0.65644E+09  0.72068E+08  0.67581E+09  0.68806E+09  0.68806E+09
     2.80000  0.54252E+09  0.44643E+08  0.55782E+09  0.56334E+09  0.56334E+09
     3.00000  0.44863E+09  0.25986E+08  0.45900E+09  0.46122E+09  0.46122E+09
