    ALT.[km]   NO2[mol/cm3]   NO2_err_retr[mol/cm3]   NO2_err_smooth[mol/cm3]   
 NO2_priori[mol/cm3]  NO2_err_priori[mol/cm3]   version    2.300000    
     0.00000  0.25201E+11  0.12360E+10  0.12078E+10  0.13132E+11  0.13132E+11
     0.20000  0.23276E+11  0.75873E+09  0.13961E+10  0.10752E+11  0.10752E+11
     0.40000  0.20741E+11  0.12651E+10  0.18047E+10  0.88028E+10  0.88028E+10
     0.60000  0.17810E+11  0.11358E+10  0.17161E+10  0.72071E+10  0.72071E+10
     0.80000  0.14780E+11  0.89547E+09  0.19210E+10  0.59007E+10  0.59007E+10
     1.00000  0.11908E+11  0.10202E+10  0.21021E+10  0.48311E+10  0.48311E+10
     1.20000  0.93643E+10  0.11475E+10  0.21271E+10  0.39554E+10  0.39554E+10
     1.40000  0.72287E+10  0.10828E+10  0.20648E+10  0.32384E+10  0.32384E+10
     1.60000  0.55104E+10  0.89218E+09  0.19435E+10  0.26514E+10  0.26514E+10
     1.80000  0.41707E+10  0.67122E+09  0.17689E+10  0.21707E+10  0.21707E+10
     2.00000  0.31484E+10  0.47550E+09  0.15600E+10  0.17773E+10  0.17773E+10
     2.20000  0.23776E+10  0.32312E+09  0.13422E+10  0.14551E+10  0.14551E+10
     2.40000  0.17989E+10  0.21236E+09  0.11350E+10  0.11913E+10  0.11913E+10
     2.60000  0.13642E+10  0.13483E+09  0.94868E+09  0.97538E+09  0.97538E+09
     2.80000  0.10370E+10  0.81908E+08  0.78685E+09  0.79857E+09  0.79857E+09
     3.00000  0.79153E+09  0.46870E+08  0.64921E+09  0.65382E+09  0.65382E+09
