    ALT.[km]   NO2[mol/cm3]   NO2_err_retr[mol/cm3]   NO2_err_smooth[mol/cm3]   
 NO2_priori[mol/cm3]  NO2_err_priori[mol/cm3]   version    2.300000    
     0.00000  0.12546E+11  0.16312E+10  0.17851E+10  0.13269E+11  0.13269E+11
     0.20000  0.12364E+11  0.63276E+09  0.12865E+10  0.10863E+11  0.10863E+11
     0.40000  0.12560E+11  0.12216E+10  0.17607E+10  0.88942E+10  0.88942E+10
     0.60000  0.12372E+11  0.12701E+10  0.15678E+10  0.72820E+10  0.72820E+10
     0.80000  0.11445E+11  0.93709E+09  0.17818E+10  0.59620E+10  0.59620E+10
     1.00000  0.98792E+10  0.88767E+09  0.19965E+10  0.48812E+10  0.48812E+10
     1.20000  0.80218E+10  0.10653E+10  0.19648E+10  0.39964E+10  0.39964E+10
     1.40000  0.62224E+10  0.11012E+10  0.18420E+10  0.32720E+10  0.32720E+10
     1.60000  0.46935E+10  0.97333E+09  0.17283E+10  0.26789E+10  0.26789E+10
     1.80000  0.35003E+10  0.77134E+09  0.16080E+10  0.21933E+10  0.21933E+10
     2.00000  0.26145E+10  0.56850E+09  0.14581E+10  0.17957E+10  0.17957E+10
     2.20000  0.19712E+10  0.39897E+09  0.12849E+10  0.14702E+10  0.14702E+10
     2.40000  0.15048E+10  0.26970E+09  0.11064E+10  0.12037E+10  0.12037E+10
     2.60000  0.11628E+10  0.17566E+09  0.93718E+09  0.98551E+09  0.98551E+09
     2.80000  0.90811E+09  0.10918E+09  0.78472E+09  0.80686E+09  0.80686E+09
     3.00000  0.71574E+09  0.63718E+08  0.65157E+09  0.66061E+09  0.66061E+09
