 Ite ALT.[km]   Ext[km-1]   Ext_err_retr[km-1]  Ext_err_smooth[km-1]   Ext_prior
 i[km-1]   Ext_err_priori[km-1]  version   2.300000    
  6      0.00000  0.60271E-01  0.17679E-01  0.22094E-01  0.14084E+00  0.14084E+00
  6      0.20000  0.10713E+00  0.13839E-01  0.29882E-01  0.11531E+00  0.11531E+00
  6      0.40000  0.13479E+00  0.19539E-01  0.25862E-01  0.94408E-01  0.94408E-01
  6      0.60000  0.10804E+00  0.50123E-02  0.39849E-01  0.77295E-01  0.77295E-01
  6      0.80000  0.68700E-01  0.12646E-01  0.36982E-01  0.63283E-01  0.63283E-01
  6      1.00000  0.44243E-01  0.14659E-01  0.32835E-01  0.51812E-01  0.51812E-01
  6      1.20000  0.33075E-01  0.11666E-01  0.31593E-01  0.42420E-01  0.42420E-01
  6      1.40000  0.27859E-01  0.80412E-02  0.29386E-01  0.34731E-01  0.34731E-01
  6      1.60000  0.24541E-01  0.52626E-02  0.25959E-01  0.28435E-01  0.28435E-01
  6      1.80000  0.21674E-01  0.34675E-02  0.22144E-01  0.23281E-01  0.23281E-01
  6      2.00000  0.18903E-01  0.24091E-02  0.18513E-01  0.19061E-01  0.19061E-01
  6      2.20000  0.16229E-01  0.17913E-02  0.15310E-01  0.15605E-01  0.15605E-01
  6      2.40000  0.13730E-01  0.13925E-02  0.12594E-01  0.12777E-01  0.12777E-01
  6      2.60000  0.11457E-01  0.10846E-02  0.10338E-01  0.10461E-01  0.10461E-01
  6      2.80000  0.93986E-02  0.78594E-03  0.84894E-02  0.85645E-02  0.85645E-02
  6      3.00000  0.75368E-02  0.46151E-03  0.69809E-02  0.70120E-02  0.70120E-02
