 Ite ALT.[km]   Ext[km-1]   Ext_err_retr[km-1]  Ext_err_smooth[km-1]   Ext_prior
 i[km-1]   Ext_err_priori[km-1]  version   2.300000    
 16      0.00000  0.24170E+00  0.39119E-01  0.38828E-01  0.24564E+00  0.24564E+00
 16      0.20000  0.18525E+00  0.34477E-01  0.59407E-01  0.20111E+00  0.20111E+00
 16      0.40000  0.13464E+00  0.41130E-01  0.59773E-01  0.16466E+00  0.16466E+00
 16      0.60000  0.95367E-01  0.16433E-01  0.74974E-01  0.13481E+00  0.13481E+00
 16      0.80000  0.73787E-01  0.22686E-01  0.70875E-01  0.11037E+00  0.11037E+00
 16      1.00000  0.67946E-01  0.26002E-01  0.62721E-01  0.90365E-01  0.90365E-01
 16      1.20000  0.69660E-01  0.21474E-01  0.57248E-01  0.73985E-01  0.73985E-01
 16      1.40000  0.72357E-01  0.15424E-01  0.51572E-01  0.60574E-01  0.60574E-01
 16      1.60000  0.72684E-01  0.10459E-01  0.45025E-01  0.49593E-01  0.49593E-01
 16      1.80000  0.69639E-01  0.71093E-02  0.38280E-01  0.40604E-01  0.40604E-01
 16      2.00000  0.63850E-01  0.51003E-02  0.31974E-01  0.33244E-01  0.33244E-01
 16      2.20000  0.56537E-01  0.39372E-02  0.26430E-01  0.27217E-01  0.27217E-01
 16      2.40000  0.48705E-01  0.31942E-02  0.21728E-01  0.22284E-01  0.22284E-01
 16      2.60000  0.40767E-01  0.26019E-02  0.17828E-01  0.18244E-01  0.18244E-01
 16      2.80000  0.32242E-01  0.19648E-02  0.14659E-01  0.14937E-01  0.14937E-01
 16      3.00000  0.22775E-01  0.11904E-02  0.12108E-01  0.12230E-01  0.12230E-01
