 Ite ALT.[km]   Ext[km-1]   Ext_err_retr[km-1]  Ext_err_smooth[km-1]   Ext_prior
 i[km-1]   Ext_err_priori[km-1]  version   2.300000    
  6      0.00000  0.12234E+00  0.26280E-01  0.36751E-01  0.19411E+00  0.19411E+00
  6      0.20000  0.93571E-01  0.14662E-01  0.43810E-01  0.15892E+00  0.15892E+00
  6      0.40000  0.11015E+00  0.27441E-01  0.34718E-01  0.13012E+00  0.13012E+00
  6      0.60000  0.12747E+00  0.11428E-01  0.53979E-01  0.10653E+00  0.10653E+00
  6      0.80000  0.12086E+00  0.11995E-01  0.54127E-01  0.87220E-01  0.87220E-01
  6      1.00000  0.10023E+00  0.16820E-01  0.45648E-01  0.71409E-01  0.71409E-01
  6      1.20000  0.78808E-01  0.14996E-01  0.41450E-01  0.58465E-01  0.58465E-01
  6      1.40000  0.61325E-01  0.11174E-01  0.38355E-01  0.47867E-01  0.47867E-01
  6      1.60000  0.47986E-01  0.76476E-02  0.34318E-01  0.39190E-01  0.39190E-01
  6      1.80000  0.37890E-01  0.50121E-02  0.29698E-01  0.32086E-01  0.32086E-01
  6      2.00000  0.30166E-01  0.32236E-02  0.25126E-01  0.26270E-01  0.26270E-01
  6      2.20000  0.24174E-01  0.20786E-02  0.20964E-01  0.21508E-01  0.21508E-01
  6      2.40000  0.19460E-01  0.13722E-02  0.17347E-01  0.17609E-01  0.17609E-01
  6      2.60000  0.15701E-01  0.93304E-03  0.14289E-01  0.14417E-01  0.14417E-01
  6      2.80000  0.12648E-01  0.62056E-03  0.11744E-01  0.11804E-01  0.11804E-01
  6      3.00000  0.10127E-01  0.34884E-03  0.96434E-02  0.96642E-02  0.96642E-02
