    ALT.[km]   NO2[mol/cm3]   NO2_err_retr[mol/cm3]   NO2_err_smooth[mol/cm3]   
 NO2_priori[mol/cm3]  NO2_err_priori[mol/cm3]   version    2.300000    
     0.00000  0.55902E+11  0.21583E+10  0.15829E+10  0.31530E+11  0.31530E+11
     0.20000  0.62909E+11  0.17602E+10  0.27016E+10  0.25815E+11  0.25815E+11
     0.40000  0.53542E+11  0.28816E+10  0.24934E+10  0.21135E+11  0.21135E+11
     0.60000  0.32711E+11  0.21167E+10  0.35012E+10  0.17304E+11  0.17304E+11
     0.80000  0.10840E+11  0.12345E+10  0.46931E+10  0.14167E+11  0.14167E+11
     1.00000 -0.42328E+10  0.19914E+10  0.46281E+10  0.11599E+11  0.11599E+11
     1.20000 -0.10709E+11  0.25514E+10  0.40999E+10  0.94966E+10  0.94966E+10
     1.40000 -0.11018E+11  0.25009E+10  0.38768E+10  0.77752E+10  0.77752E+10
     1.60000 -0.84978E+10  0.21011E+10  0.38554E+10  0.63658E+10  0.63658E+10
     1.80000 -0.54708E+10  0.16096E+10  0.37301E+10  0.52119E+10  0.52119E+10
     2.00000 -0.29765E+10  0.11648E+10  0.34395E+10  0.42671E+10  0.42671E+10
     2.20000 -0.12413E+10  0.81143E+09  0.30489E+10  0.34936E+10  0.34936E+10
     2.40000 -0.15160E+09  0.54763E+09  0.26303E+10  0.28603E+10  0.28603E+10
     2.60000  0.47924E+09  0.35683E+09  0.22288E+10  0.23418E+10  0.23418E+10
     2.80000  0.80874E+09  0.22191E+09  0.18660E+10  0.19173E+10  0.19173E+10
     3.00000  0.94522E+09  0.12950E+09  0.15490E+10  0.15698E+10  0.15698E+10
