 Ite ALT.[km]   Ext[km-1]   Ext_err_retr[km-1]  Ext_err_smooth[km-1]   Ext_prior
 i[km-1]   Ext_err_priori[km-1]  version   2.300000    
 16      0.00000  0.46156E-01  0.95171E-02  0.16048E-01  0.65239E-01  0.65239E-01
 16      0.20000  0.68530E-01  0.46206E-02  0.16284E-01  0.53413E-01  0.53413E-01
 16      0.40000  0.71147E-01  0.87788E-02  0.15824E-01  0.43731E-01  0.43731E-01
 16      0.60000  0.46622E-01  0.38339E-02  0.17188E-01  0.35804E-01  0.35804E-01
 16      0.80000  0.21448E-01  0.53665E-02  0.18191E-01  0.29314E-01  0.29314E-01
 16      1.00000  0.81777E-02  0.69646E-02  0.16761E-01  0.24000E-01  0.24000E-01
 16      1.20000  0.36599E-02  0.62083E-02  0.15155E-01  0.19650E-01  0.19650E-01
 16      1.40000  0.29014E-02  0.47412E-02  0.13515E-01  0.16088E-01  0.16088E-01
 16      1.60000  0.32929E-02  0.33626E-02  0.11783E-01  0.13172E-01  0.13172E-01
 16      1.80000  0.38257E-02  0.22898E-02  0.10064E-01  0.10784E-01  0.10784E-01
 16      2.00000  0.41642E-02  0.15238E-02  0.84654E-02  0.88291E-02  0.88291E-02
 16      2.20000  0.42387E-02  0.10045E-02  0.70470E-02  0.72287E-02  0.72287E-02
 16      2.40000  0.40857E-02  0.66441E-03  0.58266E-02  0.59183E-02  0.59183E-02
 16      2.60000  0.37767E-02  0.44309E-03  0.47981E-02  0.48455E-02  0.48455E-02
 16      2.80000  0.33869E-02  0.28664E-03  0.39437E-02  0.39672E-02  0.39672E-02
 16      3.00000  0.29763E-02  0.15783E-03  0.32395E-02  0.32481E-02  0.32481E-02
