    ALT.[km]   NO2[mol/cm3]   NO2_err_retr[mol/cm3]   NO2_err_smooth[mol/cm3]   
 NO2_priori[mol/cm3]  NO2_err_priori[mol/cm3]   version    2.300000    
     0.00000  0.10208E+11  0.32253E+10  0.46779E+10  0.83912E+11  0.83912E+11
     0.20000  0.16419E+11  0.22951E+10  0.61561E+10  0.68701E+11  0.68701E+11
     0.40000  0.18759E+11  0.34845E+10  0.41021E+10  0.56248E+11  0.56248E+11
     0.60000  0.14122E+11  0.27198E+10  0.68506E+10  0.46052E+11  0.46052E+11
     0.80000  0.63767E+10  0.32395E+10  0.10564E+11  0.37704E+11  0.37704E+11
     1.00000  0.65419E+09  0.38633E+10  0.10487E+11  0.30870E+11  0.30870E+11
     1.20000 -0.91743E+09  0.36815E+10  0.91106E+10  0.25274E+11  0.25274E+11
     1.40000  0.64948E+09  0.33565E+10  0.87423E+10  0.20692E+11  0.20692E+11
     1.60000  0.32709E+10  0.32100E+10  0.90095E+10  0.16942E+11  0.16942E+11
     1.80000  0.54355E+10  0.30085E+10  0.89710E+10  0.13871E+11  0.13871E+11
     2.00000  0.65974E+10  0.26257E+10  0.84523E+10  0.11356E+11  0.11356E+11
     2.20000  0.68416E+10  0.21285E+10  0.76276E+10  0.92977E+10  0.92977E+10
     2.40000  0.64725E+10  0.16165E+10  0.66849E+10  0.76123E+10  0.76123E+10
     2.60000  0.57811E+10  0.11536E+10  0.57447E+10  0.62325E+10  0.62325E+10
     2.80000  0.49729E+10  0.76917E+09  0.48672E+10  0.51027E+10  0.51027E+10
     3.00000  0.41731E+10  0.47329E+09  0.40774E+10  0.41777E+10  0.41777E+10
