    ALT.[km]   NO2[mol/cm3]   NO2_err_retr[mol/cm3]   NO2_err_smooth[mol/cm3]   
 NO2_priori[mol/cm3]  NO2_err_priori[mol/cm3]   version    2.300000    
     0.00000  0.24963E+11  0.29191E+10  0.29048E+10  0.27890E+11  0.27890E+11
     0.20000  0.17420E+11  0.12873E+10  0.25593E+10  0.22835E+11  0.22835E+11
     0.40000  0.11664E+11  0.26686E+10  0.29618E+10  0.18695E+11  0.18695E+11
     0.60000  0.80222E+10  0.25047E+10  0.27964E+10  0.15307E+11  0.15307E+11
     0.80000  0.62135E+10  0.14960E+10  0.37756E+10  0.12532E+11  0.12532E+11
     1.00000  0.55574E+10  0.14554E+10  0.41169E+10  0.10260E+11  0.10260E+11
     1.20000  0.53608E+10  0.20392E+10  0.37490E+10  0.84004E+10  0.84004E+10
     1.40000  0.51746E+10  0.22033E+10  0.33552E+10  0.68777E+10  0.68777E+10
     1.60000  0.48278E+10  0.19772E+10  0.31963E+10  0.56310E+10  0.56310E+10
     1.80000  0.43291E+10  0.15815E+10  0.30893E+10  0.46102E+10  0.46102E+10
     2.00000  0.37540E+10  0.11759E+10  0.28917E+10  0.37745E+10  0.37745E+10
     2.20000  0.31753E+10  0.83270E+09  0.26036E+10  0.30903E+10  0.30903E+10
     2.40000  0.26398E+10  0.56773E+09  0.22737E+10  0.25302E+10  0.25302E+10
     2.60000  0.21692E+10  0.37246E+09  0.19437E+10  0.20715E+10  0.20715E+10
     2.80000  0.17692E+10  0.23280E+09  0.16373E+10  0.16960E+10  0.16960E+10
     3.00000  0.14367E+10  0.13640E+09  0.13646E+10  0.13886E+10  0.13886E+10
