    ALT.[km]   NO2[mol/cm3]   NO2_err_retr[mol/cm3]   NO2_err_smooth[mol/cm3]   
 NO2_priori[mol/cm3]  NO2_err_priori[mol/cm3]   version    2.300000    
     0.00000  0.78255E+11  0.21528E+10  0.15859E+10  0.31006E+11  0.31006E+11
     0.20000  0.61523E+11  0.17396E+10  0.28316E+10  0.25385E+11  0.25385E+11
     0.40000  0.39200E+11  0.28318E+10  0.25903E+10  0.20784E+11  0.20784E+11
     0.60000  0.18123E+11  0.20842E+10  0.33320E+10  0.17016E+11  0.17016E+11
     0.80000  0.35469E+10  0.12349E+10  0.45389E+10  0.13932E+11  0.13932E+11
     1.00000 -0.33293E+10  0.20250E+10  0.45529E+10  0.11406E+11  0.11406E+11
     1.20000 -0.45387E+10  0.26038E+10  0.40514E+10  0.93387E+10  0.93387E+10
     1.40000 -0.30251E+10  0.25574E+10  0.38142E+10  0.76459E+10  0.76459E+10
     1.60000 -0.96371E+09  0.21462E+10  0.37890E+10  0.62599E+10  0.62599E+10
     1.80000  0.63274E+09  0.16361E+10  0.36735E+10  0.51252E+10  0.51252E+10
     2.00000  0.15552E+10  0.11741E+10  0.33938E+10  0.41961E+10  0.41961E+10
     2.20000  0.19399E+10  0.80908E+09  0.30106E+10  0.34355E+10  0.34355E+10
     2.40000  0.19878E+10  0.53971E+09  0.25964E+10  0.28128E+10  0.28128E+10
     2.60000  0.18585E+10  0.34777E+09  0.21983E+10  0.23029E+10  0.23029E+10
     2.80000  0.16528E+10  0.21417E+09  0.18386E+10  0.18854E+10  0.18854E+10
     3.00000  0.14267E+10  0.12398E+09  0.15250E+10  0.15437E+10  0.15437E+10
