 Ite ALT.[km]   Ext[km-1]   Ext_err_retr[km-1]  Ext_err_smooth[km-1]   Ext_prior
 i[km-1]   Ext_err_priori[km-1]  version   2.300000    
  6      0.00000  0.11570E+00  0.15130E-01  0.20246E-01  0.10730E+00  0.10730E+00
  6      0.20000  0.13429E+00  0.11285E-01  0.25948E-01  0.87852E-01  0.87852E-01
  6      0.40000  0.10569E+00  0.14490E-01  0.25468E-01  0.71928E-01  0.71928E-01
  6      0.60000  0.52529E-01  0.53909E-02  0.30157E-01  0.58889E-01  0.58889E-01
  6      0.80000  0.19780E-01  0.11225E-01  0.29927E-01  0.48214E-01  0.48214E-01
  6      1.00000  0.10273E-01  0.12034E-01  0.28234E-01  0.39475E-01  0.39475E-01
  6      1.20000  0.10465E-01  0.93874E-02  0.26352E-01  0.32319E-01  0.32319E-01
  6      1.40000  0.12491E-01  0.63259E-02  0.23670E-01  0.26461E-01  0.26461E-01
  6      1.60000  0.13915E-01  0.38778E-02  0.20502E-01  0.21664E-01  0.21664E-01
  6      1.80000  0.14288E-01  0.22091E-02  0.17308E-01  0.17737E-01  0.17737E-01
  6      2.00000  0.13747E-01  0.12286E-02  0.14375E-01  0.14522E-01  0.14522E-01
  6      2.20000  0.12587E-01  0.77694E-03  0.11830E-01  0.11890E-01  0.11890E-01
  6      2.40000  0.11102E-01  0.62695E-03  0.96925E-02  0.97343E-02  0.97343E-02
  6      2.60000  0.94960E-02  0.55165E-03  0.79302E-02  0.79698E-02  0.79698E-02
  6      2.80000  0.78438E-02  0.44106E-03  0.64934E-02  0.65251E-02  0.65251E-02
  6      3.00000  0.61861E-02  0.27424E-03  0.53271E-02  0.53423E-02  0.53423E-02
