 Ite ALT.[km]   Ext[km-1]   Ext_err_retr[km-1]  Ext_err_smooth[km-1]   Ext_prior
 i[km-1]   Ext_err_priori[km-1]  version   2.300000    
 16      0.00000  0.74649E-01  0.11179E-01  0.18011E-01  0.68722E-01  0.68722E-01
 16      0.20000  0.76404E-01  0.30103E-02  0.18027E-01  0.56265E-01  0.56265E-01
 16      0.40000  0.42575E-01  0.84057E-02  0.17783E-01  0.46066E-01  0.46066E-01
 16      0.60000  0.49808E-02  0.50190E-02  0.18278E-01  0.37716E-01  0.37716E-01
 16      0.80000  0.30879E-08  0.37798E-02  0.19901E-01  0.30879E-01  0.30879E-01
 16      1.00000  0.25282E-08  0.56495E-02  0.17950E-01  0.25282E-01  0.25282E-01
 16      1.20000  0.20699E-08  0.58332E-02  0.15308E-01  0.20699E-01  0.20699E-01
 16      1.40000  0.16947E-08  0.50338E-02  0.13141E-01  0.16947E-01  0.16947E-01
 16      1.60000  0.13875E-08  0.39680E-02  0.11375E-01  0.13875E-01  0.13875E-01
 16      1.80000  0.11360E-08  0.29731E-02  0.98110E-02  0.11360E-01  0.11360E-01
 16      2.00000  0.93006E-09  0.21640E-02  0.83775E-02  0.93006E-02  0.93006E-02
 16      2.20000  0.25761E-08  0.15509E-02  0.70765E-02  0.76147E-02  0.76147E-02
 16      2.40000  0.44157E-06  0.11033E-02  0.59238E-02  0.62344E-02  0.62344E-02
 16      2.60000  0.22082E-03  0.77670E-03  0.49279E-02  0.51043E-02  0.51043E-02
 16      2.80000  0.12072E-02  0.51761E-03  0.40883E-02  0.41790E-02  0.41790E-02
 16      3.00000  0.19086E-02  0.28805E-03  0.33884E-02  0.34215E-02  0.34215E-02
