 Ite ALT.[km]   Ext[km-1]   Ext_err_retr[km-1]  Ext_err_smooth[km-1]   Ext_prior
 i[km-1]   Ext_err_priori[km-1]  version   2.300000    
  6      0.00000  0.11977E+00  0.28652E-01  0.55258E-01  0.15714E+00  0.15714E+00
  6      0.20000  0.60779E-01  0.61359E-02  0.38049E-01  0.12866E+00  0.12866E+00
  6      0.40000  0.45397E-01  0.24373E-01  0.44298E-01  0.10534E+00  0.10534E+00
  6      0.60000  0.64771E-01  0.18209E-01  0.41249E-01  0.86242E-01  0.86242E-01
  6      0.80000  0.83526E-01  0.60446E-02  0.44031E-01  0.70609E-01  0.70609E-01
  6      1.00000  0.86170E-01  0.10845E-01  0.39855E-01  0.57810E-01  0.57810E-01
  6      1.20000  0.76968E-01  0.12814E-01  0.34433E-01  0.47331E-01  0.47331E-01
  6      1.40000  0.63682E-01  0.11102E-01  0.30396E-01  0.38751E-01  0.38751E-01
  6      1.60000  0.50848E-01  0.83836E-02  0.26863E-01  0.31727E-01  0.31727E-01
  6      1.80000  0.40040E-01  0.59398E-02  0.23315E-01  0.25976E-01  0.25976E-01
  6      2.00000  0.31419E-01  0.41099E-02  0.19846E-01  0.21267E-01  0.21267E-01
  6      2.20000  0.24681E-01  0.28480E-02  0.16648E-01  0.17412E-01  0.17412E-01
  6      2.40000  0.19442E-01  0.20065E-02  0.13834E-01  0.14256E-01  0.14256E-01
  6      2.60000  0.15337E-01  0.14334E-02  0.11432E-01  0.11672E-01  0.11672E-01
  6      2.80000  0.12004E-01  0.98362E-03  0.94282E-02  0.95559E-02  0.95559E-02
  6      3.00000  0.91877E-02  0.56304E-03  0.77751E-02  0.78237E-02  0.78237E-02
