    ALT.[km]   NO2[mol/cm3]   NO2_err_retr[mol/cm3]   NO2_err_smooth[mol/cm3]   
 NO2_priori[mol/cm3]  NO2_err_priori[mol/cm3]   version    2.300000    
     0.00000  0.86048E+11  0.21812E+10  0.15805E+10  0.37844E+11  0.37844E+11
     0.20000  0.46374E+11  0.21694E+10  0.31980E+10  0.30984E+11  0.30984E+11
     0.40000  0.18264E+11  0.33694E+10  0.28734E+10  0.25368E+11  0.25368E+11
     0.60000  0.64246E+10  0.23118E+10  0.43117E+10  0.20769E+11  0.20769E+11
     0.80000  0.65029E+10  0.12865E+10  0.57268E+10  0.17005E+11  0.17005E+11
     1.00000  0.10960E+11  0.23618E+10  0.55718E+10  0.13922E+11  0.13922E+11
     1.20000  0.14472E+11  0.30314E+10  0.49101E+10  0.11399E+11  0.11399E+11
     1.40000  0.15339E+11  0.29522E+10  0.46575E+10  0.93323E+10  0.93323E+10
     1.60000  0.14110E+11  0.24665E+10  0.46427E+10  0.76406E+10  0.76406E+10
     1.80000  0.11896E+11  0.18821E+10  0.44912E+10  0.62556E+10  0.62556E+10
     2.00000  0.95229E+10  0.13585E+10  0.41380E+10  0.51217E+10  0.51217E+10
     2.20000  0.74006E+10  0.94471E+09  0.36654E+10  0.41933E+10  0.41933E+10
     2.40000  0.56553E+10  0.63690E+09  0.31604E+10  0.34332E+10  0.34332E+10
     2.60000  0.42793E+10  0.41476E+09  0.26770E+10  0.28108E+10  0.28108E+10
     2.80000  0.32205E+10  0.25788E+09  0.22407E+10  0.23013E+10  0.23013E+10
     3.00000  0.24217E+10  0.15050E+09  0.18597E+10  0.18842E+10  0.18842E+10
