 Ite ALT.[km]   Ext[km-1]   Ext_err_retr[km-1]  Ext_err_smooth[km-1]   Ext_prior
 i[km-1]   Ext_err_priori[km-1]  version   2.300000    
  7      0.00000  0.14673E+00  0.28246E-01  0.37503E-01  0.19776E+00  0.19776E+00
  7      0.20000  0.10085E+00  0.15559E-01  0.45158E-01  0.16191E+00  0.16191E+00
  7      0.40000  0.10574E+00  0.29175E-01  0.36667E-01  0.13256E+00  0.13256E+00
  7      0.60000  0.12369E+00  0.12261E-01  0.55443E-01  0.10853E+00  0.10853E+00
  7      0.80000  0.12107E+00  0.12329E-01  0.55511E-01  0.88859E-01  0.88859E-01
  7      1.00000  0.10211E+00  0.17506E-01  0.46914E-01  0.72752E-01  0.72752E-01
  7      1.20000  0.80519E-01  0.15684E-01  0.42436E-01  0.59564E-01  0.59564E-01
  7      1.40000  0.62522E-01  0.11716E-01  0.39136E-01  0.48767E-01  0.48767E-01
  7      1.60000  0.48819E-01  0.80371E-02  0.34968E-01  0.39927E-01  0.39927E-01
  7      1.80000  0.38509E-01  0.52891E-02  0.30245E-01  0.32689E-01  0.32689E-01
  7      2.00000  0.30649E-01  0.34284E-02  0.25582E-01  0.26764E-01  0.26764E-01
  7      2.20000  0.24556E-01  0.22370E-02  0.21343E-01  0.21912E-01  0.21912E-01
  7      2.40000  0.19764E-01  0.14973E-02  0.17661E-01  0.17940E-01  0.17940E-01
  7      2.60000  0.15948E-01  0.10305E-02  0.14548E-01  0.14688E-01  0.14688E-01
  7      2.80000  0.12855E-01  0.69062E-03  0.11959E-01  0.12026E-01  0.12026E-01
  7      3.00000  0.10304E-01  0.38972E-03  0.98223E-02  0.98459E-02  0.98459E-02
