    ALT.[km]   NO2[mol/cm3]   NO2_err_retr[mol/cm3]   NO2_err_smooth[mol/cm3]   
 NO2_priori[mol/cm3]  NO2_err_priori[mol/cm3]   version    2.300000    
     0.00000  0.43566E+11  0.20622E+10  0.15452E+10  0.25866E+11  0.25866E+11
     0.20000  0.51001E+11  0.13015E+10  0.23928E+10  0.21177E+11  0.21177E+11
     0.40000  0.44915E+11  0.22511E+10  0.21147E+10  0.17338E+11  0.17338E+11
     0.60000  0.28602E+11  0.17675E+10  0.25037E+10  0.14196E+11  0.14196E+11
     0.80000  0.10562E+11  0.11588E+10  0.35900E+10  0.11622E+11  0.11622E+11
     1.00000 -0.22855E+10  0.17468E+10  0.36685E+10  0.95155E+10  0.95155E+10
     1.20000 -0.79693E+10  0.22122E+10  0.32491E+10  0.77907E+10  0.77907E+10
     1.40000 -0.83212E+10  0.21735E+10  0.30567E+10  0.63785E+10  0.63785E+10
     1.60000 -0.61946E+10  0.18264E+10  0.30784E+10  0.52222E+10  0.52222E+10
     1.80000 -0.36588E+10  0.13918E+10  0.30253E+10  0.42756E+10  0.42756E+10
     2.00000 -0.16467E+10  0.99646E+09  0.28178E+10  0.35006E+10  0.35006E+10
     2.20000 -0.33694E+09  0.68421E+09  0.25094E+10  0.28660E+10  0.28660E+10
     2.40000  0.40563E+09  0.45458E+09  0.21674E+10  0.23465E+10  0.23465E+10
     2.60000  0.77208E+09  0.29182E+09  0.18355E+10  0.19212E+10  0.19212E+10
     2.80000  0.91337E+09  0.17917E+09  0.15349E+10  0.15729E+10  0.15729E+10
     3.00000  0.92668E+09  0.10349E+09  0.12727E+10  0.12878E+10  0.12878E+10
