 Ite ALT.[km]   Ext[km-1]   Ext_err_retr[km-1]  Ext_err_smooth[km-1]   Ext_prior
 i[km-1]   Ext_err_priori[km-1]  version   2.300000    
 16      0.00000  0.51887E-01  0.15346E-01  0.21496E-01  0.11312E+00  0.11312E+00
 16      0.20000  0.80831E-01  0.99731E-02  0.25798E-01  0.92618E-01  0.92618E-01
 16      0.40000  0.88550E-01  0.15570E-01  0.22243E-01  0.75829E-01  0.75829E-01
 16      0.60000  0.60619E-01  0.42140E-02  0.30473E-01  0.62084E-01  0.62084E-01
 16      0.80000  0.33603E-01  0.10796E-01  0.29652E-01  0.50830E-01  0.50830E-01
 16      1.00000  0.22339E-01  0.13041E-01  0.26469E-01  0.41616E-01  0.41616E-01
 16      1.20000  0.20348E-01  0.10651E-01  0.25271E-01  0.34072E-01  0.34072E-01
 16      1.40000  0.20674E-01  0.73369E-02  0.23620E-01  0.27896E-01  0.27896E-01
 16      1.60000  0.20586E-01  0.45902E-02  0.21012E-01  0.22839E-01  0.22839E-01
 16      1.80000  0.19576E-01  0.27202E-02  0.17994E-01  0.18699E-01  0.18699E-01
 16      2.00000  0.17837E-01  0.16348E-02  0.15047E-01  0.15310E-01  0.15310E-01
 16      2.20000  0.15692E-01  0.11151E-02  0.12418E-01  0.12535E-01  0.12535E-01
 16      2.40000  0.13429E-01  0.88967E-03  0.10183E-01  0.10262E-01  0.10262E-01
 16      2.60000  0.11214E-01  0.74547E-03  0.83344E-02  0.84021E-02  0.84021E-02
 16      2.80000  0.90601E-02  0.57539E-03  0.68282E-02  0.68791E-02  0.68791E-02
 16      3.00000  0.69566E-02  0.35127E-03  0.56084E-02  0.56321E-02  0.56321E-02
