    ALT.[km]   NO2[mol/cm3]   NO2_err_retr[mol/cm3]   NO2_err_smooth[mol/cm3]   
 NO2_priori[mol/cm3]  NO2_err_priori[mol/cm3]   version    2.300000    
     0.00000  0.50244E+11  0.24364E+10  0.24155E+10  0.58340E+11  0.58340E+11
     0.20000  0.41877E+11  0.21883E+10  0.39687E+10  0.47765E+11  0.47765E+11
     0.40000  0.31326E+11  0.29104E+10  0.25907E+10  0.39106E+11  0.39106E+11
     0.60000  0.19690E+11  0.25754E+10  0.50751E+10  0.32018E+11  0.32018E+11
     0.80000  0.98490E+10  0.32861E+10  0.72180E+10  0.26214E+11  0.26214E+11
     1.00000  0.38744E+10  0.34649E+10  0.71698E+10  0.21462E+11  0.21462E+11
     1.20000  0.17921E+10  0.28615E+10  0.65592E+10  0.17572E+11  0.17572E+11
     1.40000  0.21835E+10  0.24381E+10  0.62804E+10  0.14386E+11  0.14386E+11
     1.60000  0.34357E+10  0.24820E+10  0.61208E+10  0.11779E+11  0.11779E+11
     1.80000  0.45115E+10  0.24829E+10  0.58497E+10  0.96435E+10  0.96435E+10
     2.00000  0.50334E+10  0.22436E+10  0.54472E+10  0.78954E+10  0.78954E+10
     2.20000  0.50280E+10  0.18487E+10  0.49518E+10  0.64642E+10  0.64642E+10
     2.40000  0.46667E+10  0.14139E+10  0.44067E+10  0.52925E+10  0.52925E+10
     2.60000  0.41220E+10  0.10113E+10  0.38500E+10  0.43331E+10  0.43331E+10
     2.80000  0.35194E+10  0.67414E+09  0.33088E+10  0.35477E+10  0.35477E+10
     3.00000  0.29370E+10  0.41427E+09  0.28012E+10  0.29046E+10  0.29046E+10
