    ALT.[km]   NO2[mol/cm3]   NO2_err_retr[mol/cm3]   NO2_err_smooth[mol/cm3]   
 NO2_priori[mol/cm3]  NO2_err_priori[mol/cm3]   version    2.300000    
     0.00000  0.16702E+11  0.22113E+10  0.19844E+10  0.19803E+11  0.19803E+11
     0.20000  0.11032E+11  0.10287E+10  0.21573E+10  0.16214E+11  0.16214E+11
     0.40000  0.71511E+10  0.19172E+10  0.25294E+10  0.13275E+11  0.13275E+11
     0.60000  0.51490E+10  0.18461E+10  0.22357E+10  0.10868E+11  0.10868E+11
     0.80000  0.45143E+10  0.11726E+10  0.27642E+10  0.88982E+10  0.88982E+10
     1.00000  0.45124E+10  0.10628E+10  0.30629E+10  0.72852E+10  0.72852E+10
     1.20000  0.45716E+10  0.14427E+10  0.28658E+10  0.59646E+10  0.59646E+10
     1.40000  0.44285E+10  0.15819E+10  0.25492E+10  0.48834E+10  0.48834E+10
     1.60000  0.40614E+10  0.14479E+10  0.23424E+10  0.39982E+10  0.39982E+10
     1.80000  0.35563E+10  0.11794E+10  0.22012E+10  0.32735E+10  0.32735E+10
     2.00000  0.30102E+10  0.89003E+09  0.20375E+10  0.26801E+10  0.26801E+10
     2.20000  0.24902E+10  0.63712E+09  0.18312E+10  0.21943E+10  0.21943E+10
     2.40000  0.20298E+10  0.43753E+09  0.16019E+10  0.17965E+10  0.17965E+10
     2.60000  0.16391E+10  0.28833E+09  0.13728E+10  0.14709E+10  0.14709E+10
     2.80000  0.13164E+10  0.18071E+09  0.11588E+10  0.12042E+10  0.12042E+10
     3.00000  0.10546E+10  0.10606E+09  0.96732E+09  0.98595E+09  0.98595E+09
