 Ite ALT.[km]   Ext[km-1]   Ext_err_retr[km-1]  Ext_err_smooth[km-1]   Ext_prior
 i[km-1]   Ext_err_priori[km-1]  version   2.300000    
  6      0.00000  0.52219E-01  0.22968E-01  0.37517E-01  0.18126E+00  0.18126E+00
  6      0.20000  0.69026E-01  0.12805E-01  0.40627E-01  0.14841E+00  0.14841E+00
  6      0.40000  0.12207E+00  0.25071E-01  0.31744E-01  0.12150E+00  0.12150E+00
  6      0.60000  0.13871E+00  0.10313E-01  0.49157E-01  0.99480E-01  0.99480E-01
  6      0.80000  0.11718E+00  0.10502E-01  0.50355E-01  0.81447E-01  0.81447E-01
  6      1.00000  0.87591E-01  0.15294E-01  0.42590E-01  0.66683E-01  0.66683E-01
  6      1.20000  0.65075E-01  0.13748E-01  0.38592E-01  0.54596E-01  0.54596E-01
  6      1.40000  0.50264E-01  0.10316E-01  0.35662E-01  0.44699E-01  0.44699E-01
  6      1.60000  0.40285E-01  0.71200E-02  0.31906E-01  0.36596E-01  0.36596E-01
  6      1.80000  0.32985E-01  0.47048E-02  0.27633E-01  0.29963E-01  0.29963E-01
  6      2.00000  0.27239E-01  0.30434E-02  0.23403E-01  0.24531E-01  0.24531E-01
  6      2.20000  0.22519E-01  0.19625E-02  0.19544E-01  0.20085E-01  0.20085E-01
  6      2.40000  0.18569E-01  0.12838E-02  0.16184E-01  0.16444E-01  0.16444E-01
  6      2.60000  0.15231E-01  0.85828E-03  0.13337E-01  0.13463E-01  0.13463E-01
  6      2.80000  0.12347E-01  0.56096E-03  0.10965E-01  0.11023E-01  0.11023E-01
  6      3.00000  0.98130E-02  0.31157E-03  0.90050E-02  0.90246E-02  0.90246E-02
