 Ite ALT.[km]   Ext[km-1]   Ext_err_retr[km-1]  Ext_err_smooth[km-1]   Ext_prior
 i[km-1]   Ext_err_priori[km-1]  version   2.300000    
 16      0.00000  0.11691E+00  0.14404E-01  0.19775E-01  0.10246E+00  0.10246E+00
 16      0.20000  0.14588E+00  0.11134E-01  0.25337E-01  0.83891E-01  0.83891E-01
 16      0.40000  0.11247E+00  0.13824E-01  0.25893E-01  0.68684E-01  0.68684E-01
 16      0.60000  0.48820E-01  0.49468E-02  0.29161E-01  0.56234E-01  0.56234E-01
 16      0.80000  0.11921E-01  0.99703E-02  0.29152E-01  0.46040E-01  0.46040E-01
 16      1.00000  0.30074E-02  0.10624E-01  0.27750E-01  0.37695E-01  0.37695E-01
 16      1.20000  0.43149E-02  0.84104E-02  0.25577E-01  0.30862E-01  0.30862E-01
 16      1.40000  0.69886E-02  0.59115E-02  0.22643E-01  0.25267E-01  0.25267E-01
 16      1.60000  0.89981E-02  0.38787E-02  0.19463E-01  0.20687E-01  0.20687E-01
 16      1.80000  0.10110E-01  0.24133E-02  0.16406E-01  0.16937E-01  0.16937E-01
 16      2.00000  0.10388E-01  0.14549E-02  0.13650E-01  0.13867E-01  0.13867E-01
 16      2.20000  0.10009E-01  0.89943E-03  0.11263E-01  0.11353E-01  0.11353E-01
 16      2.40000  0.91950E-02  0.62180E-03  0.92495E-02  0.92954E-02  0.92954E-02
 16      2.60000  0.81311E-02  0.48372E-03  0.75788E-02  0.76104E-02  0.76104E-02
 16      2.80000  0.69122E-02  0.36880E-03  0.62086E-02  0.62309E-02  0.62309E-02
 16      3.00000  0.56072E-02  0.22630E-03  0.50911E-02  0.51014E-02  0.51014E-02
