    ALT.[km]   NO2[mol/cm3]   NO2_err_retr[mol/cm3]   NO2_err_smooth[mol/cm3]   
 NO2_priori[mol/cm3]  NO2_err_priori[mol/cm3]   version    2.300000    
     0.00000  0.17571E+11  0.21024E+10  0.20665E+10  0.32936E+11  0.32936E+11
     0.20000  0.18098E+11  0.12084E+10  0.25189E+10  0.26965E+11  0.26965E+11
     0.40000  0.17130E+11  0.21431E+10  0.18525E+10  0.22077E+11  0.22077E+11
     0.60000  0.13836E+11  0.17931E+10  0.26327E+10  0.18075E+11  0.18075E+11
     0.80000  0.95538E+10  0.15899E+10  0.41501E+10  0.14799E+11  0.14799E+11
     1.00000  0.60220E+10  0.19241E+10  0.42469E+10  0.12116E+11  0.12116E+11
     1.20000  0.40237E+10  0.20635E+10  0.37238E+10  0.99200E+10  0.99200E+10
     1.40000  0.33078E+10  0.19663E+10  0.34650E+10  0.81218E+10  0.81218E+10
     1.60000  0.32221E+10  0.17737E+10  0.34712E+10  0.66496E+10  0.66496E+10
     1.80000  0.32490E+10  0.15298E+10  0.34301E+10  0.54442E+10  0.54442E+10
     2.00000  0.31591E+10  0.12497E+10  0.32424E+10  0.44573E+10  0.44573E+10
     2.20000  0.29261E+10  0.96513E+09  0.29450E+10  0.36494E+10  0.36494E+10
     2.40000  0.26034E+10  0.70646E+09  0.25969E+10  0.29878E+10  0.29878E+10
     2.60000  0.22503E+10  0.48979E+09  0.22419E+10  0.24462E+10  0.24462E+10
     2.80000  0.19073E+10  0.31922E+09  0.19051E+10  0.20028E+10  0.20028E+10
     3.00000  0.15957E+10  0.19298E+09  0.15985E+10  0.16398E+10  0.16398E+10
