 Ite ALT.[km]   Ext[km-1]   Ext_err_retr[km-1]  Ext_err_smooth[km-1]   Ext_prior
 i[km-1]   Ext_err_priori[km-1]  version   2.300000    
 16      0.00000  0.14118E+00  0.30652E-01  0.40278E-01  0.18576E+00  0.18576E+00
 16      0.20000  0.16801E+00  0.17003E-01  0.48430E-01  0.15209E+00  0.15209E+00
 16      0.40000  0.14492E+00  0.30497E-01  0.46798E-01  0.12452E+00  0.12452E+00
 16      0.60000  0.78054E-01  0.15398E-01  0.53674E-01  0.10195E+00  0.10195E+00
 16      0.80000  0.31985E-01  0.10661E-01  0.55041E-01  0.83468E-01  0.83468E-01
 16      1.00000  0.23077E-01  0.15968E-01  0.48230E-01  0.68338E-01  0.68338E-01
 16      1.20000  0.32749E-01  0.15645E-01  0.41828E-01  0.55950E-01  0.55950E-01
 16      1.40000  0.43843E-01  0.12816E-01  0.36726E-01  0.45808E-01  0.45808E-01
 16      1.60000  0.49678E-01  0.96716E-02  0.32065E-01  0.37505E-01  0.37505E-01
 16      1.80000  0.49972E-01  0.70270E-02  0.27580E-01  0.30706E-01  0.30706E-01
 16      2.00000  0.46473E-01  0.50468E-02  0.23367E-01  0.25140E-01  0.25140E-01
 16      2.20000  0.40989E-01  0.36430E-02  0.19565E-01  0.20583E-01  0.20583E-01
 16      2.40000  0.34836E-01  0.26616E-02  0.16252E-01  0.16852E-01  0.16852E-01
 16      2.60000  0.28674E-01  0.19506E-02  0.13437E-01  0.13797E-01  0.13797E-01
 16      2.80000  0.22401E-01  0.13560E-02  0.11097E-01  0.11296E-01  0.11296E-01
 16      3.00000  0.15869E-01  0.77944E-03  0.91715E-02  0.92485E-02  0.92485E-02
