 Ite ALT.[km]   Ext[km-1]   Ext_err_retr[km-1]  Ext_err_smooth[km-1]   Ext_prior
 i[km-1]   Ext_err_priori[km-1]  version   2.300000    
  6      0.00000  0.16416E+00  0.29304E-01  0.53764E-01  0.22099E+00  0.22099E+00
  6      0.20000  0.52756E-01  0.10872E-01  0.50574E-01  0.18093E+00  0.18093E+00
  6      0.40000  0.47422E-01  0.27600E-01  0.40031E-01  0.14813E+00  0.14813E+00
  6      0.60000  0.11610E+00  0.15273E-01  0.55250E-01  0.12128E+00  0.12128E+00
  6      0.80000  0.16213E+00  0.12016E-01  0.60238E-01  0.99297E-01  0.99297E-01
  6      1.00000  0.15831E+00  0.16892E-01  0.50702E-01  0.81298E-01  0.81298E-01
  6      1.20000  0.12915E+00  0.15879E-01  0.45069E-01  0.66561E-01  0.66561E-01
  6      1.40000  0.97861E-01  0.12405E-01  0.41976E-01  0.54496E-01  0.54496E-01
  6      1.60000  0.72949E-01  0.88274E-02  0.38037E-01  0.44617E-01  0.44617E-01
  6      1.80000  0.54832E-01  0.59477E-02  0.33240E-01  0.36529E-01  0.36529E-01
  6      2.00000  0.41830E-01  0.38744E-02  0.28308E-01  0.29908E-01  0.29908E-01
  6      2.20000  0.32354E-01  0.24764E-02  0.23722E-01  0.24486E-01  0.24486E-01
  6      2.40000  0.25299E-01  0.15727E-02  0.19685E-01  0.20048E-01  0.20048E-01
  6      2.60000  0.19922E-01  0.99933E-03  0.16244E-01  0.16414E-01  0.16414E-01
  6      2.80000  0.15676E-01  0.61760E-03  0.13365E-01  0.13438E-01  0.13438E-01
  6      3.00000  0.12205E-01  0.32954E-03  0.10978E-01  0.11002E-01  0.11002E-01
