    ALT.[km]   NO2[mol/cm3]   NO2_err_retr[mol/cm3]   NO2_err_smooth[mol/cm3]   
 NO2_priori[mol/cm3]  NO2_err_priori[mol/cm3]   version    2.300000    
     0.00000  0.29227E+11  0.15710E+10  0.13377E+10  0.19216E+11  0.19216E+11
     0.20000  0.20952E+11  0.10481E+10  0.17923E+10  0.15733E+11  0.15733E+11
     0.40000  0.15352E+11  0.17763E+10  0.18504E+10  0.12881E+11  0.12881E+11
     0.60000  0.12839E+11  0.13922E+10  0.20354E+10  0.10546E+11  0.10546E+11
     0.80000  0.12220E+11  0.98609E+09  0.26921E+10  0.86343E+10  0.86343E+10
     1.00000  0.11944E+11  0.14542E+10  0.28127E+10  0.70691E+10  0.70691E+10
     1.20000  0.11116E+11  0.17821E+10  0.26439E+10  0.57877E+10  0.57877E+10
     1.40000  0.96559E+10  0.17125E+10  0.25573E+10  0.47386E+10  0.47386E+10
     1.60000  0.78962E+10  0.14102E+10  0.25210E+10  0.38796E+10  0.38796E+10
     1.80000  0.61877E+10  0.10528E+10  0.24036E+10  0.31764E+10  0.31764E+10
     2.00000  0.47285E+10  0.73840E+09  0.21876E+10  0.26006E+10  0.26006E+10
     2.20000  0.35716E+10  0.49713E+09  0.19177E+10  0.21292E+10  0.21292E+10
     2.40000  0.26893E+10  0.32453E+09  0.16389E+10  0.17432E+10  0.17432E+10
     2.60000  0.20273E+10  0.20530E+09  0.13781E+10  0.14272E+10  0.14272E+10
     2.80000  0.15331E+10  0.12460E+09  0.11470E+10  0.11685E+10  0.11685E+10
     3.00000  0.11655E+10  0.71351E+08  0.94824E+09  0.95670E+09  0.95670E+09
