    ALT.[km]   NO2[mol/cm3]   NO2_err_retr[mol/cm3]   NO2_err_smooth[mol/cm3]   
 NO2_priori[mol/cm3]  NO2_err_priori[mol/cm3]   version    2.300000    
     0.00000  0.32585E+11  0.23137E+10  0.21260E+10  0.49340E+11  0.49340E+11
     0.20000  0.33743E+11  0.19083E+10  0.34177E+10  0.40396E+11  0.40396E+11
     0.40000  0.27659E+11  0.27545E+10  0.22084E+10  0.33074E+11  0.33074E+11
     0.60000  0.17080E+11  0.23612E+10  0.43563E+10  0.27079E+11  0.27079E+11
     0.80000  0.78716E+10  0.26698E+10  0.62813E+10  0.22170E+11  0.22170E+11
     1.00000  0.35370E+10  0.29193E+10  0.62131E+10  0.18151E+11  0.18151E+11
     1.20000  0.35773E+10  0.26715E+10  0.55852E+10  0.14861E+11  0.14861E+11
     1.40000  0.54897E+10  0.24214E+10  0.53323E+10  0.12167E+11  0.12167E+11
     1.60000  0.71710E+10  0.23251E+10  0.52714E+10  0.99616E+10  0.99616E+10
     1.80000  0.77984E+10  0.21680E+10  0.51021E+10  0.81559E+10  0.81559E+10
     2.00000  0.74732E+10  0.18707E+10  0.47695E+10  0.66775E+10  0.66775E+10
     2.20000  0.66041E+10  0.14964E+10  0.43223E+10  0.54671E+10  0.54671E+10
     2.40000  0.55467E+10  0.11217E+10  0.38215E+10  0.44761E+10  0.44761E+10
     2.60000  0.45118E+10  0.79100E+09  0.33142E+10  0.36647E+10  0.36647E+10
     2.80000  0.35966E+10  0.52204E+09  0.28294E+10  0.30004E+10  0.30004E+10
     3.00000  0.28345E+10  0.31853E+09  0.23833E+10  0.24565E+10  0.24565E+10
