 Ite ALT.[km]   Ext[km-1]   Ext_err_retr[km-1]  Ext_err_smooth[km-1]   Ext_prior
 i[km-1]   Ext_err_priori[km-1]  version   2.300000    
  6      0.00000  0.11688E+00  0.14577E-01  0.19899E-01  0.10226E+00  0.10226E+00
  6      0.20000  0.13466E+00  0.10547E-01  0.25166E-01  0.83722E-01  0.83722E-01
  6      0.40000  0.10269E+00  0.13814E-01  0.24912E-01  0.68545E-01  0.68545E-01
  6      0.60000  0.47376E-01  0.50869E-02  0.28882E-01  0.56120E-01  0.56120E-01
  6      0.80000  0.14403E-01  0.10178E-01  0.28905E-01  0.45947E-01  0.45947E-01
  6      1.00000  0.52506E-02  0.11142E-01  0.27172E-01  0.37619E-01  0.37619E-01
  6      1.20000  0.58012E-02  0.88939E-02  0.25113E-01  0.30799E-01  0.30799E-01
  6      1.40000  0.83356E-02  0.61543E-02  0.22445E-01  0.25216E-01  0.25216E-01
  6      1.60000  0.10479E-01  0.38795E-02  0.19433E-01  0.20645E-01  0.20645E-01
  6      1.80000  0.11645E-01  0.22652E-02  0.16432E-01  0.16903E-01  0.16903E-01
  6      2.00000  0.11820E-01  0.12605E-02  0.13674E-01  0.13839E-01  0.13839E-01
  6      2.20000  0.11232E-01  0.74436E-03  0.11270E-01  0.11330E-01  0.11330E-01
  6      2.40000  0.10170E-01  0.55074E-03  0.92420E-02  0.92766E-02  0.92766E-02
  6      2.60000  0.88610E-02  0.47443E-03  0.75645E-02  0.75950E-02  0.75950E-02
  6      2.80000  0.74083E-02  0.38209E-03  0.61936E-02  0.62183E-02  0.62183E-02
  6      3.00000  0.58808E-02  0.23948E-03  0.50790E-02  0.50911E-02  0.50911E-02
