 Ite ALT.[km]   Ext[km-1]   Ext_err_retr[km-1]  Ext_err_smooth[km-1]   Ext_prior
 i[km-1]   Ext_err_priori[km-1]  version   2.300000    
  6      0.00000  0.92291E-01  0.23717E-01  0.39857E-01  0.18709E+00  0.18709E+00
  6      0.20000  0.57904E-01  0.11652E-01  0.42088E-01  0.15318E+00  0.15318E+00
  6      0.40000  0.86505E-01  0.24376E-01  0.32124E-01  0.12541E+00  0.12541E+00
  6      0.60000  0.12392E+00  0.10902E-01  0.49540E-01  0.10268E+00  0.10268E+00
  6      0.80000  0.13036E+00  0.10847E-01  0.51297E-01  0.84066E-01  0.84066E-01
  6      1.00000  0.11239E+00  0.15466E-01  0.43067E-01  0.68827E-01  0.68827E-01
  6      1.20000  0.88291E-01  0.13963E-01  0.39114E-01  0.56351E-01  0.56351E-01
  6      1.40000  0.67344E-01  0.10471E-01  0.36516E-01  0.46136E-01  0.46136E-01
  6      1.60000  0.51334E-01  0.71688E-02  0.32893E-01  0.37773E-01  0.37773E-01
  6      1.80000  0.39484E-01  0.46692E-02  0.28568E-01  0.30926E-01  0.30926E-01
  6      2.00000  0.30694E-01  0.29616E-02  0.24211E-01  0.25320E-01  0.25320E-01
  6      2.20000  0.24095E-01  0.18648E-02  0.20216E-01  0.20730E-01  0.20730E-01
  6      2.40000  0.19075E-01  0.11896E-02  0.16734E-01  0.16973E-01  0.16973E-01
  6      2.60000  0.15202E-01  0.77918E-03  0.13785E-01  0.13896E-01  0.13896E-01
  6      2.80000  0.12157E-01  0.50382E-03  0.11328E-01  0.11377E-01  0.11377E-01
  6      3.00000  0.97170E-02  0.27899E-03  0.92983E-02  0.93148E-02  0.93148E-02
