    ALT.[km]   NO2[mol/cm3]   NO2_err_retr[mol/cm3]   NO2_err_smooth[mol/cm3]   
 NO2_priori[mol/cm3]  NO2_err_priori[mol/cm3]   version    2.300000    
     0.00000  0.25055E+11  0.33279E+10  0.32872E+10  0.31551E+11  0.31551E+11
     0.20000  0.16371E+11  0.14313E+10  0.29703E+10  0.25832E+11  0.25832E+11
     0.40000  0.10727E+11  0.29806E+10  0.33750E+10  0.21149E+11  0.21149E+11
     0.60000  0.80210E+10  0.28482E+10  0.30631E+10  0.17316E+11  0.17316E+11
     0.80000  0.72537E+10  0.16931E+10  0.42207E+10  0.14177E+11  0.14177E+11
     1.00000  0.72285E+10  0.15202E+10  0.46612E+10  0.11607E+11  0.11607E+11
     1.20000  0.71417E+10  0.21883E+10  0.42173E+10  0.95030E+10  0.95030E+10
     1.40000  0.67146E+10  0.24205E+10  0.36996E+10  0.77804E+10  0.77804E+10
     1.60000  0.60045E+10  0.22066E+10  0.34883E+10  0.63700E+10  0.63700E+10
     1.80000  0.51710E+10  0.17853E+10  0.33871E+10  0.52153E+10  0.52153E+10
     2.00000  0.43452E+10  0.13390E+10  0.31980E+10  0.42700E+10  0.42700E+10
     2.20000  0.35983E+10  0.95433E+09  0.29011E+10  0.34959E+10  0.34959E+10
     2.40000  0.29549E+10  0.65374E+09  0.25475E+10  0.28622E+10  0.28622E+10
     2.60000  0.24150E+10  0.43036E+09  0.21861E+10  0.23434E+10  0.23434E+10
     2.80000  0.19683E+10  0.26966E+09  0.18462E+10  0.19186E+10  0.19186E+10
     3.00000  0.16021E+10  0.15829E+09  0.15412E+10  0.15708E+10  0.15708E+10
