    ALT.[km]   NO2[mol/cm3]   NO2_err_retr[mol/cm3]   NO2_err_smooth[mol/cm3]   
 NO2_priori[mol/cm3]  NO2_err_priori[mol/cm3]   version    2.300000    
     0.00000  0.14634E+11  0.61614E+09  0.70396E+09  0.27408E+10  0.27408E+10
     0.20000  0.14764E+11  0.34703E+09  0.34937E+09  0.22440E+10  0.22440E+10
     0.40000  0.13378E+11  0.34638E+09  0.61379E+09  0.18372E+10  0.18372E+10
     0.60000  0.10939E+11  0.45738E+09  0.68895E+09  0.15042E+10  0.15042E+10
     0.80000  0.81908E+10  0.47207E+09  0.67509E+09  0.12315E+10  0.12315E+10
     1.00000  0.57425E+10  0.40326E+09  0.65337E+09  0.10083E+10  0.10083E+10
     1.20000  0.38718E+10  0.30416E+09  0.62078E+09  0.82551E+09  0.82551E+09
     1.40000  0.25770E+10  0.21214E+09  0.56673E+09  0.67587E+09  0.67587E+09
     1.60000  0.17269E+10  0.14147E+09  0.49779E+09  0.55335E+09  0.55335E+09
     1.80000  0.11773E+10  0.92180E+08  0.42536E+09  0.45305E+09  0.45305E+09
     2.00000  0.81884E+09  0.59374E+08  0.35725E+09  0.37092E+09  0.37092E+09
     2.20000  0.58036E+09  0.37928E+08  0.29700E+09  0.30369E+09  0.30369E+09
     2.40000  0.41821E+09  0.23953E+08  0.24543E+09  0.24864E+09  0.24864E+09
     2.60000  0.30566E+09  0.14820E+08  0.20208E+09  0.20357E+09  0.20357E+09
     2.80000  0.22617E+09  0.88527E+07  0.16603E+09  0.16667E+09  0.16667E+09
     3.00000  0.16942E+09  0.50088E+07  0.13621E+09  0.13646E+09  0.13646E+09
