 Ite ALT.[km]   Ext[km-1]   Ext_err_retr[km-1]  Ext_err_smooth[km-1]   Ext_prior
 i[km-1]   Ext_err_priori[km-1]  version   2.300000    
  7      0.00000  0.56184E-01  0.19529E-01  0.29192E-01  0.13652E+00  0.13652E+00
  7      0.20000  0.73772E-01  0.10778E-01  0.31724E-01  0.11178E+00  0.11178E+00
  7      0.40000  0.10124E+00  0.21155E-01  0.27187E-01  0.91514E-01  0.91514E-01
  7      0.60000  0.98258E-01  0.82354E-02  0.37554E-01  0.74925E-01  0.74925E-01
  7      0.80000  0.76668E-01  0.83235E-02  0.38214E-01  0.61343E-01  0.61343E-01
  7      1.00000  0.56351E-01  0.12884E-01  0.32653E-01  0.50224E-01  0.50224E-01
  7      1.20000  0.42676E-01  0.11676E-01  0.29519E-01  0.41120E-01  0.41120E-01
  7      1.40000  0.33857E-01  0.87161E-02  0.27165E-01  0.33666E-01  0.33666E-01
  7      1.60000  0.27702E-01  0.59507E-02  0.24247E-01  0.27563E-01  0.27563E-01
  7      1.80000  0.22978E-01  0.38898E-02  0.20959E-01  0.22567E-01  0.22567E-01
  7      2.00000  0.19123E-01  0.25035E-02  0.17716E-01  0.18476E-01  0.18476E-01
  7      2.20000  0.15888E-01  0.16248E-02  0.14769E-01  0.15127E-01  0.15127E-01
  7      2.40000  0.13152E-01  0.10857E-02  0.12212E-01  0.12385E-01  0.12385E-01
  7      2.60000  0.10831E-01  0.74869E-03  0.10053E-01  0.10140E-01  0.10140E-01
  7      2.80000  0.88437E-02  0.50371E-03  0.82598E-02  0.83019E-02  0.83019E-02
  7      3.00000  0.71273E-02  0.28514E-03  0.67819E-02  0.67970E-02  0.67970E-02
