    ALT.[km]   NO2[mol/cm3]   NO2_err_retr[mol/cm3]   NO2_err_smooth[mol/cm3]   
 NO2_priori[mol/cm3]  NO2_err_priori[mol/cm3]   version    2.300000    
     0.00000  0.11862E+12  0.27455E+10  0.21820E+10  0.64780E+11  0.64780E+11
     0.20000  0.52676E+11  0.30857E+10  0.50395E+10  0.53038E+11  0.53038E+11
     0.40000  0.76342E+10  0.44021E+10  0.39759E+10  0.43423E+11  0.43423E+11
     0.60000 -0.89667E+10  0.34195E+10  0.67378E+10  0.35552E+11  0.35552E+11
     0.80000 -0.46975E+10  0.29573E+10  0.92285E+10  0.29108E+11  0.29108E+11
     1.00000  0.73297E+10  0.33905E+10  0.90592E+10  0.23831E+11  0.23831E+11
     1.20000  0.17537E+11  0.34373E+10  0.79821E+10  0.19511E+11  0.19511E+11
     1.40000  0.22511E+11  0.31806E+10  0.73551E+10  0.15975E+11  0.15975E+11
     1.60000  0.22910E+11  0.29170E+10  0.70733E+10  0.13079E+11  0.13079E+11
     1.80000  0.20644E+11  0.26457E+10  0.67251E+10  0.10708E+11  0.10708E+11
     2.00000  0.17328E+11  0.22979E+10  0.62142E+10  0.87670E+10  0.87670E+10
     2.20000  0.13916E+11  0.18830E+10  0.55988E+10  0.71778E+10  0.71778E+10
     2.40000  0.10847E+11  0.14509E+10  0.49467E+10  0.58767E+10  0.58767E+10
     2.60000  0.82679E+10  0.10480E+10  0.43012E+10  0.48115E+10  0.48115E+10
     2.80000  0.61934E+10  0.70427E+09  0.36861E+10  0.39393E+10  0.39393E+10
     3.00000  0.45866E+10  0.43506E+09  0.31155E+10  0.32252E+10  0.32252E+10
