    ALT.[km]   NO2[mol/cm3]   NO2_err_retr[mol/cm3]   NO2_err_smooth[mol/cm3]   
 NO2_priori[mol/cm3]  NO2_err_priori[mol/cm3]   version    2.300000    
     0.00000  0.10404E+11  0.22290E+10  0.17451E+10  0.25866E+11  0.25866E+11
     0.20000  0.11481E+11  0.10597E+10  0.27158E+10  0.21177E+11  0.21177E+11
     0.40000  0.11717E+11  0.20209E+10  0.24074E+10  0.17338E+11  0.17338E+11
     0.60000  0.10109E+11  0.18231E+10  0.20976E+10  0.14196E+11  0.14196E+11
     0.80000  0.74385E+10  0.11862E+10  0.33898E+10  0.11622E+11  0.11622E+11
     1.00000  0.50016E+10  0.13653E+10  0.37330E+10  0.95155E+10  0.95155E+10
     1.20000  0.35110E+10  0.17743E+10  0.32374E+10  0.77907E+10  0.77907E+10
     1.40000  0.29111E+10  0.18501E+10  0.27333E+10  0.63785E+10  0.63785E+10
     1.60000  0.27842E+10  0.16607E+10  0.25909E+10  0.52222E+10  0.52222E+10
     1.80000  0.27559E+10  0.13603E+10  0.25819E+10  0.42756E+10  0.42756E+10
     2.00000  0.26458E+10  0.10499E+10  0.24917E+10  0.35006E+10  0.35006E+10
     2.20000  0.24273E+10  0.77492E+09  0.22956E+10  0.28660E+10  0.28660E+10
     2.40000  0.21410E+10  0.54921E+09  0.20385E+10  0.23465E+10  0.23465E+10
     2.60000  0.18348E+10  0.37233E+09  0.17642E+10  0.19212E+10  0.19212E+10
     2.80000  0.15419E+10  0.23890E+09  0.14994E+10  0.15729E+10  0.15729E+10
     3.00000  0.12796E+10  0.14284E+09  0.12572E+10  0.12878E+10  0.12878E+10
