 Ite ALT.[km]   Ext[km-1]   Ext_err_retr[km-1]  Ext_err_smooth[km-1]   Ext_prior
 i[km-1]   Ext_err_priori[km-1]  version   2.300000    
  6      0.00000  0.98065E-01  0.25402E-01  0.49147E-01  0.14053E+00  0.14053E+00
  6      0.20000  0.62382E-01  0.60580E-02  0.34439E-01  0.11505E+00  0.11505E+00
  6      0.40000  0.56470E-01  0.21724E-01  0.40704E-01  0.94198E-01  0.94198E-01
  6      0.60000  0.65499E-01  0.15887E-01  0.37983E-01  0.77122E-01  0.77122E-01
  6      0.80000  0.70560E-01  0.53234E-02  0.39830E-01  0.63143E-01  0.63143E-01
  6      1.00000  0.67147E-01  0.95244E-02  0.36134E-01  0.51697E-01  0.51697E-01
  6      1.20000  0.58955E-01  0.11199E-01  0.31343E-01  0.42326E-01  0.42326E-01
  6      1.40000  0.49644E-01  0.97391E-02  0.27566E-01  0.34653E-01  0.34653E-01
  6      1.60000  0.40954E-01  0.73900E-02  0.24229E-01  0.28372E-01  0.28372E-01
  6      1.80000  0.33421E-01  0.52406E-02  0.20958E-01  0.23229E-01  0.23229E-01
  6      2.00000  0.27094E-01  0.36022E-02  0.17814E-01  0.19018E-01  0.19018E-01
  6      2.20000  0.21872E-01  0.24568E-02  0.14936E-01  0.15571E-01  0.15571E-01
  6      2.40000  0.17604E-01  0.16899E-02  0.12409E-01  0.12748E-01  0.12748E-01
  6      2.60000  0.14102E-01  0.11752E-02  0.10253E-01  0.10437E-01  0.10437E-01
  6      2.80000  0.11120E-01  0.78829E-03  0.84513E-02  0.85454E-02  0.85454E-02
  6      3.00000  0.84784E-02  0.44469E-03  0.69616E-02  0.69964E-02  0.69964E-02
