 Ite ALT.[km]   Ext[km-1]   Ext_err_retr[km-1]  Ext_err_smooth[km-1]   Ext_prior
 i[km-1]   Ext_err_priori[km-1]  version   2.300000    
  6      0.00000  0.57207E-01  0.12791E-01  0.20905E-01  0.88641E-01  0.88641E-01
  6      0.20000  0.67145E-01  0.66950E-02  0.21585E-01  0.72573E-01  0.72573E-01
  6      0.40000  0.70586E-01  0.12263E-01  0.20166E-01  0.59418E-01  0.59418E-01
  6      0.60000  0.54787E-01  0.50892E-02  0.23217E-01  0.48647E-01  0.48647E-01
  6      0.80000  0.35799E-01  0.77897E-02  0.24215E-01  0.39829E-01  0.39829E-01
  6      1.00000  0.23938E-01  0.10006E-01  0.21932E-01  0.32609E-01  0.32609E-01
  6      1.20000  0.18289E-01  0.87276E-02  0.20074E-01  0.26698E-01  0.26698E-01
  6      1.40000  0.15597E-01  0.64555E-02  0.18243E-01  0.21859E-01  0.21859E-01
  6      1.60000  0.13921E-01  0.43980E-02  0.16089E-01  0.17896E-01  0.17896E-01
  6      1.80000  0.12482E-01  0.28644E-02  0.13799E-01  0.14652E-01  0.14652E-01
  6      2.00000  0.11058E-01  0.18245E-02  0.11607E-01  0.11996E-01  0.11996E-01
  6      2.20000  0.96337E-02  0.11601E-02  0.96448E-02  0.98217E-02  0.98217E-02
  6      2.40000  0.82569E-02  0.75211E-03  0.79577E-02  0.80413E-02  0.80413E-02
  6      2.60000  0.69679E-02  0.50200E-03  0.65410E-02  0.65837E-02  0.65837E-02
  6      2.80000  0.57732E-02  0.32974E-03  0.53684E-02  0.53903E-02  0.53903E-02
  6      3.00000  0.46730E-02  0.18444E-03  0.44049E-02  0.44132E-02  0.44132E-02
