    ALT.[km]   NO2[mol/cm3]   NO2_err_retr[mol/cm3]   NO2_err_smooth[mol/cm3]   
 NO2_priori[mol/cm3]  NO2_err_priori[mol/cm3]   version    2.300000    
     0.00000  0.12196E+12  0.27735E+10  0.18300E+10  0.59766E+11  0.59766E+11
     0.20000  0.67997E+11  0.32279E+10  0.51747E+10  0.48933E+11  0.48933E+11
     0.40000  0.20366E+11  0.45469E+10  0.41513E+10  0.40063E+11  0.40063E+11
     0.60000 -0.84362E+10  0.34374E+10  0.61972E+10  0.32801E+11  0.32801E+11
     0.80000 -0.16697E+11  0.26268E+10  0.85850E+10  0.26855E+11  0.26855E+11
     1.00000 -0.11241E+11  0.31823E+10  0.85334E+10  0.21987E+11  0.21987E+11
     1.20000 -0.95190E+09  0.35012E+10  0.74625E+10  0.18001E+11  0.18001E+11
     1.40000  0.80230E+10  0.33579E+10  0.67436E+10  0.14738E+11  0.14738E+11
     1.60000  0.13319E+11  0.30289E+10  0.64447E+10  0.12067E+11  0.12067E+11
     1.80000  0.15099E+11  0.26367E+10  0.61653E+10  0.98793E+10  0.98793E+10
     2.00000  0.14491E+11  0.22014E+10  0.57451E+10  0.80885E+10  0.80885E+10
     2.20000  0.12638E+11  0.17481E+10  0.52056E+10  0.66223E+10  0.66223E+10
     2.40000  0.10350E+11  0.13146E+10  0.46083E+10  0.54219E+10  0.54219E+10
     2.60000  0.80998E+10  0.93158E+09  0.40034E+10  0.44391E+10  0.44391E+10
     2.80000  0.61253E+10  0.61674E+09  0.34227E+10  0.36344E+10  0.36344E+10
     3.00000  0.45220E+10  0.37662E+09  0.28855E+10  0.29756E+10  0.29756E+10
