    ALT.[km]   NO2[mol/cm3]   NO2_err_retr[mol/cm3]   NO2_err_smooth[mol/cm3]   
 NO2_priori[mol/cm3]  NO2_err_priori[mol/cm3]   version    2.300000    
     0.00000  0.15968E+11  0.22754E+10  0.22440E+10  0.25929E+11  0.25929E+11
     0.20000  0.15608E+11  0.96665E+09  0.22398E+10  0.21229E+11  0.21229E+11
     0.40000  0.14342E+11  0.21150E+10  0.21295E+10  0.17381E+11  0.17381E+11
     0.60000  0.11644E+11  0.18570E+10  0.21691E+10  0.14230E+11  0.14230E+11
     0.80000  0.84177E+10  0.11296E+10  0.33728E+10  0.11651E+11  0.11651E+11
     1.00000  0.57909E+10  0.14563E+10  0.36167E+10  0.95387E+10  0.95387E+10
     1.20000  0.42344E+10  0.19500E+10  0.31871E+10  0.78096E+10  0.78096E+10
     1.40000  0.35429E+10  0.20082E+10  0.28805E+10  0.63940E+10  0.63940E+10
     1.60000  0.32714E+10  0.17518E+10  0.28617E+10  0.52349E+10  0.52349E+10
     1.80000  0.30837E+10  0.13799E+10  0.28448E+10  0.42860E+10  0.42860E+10
     2.00000  0.28395E+10  0.10191E+10  0.26922E+10  0.35091E+10  0.35091E+10
     2.20000  0.25287E+10  0.72057E+09  0.24306E+10  0.28730E+10  0.28730E+10
     2.40000  0.21881E+10  0.49193E+09  0.21220E+10  0.23522E+10  0.23522E+10
     2.60000  0.18541E+10  0.32359E+09  0.18120E+10  0.19258E+10  0.19258E+10
     2.80000  0.15488E+10  0.20289E+09  0.15247E+10  0.15767E+10  0.15767E+10
     3.00000  0.12818E+10  0.11925E+09  0.12697E+10  0.12909E+10  0.12909E+10
