 Ite ALT.[km]   Ext[km-1]   Ext_err_retr[km-1]  Ext_err_smooth[km-1]   Ext_prior
 i[km-1]   Ext_err_priori[km-1]  version   2.300000    
  7      0.00000  0.69126E-01  0.22601E-01  0.29361E-01  0.18774E+00  0.18774E+00
  7      0.20000  0.11443E+00  0.16993E-01  0.39618E-01  0.15371E+00  0.15371E+00
  7      0.40000  0.15846E+00  0.25440E-01  0.32808E-01  0.12585E+00  0.12585E+00
  7      0.60000  0.14582E+00  0.83895E-02  0.53962E-01  0.10303E+00  0.10303E+00
  7      0.80000  0.10860E+00  0.13991E-01  0.51123E-01  0.84357E-01  0.84357E-01
  7      1.00000  0.78079E-01  0.17079E-01  0.44146E-01  0.69066E-01  0.69066E-01
  7      1.20000  0.58691E-01  0.14236E-01  0.41336E-01  0.56546E-01  0.56546E-01
  7      1.40000  0.46207E-01  0.10196E-01  0.38257E-01  0.46296E-01  0.46296E-01
  7      1.60000  0.37376E-01  0.67903E-02  0.33943E-01  0.37904E-01  0.37904E-01
  7      1.80000  0.30618E-01  0.43562E-02  0.29153E-01  0.31033E-01  0.31033E-01
  7      2.00000  0.25204E-01  0.27574E-02  0.24534E-01  0.25408E-01  0.25408E-01
  7      2.20000  0.20772E-01  0.17673E-02  0.20397E-01  0.20802E-01  0.20802E-01
  7      2.40000  0.17106E-01  0.11778E-02  0.16839E-01  0.17031E-01  0.17031E-01
  7      2.60000  0.14066E-01  0.81967E-03  0.13849E-01  0.13944E-01  0.13944E-01
  7      2.80000  0.11536E-01  0.55912E-03  0.11371E-01  0.11416E-01  0.11416E-01
  7      3.00000  0.94272E-02  0.31980E-03  0.93309E-02  0.93470E-02  0.93470E-02
