    ALT.[km]   NO2[mol/cm3]   NO2_err_retr[mol/cm3]   NO2_err_smooth[mol/cm3]   
 NO2_priori[mol/cm3]  NO2_err_priori[mol/cm3]   version    2.300000    
     0.00000  0.22165E+11  0.21148E+10  0.19485E+10  0.42082E+11  0.42082E+11
     0.20000  0.24909E+11  0.16092E+10  0.29564E+10  0.34454E+11  0.34454E+11
     0.40000  0.26491E+11  0.23202E+10  0.18621E+10  0.28208E+11  0.28208E+11
     0.60000  0.24342E+11  0.19055E+10  0.34204E+10  0.23095E+11  0.23095E+11
     0.80000  0.19121E+11  0.22461E+10  0.49948E+10  0.18909E+11  0.18909E+11
     1.00000  0.13137E+11  0.26216E+10  0.49127E+10  0.15481E+11  0.15481E+11
     1.20000  0.83206E+10  0.25417E+10  0.44646E+10  0.12675E+11  0.12675E+11
     1.40000  0.53315E+10  0.23691E+10  0.44274E+10  0.10377E+11  0.10377E+11
     1.60000  0.38498E+10  0.22265E+10  0.45214E+10  0.84962E+10  0.84962E+10
     1.80000  0.32376E+10  0.19955E+10  0.44524E+10  0.69561E+10  0.69561E+10
     2.00000  0.29792E+10  0.16554E+10  0.41894E+10  0.56952E+10  0.56952E+10
     2.20000  0.27966E+10  0.12769E+10  0.37957E+10  0.46628E+10  0.46628E+10
     2.40000  0.25904E+10  0.92623E+09  0.33414E+10  0.38176E+10  0.38176E+10
     2.60000  0.23494E+10  0.63485E+09  0.28798E+10  0.31256E+10  0.31256E+10
     2.80000  0.20896E+10  0.40930E+09  0.24428E+10  0.25590E+10  0.25590E+10
     3.00000  0.18276E+10  0.24520E+09  0.20466E+10  0.20951E+10  0.20951E+10
