 Ite ALT.[km]   Ext[km-1]   Ext_err_retr[km-1]  Ext_err_smooth[km-1]   Ext_prior
 i[km-1]   Ext_err_priori[km-1]  version   2.300000    
  5      0.00000  0.19648E+00  0.29429E-01  0.63566E-01  0.16666E+00  0.16666E+00
  5      0.20000  0.69211E-01  0.36070E-02  0.38688E-01  0.13645E+00  0.13645E+00
  5      0.40000  0.10546E-02  0.22394E-01  0.45255E-01  0.11172E+00  0.11172E+00
  5      0.60000  0.74625E-02  0.20108E-01  0.38180E-01  0.91467E-01  0.91467E-01
  5      0.80000  0.62709E-01  0.65869E-02  0.44315E-01  0.74887E-01  0.74887E-01
  5      1.00000  0.98683E-01  0.91690E-02  0.41028E-01  0.61312E-01  0.61312E-01
  5      1.20000  0.10351E+00  0.12640E-01  0.34308E-01  0.50198E-01  0.50198E-01
  5      1.40000  0.89898E-01  0.11591E-01  0.29964E-01  0.41099E-01  0.41099E-01
  5      1.60000  0.71168E-01  0.89295E-02  0.26946E-01  0.33649E-01  0.33649E-01
  5      1.80000  0.54038E-01  0.63151E-02  0.23876E-01  0.27549E-01  0.27549E-01
  5      2.00000  0.40419E-01  0.42742E-02  0.20641E-01  0.22555E-01  0.22555E-01
  5      2.20000  0.30193E-01  0.28329E-02  0.17493E-01  0.18467E-01  0.18467E-01
  5      2.40000  0.22678E-01  0.18667E-02  0.14630E-01  0.15119E-01  0.15119E-01
  5      2.60000  0.17161E-01  0.12295E-02  0.12135E-01  0.12379E-01  0.12379E-01
  5      2.80000  0.13011E-01  0.78154E-03  0.10022E-01  0.10135E-01  0.10135E-01
  5      3.00000  0.97782E-02  0.42369E-03  0.82595E-02  0.82977E-02  0.82977E-02
