 Ite ALT.[km]   Ext[km-1]   Ext_err_retr[km-1]  Ext_err_smooth[km-1]   Ext_prior
 i[km-1]   Ext_err_priori[km-1]  version   2.300000    
 16      0.00000  0.14499E+00  0.31655E-01  0.38348E-01  0.23884E+00  0.23884E+00
 16      0.20000  0.21551E+00  0.28048E-01  0.62440E-01  0.19555E+00  0.19555E+00
 16      0.40000  0.14963E+00  0.37537E-01  0.57851E-01  0.16010E+00  0.16010E+00
 16      0.60000  0.34953E-01  0.15018E-01  0.70972E-01  0.13108E+00  0.13108E+00
 16      0.80000  0.14716E-04  0.16042E-01  0.71741E-01  0.10732E+00  0.10732E+00
 16      1.00000  0.21452E-05  0.21846E-01  0.62858E-01  0.87865E-01  0.87865E-01
 16      1.20000  0.13515E-01  0.20690E-01  0.54325E-01  0.71938E-01  0.71938E-01
 16      1.40000  0.43123E-01  0.16799E-01  0.47414E-01  0.58897E-01  0.58897E-01
 16      1.60000  0.70046E-01  0.12564E-01  0.41318E-01  0.48221E-01  0.48221E-01
 16      1.80000  0.85057E-01  0.90196E-02  0.35552E-01  0.39480E-01  0.39480E-01
 16      2.00000  0.88544E-01  0.64342E-02  0.30121E-01  0.32324E-01  0.32324E-01
 16      2.20000  0.84478E-01  0.46938E-02  0.25190E-01  0.26464E-01  0.26464E-01
 16      2.40000  0.76356E-01  0.35567E-02  0.20876E-01  0.21667E-01  0.21667E-01
 16      2.60000  0.65817E-01  0.27548E-02  0.17217E-01  0.17740E-01  0.17740E-01
 16      2.80000  0.52133E-01  0.20176E-02  0.14204E-01  0.14524E-01  0.14524E-01
 16      3.00000  0.34972E-01  0.12000E-02  0.11758E-01  0.11891E-01  0.11891E-01
