 Ite ALT.[km]   Ext[km-1]   Ext_err_retr[km-1]  Ext_err_smooth[km-1]   Ext_prior
 i[km-1]   Ext_err_priori[km-1]  version   2.300000    
  6      0.00000  0.60661E-01  0.20334E-01  0.31466E-01  0.13554E+00  0.13554E+00
  6      0.20000  0.55917E-01  0.97652E-02  0.31689E-01  0.11097E+00  0.11097E+00
  6      0.40000  0.76691E-01  0.21081E-01  0.27586E-01  0.90858E-01  0.90858E-01
  6      0.60000  0.86343E-01  0.86328E-02  0.36300E-01  0.74388E-01  0.74388E-01
  6      0.80000  0.78329E-01  0.84872E-02  0.37333E-01  0.60904E-01  0.60904E-01
  6      1.00000  0.63541E-01  0.13401E-01  0.31922E-01  0.49864E-01  0.49864E-01
  6      1.20000  0.49635E-01  0.12153E-01  0.29072E-01  0.40825E-01  0.40825E-01
  6      1.40000  0.38656E-01  0.89564E-02  0.27023E-01  0.33425E-01  0.33425E-01
  6      1.60000  0.30362E-01  0.59838E-02  0.24237E-01  0.27366E-01  0.27366E-01
  6      1.80000  0.24091E-01  0.38152E-02  0.20964E-01  0.22405E-01  0.22405E-01
  6      2.00000  0.19280E-01  0.24057E-02  0.17696E-01  0.18344E-01  0.18344E-01
  6      2.20000  0.15533E-01  0.15519E-02  0.14724E-01  0.15019E-01  0.15019E-01
  6      2.40000  0.12575E-01  0.10520E-02  0.12155E-01  0.12296E-01  0.12296E-01
  6      2.60000  0.10215E-01  0.74704E-03  0.99933E-02  0.10067E-01  0.10067E-01
  6      2.80000  0.83168E-02  0.51788E-03  0.82039E-02  0.82424E-02  0.82424E-02
  6      3.00000  0.67808E-02  0.29936E-03  0.67336E-02  0.67483E-02  0.67483E-02
