    ALT.[km]   NO2[mol/cm3]   NO2_err_retr[mol/cm3]   NO2_err_smooth[mol/cm3]   
 NO2_priori[mol/cm3]  NO2_err_priori[mol/cm3]   version    2.300000    
     0.00000  0.14071E+11  0.26170E+10  0.21958E+10  0.27796E+11  0.27796E+11
     0.20000  0.13746E+11  0.11300E+10  0.29510E+10  0.22757E+11  0.22757E+11
     0.40000  0.12596E+11  0.23093E+10  0.28738E+10  0.18632E+11  0.18632E+11
     0.60000  0.99574E+10  0.21745E+10  0.24146E+10  0.15255E+11  0.15255E+11
     0.80000  0.67541E+10  0.13337E+10  0.36739E+10  0.12490E+11  0.12490E+11
     1.00000  0.42104E+10  0.13300E+10  0.41298E+10  0.10226E+11  0.10226E+11
     1.20000  0.28669E+10  0.18479E+10  0.36627E+10  0.83720E+10  0.83720E+10
     1.40000  0.25056E+10  0.20176E+10  0.30760E+10  0.68544E+10  0.68544E+10
     1.60000  0.26056E+10  0.18500E+10  0.28280E+10  0.56119E+10  0.56119E+10
     1.80000  0.27472E+10  0.15225E+10  0.27671E+10  0.45946E+10  0.45946E+10
     2.00000  0.27420E+10  0.11688E+10  0.26603E+10  0.37618E+10  0.37618E+10
     2.20000  0.25740E+10  0.85456E+09  0.24542E+10  0.30799E+10  0.30799E+10
     2.40000  0.23003E+10  0.59979E+09  0.21838E+10  0.25216E+10  0.25216E+10
     2.60000  0.19845E+10  0.40324E+09  0.18928E+10  0.20645E+10  0.20645E+10
     2.80000  0.16716E+10  0.25703E+09  0.16102E+10  0.16903E+10  0.16903E+10
     3.00000  0.13867E+10  0.15289E+09  0.13507E+10  0.13839E+10  0.13839E+10
