 Ite ALT.[km]   Ext[km-1]   Ext_err_retr[km-1]  Ext_err_smooth[km-1]   Ext_prior
 i[km-1]   Ext_err_priori[km-1]  version   2.300000    
  7      0.00000  0.83963E-01  0.21909E-01  0.35474E-01  0.15512E+00  0.15512E+00
  7      0.20000  0.55622E-01  0.98365E-02  0.35890E-01  0.12701E+00  0.12701E+00
  7      0.40000  0.69087E-01  0.22340E-01  0.29331E-01  0.10398E+00  0.10398E+00
  7      0.60000  0.91775E-01  0.10071E-01  0.40898E-01  0.85134E-01  0.85134E-01
  7      0.80000  0.98306E-01  0.86100E-02  0.42821E-01  0.69702E-01  0.69702E-01
  7      1.00000  0.88498E-01  0.13960E-01  0.35889E-01  0.57067E-01  0.57067E-01
  7      1.20000  0.71887E-01  0.12936E-01  0.32281E-01  0.46723E-01  0.46723E-01
  7      1.40000  0.55594E-01  0.96813E-02  0.30177E-01  0.38253E-01  0.38253E-01
  7      1.60000  0.42290E-01  0.65481E-02  0.27283E-01  0.31319E-01  0.31319E-01
  7      1.80000  0.32166E-01  0.42100E-02  0.23741E-01  0.25642E-01  0.25642E-01
  7      2.00000  0.24651E-01  0.26575E-02  0.20124E-01  0.20994E-01  0.20994E-01
  7      2.20000  0.19096E-01  0.16959E-02  0.16792E-01  0.17188E-01  0.17188E-01
  7      2.40000  0.14965E-01  0.11235E-02  0.13887E-01  0.14073E-01  0.14073E-01
  7      2.60000  0.11859E-01  0.77614E-03  0.11431E-01  0.11522E-01  0.11522E-01
  7      2.80000  0.95042E-02  0.52606E-03  0.93899E-02  0.94332E-02  0.94332E-02
  7      3.00000  0.77068E-02  0.29985E-03  0.77077E-02  0.77232E-02  0.77232E-02
