 Ite ALT.[km]   Ext[km-1]   Ext_err_retr[km-1]  Ext_err_smooth[km-1]   Ext_prior
 i[km-1]   Ext_err_priori[km-1]  version   2.300000    
 16      0.00000  0.84511E-01  0.70161E-02  0.12892E-01  0.35534E-01  0.35534E-01
 16      0.20000  0.55571E-01  0.15032E-02  0.94090E-02  0.29092E-01  0.29092E-01
 16      0.40000  0.19048E-01  0.42172E-02  0.10834E-01  0.23819E-01  0.23819E-01
 16      0.60000  0.72004E-03  0.38288E-02  0.97950E-02  0.19501E-01  0.19501E-01
 16      0.80000  0.15966E-08  0.24250E-02  0.10217E-01  0.15966E-01  0.15966E-01
 16      1.00000  0.13072E-08  0.25589E-02  0.96085E-02  0.13072E-01  0.13072E-01
 16      1.20000  0.10703E-08  0.27263E-02  0.83917E-02  0.10703E-01  0.10703E-01
 16      1.40000  0.87625E-09  0.24724E-02  0.71854E-02  0.87625E-02  0.87625E-02
 16      1.60000  0.71741E-09  0.20156E-02  0.61355E-02  0.71741E-02  0.71741E-02
 16      1.80000  0.58737E-09  0.15363E-02  0.52225E-02  0.58737E-02  0.58737E-02
 16      2.00000  0.48090E-09  0.11199E-02  0.44184E-02  0.48090E-02  0.48090E-02
 16      2.20000  0.12591E-07  0.79174E-03  0.37111E-02  0.39372E-02  0.39372E-02
 16      2.40000  0.31992E-03  0.54751E-03  0.30962E-02  0.32235E-02  0.32235E-02
 16      2.60000  0.60932E-03  0.37027E-03  0.25699E-02  0.26392E-02  0.26392E-02
 16      2.80000  0.83126E-03  0.23637E-03  0.21270E-02  0.21608E-02  0.21608E-02
 16      3.00000  0.10413E-02  0.12719E-03  0.17573E-02  0.17691E-02  0.17691E-02
