 Ite ALT.[km]   Ext[km-1]   Ext_err_retr[km-1]  Ext_err_smooth[km-1]   Ext_prior
 i[km-1]   Ext_err_priori[km-1]  version   2.300000    
  7      0.00000  0.87516E-01  0.21859E-01  0.35644E-01  0.15392E+00  0.15392E+00
  7      0.20000  0.51114E-01  0.94234E-02  0.35590E-01  0.12602E+00  0.12602E+00
  7      0.40000  0.62786E-01  0.22018E-01  0.29062E-01  0.10317E+00  0.10317E+00
  7      0.60000  0.90019E-01  0.10088E-01  0.40317E-01  0.84471E-01  0.84471E-01
  7      0.80000  0.99953E-01  0.84729E-02  0.42298E-01  0.69159E-01  0.69159E-01
  7      1.00000  0.90372E-01  0.13830E-01  0.35386E-01  0.56622E-01  0.56622E-01
  7      1.20000  0.72817E-01  0.12831E-01  0.31883E-01  0.46359E-01  0.46359E-01
  7      1.40000  0.55805E-01  0.95872E-02  0.29898E-01  0.37955E-01  0.37955E-01
  7      1.60000  0.42193E-01  0.64608E-02  0.27078E-01  0.31075E-01  0.31075E-01
  7      1.80000  0.31996E-01  0.41331E-02  0.23577E-01  0.25442E-01  0.25442E-01
  7      2.00000  0.24503E-01  0.25971E-02  0.19986E-01  0.20830E-01  0.20830E-01
  7      2.20000  0.18994E-01  0.16555E-02  0.16673E-01  0.17054E-01  0.17054E-01
  7      2.40000  0.14904E-01  0.11013E-02  0.13785E-01  0.13963E-01  0.13963E-01
  7      2.60000  0.11824E-01  0.76689E-03  0.11345E-01  0.11432E-01  0.11432E-01
  7      2.80000  0.94793E-02  0.52397E-03  0.93176E-02  0.93596E-02  0.93596E-02
  7      3.00000  0.76779E-02  0.30026E-03  0.76478E-02  0.76630E-02  0.76630E-02
