 Ite ALT.[km]   Ext[km-1]   Ext_err_retr[km-1]  Ext_err_smooth[km-1]   Ext_prior
 i[km-1]   Ext_err_priori[km-1]  version   2.300000    
  6      0.00000  0.17144E+00  0.30775E-01  0.59722E-01  0.16094E+00  0.16094E+00
  6      0.20000  0.64816E-01  0.43162E-02  0.38796E-01  0.13177E+00  0.13177E+00
  6      0.40000  0.66133E-02  0.22608E-01  0.45169E-01  0.10788E+00  0.10788E+00
  6      0.60000  0.24414E-01  0.20037E-01  0.39785E-01  0.88326E-01  0.88326E-01
  6      0.80000  0.67129E-01  0.68471E-02  0.43895E-01  0.72315E-01  0.72315E-01
  6      1.00000  0.92610E-01  0.83868E-02  0.40388E-01  0.59207E-01  0.59207E-01
  6      1.20000  0.94441E-01  0.11936E-01  0.33965E-01  0.48474E-01  0.48474E-01
  6      1.40000  0.82425E-01  0.11256E-01  0.29390E-01  0.39687E-01  0.39687E-01
  6      1.60000  0.66324E-01  0.88638E-02  0.26135E-01  0.32493E-01  0.32493E-01
  6      1.80000  0.51325E-01  0.63728E-02  0.23038E-01  0.26603E-01  0.26603E-01
  6      2.00000  0.39108E-01  0.43733E-02  0.19886E-01  0.21781E-01  0.21781E-01
  6      2.20000  0.29708E-01  0.29403E-02  0.16851E-01  0.17833E-01  0.17833E-01
  6      2.40000  0.22635E-01  0.19711E-02  0.14095E-01  0.14600E-01  0.14600E-01
  6      2.60000  0.17314E-01  0.13262E-02  0.11695E-01  0.11954E-01  0.11954E-01
  6      2.80000  0.13182E-01  0.86244E-03  0.96631E-02  0.97868E-02  0.97868E-02
  6      3.00000  0.98315E-02  0.47624E-03  0.79695E-02  0.80127E-02  0.80127E-02
