    ALT.[km]   NO2[mol/cm3]   NO2_err_retr[mol/cm3]   NO2_err_smooth[mol/cm3]   
 NO2_priori[mol/cm3]  NO2_err_priori[mol/cm3]   version    2.300000    
     0.00000  0.80449E+11  0.22630E+10  0.16551E+10  0.36785E+11  0.36785E+11
     0.20000  0.64243E+11  0.18145E+10  0.28718E+10  0.30117E+11  0.30117E+11
     0.40000  0.38621E+11  0.29598E+10  0.22398E+10  0.24658E+11  0.24658E+11
     0.60000  0.12922E+11  0.23073E+10  0.37710E+10  0.20188E+11  0.20188E+11
     0.80000 -0.45380E+10  0.15962E+10  0.53275E+10  0.16529E+11  0.16529E+11
     1.00000 -0.11374E+11  0.20797E+10  0.52303E+10  0.13532E+11  0.13532E+11
     1.20000 -0.10484E+11  0.24833E+10  0.45322E+10  0.11079E+11  0.11079E+11
     1.40000 -0.63550E+10  0.24328E+10  0.42107E+10  0.90711E+10  0.90711E+10
     1.60000 -0.22083E+10  0.21162E+10  0.41859E+10  0.74268E+10  0.74268E+10
     1.80000  0.64772E+09  0.17146E+10  0.40822E+10  0.60805E+10  0.60805E+10
     2.00000  0.21565E+10  0.13240E+10  0.38032E+10  0.49783E+10  0.49783E+10
     2.20000  0.27164E+10  0.98327E+09  0.34079E+10  0.40759E+10  0.40759E+10
     2.40000  0.27355E+10  0.70316E+09  0.29712E+10  0.33371E+10  0.33371E+10
     2.60000  0.24964E+10  0.48142E+09  0.25425E+10  0.27322E+10  0.27322E+10
     2.80000  0.21627E+10  0.31179E+09  0.21466E+10  0.22369E+10  0.22369E+10
     3.00000  0.18191E+10  0.18791E+09  0.17934E+10  0.18314E+10  0.18314E+10
