 Ite ALT.[km]   Ext[km-1]   Ext_err_retr[km-1]  Ext_err_smooth[km-1]   Ext_prior
 i[km-1]   Ext_err_priori[km-1]  version   2.300000    
  5      0.00000  0.64714E-01  0.14298E-01  0.23356E-01  0.98046E-01  0.98046E-01
  5      0.20000  0.64826E-01  0.74297E-02  0.23676E-01  0.80273E-01  0.80273E-01
  5      0.40000  0.68615E-01  0.13824E-01  0.22040E-01  0.65722E-01  0.65722E-01
  5      0.60000  0.60270E-01  0.56778E-02  0.25552E-01  0.53809E-01  0.53809E-01
  5      0.80000  0.46140E-01  0.88356E-02  0.26506E-01  0.44055E-01  0.44055E-01
  5      1.00000  0.34395E-01  0.11311E-01  0.24005E-01  0.36069E-01  0.36069E-01
  5      1.20000  0.26570E-01  0.97054E-02  0.22235E-01  0.29531E-01  0.29531E-01
  5      1.40000  0.21408E-01  0.69790E-02  0.20398E-01  0.24178E-01  0.24178E-01
  5      1.60000  0.17717E-01  0.45660E-02  0.18041E-01  0.19795E-01  0.19795E-01
  5      1.80000  0.14838E-01  0.28158E-02  0.15458E-01  0.16207E-01  0.16207E-01
  5      2.00000  0.12460E-01  0.16701E-02  0.12970E-01  0.13269E-01  0.13269E-01
  5      2.20000  0.10443E-01  0.97400E-03  0.10749E-01  0.10864E-01  0.10864E-01
  5      2.40000  0.87175E-02  0.58019E-03  0.88494E-02  0.88946E-02  0.88946E-02
  5      2.60000  0.72434E-02  0.36975E-03  0.72614E-02  0.72822E-02  0.72822E-02
  5      2.80000  0.59851E-02  0.24449E-03  0.59512E-02  0.59622E-02  0.59622E-02
  5      3.00000  0.49128E-02  0.14035E-03  0.48769E-02  0.48814E-02  0.48814E-02
