 Ite ALT.[km]   Ext[km-1]   Ext_err_retr[km-1]  Ext_err_smooth[km-1]   Ext_prior
 i[km-1]   Ext_err_priori[km-1]  version   2.300000    
  6      0.00000  0.18538E+00  0.24514E-01  0.27678E-01  0.15972E+00  0.15972E+00
  6      0.20000  0.93335E-01  0.13493E-01  0.35919E-01  0.13077E+00  0.13077E+00
  6      0.40000  0.60996E-01  0.22961E-01  0.30070E-01  0.10707E+00  0.10707E+00
  6      0.60000  0.76045E-01  0.81783E-02  0.44640E-01  0.87658E-01  0.87658E-01
  6      0.80000  0.83209E-01  0.13600E-01  0.42023E-01  0.71768E-01  0.71768E-01
  6      1.00000  0.73434E-01  0.16936E-01  0.36142E-01  0.58759E-01  0.58759E-01
  6      1.20000  0.59222E-01  0.13987E-01  0.34685E-01  0.48108E-01  0.48108E-01
  6      1.40000  0.47357E-01  0.95967E-02  0.32881E-01  0.39387E-01  0.39387E-01
  6      1.60000  0.38524E-01  0.59448E-02  0.29463E-01  0.32248E-01  0.32248E-01
  6      1.80000  0.31777E-01  0.34976E-02  0.25302E-01  0.26402E-01  0.26402E-01
  6      2.00000  0.26336E-01  0.20944E-02  0.21192E-01  0.21616E-01  0.21616E-01
  6      2.20000  0.21790E-01  0.14100E-02  0.17517E-01  0.17698E-01  0.17698E-01
  6      2.40000  0.17941E-01  0.10962E-02  0.14389E-01  0.14490E-01  0.14490E-01
  6      2.60000  0.14659E-01  0.89808E-03  0.11791E-01  0.11863E-01  0.11863E-01
  6      2.80000  0.11776E-01  0.68441E-03  0.96634E-02  0.97128E-02  0.97128E-02
  6      3.00000  0.91745E-02  0.41559E-03  0.79300E-02  0.79521E-02  0.79521E-02
