 Ite ALT.[km]   Ext[km-1]   Ext_err_retr[km-1]  Ext_err_smooth[km-1]   Ext_prior
 i[km-1]   Ext_err_priori[km-1]  version   2.300000    
  6      0.00000  0.69710E-01  0.28183E-01  0.53535E-01  0.16329E+00  0.16329E+00
  6      0.20000  0.52593E-01  0.76263E-02  0.39383E-01  0.13369E+00  0.13369E+00
  6      0.40000  0.74683E-01  0.25730E-01  0.44025E-01  0.10946E+00  0.10946E+00
  6      0.60000  0.94589E-01  0.16359E-01  0.43008E-01  0.89617E-01  0.89617E-01
  6      0.80000  0.95524E-01  0.77611E-02  0.45551E-01  0.73372E-01  0.73372E-01
  6      1.00000  0.84529E-01  0.13822E-01  0.41028E-01  0.60072E-01  0.60072E-01
  6      1.20000  0.70506E-01  0.14112E-01  0.36419E-01  0.49183E-01  0.49183E-01
  6      1.40000  0.57372E-01  0.11367E-01  0.32640E-01  0.40267E-01  0.40267E-01
  6      1.60000  0.46130E-01  0.83740E-02  0.28693E-01  0.32968E-01  0.32968E-01
  6      1.80000  0.36875E-01  0.60053E-02  0.24627E-01  0.26992E-01  0.26992E-01
  6      2.00000  0.29426E-01  0.43142E-02  0.20767E-01  0.22099E-01  0.22099E-01
  6      2.20000  0.23489E-01  0.31470E-02  0.17314E-01  0.18093E-01  0.18093E-01
  6      2.40000  0.18768E-01  0.23354E-02  0.14336E-01  0.14814E-01  0.14814E-01
  6      2.60000  0.14988E-01  0.17380E-02  0.11828E-01  0.12128E-01  0.12128E-01
  6      2.80000  0.11875E-01  0.12221E-02  0.97576E-02  0.99298E-02  0.99298E-02
  6      3.00000  0.92263E-02  0.70745E-03  0.80615E-02  0.81298E-02  0.81298E-02
