    ALT.[km]   NO2[mol/cm3]   NO2_err_retr[mol/cm3]   NO2_err_smooth[mol/cm3]   
 NO2_priori[mol/cm3]  NO2_err_priori[mol/cm3]   version    2.300000    
     0.00000  0.45963E+11  0.21148E+10  0.17274E+10  0.38295E+11  0.38295E+11
     0.20000  0.54819E+11  0.16598E+10  0.28826E+10  0.31354E+11  0.31354E+11
     0.40000  0.47624E+11  0.26687E+10  0.20338E+10  0.25670E+11  0.25670E+11
     0.60000  0.28187E+11  0.21165E+10  0.36511E+10  0.21017E+11  0.21017E+11
     0.80000  0.70019E+10  0.17532E+10  0.52982E+10  0.17207E+11  0.17207E+11
     1.00000 -0.74555E+10  0.21772E+10  0.52151E+10  0.14088E+11  0.14088E+11
     1.20000 -0.12997E+11  0.24090E+10  0.45329E+10  0.11534E+11  0.11534E+11
     1.40000 -0.12157E+11  0.23117E+10  0.42462E+10  0.94435E+10  0.94435E+10
     1.60000 -0.85980E+10  0.20478E+10  0.42485E+10  0.77317E+10  0.77317E+10
     1.80000 -0.48650E+10  0.17179E+10  0.41605E+10  0.63302E+10  0.63302E+10
     2.00000 -0.20283E+10  0.13721E+10  0.38910E+10  0.51827E+10  0.51827E+10
     2.20000 -0.22229E+09  0.10457E+10  0.35002E+10  0.42433E+10  0.42433E+10
     2.40000  0.78256E+09  0.76115E+09  0.30630E+10  0.34741E+10  0.34741E+10
     2.60000  0.12624E+10  0.52721E+09  0.26295E+10  0.28443E+10  0.28443E+10
     2.80000  0.14292E+10  0.34404E+09  0.22258E+10  0.23287E+10  0.23287E+10
     3.00000  0.14192E+10  0.20839E+09  0.18631E+10  0.19066E+10  0.19066E+10
