    ALT.[km]   NO2[mol/cm3]   NO2_err_retr[mol/cm3]   NO2_err_smooth[mol/cm3]   
 NO2_priori[mol/cm3]  NO2_err_priori[mol/cm3]   version    2.300000    
     0.00000  0.14309E+11  0.23879E+10  0.19682E+10  0.29180E+11  0.29180E+11
     0.20000  0.11754E+11  0.11013E+10  0.30493E+10  0.23891E+11  0.23891E+11
     0.40000  0.10553E+11  0.21454E+10  0.26911E+10  0.19560E+11  0.19560E+11
     0.60000  0.95926E+10  0.19457E+10  0.22828E+10  0.16015E+11  0.16015E+11
     0.80000  0.84820E+10  0.12990E+10  0.37638E+10  0.13112E+11  0.13112E+11
     1.00000  0.73227E+10  0.14716E+10  0.41739E+10  0.10735E+11  0.10735E+11
     1.20000  0.63025E+10  0.18674E+10  0.36148E+10  0.87890E+10  0.87890E+10
     1.40000  0.54818E+10  0.19358E+10  0.30201E+10  0.71958E+10  0.71958E+10
     1.60000  0.48087E+10  0.17496E+10  0.28383E+10  0.58914E+10  0.58914E+10
     1.80000  0.42101E+10  0.14572E+10  0.28310E+10  0.48235E+10  0.48235E+10
     2.00000  0.36458E+10  0.11486E+10  0.27460E+10  0.39491E+10  0.39491E+10
     2.20000  0.31111E+10  0.86535E+09  0.25442E+10  0.32333E+10  0.32333E+10
     2.40000  0.26175E+10  0.62383E+09  0.22710E+10  0.26472E+10  0.26472E+10
     2.60000  0.21766E+10  0.42838E+09  0.19739E+10  0.21673E+10  0.21673E+10
     2.80000  0.17944E+10  0.27738E+09  0.16832E+10  0.17745E+10  0.17745E+10
     3.00000  0.14708E+10  0.16688E+09  0.14147E+10  0.14528E+10  0.14528E+10
