 Ite ALT.[km]   Ext[km-1]   Ext_err_retr[km-1]  Ext_err_smooth[km-1]   Ext_prior
 i[km-1]   Ext_err_priori[km-1]  version   2.300000    
  7      0.00000  0.14748E+00  0.31991E-01  0.47122E-01  0.20993E+00  0.20993E+00
  7      0.20000  0.88652E-01  0.13894E-01  0.49007E-01  0.17188E+00  0.17188E+00
  7      0.40000  0.95741E-01  0.31581E-01  0.40681E-01  0.14072E+00  0.14072E+00
  7      0.60000  0.12626E+00  0.15832E-01  0.56430E-01  0.11521E+00  0.11521E+00
  7      0.80000  0.13233E+00  0.11290E-01  0.59223E-01  0.94328E-01  0.94328E-01
  7      1.00000  0.11504E+00  0.17703E-01  0.50098E-01  0.77230E-01  0.77230E-01
  7      1.20000  0.92172E-01  0.16675E-01  0.44432E-01  0.63230E-01  0.63230E-01
  7      1.40000  0.72541E-01  0.12854E-01  0.40743E-01  0.51769E-01  0.51769E-01
  7      1.60000  0.57395E-01  0.90654E-02  0.36488E-01  0.42384E-01  0.42384E-01
  7      1.80000  0.45865E-01  0.61397E-02  0.31681E-01  0.34701E-01  0.34701E-01
  7      2.00000  0.36934E-01  0.41076E-02  0.26889E-01  0.28411E-01  0.28411E-01
  7      2.20000  0.29863E-01  0.27727E-02  0.22491E-01  0.23261E-01  0.23261E-01
  7      2.40000  0.24175E-01  0.19171E-02  0.18647E-01  0.19045E-01  0.19045E-01
  7      2.60000  0.19523E-01  0.13551E-02  0.15381E-01  0.15592E-01  0.15592E-01
  7      2.80000  0.15567E-01  0.92572E-03  0.12660E-01  0.12766E-01  0.12766E-01
  7      3.00000  0.12077E-01  0.52866E-03  0.10413E-01  0.10452E-01  0.10452E-01
