    ALT.[km]   NO2[mol/cm3]   NO2_err_retr[mol/cm3]   NO2_err_smooth[mol/cm3]   
 NO2_priori[mol/cm3]  NO2_err_priori[mol/cm3]   version    2.300000    
     0.00000  0.14471E+11  0.23923E+10  0.25526E+10  0.27408E+11  0.27408E+11
     0.20000  0.13550E+11  0.97170E+09  0.23678E+10  0.22440E+11  0.22440E+11
     0.40000  0.12575E+11  0.22715E+10  0.23705E+10  0.18372E+11  0.18372E+11
     0.60000  0.10635E+11  0.20638E+10  0.22996E+10  0.15042E+11  0.15042E+11
     0.80000  0.81102E+10  0.11908E+10  0.35853E+10  0.12315E+11  0.12315E+11
     1.00000  0.58348E+10  0.13269E+10  0.39256E+10  0.10083E+11  0.10083E+11
     1.20000  0.42994E+10  0.18648E+10  0.34741E+10  0.82551E+10  0.82551E+10
     1.40000  0.34780E+10  0.19916E+10  0.30490E+10  0.67587E+10  0.67587E+10
     1.60000  0.30839E+10  0.17852E+10  0.29363E+10  0.55335E+10  0.55335E+10
     1.80000  0.28461E+10  0.14404E+10  0.28942E+10  0.45305E+10  0.45305E+10
     2.00000  0.26180E+10  0.10885E+10  0.27490E+10  0.37092E+10  0.37092E+10
     2.20000  0.23586E+10  0.78675E+09  0.24997E+10  0.30369E+10  0.30369E+10
     2.40000  0.20772E+10  0.54817E+09  0.21984E+10  0.24864E+10  0.24864E+10
     2.60000  0.17956E+10  0.36710E+09  0.18896E+10  0.20357E+10  0.20357E+10
     2.80000  0.15306E+10  0.23362E+09  0.15984E+10  0.16667E+10  0.16667E+10
     3.00000  0.12911E+10  0.13895E+09  0.13363E+10  0.13646E+10  0.13646E+10
