    ALT.[km]   NO2[mol/cm3]   NO2_err_retr[mol/cm3]   NO2_err_smooth[mol/cm3]   
 NO2_priori[mol/cm3]  NO2_err_priori[mol/cm3]   version    2.300000    
     0.00000  0.67602E+11  0.36643E+10  0.39489E+10  0.48522E+11  0.48522E+11
     0.20000  0.77188E+11  0.27704E+10  0.49914E+10  0.39727E+11  0.39727E+11
     0.40000  0.70073E+11  0.53225E+10  0.62218E+10  0.32525E+11  0.32525E+11
     0.60000  0.49311E+11  0.45012E+10  0.65208E+10  0.26630E+11  0.26630E+11
     0.80000  0.24973E+11  0.20065E+10  0.76634E+10  0.21802E+11  0.21802E+11
     1.00000  0.58417E+10  0.14785E+10  0.79378E+10  0.17850E+11  0.17850E+11
     1.20000 -0.49098E+10  0.28134E+10  0.73460E+10  0.14615E+11  0.14615E+11
     1.40000 -0.86822E+10  0.32909E+10  0.66144E+10  0.11965E+11  0.11965E+11
     1.60000 -0.84121E+10  0.30966E+10  0.60321E+10  0.97965E+10  0.97965E+10
     1.80000 -0.65155E+10  0.25972E+10  0.55172E+10  0.80207E+10  0.80207E+10
     2.00000 -0.43543E+10  0.20341E+10  0.49791E+10  0.65668E+10  0.65668E+10
     2.20000 -0.24912E+10  0.15201E+10  0.44107E+10  0.53764E+10  0.53764E+10
     2.40000 -0.10648E+10  0.10915E+10  0.38416E+10  0.44018E+10  0.44018E+10
     2.60000 -0.45458E+08  0.75012E+09  0.32994E+10  0.36039E+10  0.36039E+10
     2.80000  0.63673E+09  0.48768E+09  0.28001E+10  0.29506E+10  0.29506E+10
     3.00000  0.10451E+10  0.29502E+09  0.23506E+10  0.24158E+10  0.24158E+10
