 Ite ALT.[km]   Ext[km-1]   Ext_err_retr[km-1]  Ext_err_smooth[km-1]   Ext_prior
 i[km-1]   Ext_err_priori[km-1]  version   2.300000    
 16      0.00000  0.52857E-01  0.11530E-01  0.17549E-01  0.80433E-01  0.80433E-01
 16      0.20000  0.73927E-01  0.71099E-02  0.18983E-01  0.65853E-01  0.65853E-01
 16      0.40000  0.82785E-01  0.11382E-01  0.17776E-01  0.53916E-01  0.53916E-01
 16      0.60000  0.65226E-01  0.38034E-02  0.21508E-01  0.44143E-01  0.44143E-01
 16      0.80000  0.42239E-01  0.80633E-02  0.21519E-01  0.36141E-01  0.36141E-01
 16      1.00000  0.27029E-01  0.94912E-02  0.19938E-01  0.29590E-01  0.29590E-01
 16      1.20000  0.19069E-01  0.75854E-02  0.18962E-01  0.24226E-01  0.24226E-01
 16      1.40000  0.14900E-01  0.50910E-02  0.17414E-01  0.19835E-01  0.19835E-01
 16      1.60000  0.12377E-01  0.30935E-02  0.15259E-01  0.16239E-01  0.16239E-01
 16      1.80000  0.10551E-01  0.17665E-02  0.12939E-01  0.13295E-01  0.13295E-01
 16      2.00000  0.90464E-02  0.99945E-03  0.10763E-01  0.10885E-01  0.10885E-01
 16      2.20000  0.77310E-02  0.62853E-03  0.88628E-02  0.89122E-02  0.89122E-02
 16      2.40000  0.65638E-02  0.47786E-03  0.72650E-02  0.72967E-02  0.72967E-02
 16      2.60000  0.55338E-02  0.39748E-03  0.59466E-02  0.59740E-02  0.59740E-02
 16      2.80000  0.46402E-02  0.30790E-03  0.48702E-02  0.48911E-02  0.48911E-02
 16      3.00000  0.38804E-02  0.18847E-03  0.39947E-02  0.40045E-02  0.40045E-02
