 Ite ALT.[km]   Ext[km-1]   Ext_err_retr[km-1]  Ext_err_smooth[km-1]   Ext_prior
 i[km-1]   Ext_err_priori[km-1]  version   2.300000    
 16      0.00000  0.13076E+00  0.28765E-01  0.41612E-01  0.19260E+00  0.19260E+00
 16      0.20000  0.10866E+00  0.13683E-01  0.46637E-01  0.15769E+00  0.15769E+00
 16      0.40000  0.11051E+00  0.29445E-01  0.39772E-01  0.12911E+00  0.12911E+00
 16      0.60000  0.10600E+00  0.14641E-01  0.52772E-01  0.10570E+00  0.10570E+00
 16      0.80000  0.89534E-01  0.93539E-02  0.55488E-01  0.86543E-01  0.86543E-01
 16      1.00000  0.72039E-01  0.15655E-01  0.47127E-01  0.70855E-01  0.70855E-01
 16      1.20000  0.59878E-01  0.15243E-01  0.41008E-01  0.58011E-01  0.58011E-01
 16      1.40000  0.52509E-01  0.12092E-01  0.37009E-01  0.47496E-01  0.47496E-01
 16      1.60000  0.47539E-01  0.87700E-02  0.33005E-01  0.38886E-01  0.38886E-01
 16      1.80000  0.43006E-01  0.61285E-02  0.28689E-01  0.31837E-01  0.31837E-01
 16      2.00000  0.38180E-01  0.42583E-02  0.24405E-01  0.26066E-01  0.26066E-01
 16      2.20000  0.33212E-01  0.30038E-02  0.20455E-01  0.21341E-01  0.21341E-01
 16      2.40000  0.28345E-01  0.21712E-02  0.16985E-01  0.17473E-01  0.17473E-01
 16      2.60000  0.23656E-01  0.15908E-02  0.14029E-01  0.14305E-01  0.14305E-01
 16      2.80000  0.18923E-01  0.11111E-02  0.11566E-01  0.11712E-01  0.11712E-01
 16      3.00000  0.13986E-01  0.64140E-03  0.95337E-02  0.95892E-02  0.95892E-02
