    ALT.[km]   NO2[mol/cm3]   NO2_err_retr[mol/cm3]   NO2_err_smooth[mol/cm3]   
 NO2_priori[mol/cm3]  NO2_err_priori[mol/cm3]   version    2.300000    
     0.00000  0.17563E+11  0.85180E+09  0.81649E+09  0.50662E+10  0.50662E+10
     0.20000  0.17606E+11  0.35938E+09  0.57878E+09  0.41478E+10  0.41478E+10
     0.40000  0.15800E+11  0.49174E+09  0.89700E+09  0.33960E+10  0.33960E+10
     0.60000  0.12662E+11  0.69479E+09  0.80460E+09  0.27804E+10  0.27804E+10
     0.80000  0.91596E+10  0.71091E+09  0.78619E+09  0.22764E+10  0.22764E+10
     1.00000  0.61130E+10  0.61518E+09  0.91287E+09  0.18637E+10  0.18637E+10
     1.20000  0.38881E+10  0.48657E+09  0.98789E+09  0.15259E+10  0.15259E+10
     1.40000  0.24531E+10  0.36400E+09  0.96484E+09  0.12493E+10  0.12493E+10
     1.60000  0.15952E+10  0.26061E+09  0.87816E+09  0.10228E+10  0.10228E+10
     1.80000  0.10949E+10  0.17967E+09  0.76562E+09  0.83744E+09  0.83744E+09
     2.00000  0.79572E+09  0.12008E+09  0.65062E+09  0.68563E+09  0.68563E+09
     2.20000  0.60567E+09  0.78273E+08  0.54456E+09  0.56135E+09  0.56135E+09
     2.40000  0.47582E+09  0.49867E+08  0.45172E+09  0.45959E+09  0.45959E+09
     2.60000  0.38119E+09  0.30923E+08  0.37273E+09  0.37628E+09  0.37628E+09
     2.80000  0.30888E+09  0.18456E+08  0.30657E+09  0.30808E+09  0.30808E+09
     3.00000  0.25186E+09  0.10423E+08  0.25166E+09  0.25223E+09  0.25223E+09
