 Ite ALT.[km]   Ext[km-1]   Ext_err_retr[km-1]  Ext_err_smooth[km-1]   Ext_prior
 i[km-1]   Ext_err_priori[km-1]  version   2.300000    
  6      0.00000  0.12202E+00  0.29653E-01  0.41929E-01  0.21318E+00  0.21318E+00
  6      0.20000  0.10664E+00  0.16971E-01  0.48498E-01  0.17454E+00  0.17454E+00
  6      0.40000  0.13345E+00  0.31861E-01  0.39476E-01  0.14290E+00  0.14290E+00
  6      0.60000  0.14729E+00  0.13881E-01  0.59366E-01  0.11699E+00  0.11699E+00
  6      0.80000  0.13248E+00  0.12845E-01  0.60052E-01  0.95787E-01  0.95787E-01
  6      1.00000  0.10631E+00  0.18295E-01  0.51020E-01  0.78424E-01  0.78424E-01
  6      1.20000  0.82536E-01  0.16495E-01  0.45974E-01  0.64208E-01  0.64208E-01
  6      1.40000  0.64421E-01  0.12493E-01  0.42113E-01  0.52569E-01  0.52569E-01
  6      1.60000  0.51002E-01  0.87529E-02  0.37482E-01  0.43040E-01  0.43040E-01
  6      1.80000  0.40864E-01  0.58991E-02  0.32394E-01  0.35238E-01  0.35238E-01
  6      2.00000  0.33001E-01  0.39050E-02  0.27424E-01  0.28851E-01  0.28851E-01
  6      2.20000  0.26770E-01  0.25828E-02  0.22910E-01  0.23621E-01  0.23621E-01
  6      2.40000  0.21756E-01  0.17339E-02  0.18982E-01  0.19339E-01  0.19339E-01
  6      2.60000  0.17670E-01  0.11859E-02  0.15652E-01  0.15834E-01  0.15834E-01
  6      2.80000  0.14263E-01  0.78741E-03  0.12877E-01  0.12963E-01  0.12963E-01
  6      3.00000  0.11364E-01  0.44111E-03  0.10583E-01  0.10614E-01  0.10614E-01
