    ALT.[km]   NO2[mol/cm3]   NO2_err_retr[mol/cm3]   NO2_err_smooth[mol/cm3]   
 NO2_priori[mol/cm3]  NO2_err_priori[mol/cm3]   version    2.300000    
     0.00000  0.19710E+11  0.18273E+10  0.14786E+10  0.27901E+11  0.27901E+11
     0.20000  0.30275E+11  0.13146E+10  0.20211E+10  0.22843E+11  0.22843E+11
     0.40000  0.32953E+11  0.22342E+10  0.16077E+10  0.18702E+11  0.18702E+11
     0.60000  0.26725E+11  0.17340E+10  0.28173E+10  0.15312E+11  0.15312E+11
     0.80000  0.15951E+11  0.12834E+10  0.39575E+10  0.12537E+11  0.12537E+11
     1.00000  0.59587E+10  0.17695E+10  0.38608E+10  0.10264E+11  0.10264E+11
     1.20000 -0.35947E+09  0.20925E+10  0.33868E+10  0.84036E+10  0.84036E+10
     1.40000 -0.29420E+10  0.20121E+10  0.32480E+10  0.68802E+10  0.68802E+10
     1.60000 -0.31285E+10  0.17069E+10  0.32888E+10  0.56331E+10  0.56331E+10
     1.80000 -0.22905E+10  0.13430E+10  0.32139E+10  0.46120E+10  0.46120E+10
     2.00000 -0.12740E+10  0.10064E+10  0.29796E+10  0.37760E+10  0.37760E+10
     2.20000 -0.43369E+09  0.72731E+09  0.26518E+10  0.30915E+10  0.30915E+10
     2.40000  0.15536E+09  0.50829E+09  0.22961E+10  0.25311E+10  0.25311E+10
     2.60000  0.52738E+09  0.34172E+09  0.19529E+10  0.20723E+10  0.20723E+10
     2.80000  0.73718E+09  0.21829E+09  0.16407E+10  0.16966E+10  0.16966E+10
     3.00000  0.82944E+09  0.13025E+09  0.13658E+10  0.13891E+10  0.13891E+10
