    ALT.[km]   NO2[mol/cm3]   NO2_err_retr[mol/cm3]   NO2_err_smooth[mol/cm3]   
 NO2_priori[mol/cm3]  NO2_err_priori[mol/cm3]   version    2.300000    
     0.00000  0.13693E+11  0.15287E+10  0.14455E+10  0.15943E+11  0.15943E+11
     0.20000  0.13517E+11  0.73079E+09  0.13971E+10  0.13053E+11  0.13053E+11
     0.40000  0.12733E+11  0.14119E+10  0.14923E+10  0.10687E+11  0.10687E+11
     0.60000  0.10874E+11  0.12167E+10  0.15403E+10  0.87499E+10  0.87499E+10
     0.80000  0.83631E+10  0.90059E+09  0.21199E+10  0.71638E+10  0.71638E+10
     1.00000  0.59373E+10  0.12223E+10  0.22770E+10  0.58652E+10  0.58652E+10
     1.20000  0.40898E+10  0.14880E+10  0.21557E+10  0.48020E+10  0.48020E+10
     1.40000  0.29079E+10  0.14363E+10  0.20880E+10  0.39316E+10  0.39316E+10
     1.60000  0.22260E+10  0.11861E+10  0.20683E+10  0.32189E+10  0.32189E+10
     1.80000  0.18307E+10  0.88560E+09  0.19819E+10  0.26354E+10  0.26354E+10
     2.00000  0.15689E+10  0.62037E+09  0.18092E+10  0.21577E+10  0.21577E+10
     2.20000  0.13619E+10  0.41722E+09  0.15883E+10  0.17666E+10  0.17666E+10
     2.40000  0.11798E+10  0.27235E+09  0.13582E+10  0.14463E+10  0.14463E+10
     2.60000  0.10151E+10  0.17248E+09  0.11425E+10  0.11842E+10  0.11842E+10
     2.80000  0.86684E+09  0.10487E+09  0.95116E+09  0.96951E+09  0.96951E+09
     3.00000  0.73501E+09  0.60183E+08  0.78651E+09  0.79377E+09  0.79377E+09
