 Ite ALT.[km]   Ext[km-1]   Ext_err_retr[km-1]  Ext_err_smooth[km-1]   Ext_prior
 i[km-1]   Ext_err_priori[km-1]  version   2.300000    
  8      0.00000  0.12246E+00  0.27358E-01  0.50031E-01  0.21599E+00  0.21599E+00
  8      0.20000  0.56961E-01  0.11158E-01  0.49160E-01  0.17684E+00  0.17684E+00
  8      0.40000  0.63965E-01  0.26025E-01  0.37816E-01  0.14479E+00  0.14479E+00
  8      0.60000  0.11277E+00  0.13932E-01  0.54621E-01  0.11854E+00  0.11854E+00
  8      0.80000  0.14929E+00  0.12603E-01  0.58654E-01  0.97053E-01  0.97053E-01
  8      1.00000  0.15333E+00  0.16693E-01  0.49287E-01  0.79460E-01  0.79460E-01
  8      1.20000  0.13429E+00  0.15348E-01  0.44157E-01  0.65056E-01  0.65056E-01
  8      1.40000  0.10738E+00  0.11925E-01  0.41232E-01  0.53264E-01  0.53264E-01
  8      1.60000  0.82012E-01  0.84610E-02  0.37350E-01  0.43609E-01  0.43609E-01
  8      1.80000  0.61507E-01  0.56755E-02  0.32609E-01  0.35704E-01  0.35704E-01
  8      2.00000  0.46008E-01  0.36738E-02  0.27744E-01  0.29232E-01  0.29232E-01
  8      2.20000  0.34601E-01  0.23273E-02  0.23230E-01  0.23933E-01  0.23933E-01
  8      2.40000  0.26260E-01  0.14592E-02  0.19266E-01  0.19595E-01  0.19595E-01
  8      2.60000  0.20133E-01  0.91282E-03  0.15891E-01  0.16043E-01  0.16043E-01
  8      2.80000  0.15536E-01  0.55584E-03  0.13070E-01  0.13135E-01  0.13135E-01
  8      3.00000  0.11974E-01  0.29369E-03  0.10733E-01  0.10754E-01  0.10754E-01
