 Ite ALT.[km]   Ext[km-1]   Ext_err_retr[km-1]  Ext_err_smooth[km-1]   Ext_prior
 i[km-1]   Ext_err_priori[km-1]  version   2.300000    
  8      0.00000  0.82154E-01  0.25155E-01  0.45667E-01  0.19494E+00  0.19494E+00
  8      0.20000  0.57013E-01  0.10722E-01  0.44682E-01  0.15960E+00  0.15960E+00
  8      0.40000  0.87513E-01  0.25452E-01  0.35083E-01  0.13067E+00  0.13067E+00
  8      0.60000  0.12250E+00  0.12847E-01  0.50129E-01  0.10699E+00  0.10699E+00
  8      0.80000  0.13152E+00  0.99955E-02  0.54080E-01  0.87592E-01  0.87592E-01
  8      1.00000  0.11858E+00  0.15183E-01  0.45475E-01  0.71714E-01  0.71714E-01
  8      1.20000  0.97270E-01  0.14282E-01  0.40331E-01  0.58715E-01  0.58715E-01
  8      1.40000  0.76394E-01  0.11051E-01  0.37320E-01  0.48072E-01  0.48072E-01
  8      1.60000  0.59101E-01  0.77838E-02  0.33676E-01  0.39358E-01  0.39358E-01
  8      1.80000  0.45669E-01  0.52074E-02  0.29371E-01  0.32223E-01  0.32223E-01
  8      2.00000  0.35454E-01  0.33829E-02  0.24990E-01  0.26382E-01  0.26382E-01
  8      2.20000  0.27704E-01  0.21669E-02  0.20932E-01  0.21600E-01  0.21600E-01
  8      2.40000  0.21791E-01  0.13880E-02  0.17366E-01  0.17685E-01  0.17685E-01
  8      2.60000  0.17224E-01  0.89703E-03  0.14328E-01  0.14479E-01  0.14479E-01
  8      2.80000  0.13601E-01  0.56623E-03  0.11788E-01  0.11854E-01  0.11854E-01
  8      3.00000  0.10644E-01  0.30717E-03  0.96835E-02  0.97055E-02  0.97055E-02
