 Ite ALT.[km]   Ext[km-1]   Ext_err_retr[km-1]  Ext_err_smooth[km-1]   Ext_prior
 i[km-1]   Ext_err_priori[km-1]  version   2.300000    
 16      0.00000  0.11610E+00  0.16924E-01  0.20708E-01  0.12194E+00  0.12194E+00
 16      0.20000  0.13256E+00  0.12777E-01  0.28348E-01  0.99833E-01  0.99833E-01
 16      0.40000  0.10021E+00  0.16906E-01  0.26573E-01  0.81736E-01  0.81736E-01
 16      0.60000  0.46016E-01  0.52229E-02  0.34436E-01  0.66920E-01  0.66920E-01
 16      0.80000  0.17237E-01  0.12319E-01  0.33264E-01  0.54790E-01  0.54790E-01
 16      1.00000  0.12769E-01  0.13885E-01  0.30369E-01  0.44858E-01  0.44858E-01
 16      1.20000  0.16480E-01  0.11217E-01  0.28417E-01  0.36727E-01  0.36727E-01
 16      1.40000  0.20316E-01  0.78221E-02  0.25926E-01  0.30069E-01  0.30069E-01
 16      1.60000  0.22245E-01  0.50373E-02  0.22759E-01  0.24619E-01  0.24619E-01
 16      1.80000  0.22228E-01  0.31808E-02  0.19362E-01  0.20156E-01  0.20156E-01
 16      2.00000  0.20786E-01  0.21519E-02  0.16133E-01  0.16502E-01  0.16502E-01
 16      2.20000  0.18523E-01  0.16519E-02  0.13286E-01  0.13511E-01  0.13511E-01
 16      2.40000  0.15932E-01  0.13722E-02  0.10885E-01  0.11062E-01  0.11062E-01
 16      2.60000  0.13304E-01  0.11371E-02  0.89088E-02  0.90566E-02  0.90566E-02
 16      2.80000  0.10674E-01  0.86068E-03  0.73104E-02  0.74150E-02  0.74150E-02
 16      3.00000  0.80406E-02  0.51855E-03  0.60242E-02  0.60709E-02  0.60709E-02
