 Ite ALT.[km]   Ext[km-1]   Ext_err_retr[km-1]  Ext_err_smooth[km-1]   Ext_prior
 i[km-1]   Ext_err_priori[km-1]  version   2.300000    
  6      0.00000  0.53106E-01  0.19185E-01  0.29339E-01  0.13133E+00  0.13133E+00
  6      0.20000  0.57121E-01  0.94960E-02  0.30453E-01  0.10753E+00  0.10753E+00
  6      0.40000  0.78417E-01  0.19764E-01  0.25760E-01  0.88036E-01  0.88036E-01
  6      0.60000  0.82473E-01  0.75388E-02  0.35077E-01  0.72078E-01  0.72078E-01
  6      0.80000  0.71358E-01  0.87662E-02  0.35744E-01  0.59012E-01  0.59012E-01
  6      1.00000  0.57253E-01  0.13224E-01  0.30463E-01  0.48315E-01  0.48315E-01
  6      1.20000  0.45262E-01  0.11781E-01  0.28012E-01  0.39557E-01  0.39557E-01
  6      1.40000  0.35885E-01  0.85686E-02  0.26224E-01  0.32387E-01  0.32387E-01
  6      1.60000  0.28613E-01  0.56405E-02  0.23583E-01  0.26516E-01  0.26516E-01
  6      1.80000  0.22939E-01  0.35300E-02  0.20405E-01  0.21709E-01  0.21709E-01
  6      2.00000  0.18477E-01  0.21827E-02  0.17214E-01  0.17774E-01  0.17774E-01
  6      2.20000  0.14941E-01  0.13931E-02  0.14308E-01  0.14552E-01  0.14552E-01
  6      2.40000  0.12120E-01  0.95346E-03  0.11800E-01  0.11914E-01  0.11914E-01
  6      2.60000  0.98563E-02  0.69494E-03  0.96931E-02  0.97547E-02  0.97547E-02
  6      2.80000  0.80318E-02  0.49447E-03  0.79526E-02  0.79864E-02  0.79864E-02
  6      3.00000  0.65559E-02  0.29072E-03  0.65252E-02  0.65388E-02  0.65388E-02
