 Ite ALT.[km]   Ext[km-1]   Ext_err_retr[km-1]  Ext_err_smooth[km-1]   Ext_prior
 i[km-1]   Ext_err_priori[km-1]  version   2.300000    
  5      0.00000  0.54418E-01  0.14088E-01  0.24200E-01  0.93778E-01  0.93778E-01
  5      0.20000  0.67614E-01  0.72191E-02  0.23113E-01  0.76779E-01  0.76779E-01
  5      0.40000  0.75146E-01  0.13762E-01  0.23443E-01  0.62861E-01  0.62861E-01
  5      0.60000  0.60984E-01  0.57700E-02  0.25203E-01  0.51466E-01  0.51466E-01
  5      0.80000  0.41912E-01  0.74381E-02  0.26035E-01  0.42137E-01  0.42137E-01
  5      1.00000  0.29255E-01  0.99464E-02  0.23978E-01  0.34499E-01  0.34499E-01
  5      1.20000  0.22468E-01  0.86459E-02  0.22063E-01  0.28245E-01  0.28245E-01
  5      1.40000  0.18564E-01  0.62374E-02  0.19957E-01  0.23125E-01  0.23125E-01
  5      1.60000  0.15818E-01  0.40627E-02  0.17477E-01  0.18933E-01  0.18933E-01
  5      1.80000  0.13558E-01  0.24645E-02  0.14893E-01  0.15501E-01  0.15501E-01
  5      2.00000  0.11569E-01  0.14076E-02  0.12461E-01  0.12691E-01  0.12691E-01
  5      2.20000  0.97957E-02  0.76183E-03  0.10313E-01  0.10391E-01  0.10391E-01
  5      2.40000  0.82289E-02  0.40177E-03  0.84830E-02  0.85073E-02  0.85073E-02
  5      2.60000  0.68635E-02  0.22914E-03  0.69569E-02  0.69652E-02  0.69652E-02
  5      2.80000  0.56861E-02  0.15217E-03  0.56985E-02  0.57026E-02  0.57026E-02
  5      3.00000  0.46788E-02  0.92586E-04  0.46671E-02  0.46689E-02  0.46689E-02
