 Ite ALT.[km]   Ext[km-1]   Ext_err_retr[km-1]  Ext_err_smooth[km-1]   Ext_prior
 i[km-1]   Ext_err_priori[km-1]  version   2.300000    
  6      0.00000  0.51673E-01  0.11265E-01  0.19144E-01  0.77202E-01  0.77202E-01
  6      0.20000  0.74713E-01  0.59126E-02  0.19275E-01  0.63208E-01  0.63208E-01
  6      0.40000  0.79601E-01  0.10516E-01  0.19064E-01  0.51750E-01  0.51750E-01
  6      0.60000  0.56435E-01  0.48672E-02  0.20430E-01  0.42369E-01  0.42369E-01
  6      0.80000  0.31510E-01  0.68463E-02  0.21613E-01  0.34689E-01  0.34689E-01
  6      1.00000  0.17732E-01  0.84148E-02  0.20191E-01  0.28401E-01  0.28401E-01
  6      1.20000  0.12265E-01  0.72438E-02  0.18439E-01  0.23253E-01  0.23253E-01
  6      1.40000  0.10344E-01  0.53344E-02  0.16467E-01  0.19038E-01  0.19038E-01
  6      1.60000  0.94992E-02  0.36293E-02  0.14307E-01  0.15587E-01  0.15587E-01
  6      1.80000  0.88256E-02  0.23562E-02  0.12157E-01  0.12761E-01  0.12761E-01
  6      2.00000  0.80723E-02  0.14857E-02  0.10173E-01  0.10448E-01  0.10448E-01
  6      2.20000  0.72221E-02  0.92441E-03  0.84314E-02  0.85542E-02  0.85542E-02
  6      2.40000  0.63263E-02  0.57875E-03  0.69478E-02  0.70036E-02  0.70036E-02
  6      2.60000  0.54402E-02  0.37083E-03  0.57072E-02  0.57341E-02  0.57341E-02
  6      2.80000  0.46003E-02  0.23592E-03  0.46816E-02  0.46946E-02  0.46946E-02
  6      3.00000  0.38289E-02  0.12977E-03  0.38388E-02  0.38437E-02  0.38437E-02
