 Ite ALT.[km]   Ext[km-1]   Ext_err_retr[km-1]  Ext_err_smooth[km-1]   Ext_prior
 i[km-1]   Ext_err_priori[km-1]  version   2.300000    
  7      0.00000  0.12038E+00  0.30096E-01  0.46120E-01  0.20961E+00  0.20961E+00
  7      0.20000  0.88564E-01  0.14063E-01  0.48605E-01  0.17162E+00  0.17162E+00
  7      0.40000  0.10826E+00  0.30820E-01  0.39472E-01  0.14051E+00  0.14051E+00
  7      0.60000  0.13142E+00  0.14991E-01  0.56269E-01  0.11504E+00  0.11504E+00
  7      0.80000  0.13056E+00  0.11423E-01  0.58948E-01  0.94185E-01  0.94185E-01
  7      1.00000  0.11330E+00  0.17505E-01  0.49854E-01  0.77112E-01  0.77112E-01
  7      1.20000  0.92305E-01  0.16314E-01  0.44394E-01  0.63134E-01  0.63134E-01
  7      1.40000  0.73460E-01  0.12536E-01  0.40751E-01  0.51690E-01  0.51690E-01
  7      1.60000  0.58214E-01  0.88348E-02  0.36475E-01  0.42320E-01  0.42320E-01
  7      1.80000  0.46298E-01  0.59698E-02  0.31656E-01  0.34649E-01  0.34649E-01
  7      2.00000  0.37016E-01  0.39617E-02  0.26866E-01  0.28368E-01  0.28368E-01
  7      2.20000  0.29710E-01  0.26279E-02  0.22476E-01  0.23226E-01  0.23226E-01
  7      2.40000  0.23891E-01  0.17676E-02  0.18638E-01  0.19016E-01  0.19016E-01
  7      2.60000  0.19189E-01  0.12081E-02  0.15377E-01  0.15569E-01  0.15569E-01
  7      2.80000  0.15258E-01  0.80018E-03  0.12655E-01  0.12747E-01  0.12747E-01
  7      3.00000  0.11866E-01  0.44731E-03  0.10404E-01  0.10436E-01  0.10436E-01
