 Ite ALT.[km]   Ext[km-1]   Ext_err_retr[km-1]  Ext_err_smooth[km-1]   Ext_prior
 i[km-1]   Ext_err_priori[km-1]  version   2.300000    
  8      0.00000  0.59635E-01  0.24596E-01  0.46299E-01  0.14468E+00  0.14468E+00
  8      0.20000  0.55192E-01  0.70239E-02  0.35078E-01  0.11846E+00  0.11846E+00
  8      0.40000  0.80071E-01  0.23455E-01  0.38618E-01  0.96984E-01  0.96984E-01
  8      0.60000  0.93645E-01  0.15083E-01  0.38318E-01  0.79404E-01  0.79404E-01
  8      0.80000  0.87393E-01  0.50024E-02  0.41188E-01  0.65010E-01  0.65010E-01
  8      1.00000  0.72343E-01  0.11039E-01  0.36797E-01  0.53226E-01  0.53226E-01
  8      1.20000  0.57075E-01  0.12095E-01  0.31987E-01  0.43578E-01  0.43578E-01
  8      1.40000  0.44433E-01  0.10071E-01  0.28397E-01  0.35678E-01  0.35678E-01
  8      1.60000  0.34619E-01  0.74423E-02  0.25064E-01  0.29211E-01  0.29211E-01
  8      1.80000  0.27136E-01  0.51961E-02  0.21683E-01  0.23916E-01  0.23916E-01
  8      2.00000  0.21428E-01  0.35420E-02  0.18409E-01  0.19581E-01  0.19581E-01
  8      2.20000  0.17042E-01  0.24085E-02  0.15418E-01  0.16031E-01  0.16031E-01
  8      2.40000  0.13640E-01  0.16591E-02  0.12799E-01  0.13125E-01  0.13125E-01
  8      2.60000  0.10979E-01  0.11585E-02  0.10568E-01  0.10746E-01  0.10746E-01
  8      2.80000  0.88821E-02  0.78028E-03  0.87073E-02  0.87982E-02  0.87982E-02
  8      3.00000  0.72232E-02  0.44113E-03  0.71697E-02  0.72034E-02  0.72034E-02
