 Ite ALT.[km]   Ext[km-1]   Ext_err_retr[km-1]  Ext_err_smooth[km-1]   Ext_prior
 i[km-1]   Ext_err_priori[km-1]  version   2.300000    
  6      0.00000  0.76013E-01  0.18602E-01  0.28645E-01  0.15665E+00  0.15665E+00
  6      0.20000  0.67449E-01  0.11390E-01  0.34189E-01  0.12826E+00  0.12826E+00
  6      0.40000  0.96145E-01  0.19765E-01  0.26038E-01  0.10501E+00  0.10501E+00
  6      0.60000  0.11114E+00  0.65847E-02  0.42724E-01  0.85972E-01  0.85972E-01
  6      0.80000  0.98647E-01  0.10904E-01  0.41593E-01  0.70388E-01  0.70388E-01
  6      1.00000  0.76485E-01  0.14197E-01  0.35270E-01  0.57629E-01  0.57629E-01
  6      1.20000  0.57813E-01  0.12008E-01  0.33346E-01  0.47182E-01  0.47182E-01
  6      1.40000  0.44809E-01  0.85174E-02  0.31498E-01  0.38630E-01  0.38630E-01
  6      1.60000  0.35786E-01  0.55484E-02  0.28281E-01  0.31627E-01  0.31627E-01
  6      1.80000  0.29120E-01  0.34917E-02  0.24397E-01  0.25894E-01  0.25894E-01
  6      2.00000  0.23886E-01  0.22273E-02  0.20538E-01  0.21200E-01  0.21200E-01
  6      2.20000  0.19624E-01  0.15119E-02  0.17054E-01  0.17357E-01  0.17357E-01
  6      2.40000  0.16095E-01  0.11110E-02  0.14059E-01  0.14211E-01  0.14211E-01
  6      2.60000  0.13146E-01  0.85080E-03  0.11549E-01  0.11635E-01  0.11635E-01
  6      2.80000  0.10630E-01  0.61805E-03  0.94784E-02  0.95260E-02  0.95260E-02
  6      3.00000  0.84478E-02  0.36495E-03  0.77803E-02  0.77992E-02  0.77992E-02
