 Ite ALT.[km]   Ext[km-1]   Ext_err_retr[km-1]  Ext_err_smooth[km-1]   Ext_prior
 i[km-1]   Ext_err_priori[km-1]  version   2.300000    
 16      0.00000  0.16923E+00  0.31661E-01  0.45385E-01  0.20700E+00  0.20700E+00
 16      0.20000  0.10285E+00  0.14021E-01  0.49237E-01  0.16948E+00  0.16948E+00
 16      0.40000  0.88414E-01  0.31038E-01  0.41567E-01  0.13876E+00  0.13876E+00
 16      0.60000  0.10307E+00  0.15633E-01  0.56186E-01  0.11361E+00  0.11361E+00
 16      0.80000  0.10735E+00  0.10574E-01  0.58958E-01  0.93013E-01  0.93013E-01
 16      1.00000  0.95629E-01  0.17072E-01  0.49893E-01  0.76152E-01  0.76152E-01
 16      1.20000  0.79255E-01  0.16449E-01  0.43694E-01  0.62348E-01  0.62348E-01
 16      1.40000  0.65816E-01  0.12901E-01  0.39791E-01  0.51046E-01  0.51046E-01
 16      1.60000  0.56203E-01  0.92104E-02  0.35657E-01  0.41793E-01  0.41793E-01
 16      1.80000  0.48738E-01  0.63195E-02  0.31031E-01  0.34217E-01  0.34217E-01
 16      2.00000  0.42122E-01  0.43180E-02  0.26382E-01  0.28015E-01  0.28015E-01
 16      2.20000  0.35910E-01  0.30126E-02  0.22086E-01  0.22937E-01  0.22937E-01
 16      2.40000  0.30107E-01  0.21707E-02  0.18319E-01  0.18779E-01  0.18779E-01
 16      2.60000  0.24742E-01  0.15953E-02  0.15116E-01  0.15375E-01  0.15375E-01
 16      2.80000  0.19584E-01  0.11199E-02  0.12450E-01  0.12588E-01  0.12588E-01
 16      3.00000  0.14475E-01  0.64905E-03  0.10254E-01  0.10306E-01  0.10306E-01
