 Ite ALT.[km]   Ext[km-1]   Ext_err_retr[km-1]  Ext_err_smooth[km-1]   Ext_prior
 i[km-1]   Ext_err_priori[km-1]  version   2.300000    
  6      0.00000  0.89384E-01  0.24278E-01  0.42883E-01  0.14363E+00  0.14363E+00
  6      0.20000  0.48012E-01  0.61709E-02  0.34622E-01  0.11760E+00  0.11760E+00
  6      0.40000  0.48871E-01  0.22519E-01  0.34450E-01  0.96279E-01  0.96279E-01
  6      0.60000  0.70781E-01  0.14294E-01  0.36460E-01  0.78826E-01  0.78826E-01
  6      0.80000  0.83607E-01  0.45986E-02  0.40501E-01  0.64538E-01  0.64538E-01
  6      1.00000  0.80410E-01  0.11084E-01  0.35333E-01  0.52839E-01  0.52839E-01
  6      1.20000  0.68442E-01  0.12133E-01  0.30323E-01  0.43261E-01  0.43261E-01
  6      1.40000  0.54811E-01  0.99979E-02  0.27262E-01  0.35419E-01  0.35419E-01
  6      1.60000  0.42798E-01  0.72554E-02  0.24459E-01  0.28999E-01  0.28999E-01
  6      1.80000  0.33188E-01  0.49430E-02  0.21388E-01  0.23742E-01  0.23742E-01
  6      2.00000  0.25780E-01  0.32696E-02  0.18261E-01  0.19438E-01  0.19438E-01
  6      2.20000  0.20130E-01  0.21472E-02  0.15334E-01  0.15915E-01  0.15915E-01
  6      2.40000  0.15817E-01  0.14235E-02  0.12742E-01  0.13030E-01  0.13030E-01
  6      2.60000  0.12493E-01  0.95689E-03  0.10523E-01  0.10668E-01  0.10668E-01
  6      2.80000  0.98734E-02  0.62442E-03  0.86659E-02  0.87342E-02  0.87342E-02
  6      3.00000  0.77551E-02  0.34572E-03  0.71271E-02  0.71510E-02  0.71510E-02
