 Ite ALT.[km]   Ext[km-1]   Ext_err_retr[km-1]  Ext_err_smooth[km-1]   Ext_prior
 i[km-1]   Ext_err_priori[km-1]  version   2.300000    
  6      0.00000  0.96155E-01  0.24241E-01  0.42205E-01  0.14552E+00  0.14552E+00
  6      0.20000  0.48149E-01  0.64554E-02  0.34973E-01  0.11914E+00  0.11914E+00
  6      0.40000  0.46830E-01  0.22638E-01  0.33836E-01  0.97543E-01  0.97543E-01
  6      0.60000  0.71933E-01  0.13988E-01  0.36917E-01  0.79861E-01  0.79861E-01
  6      0.80000  0.87447E-01  0.48681E-02  0.41018E-01  0.65385E-01  0.65385E-01
  6      1.00000  0.84197E-01  0.11441E-01  0.35506E-01  0.53533E-01  0.53533E-01
  6      1.20000  0.70896E-01  0.12309E-01  0.30502E-01  0.43829E-01  0.43829E-01
  6      1.40000  0.56011E-01  0.10027E-01  0.27577E-01  0.35884E-01  0.35884E-01
  6      1.60000  0.43183E-01  0.72071E-02  0.24819E-01  0.29379E-01  0.29379E-01
  6      1.80000  0.33140E-01  0.48700E-02  0.21719E-01  0.24054E-01  0.24054E-01
  6      2.00000  0.25544E-01  0.32001E-02  0.18539E-01  0.19694E-01  0.19694E-01
  6      2.20000  0.19845E-01  0.20925E-02  0.15560E-01  0.16124E-01  0.16124E-01
  6      2.40000  0.15550E-01  0.13846E-02  0.12923E-01  0.13201E-01  0.13201E-01
  6      2.60000  0.12274E-01  0.93096E-03  0.10670E-01  0.10808E-01  0.10808E-01
  6      2.80000  0.97233E-02  0.60832E-03  0.87837E-02  0.88489E-02  0.88489E-02
  6      3.00000  0.76925E-02  0.33720E-03  0.72222E-02  0.72448E-02  0.72448E-02
