    ALT.[km]   NO2[mol/cm3]   NO2_err_retr[mol/cm3]   NO2_err_smooth[mol/cm3]   
 NO2_priori[mol/cm3]  NO2_err_priori[mol/cm3]   version    2.300000    
     0.00000  0.14946E+11  0.28615E+10  0.27734E+10  0.24723E+11  0.24723E+11
     0.20000  0.13667E+11  0.11136E+10  0.24702E+10  0.20241E+11  0.20241E+11
     0.40000  0.12874E+11  0.22982E+10  0.29116E+10  0.16572E+11  0.16572E+11
     0.60000  0.11605E+11  0.22994E+10  0.25146E+10  0.13568E+11  0.13568E+11
     0.80000  0.97899E+10  0.14562E+10  0.32719E+10  0.11109E+11  0.11109E+11
     1.00000  0.78563E+10  0.12433E+10  0.36649E+10  0.90949E+10  0.90949E+10
     1.20000  0.62020E+10  0.17312E+10  0.33753E+10  0.74463E+10  0.74463E+10
     1.40000  0.49649E+10  0.19305E+10  0.29639E+10  0.60965E+10  0.60965E+10
     1.60000  0.40810E+10  0.17770E+10  0.27585E+10  0.49914E+10  0.49914E+10
     1.80000  0.34254E+10  0.14472E+10  0.26545E+10  0.40866E+10  0.40866E+10
     2.00000  0.29009E+10  0.10886E+10  0.25006E+10  0.33458E+10  0.33458E+10
     2.20000  0.24555E+10  0.77594E+09  0.22694E+10  0.27393E+10  0.27393E+10
     2.40000  0.20685E+10  0.53056E+09  0.19944E+10  0.22428E+10  0.22428E+10
     2.60000  0.17326E+10  0.34830E+09  0.17125E+10  0.18362E+10  0.18362E+10
     2.80000  0.14439E+10  0.21760E+09  0.14467E+10  0.15034E+10  0.15034E+10
     3.00000  0.11984E+10  0.12738E+09  0.12078E+10  0.12309E+10  0.12309E+10
