    ALT.[km]   NO2[mol/cm3]   NO2_err_retr[mol/cm3]   NO2_err_smooth[mol/cm3]   
 NO2_priori[mol/cm3]  NO2_err_priori[mol/cm3]   version    2.300000    
     0.00000  0.15581E+11  0.19767E+10  0.21905E+10  0.23139E+11  0.23139E+11
     0.20000  0.14728E+11  0.10915E+10  0.21081E+10  0.18944E+11  0.18944E+11
     0.40000  0.13838E+11  0.21778E+10  0.25492E+10  0.15510E+11  0.15510E+11
     0.60000  0.12129E+11  0.17914E+10  0.26177E+10  0.12699E+11  0.12699E+11
     0.80000  0.98007E+10  0.99871E+09  0.32720E+10  0.10397E+11  0.10397E+11
     1.00000  0.74726E+10  0.14065E+10  0.34819E+10  0.85123E+10  0.85123E+10
     1.20000  0.56002E+10  0.19054E+10  0.33063E+10  0.69693E+10  0.69693E+10
     1.40000  0.42893E+10  0.19400E+10  0.31314E+10  0.57060E+10  0.57060E+10
     1.60000  0.34211E+10  0.16651E+10  0.30101E+10  0.46716E+10  0.46716E+10
     1.80000  0.28292E+10  0.12871E+10  0.28365E+10  0.38248E+10  0.38248E+10
     2.00000  0.23903E+10  0.93081E+09  0.25783E+10  0.31315E+10  0.31315E+10
     2.20000  0.20367E+10  0.64358E+09  0.22682E+10  0.25638E+10  0.25638E+10
     2.40000  0.17378E+10  0.42940E+09  0.19479E+10  0.20991E+10  0.20991E+10
     2.60000  0.14802E+10  0.27619E+09  0.16454E+10  0.17186E+10  0.17186E+10
     2.80000  0.12573E+10  0.16961E+09  0.13744E+10  0.14071E+10  0.14071E+10
     3.00000  0.10638E+10  0.97888E+08  0.11390E+10  0.11520E+10  0.11520E+10
