    ALT.[km]   NO2[mol/cm3]   NO2_err_retr[mol/cm3]   NO2_err_smooth[mol/cm3]   
 NO2_priori[mol/cm3]  NO2_err_priori[mol/cm3]   version    2.300000    
     0.00000  0.14458E+11  0.19764E+10  0.19035E+10  0.21628E+11  0.21628E+11
     0.20000  0.11368E+11  0.88983E+09  0.19336E+10  0.17708E+11  0.17708E+11
     0.40000  0.10345E+11  0.18920E+10  0.19434E+10  0.14498E+11  0.14498E+11
     0.60000  0.10416E+11  0.16828E+10  0.19549E+10  0.11870E+11  0.11870E+11
     0.80000  0.10530E+11  0.10157E+10  0.28979E+10  0.97182E+10  0.97182E+10
     1.00000  0.10076E+11  0.12254E+10  0.31241E+10  0.79566E+10  0.79566E+10
     1.20000  0.89970E+10  0.16541E+10  0.27894E+10  0.65143E+10  0.65143E+10
     1.40000  0.75652E+10  0.17197E+10  0.25062E+10  0.53335E+10  0.53335E+10
     1.60000  0.60977E+10  0.15090E+10  0.24364E+10  0.43667E+10  0.43667E+10
     1.80000  0.47984E+10  0.11930E+10  0.23859E+10  0.35751E+10  0.35751E+10
     2.00000  0.37412E+10  0.88324E+09  0.22432E+10  0.29271E+10  0.29271E+10
     2.20000  0.29178E+10  0.62596E+09  0.20211E+10  0.23965E+10  0.23965E+10
     2.40000  0.22868E+10  0.42844E+09  0.17643E+10  0.19621E+10  0.19621E+10
     2.60000  0.18033E+10  0.28261E+09  0.15075E+10  0.16064E+10  0.16064E+10
     2.80000  0.14304E+10  0.17769E+09  0.12696E+10  0.13152E+10  0.13152E+10
     3.00000  0.11408E+10  0.10469E+09  0.10581E+10  0.10768E+10  0.10768E+10
