    ALT.[km]   NO2[mol/cm3]   NO2_err_retr[mol/cm3]   NO2_err_smooth[mol/cm3]   
 NO2_priori[mol/cm3]  NO2_err_priori[mol/cm3]   version    2.300000    
     0.00000  0.11481E+11  0.22993E+10  0.19500E+10  0.30827E+11  0.30827E+11
     0.20000  0.14156E+11  0.11104E+10  0.30223E+10  0.25239E+11  0.25239E+11
     0.40000  0.15420E+11  0.20675E+10  0.24657E+10  0.20664E+11  0.20664E+11
     0.60000  0.14004E+11  0.17836E+10  0.22949E+10  0.16918E+11  0.16918E+11
     0.80000  0.11051E+11  0.13186E+10  0.38638E+10  0.13852E+11  0.13852E+11
     1.00000  0.83034E+10  0.16522E+10  0.41383E+10  0.11341E+11  0.11341E+11
     1.20000  0.66334E+10  0.19664E+10  0.35210E+10  0.92850E+10  0.92850E+10
     1.40000  0.58948E+10  0.19526E+10  0.30515E+10  0.76019E+10  0.76019E+10
     1.60000  0.55406E+10  0.17451E+10  0.30228E+10  0.62239E+10  0.62239E+10
     1.80000  0.51600E+10  0.14660E+10  0.30672E+10  0.50957E+10  0.50957E+10
     2.00000  0.46222E+10  0.11712E+10  0.29696E+10  0.41720E+10  0.41720E+10
     2.20000  0.39732E+10  0.89055E+09  0.27356E+10  0.34158E+10  0.34158E+10
     2.40000  0.33048E+10  0.64430E+09  0.24288E+10  0.27966E+10  0.27966E+10
     2.60000  0.26859E+10  0.44229E+09  0.21021E+10  0.22896E+10  0.22896E+10
     2.80000  0.21506E+10  0.28577E+09  0.17867E+10  0.18746E+10  0.18746E+10
     3.00000  0.17083E+10  0.17149E+09  0.14983E+10  0.15348E+10  0.15348E+10
