    ALT.[km]   NO2[mol/cm3]   NO2_err_retr[mol/cm3]   NO2_err_smooth[mol/cm3]   
 NO2_priori[mol/cm3]  NO2_err_priori[mol/cm3]   version    2.300000    
     0.00000  0.16912E+11  0.26654E+10  0.29983E+10  0.28331E+11  0.28331E+11
     0.20000  0.16741E+11  0.11750E+10  0.25066E+10  0.23195E+11  0.23195E+11
     0.40000  0.16804E+11  0.26822E+10  0.30065E+10  0.18991E+11  0.18991E+11
     0.60000  0.15747E+11  0.24042E+10  0.29466E+10  0.15548E+11  0.15548E+11
     0.80000  0.13547E+11  0.12574E+10  0.38875E+10  0.12730E+11  0.12730E+11
     1.00000  0.10918E+11  0.13625E+10  0.42082E+10  0.10422E+11  0.10422E+11
     1.20000  0.85341E+10  0.20563E+10  0.38800E+10  0.85331E+10  0.85331E+10
     1.40000  0.66795E+10  0.22330E+10  0.35328E+10  0.69863E+10  0.69863E+10
     1.60000  0.53262E+10  0.19963E+10  0.33700E+10  0.57199E+10  0.57199E+10
     1.80000  0.43324E+10  0.15894E+10  0.32256E+10  0.46831E+10  0.46831E+10
     2.00000  0.35696E+10  0.11773E+10  0.29896E+10  0.38342E+10  0.38342E+10
     2.20000  0.29573E+10  0.83118E+09  0.26731E+10  0.31391E+10  0.31391E+10
     2.40000  0.24524E+10  0.56529E+09  0.23242E+10  0.25701E+10  0.25701E+10
     2.60000  0.20314E+10  0.37003E+09  0.19816E+10  0.21042E+10  0.21042E+10
     2.80000  0.16799E+10  0.23080E+09  0.16665E+10  0.17228E+10  0.17228E+10
     3.00000  0.13866E+10  0.13497E+09  0.13875E+10  0.14105E+10  0.14105E+10
