 Ite ALT.[km]   Ext[km-1]   Ext_err_retr[km-1]  Ext_err_smooth[km-1]   Ext_prior
 i[km-1]   Ext_err_priori[km-1]  version   2.300000    
  6      0.00000  0.12728E+00  0.27957E-01  0.54563E-01  0.15081E+00  0.15081E+00
  6      0.20000  0.65774E-01  0.57621E-02  0.36855E-01  0.12348E+00  0.12348E+00
  6      0.40000  0.41716E-01  0.22917E-01  0.44026E-01  0.10109E+00  0.10109E+00
  6      0.60000  0.54295E-01  0.18008E-01  0.40252E-01  0.82769E-01  0.82769E-01
  6      0.80000  0.71819E-01  0.60120E-02  0.42352E-01  0.67765E-01  0.67765E-01
  6      1.00000  0.76997E-01  0.94599E-02  0.38583E-01  0.55482E-01  0.55482E-01
  6      1.20000  0.71212E-01  0.11785E-01  0.33245E-01  0.45425E-01  0.45425E-01
  6      1.40000  0.60665E-01  0.10548E-01  0.29110E-01  0.37190E-01  0.37190E-01
  6      1.60000  0.49584E-01  0.81325E-02  0.25628E-01  0.30449E-01  0.30449E-01
  6      1.80000  0.39745E-01  0.58268E-02  0.22248E-01  0.24930E-01  0.24930E-01
  6      2.00000  0.31585E-01  0.40388E-02  0.18969E-01  0.20411E-01  0.20411E-01
  6      2.20000  0.25020E-01  0.27768E-02  0.15942E-01  0.16711E-01  0.16711E-01
  6      2.40000  0.19807E-01  0.19249E-02  0.13266E-01  0.13682E-01  0.13682E-01
  6      2.60000  0.15652E-01  0.13477E-02  0.10973E-01  0.11202E-01  0.11202E-01
  6      2.80000  0.12209E-01  0.90861E-03  0.90530E-02  0.91711E-02  0.91711E-02
  6      3.00000  0.92255E-02  0.51421E-03  0.74648E-02  0.75086E-02  0.75086E-02
