    ALT.[km]   NO2[mol/cm3]   NO2_err_retr[mol/cm3]   NO2_err_smooth[mol/cm3]   
 NO2_priori[mol/cm3]  NO2_err_priori[mol/cm3]   version    2.300000    
     0.00000  0.10380E+11  0.18874E+10  0.18208E+10  0.22027E+11  0.22027E+11
     0.20000  0.13556E+11  0.88188E+09  0.18011E+10  0.18034E+11  0.18034E+11
     0.40000  0.15050E+11  0.18277E+10  0.16618E+10  0.14765E+11  0.14765E+11
     0.60000  0.13551E+11  0.15963E+10  0.18766E+10  0.12089E+11  0.12089E+11
     0.80000  0.10023E+11  0.10635E+10  0.28935E+10  0.98973E+10  0.98973E+10
     1.00000  0.62834E+10  0.13261E+10  0.30533E+10  0.81033E+10  0.81033E+10
     1.20000  0.35643E+10  0.16712E+10  0.26951E+10  0.66344E+10  0.66344E+10
     1.40000  0.21075E+10  0.16830E+10  0.24649E+10  0.54318E+10  0.54318E+10
     1.60000  0.15479E+10  0.14640E+10  0.24488E+10  0.44472E+10  0.44472E+10
     1.80000  0.14195E+10  0.11646E+10  0.24166E+10  0.36410E+10  0.36410E+10
     2.00000  0.14109E+10  0.87515E+09  0.22744E+10  0.29810E+10  0.29810E+10
     2.20000  0.13860E+10  0.63142E+09  0.20489E+10  0.24407E+10  0.24407E+10
     2.40000  0.13141E+10  0.43968E+09  0.17891E+10  0.19982E+10  0.19982E+10
     2.60000  0.12061E+10  0.29432E+09  0.15301E+10  0.16360E+10  0.16360E+10
     2.80000  0.10800E+10  0.18723E+09  0.12900E+10  0.13395E+10  0.13395E+10
     3.00000  0.94872E+09  0.11132E+09  0.10761E+10  0.10967E+10  0.10967E+10
