 Ite ALT.[km]   Ext[km-1]   Ext_err_retr[km-1]  Ext_err_smooth[km-1]   Ext_prior
 i[km-1]   Ext_err_priori[km-1]  version   2.300000    
  6      0.00000  0.12418E+00  0.24208E-01  0.37455E-01  0.22444E+00  0.22444E+00
  6      0.20000  0.82982E-01  0.15981E-01  0.47186E-01  0.18375E+00  0.18375E+00
  6      0.40000  0.10137E+00  0.24280E-01  0.35215E-01  0.15044E+00  0.15044E+00
  6      0.60000  0.14080E+00  0.12713E-01  0.60298E-01  0.12317E+00  0.12317E+00
  6      0.80000  0.16174E+00  0.17255E-01  0.58070E-01  0.10085E+00  0.10085E+00
  6      1.00000  0.15433E+00  0.18757E-01  0.50097E-01  0.82566E-01  0.82566E-01
  6      1.20000  0.12946E+00  0.15955E-01  0.47662E-01  0.67599E-01  0.67599E-01
  6      1.40000  0.10053E+00  0.11849E-01  0.44939E-01  0.55346E-01  0.55346E-01
  6      1.60000  0.75160E-01  0.79994E-02  0.40343E-01  0.45313E-01  0.45313E-01
  6      1.80000  0.55530E-01  0.50480E-02  0.34851E-01  0.37099E-01  0.37099E-01
  6      2.00000  0.41156E-01  0.30417E-02  0.29395E-01  0.30374E-01  0.30374E-01
  6      2.20000  0.30848E-01  0.17877E-02  0.24453E-01  0.24868E-01  0.24868E-01
  6      2.40000  0.23474E-01  0.10573E-02  0.20185E-01  0.20361E-01  0.20361E-01
  6      2.60000  0.18156E-01  0.65318E-03  0.16595E-01  0.16670E-01  0.16670E-01
  6      2.80000  0.14271E-01  0.41372E-03  0.13617E-01  0.13648E-01  0.13648E-01
  6      3.00000  0.11391E-01  0.22999E-03  0.11164E-01  0.11174E-01  0.11174E-01
