    ALT.[km]   NO2[mol/cm3]   NO2_err_retr[mol/cm3]   NO2_err_smooth[mol/cm3]   
 NO2_priori[mol/cm3]  NO2_err_priori[mol/cm3]   version    2.300000    
     0.00000  0.13817E+11  0.92369E+09  0.87397E+09  0.55875E+10  0.55875E+10
     0.20000  0.13452E+11  0.38214E+09  0.58747E+09  0.45747E+10  0.45747E+10
     0.40000  0.12171E+11  0.53381E+09  0.87870E+09  0.37454E+10  0.37454E+10
     0.60000  0.10153E+11  0.71974E+09  0.78147E+09  0.30665E+10  0.30665E+10
     0.80000  0.78369E+10  0.72541E+09  0.81389E+09  0.25106E+10  0.25106E+10
     1.00000  0.56685E+10  0.64964E+09  0.96584E+09  0.20555E+10  0.20555E+10
     1.20000  0.39197E+10  0.55153E+09  0.10405E+10  0.16829E+10  0.16829E+10
     1.40000  0.26579E+10  0.44306E+09  0.10167E+10  0.13779E+10  0.13779E+10
     1.60000  0.18145E+10  0.33381E+09  0.93237E+09  0.11281E+10  0.11281E+10
     1.80000  0.12734E+10  0.23727E+09  0.82108E+09  0.92361E+09  0.92361E+09
     2.00000  0.92769E+09  0.16137E+09  0.70399E+09  0.75619E+09  0.75619E+09
     2.20000  0.70066E+09  0.10642E+09  0.59313E+09  0.61911E+09  0.61911E+09
     2.40000  0.54453E+09  0.68524E+08  0.49426E+09  0.50689E+09  0.50689E+09
     2.60000  0.43176E+09  0.42976E+08  0.40910E+09  0.41500E+09  0.41500E+09
     2.80000  0.34686E+09  0.25956E+08  0.33719E+09  0.33978E+09  0.33978E+09
     3.00000  0.28097E+09  0.14827E+08  0.27717E+09  0.27819E+09  0.27819E+09
