    ALT.[km]   NO2[mol/cm3]   NO2_err_retr[mol/cm3]   NO2_err_smooth[mol/cm3]   
 NO2_priori[mol/cm3]  NO2_err_priori[mol/cm3]   version    2.300000    
     0.00000  0.21574E+11  0.20061E+10  0.14660E+10  0.17118E+11  0.17118E+11
     0.20000  0.16978E+11  0.92608E+09  0.20373E+10  0.14015E+11  0.14015E+11
     0.40000  0.12262E+11  0.15767E+10  0.21327E+10  0.11475E+11  0.11475E+11
     0.60000  0.80459E+10  0.15444E+10  0.17544E+10  0.93946E+10  0.93946E+10
     0.80000  0.48477E+10  0.10530E+10  0.23464E+10  0.76916E+10  0.76916E+10
     1.00000  0.28225E+10  0.10199E+10  0.26566E+10  0.62974E+10  0.62974E+10
     1.20000  0.17807E+10  0.13242E+10  0.24442E+10  0.51559E+10  0.51559E+10
     1.40000  0.13732E+10  0.14239E+10  0.21133E+10  0.42213E+10  0.42213E+10
     1.60000  0.12737E+10  0.12937E+10  0.19243E+10  0.34561E+10  0.34561E+10
     1.80000  0.12660E+10  0.10498E+10  0.18294E+10  0.28296E+10  0.28296E+10
     2.00000  0.12465E+10  0.79029E+09  0.17182E+10  0.23167E+10  0.23167E+10
     2.20000  0.11866E+10  0.56486E+09  0.15604E+10  0.18967E+10  0.18967E+10
     2.40000  0.10929E+10  0.38772E+09  0.13735E+10  0.15529E+10  0.15529E+10
     2.60000  0.98127E+09  0.25566E+09  0.11813E+10  0.12714E+10  0.12714E+10
     2.80000  0.86477E+09  0.16045E+09  0.99927E+09  0.10410E+10  0.10410E+10
     3.00000  0.75114E+09  0.94343E+08  0.83514E+09  0.85226E+09  0.85226E+09
