    ALT.[km]   NO2[mol/cm3]   NO2_err_retr[mol/cm3]   NO2_err_smooth[mol/cm3]   
 NO2_priori[mol/cm3]  NO2_err_priori[mol/cm3]   version    2.300000    
     0.00000  0.91433E+11  0.21255E+10  0.15503E+10  0.39470E+11  0.39470E+11
     0.20000  0.55579E+11  0.24628E+10  0.30691E+10  0.32315E+11  0.32315E+11
     0.40000  0.27081E+11  0.38026E+10  0.32017E+10  0.26458E+11  0.26458E+11
     0.60000  0.11151E+11  0.26243E+10  0.51712E+10  0.21662E+11  0.21662E+11
     0.80000  0.58372E+10  0.10557E+10  0.64869E+10  0.17735E+11  0.17735E+11
     1.00000  0.59810E+10  0.20152E+10  0.61647E+10  0.14520E+11  0.14520E+11
     1.20000  0.73482E+10  0.27573E+10  0.54080E+10  0.11888E+11  0.11888E+11
     1.40000  0.80408E+10  0.27473E+10  0.50568E+10  0.97332E+10  0.97332E+10
     1.60000  0.78180E+10  0.23361E+10  0.49167E+10  0.79689E+10  0.79689E+10
     1.80000  0.70323E+10  0.18236E+10  0.46625E+10  0.65244E+10  0.65244E+10
     2.00000  0.60372E+10  0.13570E+10  0.42485E+10  0.53417E+10  0.53417E+10
     2.20000  0.50396E+10  0.97897E+09  0.37489E+10  0.43734E+10  0.43734E+10
     2.40000  0.41318E+10  0.68636E+09  0.32358E+10  0.35807E+10  0.35807E+10
     2.60000  0.33451E+10  0.46409E+09  0.27514E+10  0.29316E+10  0.29316E+10
     2.80000  0.26843E+10  0.29823E+09  0.23139E+10  0.24002E+10  0.24002E+10
     3.00000  0.21430E+10  0.17882E+09  0.19286E+10  0.19651E+10  0.19651E+10
