    ALT.[km]   NO2[mol/cm3]   NO2_err_retr[mol/cm3]   NO2_err_smooth[mol/cm3]   
 NO2_priori[mol/cm3]  NO2_err_priori[mol/cm3]   version    2.300000    
     0.00000  0.34634E+11  0.13613E+10  0.13294E+10  0.15188E+11  0.15188E+11
     0.20000  0.30038E+11  0.92494E+09  0.16783E+10  0.12435E+11  0.12435E+11
     0.40000  0.24541E+11  0.14954E+10  0.22214E+10  0.10181E+11  0.10181E+11
     0.60000  0.19220E+11  0.12965E+10  0.21372E+10  0.83354E+10  0.83354E+10
     0.80000  0.14765E+11  0.96921E+09  0.22889E+10  0.68245E+10  0.68245E+10
     1.00000  0.11336E+11  0.11022E+10  0.24434E+10  0.55874E+10  0.55874E+10
     1.20000  0.87675E+10  0.12588E+10  0.24625E+10  0.45746E+10  0.45746E+10
     1.40000  0.68228E+10  0.12018E+10  0.23887E+10  0.37453E+10  0.37453E+10
     1.60000  0.53182E+10  0.10033E+10  0.22426E+10  0.30664E+10  0.30664E+10
     1.80000  0.41385E+10  0.76677E+09  0.20360E+10  0.25106E+10  0.25106E+10
     2.00000  0.32113E+10  0.55245E+09  0.17939E+10  0.20555E+10  0.20555E+10
     2.20000  0.24854E+10  0.38138E+09  0.15444E+10  0.16829E+10  0.16829E+10
     2.40000  0.19201E+10  0.25387E+09  0.13076E+10  0.13778E+10  0.13778E+10
     2.60000  0.14818E+10  0.16265E+09  0.10944E+10  0.11281E+10  0.11281E+10
     2.80000  0.11434E+10  0.99377E+08  0.90871E+09  0.92359E+09  0.92359E+09
     3.00000  0.88426E+09  0.57048E+08  0.75031E+09  0.75617E+09  0.75617E+09
