    ALT.[km]   NO2[mol/cm3]   NO2_err_retr[mol/cm3]   NO2_err_smooth[mol/cm3]   
 NO2_priori[mol/cm3]  NO2_err_priori[mol/cm3]   version    2.300000    
     0.00000  0.24236E+11  0.20861E+10  0.18955E+10  0.34068E+11  0.34068E+11
     0.20000  0.21993E+11  0.13068E+10  0.26549E+10  0.27893E+11  0.27893E+11
     0.40000  0.20167E+11  0.21766E+10  0.18649E+10  0.22837E+11  0.22837E+11
     0.60000  0.17946E+11  0.17469E+10  0.27481E+10  0.18697E+11  0.18697E+11
     0.80000  0.15435E+11  0.16321E+10  0.42433E+10  0.15308E+11  0.15308E+11
     1.00000  0.13024E+11  0.20949E+10  0.42556E+10  0.12533E+11  0.12533E+11
     1.20000  0.10919E+11  0.22783E+10  0.37263E+10  0.10261E+11  0.10261E+11
     1.40000  0.91116E+10  0.21662E+10  0.35692E+10  0.84011E+10  0.84011E+10
     1.60000  0.75365E+10  0.19244E+10  0.36655E+10  0.68783E+10  0.68783E+10
     1.80000  0.61640E+10  0.16224E+10  0.36525E+10  0.56315E+10  0.56315E+10
     2.00000  0.49947E+10  0.12939E+10  0.34510E+10  0.46106E+10  0.46106E+10
     2.20000  0.40272E+10  0.97672E+09  0.31215E+10  0.37749E+10  0.37749E+10
     2.40000  0.32444E+10  0.70050E+09  0.27376E+10  0.30906E+10  0.30906E+10
     2.60000  0.26185E+10  0.47725E+09  0.23501E+10  0.25304E+10  0.25304E+10
     2.80000  0.21193E+10  0.30665E+09  0.19871E+10  0.20717E+10  0.20717E+10
     3.00000  0.17203E+10  0.18333E+09  0.16610E+10  0.16962E+10  0.16962E+10
