    ALT.[km]   NO2[mol/cm3]   NO2_err_retr[mol/cm3]   NO2_err_smooth[mol/cm3]   
 NO2_priori[mol/cm3]  NO2_err_priori[mol/cm3]   version    2.300000    
     0.00000  0.38367E+11  0.22615E+10  0.17055E+10  0.34698E+11  0.34698E+11
     0.20000  0.45943E+11  0.14721E+10  0.29956E+10  0.28408E+11  0.28408E+11
     0.40000  0.43617E+11  0.25090E+10  0.21863E+10  0.23259E+11  0.23259E+11
     0.60000  0.32063E+11  0.19494E+10  0.30747E+10  0.19042E+11  0.19042E+11
     0.80000  0.17246E+11  0.14290E+10  0.46757E+10  0.15591E+11  0.15591E+11
     1.00000  0.51429E+10  0.20525E+10  0.46618E+10  0.12765E+11  0.12765E+11
     1.20000 -0.16635E+10  0.24832E+10  0.39761E+10  0.10451E+11  0.10451E+11
     1.40000 -0.38405E+10  0.24247E+10  0.37210E+10  0.85563E+10  0.85563E+10
     1.60000 -0.33741E+10  0.20821E+10  0.38351E+10  0.70053E+10  0.70053E+10
     1.80000 -0.19973E+10  0.16519E+10  0.38481E+10  0.57355E+10  0.57355E+10
     2.00000 -0.66718E+09  0.12413E+10  0.36370E+10  0.46958E+10  0.46958E+10
     2.20000  0.28782E+09  0.89380E+09  0.32743E+10  0.38446E+10  0.38446E+10
     2.40000  0.86136E+09  0.61913E+09  0.28521E+10  0.31477E+10  0.31477E+10
     2.60000  0.11507E+10  0.41127E+09  0.24316E+10  0.25771E+10  0.25771E+10
     2.80000  0.12540E+10  0.25937E+09  0.20437E+10  0.21100E+10  0.21100E+10
     3.00000  0.12417E+10  0.15291E+09  0.17006E+10  0.17275E+10  0.17275E+10
