    ALT.[km]   NO2[mol/cm3]   NO2_err_retr[mol/cm3]   NO2_err_smooth[mol/cm3]   
 NO2_priori[mol/cm3]  NO2_err_priori[mol/cm3]   version    2.300000    
     0.00000  0.83704E+10  0.23059E+10  0.24569E+10  0.23160E+11  0.23160E+11
     0.20000  0.12524E+11  0.87897E+09  0.20973E+10  0.18962E+11  0.18962E+11
     0.40000  0.15499E+11  0.20649E+10  0.23604E+10  0.15524E+11  0.15524E+11
     0.60000  0.15422E+11  0.19572E+10  0.21314E+10  0.12710E+11  0.12710E+11
     0.80000  0.12797E+11  0.11510E+10  0.30334E+10  0.10406E+11  0.10406E+11
     1.00000  0.92904E+10  0.11461E+10  0.33817E+10  0.85200E+10  0.85200E+10
     1.20000  0.62785E+10  0.16461E+10  0.30779E+10  0.69756E+10  0.69756E+10
     1.40000  0.42690E+10  0.17967E+10  0.27187E+10  0.57111E+10  0.57111E+10
     1.60000  0.31269E+10  0.16260E+10  0.25712E+10  0.46759E+10  0.46759E+10
     1.80000  0.25120E+10  0.13120E+10  0.24929E+10  0.38283E+10  0.38283E+10
     2.00000  0.21463E+10  0.98471E+09  0.23484E+10  0.31343E+10  0.31343E+10
     2.20000  0.18770E+10  0.70424E+09  0.21272E+10  0.25662E+10  0.25662E+10
     2.40000  0.16432E+10  0.48493E+09  0.18667E+10  0.21010E+10  0.21010E+10
     2.60000  0.14282E+10  0.32114E+09  0.16020E+10  0.17202E+10  0.17202E+10
     2.80000  0.12306E+10  0.20243E+09  0.13535E+10  0.14083E+10  0.14083E+10
     3.00000  0.10512E+10  0.11947E+09  0.11304E+10  0.11531E+10  0.11531E+10
