    ALT.[km]   NO2[mol/cm3]   NO2_err_retr[mol/cm3]   NO2_err_smooth[mol/cm3]   
 NO2_priori[mol/cm3]  NO2_err_priori[mol/cm3]   version    2.300000    
     0.00000  0.10401E+12  0.28250E+10  0.21014E+10  0.26495E+11  0.26495E+11
     0.20000  0.69274E+11  0.19712E+10  0.29866E+10  0.21692E+11  0.21692E+11
     0.40000  0.35852E+11  0.30132E+10  0.35911E+10  0.17760E+11  0.17760E+11
     0.60000  0.12213E+11  0.26616E+10  0.34626E+10  0.14541E+11  0.14541E+11
     0.80000  0.13154E+09  0.15694E+10  0.40604E+10  0.11905E+11  0.11905E+11
     1.00000 -0.35229E+10  0.13501E+10  0.42776E+10  0.97471E+10  0.97471E+10
     1.20000 -0.30262E+10  0.18451E+10  0.39556E+10  0.79802E+10  0.79802E+10
     1.40000 -0.13900E+10  0.20158E+10  0.35401E+10  0.65336E+10  0.65336E+10
     1.60000  0.25425E+08  0.18434E+10  0.32450E+10  0.53493E+10  0.53493E+10
     1.80000  0.90162E+09  0.15107E+10  0.30072E+10  0.43796E+10  0.43796E+10
     2.00000  0.13297E+10  0.11548E+10  0.27449E+10  0.35857E+10  0.35857E+10
     2.20000  0.14735E+10  0.84122E+09  0.24458E+10  0.29358E+10  0.29358E+10
     2.40000  0.14608E+10  0.58878E+09  0.21319E+10  0.24036E+10  0.24036E+10
     2.60000  0.13705E+10  0.39509E+09  0.18265E+10  0.19679E+10  0.19679E+10
     2.80000  0.12457E+10  0.25149E+09  0.15439E+10  0.16112E+10  0.16112E+10
     3.00000  0.11078E+10  0.14945E+09  0.12909E+10  0.13191E+10  0.13191E+10
