    ALT.[km]   NO2[mol/cm3]   NO2_err_retr[mol/cm3]   NO2_err_smooth[mol/cm3]   
 NO2_priori[mol/cm3]  NO2_err_priori[mol/cm3]   version    2.300000    
     0.00000  0.19454E+11  0.22463E+10  0.26615E+10  0.21482E+11  0.21482E+11
     0.20000  0.15473E+11  0.91549E+09  0.19908E+10  0.17588E+11  0.17588E+11
     0.40000  0.13164E+11  0.20154E+10  0.26756E+10  0.14399E+11  0.14399E+11
     0.60000  0.11957E+11  0.19006E+10  0.24714E+10  0.11789E+11  0.11789E+11
     0.80000  0.11076E+11  0.11491E+10  0.29203E+10  0.96523E+10  0.96523E+10
     1.00000  0.99988E+10  0.11703E+10  0.32140E+10  0.79026E+10  0.79026E+10
     1.20000  0.86210E+10  0.16235E+10  0.31027E+10  0.64701E+10  0.64701E+10
     1.40000  0.71114E+10  0.17369E+10  0.28997E+10  0.52973E+10  0.52973E+10
     1.60000  0.56840E+10  0.15458E+10  0.27435E+10  0.43370E+10  0.43370E+10
     1.80000  0.44685E+10  0.12258E+10  0.25742E+10  0.35509E+10  0.35509E+10
     2.00000  0.34975E+10  0.90293E+09  0.23463E+10  0.29072E+10  0.29072E+10
     2.20000  0.27457E+10  0.63311E+09  0.20735E+10  0.23802E+10  0.23802E+10
     2.40000  0.21689E+10  0.42738E+09  0.17885E+10  0.19488E+10  0.19488E+10
     2.60000  0.17247E+10  0.27776E+09  0.15163E+10  0.15955E+10  0.15955E+10
     2.80000  0.13796E+10  0.17215E+09  0.12702E+10  0.13063E+10  0.13063E+10
     3.00000  0.11091E+10  0.10015E+09  0.10549E+10  0.10695E+10  0.10695E+10
