    ALT.[km]   NO2[mol/cm3]   NO2_err_retr[mol/cm3]   NO2_err_smooth[mol/cm3]   
 NO2_priori[mol/cm3]  NO2_err_priori[mol/cm3]   version    2.300000    
     0.00000  0.18555E+11  0.22264E+10  0.20408E+10  0.35747E+11  0.35747E+11
     0.20000  0.21095E+11  0.12818E+10  0.30553E+10  0.29267E+11  0.29267E+11
     0.40000  0.21552E+11  0.22333E+10  0.22352E+10  0.23962E+11  0.23962E+11
     0.60000  0.18710E+11  0.18127E+10  0.28078E+10  0.19618E+11  0.19618E+11
     0.80000  0.14085E+11  0.15348E+10  0.45331E+10  0.16062E+11  0.16062E+11
     1.00000  0.98229E+10  0.19864E+10  0.46392E+10  0.13150E+11  0.13150E+11
     1.20000  0.70338E+10  0.22306E+10  0.39685E+10  0.10767E+11  0.10767E+11
     1.40000  0.56222E+10  0.21518E+10  0.36418E+10  0.88150E+10  0.88150E+10
     1.60000  0.49721E+10  0.19171E+10  0.37113E+10  0.72171E+10  0.72171E+10
     1.80000  0.45554E+10  0.16186E+10  0.37371E+10  0.59089E+10  0.59089E+10
     2.00000  0.41233E+10  0.12959E+10  0.35667E+10  0.48378E+10  0.48378E+10
     2.20000  0.36314E+10  0.98382E+09  0.32474E+10  0.39608E+10  0.39608E+10
     2.40000  0.31164E+10  0.70960E+09  0.28589E+10  0.32429E+10  0.32429E+10
     2.60000  0.26224E+10  0.48571E+09  0.24598E+10  0.26550E+10  0.26550E+10
     2.80000  0.21772E+10  0.31315E+09  0.20825E+10  0.21738E+10  0.21738E+10
     3.00000  0.17921E+10  0.18764E+09  0.17419E+10  0.17797E+10  0.17797E+10
