 Ite ALT.[km]   Ext[km-1]   Ext_err_retr[km-1]  Ext_err_smooth[km-1]   Ext_prior
 i[km-1]   Ext_err_priori[km-1]  version   2.300000    
 10      0.00000  0.27718E+00  0.36266E-01  0.58458E-01  0.18680E+00  0.18680E+00
 10      0.20000  0.51348E-01  0.55096E-02  0.46532E-01  0.15294E+00  0.15294E+00
 10      0.40000  0.10546E-03  0.25911E-01  0.47317E-01  0.12522E+00  0.12522E+00
 10      0.60000  0.99174E-04  0.20864E-01  0.46785E-01  0.10252E+00  0.10252E+00
 10      0.80000  0.57888E-01  0.73395E-02  0.51806E-01  0.83937E-01  0.83937E-01
 10      1.00000  0.11118E+00  0.10495E-01  0.45809E-01  0.68722E-01  0.68722E-01
 10      1.20000  0.11631E+00  0.13453E-01  0.38147E-01  0.56264E-01  0.56264E-01
 10      1.40000  0.97940E-01  0.12175E-01  0.33569E-01  0.46065E-01  0.46065E-01
 10      1.60000  0.76511E-01  0.93203E-02  0.30346E-01  0.37715E-01  0.37715E-01
 10      1.80000  0.57717E-01  0.65300E-02  0.26938E-01  0.30879E-01  0.30879E-01
 10      2.00000  0.42992E-01  0.43657E-02  0.23280E-01  0.25281E-01  0.25281E-01
 10      2.20000  0.32081E-01  0.28525E-02  0.19707E-01  0.20699E-01  0.20699E-01
 10      2.40000  0.24126E-01  0.18465E-02  0.16462E-01  0.16947E-01  0.16947E-01
 10      2.60000  0.18308E-01  0.11898E-02  0.13641E-01  0.13875E-01  0.13875E-01
 10      2.80000  0.13969E-01  0.73983E-03  0.11256E-01  0.11360E-01  0.11360E-01
 10      3.00000  0.10627E-01  0.39454E-03  0.92664E-02  0.93004E-02  0.93004E-02
