 Ite ALT.[km]   Ext[km-1]   Ext_err_retr[km-1]  Ext_err_smooth[km-1]   Ext_prior
 i[km-1]   Ext_err_priori[km-1]  version   2.300000    
  6      0.00000  0.78465E-01  0.24521E-01  0.44159E-01  0.14433E+00  0.14433E+00
  6      0.20000  0.49835E-01  0.64798E-02  0.34852E-01  0.11817E+00  0.11817E+00
  6      0.40000  0.58957E-01  0.23070E-01  0.35878E-01  0.96747E-01  0.96747E-01
  6      0.60000  0.77978E-01  0.14686E-01  0.37084E-01  0.79209E-01  0.79209E-01
  6      0.80000  0.84331E-01  0.46837E-02  0.40820E-01  0.64851E-01  0.64851E-01
  6      1.00000  0.77211E-01  0.11157E-01  0.35926E-01  0.53096E-01  0.53096E-01
  6      1.20000  0.64247E-01  0.12231E-01  0.30969E-01  0.43471E-01  0.43471E-01
  6      1.40000  0.51053E-01  0.10122E-01  0.27703E-01  0.35591E-01  0.35591E-01
  6      1.60000  0.39856E-01  0.73950E-02  0.24707E-01  0.29140E-01  0.29140E-01
  6      1.80000  0.31010E-01  0.50804E-02  0.21527E-01  0.23857E-01  0.23857E-01
  6      2.00000  0.24206E-01  0.33914E-02  0.18349E-01  0.19533E-01  0.19533E-01
  6      2.20000  0.19005E-01  0.22477E-02  0.15398E-01  0.15992E-01  0.15992E-01
  6      2.40000  0.15018E-01  0.15029E-02  0.12793E-01  0.13093E-01  0.13093E-01
  6      2.60000  0.11934E-01  0.10175E-02  0.10566E-01  0.10720E-01  0.10720E-01
  6      2.80000  0.95078E-02  0.66768E-03  0.87027E-02  0.87767E-02  0.87767E-02
  6      3.00000  0.75629E-02  0.37106E-03  0.71595E-02  0.71857E-02  0.71857E-02
