 Ite ALT.[km]   Ext[km-1]   Ext_err_retr[km-1]  Ext_err_smooth[km-1]   Ext_prior
 i[km-1]   Ext_err_priori[km-1]  version   2.300000    
  6      0.00000  0.50065E-01  0.22364E-01  0.42165E-01  0.13376E+00  0.13376E+00
  6      0.20000  0.59943E-01  0.69589E-02  0.32899E-01  0.10952E+00  0.10952E+00
  6      0.40000  0.85538E-01  0.21613E-01  0.36490E-01  0.89664E-01  0.89664E-01
  6      0.60000  0.87870E-01  0.13580E-01  0.36076E-01  0.73411E-01  0.73411E-01
  6      0.80000  0.72727E-01  0.45944E-02  0.38369E-01  0.60104E-01  0.60104E-01
  6      1.00000  0.56430E-01  0.10088E-01  0.34412E-01  0.49209E-01  0.49209E-01
  6      1.20000  0.44495E-01  0.11036E-01  0.29957E-01  0.40289E-01  0.40289E-01
  6      1.40000  0.36131E-01  0.92388E-02  0.26474E-01  0.32986E-01  0.32986E-01
  6      1.60000  0.29850E-01  0.68727E-02  0.23263E-01  0.27006E-01  0.27006E-01
  6      1.80000  0.24792E-01  0.48177E-02  0.20081E-01  0.22111E-01  0.22111E-01
  6      2.00000  0.20567E-01  0.32789E-02  0.17037E-01  0.18103E-01  0.18103E-01
  6      2.20000  0.17000E-01  0.22089E-02  0.14269E-01  0.14821E-01  0.14821E-01
  6      2.40000  0.13991E-01  0.14949E-02  0.11847E-01  0.12135E-01  0.12135E-01
  6      2.60000  0.11448E-01  0.10201E-02  0.97833E-02  0.99351E-02  0.99351E-02
  6      2.80000  0.92536E-02  0.67223E-03  0.80593E-02  0.81342E-02  0.81342E-02
  6      3.00000  0.73237E-02  0.37436E-03  0.66327E-02  0.66597E-02  0.66597E-02
