    ALT.[km]   NO2[mol/cm3]   NO2_err_retr[mol/cm3]   NO2_err_smooth[mol/cm3]   
 NO2_priori[mol/cm3]  NO2_err_priori[mol/cm3]   version    2.300000    
     0.00000  0.15953E+11  0.21679E+10  0.23346E+10  0.21482E+11  0.21482E+11
     0.20000  0.13354E+11  0.81811E+09  0.19541E+10  0.17588E+11  0.17588E+11
     0.40000  0.11560E+11  0.19059E+10  0.22446E+10  0.14399E+11  0.14399E+11
     0.60000  0.10031E+11  0.17789E+10  0.20238E+10  0.11789E+11  0.11789E+11
     0.80000  0.85662E+10  0.10547E+10  0.27918E+10  0.96523E+10  0.96523E+10
     1.00000  0.71950E+10  0.11771E+10  0.31036E+10  0.79026E+10  0.79026E+10
     1.20000  0.59953E+10  0.16576E+10  0.28644E+10  0.64701E+10  0.64701E+10
     1.40000  0.49930E+10  0.17681E+10  0.25970E+10  0.52973E+10  0.52973E+10
     1.60000  0.41643E+10  0.15682E+10  0.24956E+10  0.43370E+10  0.43370E+10
     1.80000  0.34712E+10  0.12393E+10  0.24182E+10  0.35509E+10  0.35509E+10
     2.00000  0.28847E+10  0.90982E+09  0.22609E+10  0.29072E+10  0.29072E+10
     2.20000  0.23869E+10  0.63605E+09  0.20302E+10  0.23802E+10  0.23802E+10
     2.40000  0.19665E+10  0.42846E+09  0.17674E+10  0.19488E+10  0.19488E+10
     2.60000  0.16142E+10  0.27818E+09  0.15065E+10  0.15955E+10  0.15955E+10
     2.80000  0.13215E+10  0.17243E+09  0.12659E+10  0.13063E+10  0.13063E+10
     3.00000  0.10800E+10  0.10039E+09  0.10532E+10  0.10695E+10  0.10695E+10
