    ALT.[km]   NO2[mol/cm3]   NO2_err_retr[mol/cm3]   NO2_err_smooth[mol/cm3]   
 NO2_priori[mol/cm3]  NO2_err_priori[mol/cm3]   version    2.300000    
     0.00000  0.14855E+12  0.35719E+10  0.18808E+10  0.58718E+11  0.58718E+11
     0.20000  0.81888E+11  0.41328E+10  0.49840E+10  0.48074E+11  0.48074E+11
     0.40000  0.28776E+11  0.58761E+10  0.43366E+10  0.39360E+11  0.39360E+11
     0.60000  0.15981E+08  0.44410E+10  0.69177E+10  0.32225E+11  0.32225E+11
     0.80000 -0.75155E+10  0.25493E+10  0.92194E+10  0.26383E+11  0.26383E+11
     1.00000 -0.37961E+10  0.31184E+10  0.89033E+10  0.21601E+11  0.21601E+11
     1.20000  0.24210E+10  0.39459E+10  0.76134E+10  0.17685E+11  0.17685E+11
     1.40000  0.68521E+10  0.39687E+10  0.69019E+10  0.14480E+11  0.14480E+11
     1.60000  0.87419E+10  0.34742E+10  0.67320E+10  0.11855E+11  0.11855E+11
     1.80000  0.88202E+10  0.27996E+10  0.65213E+10  0.97059E+10  0.97059E+10
     2.00000  0.79770E+10  0.21356E+10  0.60726E+10  0.79466E+10  0.79466E+10
     2.20000  0.68162E+10  0.15617E+10  0.54485E+10  0.65061E+10  0.65061E+10
     2.40000  0.56521E+10  0.10985E+10  0.47552E+10  0.53267E+10  0.53267E+10
     2.60000  0.46150E+10  0.74005E+09  0.40698E+10  0.43612E+10  0.43612E+10
     2.80000  0.37414E+10  0.47234E+09  0.34343E+10  0.35706E+10  0.35706E+10
     3.00000  0.30261E+10  0.28115E+09  0.28670E+10  0.29234E+10  0.29234E+10
