 Ite ALT.[km]   Ext[km-1]   Ext_err_retr[km-1]  Ext_err_smooth[km-1]   Ext_prior
 i[km-1]   Ext_err_priori[km-1]  version   2.300000    
 16      0.00000  0.72312E-01  0.18299E-01  0.23144E-01  0.15355E+00  0.15355E+00
 16      0.20000  0.15127E+00  0.15205E-01  0.35554E-01  0.12571E+00  0.12571E+00
 16      0.40000  0.12140E+00  0.19889E-01  0.31503E-01  0.10292E+00  0.10292E+00
 16      0.60000  0.34817E-01  0.55953E-02  0.43511E-01  0.84267E-01  0.84267E-01
 16      0.80000  0.40425E-08  0.13280E-01  0.42884E-01  0.68992E-01  0.68992E-01
 16      1.00000  0.63095E-03  0.15886E-01  0.37903E-01  0.56486E-01  0.56486E-01
 16      1.20000  0.11943E-01  0.13793E-01  0.34077E-01  0.46247E-01  0.46247E-01
 16      1.40000  0.22291E-01  0.10434E-01  0.30760E-01  0.37864E-01  0.37864E-01
 16      1.60000  0.30383E-01  0.72524E-02  0.27296E-01  0.31000E-01  0.31000E-01
 16      1.80000  0.35290E-01  0.48319E-02  0.23603E-01  0.25381E-01  0.25381E-01
 16      2.00000  0.36627E-01  0.32986E-02  0.19927E-01  0.20780E-01  0.20780E-01
 16      2.20000  0.34995E-01  0.24602E-02  0.16545E-01  0.17013E-01  0.17013E-01
 16      2.40000  0.31467E-01  0.19939E-02  0.13609E-01  0.13929E-01  0.13929E-01
 16      2.60000  0.26863E-01  0.16432E-02  0.11156E-01  0.11404E-01  0.11404E-01
 16      2.80000  0.21318E-01  0.12486E-02  0.91647E-02  0.93371E-02  0.93371E-02
 16      3.00000  0.14932E-01  0.75597E-03  0.75677E-02  0.76446E-02  0.76446E-02
