 Ite ALT.[km]   Ext[km-1]   Ext_err_retr[km-1]  Ext_err_smooth[km-1]   Ext_prior
 i[km-1]   Ext_err_priori[km-1]  version   2.300000    
  7      0.00000  0.87912E-01  0.22095E-01  0.36862E-01  0.15336E+00  0.15336E+00
  7      0.20000  0.50042E-01  0.89179E-02  0.35880E-01  0.12556E+00  0.12556E+00
  7      0.40000  0.58890E-01  0.22101E-01  0.30029E-01  0.10280E+00  0.10280E+00
  7      0.60000  0.84371E-01  0.10825E-01  0.39869E-01  0.84165E-01  0.84165E-01
  7      0.80000  0.94894E-01  0.76479E-02  0.42609E-01  0.68908E-01  0.68908E-01
  7      1.00000  0.87528E-01  0.13316E-01  0.35763E-01  0.56417E-01  0.56417E-01
  7      1.20000  0.72346E-01  0.12767E-01  0.31657E-01  0.46191E-01  0.46191E-01
  7      1.40000  0.56887E-01  0.97539E-02  0.29446E-01  0.37818E-01  0.37818E-01
  7      1.60000  0.43967E-01  0.66813E-02  0.26693E-01  0.30963E-01  0.30963E-01
  7      1.80000  0.33935E-01  0.43230E-02  0.23312E-01  0.25350E-01  0.25350E-01
  7      2.00000  0.26336E-01  0.27271E-02  0.19816E-01  0.20755E-01  0.20755E-01
  7      2.20000  0.20594E-01  0.17250E-02  0.16565E-01  0.16993E-01  0.16993E-01
  7      2.40000  0.16229E-01  0.11237E-02  0.13715E-01  0.13912E-01  0.13912E-01
  7      2.60000  0.12869E-01  0.76122E-03  0.11296E-01  0.11390E-01  0.11390E-01
  7      2.80000  0.10228E-01  0.50850E-03  0.92820E-02  0.93257E-02  0.93257E-02
  7      3.00000  0.81065E-02  0.28765E-03  0.76199E-02  0.76353E-02  0.76353E-02
