    ALT.[km]   NO2[mol/cm3]   NO2_err_retr[mol/cm3]   NO2_err_smooth[mol/cm3]   
 NO2_priori[mol/cm3]  NO2_err_priori[mol/cm3]   version    2.300000    
     0.00000  0.60519E+11  0.23332E+10  0.18925E+10  0.42302E+11  0.42302E+11
     0.20000  0.62146E+11  0.17692E+10  0.33102E+10  0.34634E+11  0.34634E+11
     0.40000  0.48443E+11  0.27945E+10  0.22954E+10  0.28356E+11  0.28356E+11
     0.60000  0.25294E+11  0.22549E+10  0.38193E+10  0.23216E+11  0.23216E+11
     0.80000  0.35362E+10  0.20025E+10  0.56672E+10  0.19008E+11  0.19008E+11
     1.00000 -0.94456E+10  0.24013E+10  0.56379E+10  0.15562E+11  0.15562E+11
     1.20000 -0.12939E+11  0.25497E+10  0.49073E+10  0.12741E+11  0.12741E+11
     1.40000 -0.10493E+11  0.24230E+10  0.45684E+10  0.10432E+11  0.10432E+11
     1.60000 -0.61156E+10  0.21867E+10  0.45568E+10  0.85407E+10  0.85407E+10
     1.80000 -0.22420E+10  0.18872E+10  0.44739E+10  0.69925E+10  0.69925E+10
     2.00000  0.32706E+09  0.15437E+10  0.42062E+10  0.57250E+10  0.57250E+10
     2.20000  0.16969E+10  0.11951E+10  0.38057E+10  0.46872E+10  0.46872E+10
     2.40000  0.22475E+10  0.87757E+09  0.33474E+10  0.38376E+10  0.38376E+10
     2.60000  0.23268E+10  0.61041E+09  0.28853E+10  0.31419E+10  0.31419E+10
     2.80000  0.21708E+10  0.39896E+09  0.24494E+10  0.25724E+10  0.25724E+10
     3.00000  0.19177E+10  0.24172E+09  0.20541E+10  0.21061E+10  0.21061E+10
