 Ite ALT.[km]   Ext[km-1]   Ext_err_retr[km-1]  Ext_err_smooth[km-1]   Ext_prior
 i[km-1]   Ext_err_priori[km-1]  version   2.300000    
  6      0.00000  0.60957E-01  0.27097E-01  0.51788E-01  0.16814E+00  0.16814E+00
  6      0.20000  0.54428E-01  0.10527E-01  0.40918E-01  0.13766E+00  0.13766E+00
  6      0.40000  0.82564E-01  0.27801E-01  0.45648E-01  0.11271E+00  0.11271E+00
  6      0.60000  0.98870E-01  0.15743E-01  0.46069E-01  0.92279E-01  0.92279E-01
  6      0.80000  0.95001E-01  0.76665E-02  0.47757E-01  0.75552E-01  0.75552E-01
  6      1.00000  0.82569E-01  0.14379E-01  0.42741E-01  0.61857E-01  0.61857E-01
  6      1.20000  0.69152E-01  0.14423E-01  0.37956E-01  0.50644E-01  0.50644E-01
  6      1.40000  0.57229E-01  0.11404E-01  0.34008E-01  0.41464E-01  0.41464E-01
  6      1.60000  0.47276E-01  0.81378E-02  0.29930E-01  0.33948E-01  0.33948E-01
  6      1.80000  0.39026E-01  0.56313E-02  0.25690E-01  0.27794E-01  0.27794E-01
  6      2.00000  0.32102E-01  0.39848E-02  0.21615E-01  0.22756E-01  0.22756E-01
  6      2.20000  0.26254E-01  0.29569E-02  0.17959E-01  0.18631E-01  0.18631E-01
  6      2.40000  0.21338E-01  0.22808E-02  0.14820E-01  0.15254E-01  0.15254E-01
  6      2.60000  0.17207E-01  0.17719E-02  0.12195E-01  0.12489E-01  0.12489E-01
  6      2.80000  0.13606E-01  0.12901E-02  0.10044E-01  0.10225E-01  0.10225E-01
  6      3.00000  0.10343E-01  0.76354E-03  0.82963E-02  0.83714E-02  0.83714E-02
