    ALT.[km]   NO2[mol/cm3]   NO2_err_retr[mol/cm3]   NO2_err_smooth[mol/cm3]   
 NO2_priori[mol/cm3]  NO2_err_priori[mol/cm3]   version    2.300000    
     0.00000  0.49052E+11  0.28203E+10  0.39138E+10  0.33040E+11  0.33040E+11
     0.20000  0.55387E+11  0.17983E+10  0.43599E+10  0.27051E+11  0.27051E+11
     0.40000  0.51787E+11  0.30966E+10  0.65425E+10  0.22148E+11  0.22148E+11
     0.60000  0.39451E+11  0.28778E+10  0.60518E+10  0.18133E+11  0.18133E+11
     0.80000  0.24012E+11  0.17305E+10  0.54892E+10  0.14846E+11  0.14846E+11
     1.00000  0.10838E+11  0.11265E+10  0.55023E+10  0.12155E+11  0.12155E+11
     1.20000  0.23091E+10  0.15519E+10  0.54926E+10  0.99516E+10  0.99516E+10
     1.40000 -0.18991E+10  0.18259E+10  0.52236E+10  0.81477E+10  0.81477E+10
     1.60000 -0.32426E+10  0.17721E+10  0.47737E+10  0.66707E+10  0.66707E+10
     1.80000 -0.31066E+10  0.15322E+10  0.42471E+10  0.54615E+10  0.54615E+10
     2.00000 -0.23904E+10  0.12320E+10  0.37088E+10  0.44715E+10  0.44715E+10
     2.20000 -0.15574E+10  0.94103E+09  0.31948E+10  0.36610E+10  0.36610E+10
     2.40000 -0.80137E+09  0.68777E+09  0.27239E+10  0.29974E+10  0.29974E+10
     2.60000 -0.18498E+09  0.47942E+09  0.23035E+10  0.24540E+10  0.24540E+10
     2.80000  0.27901E+09  0.31518E+09  0.19339E+10  0.20092E+10  0.20092E+10
     3.00000  0.59160E+09  0.19231E+09  0.16120E+10  0.16450E+10  0.16450E+10
