 Ite ALT.[km]   Ext[km-1]   Ext_err_retr[km-1]  Ext_err_smooth[km-1]   Ext_prior
 i[km-1]   Ext_err_priori[km-1]  version   2.300000    
  7      0.00000  0.97262E-01  0.28240E-01  0.39322E-01  0.19713E+00  0.19713E+00
  7      0.20000  0.11387E+00  0.16862E-01  0.45480E-01  0.16140E+00  0.16140E+00
  7      0.40000  0.14896E+00  0.30954E-01  0.38768E-01  0.13214E+00  0.13214E+00
  7      0.60000  0.14537E+00  0.13050E-01  0.55536E-01  0.10819E+00  0.10819E+00
  7      0.80000  0.11509E+00  0.11843E-01  0.56146E-01  0.88578E-01  0.88578E-01
  7      1.00000  0.85141E-01  0.17303E-01  0.48155E-01  0.72521E-01  0.72521E-01
  7      1.20000  0.63721E-01  0.15703E-01  0.43164E-01  0.59376E-01  0.59376E-01
  7      1.40000  0.49393E-01  0.11989E-01  0.39167E-01  0.48613E-01  0.48613E-01
  7      1.60000  0.39604E-01  0.84805E-02  0.34677E-01  0.39801E-01  0.39801E-01
  7      1.80000  0.32519E-01  0.57727E-02  0.29913E-01  0.32586E-01  0.32586E-01
  7      2.00000  0.27027E-01  0.38620E-02  0.25314E-01  0.26679E-01  0.26679E-01
  7      2.20000  0.22521E-01  0.25832E-02  0.21149E-01  0.21843E-01  0.21843E-01
  7      2.40000  0.18716E-01  0.17491E-02  0.17528E-01  0.17884E-01  0.17884E-01
  7      2.60000  0.15473E-01  0.11978E-02  0.14458E-01  0.14642E-01  0.14642E-01
  7      2.80000  0.12676E-01  0.79116E-03  0.11899E-01  0.11988E-01  0.11988E-01
  7      3.00000  0.10246E-01  0.44045E-03  0.97835E-02  0.98147E-02  0.98147E-02
