    ALT.[km]   NO2[mol/cm3]   NO2_err_retr[mol/cm3]   NO2_err_smooth[mol/cm3]   
 NO2_priori[mol/cm3]  NO2_err_priori[mol/cm3]   version    2.300000    
     0.00000  0.11682E+11  0.10908E+10  0.12109E+10  0.69437E+10  0.69437E+10
     0.20000  0.13857E+11  0.44532E+09  0.79875E+09  0.56850E+10  0.56850E+10
     0.40000  0.14702E+11  0.57599E+09  0.13549E+10  0.46545E+10  0.46545E+10
     0.60000  0.13771E+11  0.86076E+09  0.12609E+10  0.38108E+10  0.38108E+10
     0.80000  0.11533E+11  0.90464E+09  0.11367E+10  0.31200E+10  0.31200E+10
     1.00000  0.88448E+10  0.79077E+09  0.12237E+10  0.25545E+10  0.25545E+10
     1.20000  0.63951E+10  0.62394E+09  0.13099E+10  0.20914E+10  0.20914E+10
     1.40000  0.44902E+10  0.46375E+09  0.12870E+10  0.17123E+10  0.17123E+10
     1.60000  0.31380E+10  0.33178E+09  0.11793E+10  0.14019E+10  0.14019E+10
     1.80000  0.22176E+10  0.23112E+09  0.10332E+10  0.11478E+10  0.11478E+10
     2.00000  0.15958E+10  0.15788E+09  0.88127E+09  0.93973E+09  0.93973E+09
     2.20000  0.11706E+10  0.10609E+09  0.73982E+09  0.76939E+09  0.76939E+09
     2.40000  0.87353E+09  0.69983E+08  0.61525E+09  0.62992E+09  0.62992E+09
     2.60000  0.66132E+09  0.44935E+08  0.50873E+09  0.51574E+09  0.51574E+09
     2.80000  0.50666E+09  0.27678E+08  0.41914E+09  0.42225E+09  0.42225E+09
     3.00000  0.39231E+09  0.16051E+08  0.34447E+09  0.34571E+09  0.34571E+09
