    ALT.[km]   NO2[mol/cm3]   NO2_err_retr[mol/cm3]   NO2_err_smooth[mol/cm3]   
 NO2_priori[mol/cm3]  NO2_err_priori[mol/cm3]   version    2.300000    
     0.00000  0.79151E+11  0.26576E+10  0.24517E+10  0.57805E+11  0.57805E+11
     0.20000  0.64386E+11  0.21930E+10  0.41784E+10  0.47327E+11  0.47327E+11
     0.40000  0.41169E+11  0.30160E+10  0.26995E+10  0.38748E+11  0.38748E+11
     0.60000  0.17064E+11  0.25881E+10  0.48609E+10  0.31724E+11  0.31724E+11
     0.80000  0.13433E+09  0.31649E+10  0.70927E+10  0.25973E+11  0.25973E+11
     1.00000 -0.66305E+10  0.34232E+10  0.70630E+10  0.21265E+11  0.21265E+11
     1.20000 -0.56513E+10  0.29509E+10  0.63838E+10  0.17411E+11  0.17411E+11
     1.40000 -0.13977E+10  0.25758E+10  0.60912E+10  0.14255E+11  0.14255E+11
     1.60000  0.27133E+10  0.25661E+10  0.59952E+10  0.11671E+11  0.11671E+11
     1.80000  0.52628E+10  0.25059E+10  0.57968E+10  0.95551E+10  0.95551E+10
     2.00000  0.62387E+10  0.22262E+10  0.54396E+10  0.78231E+10  0.78231E+10
     2.20000  0.61575E+10  0.18095E+10  0.49608E+10  0.64050E+10  0.64050E+10
     2.40000  0.55337E+10  0.13672E+10  0.44142E+10  0.52439E+10  0.52439E+10
     2.60000  0.47129E+10  0.96741E+09  0.38486E+10  0.42934E+10  0.42934E+10
     2.80000  0.38854E+10  0.63901E+09  0.32985E+10  0.35151E+10  0.35151E+10
     3.00000  0.31421E+10  0.38976E+09  0.27853E+10  0.28779E+10  0.28779E+10
