 Ite ALT.[km]   Ext[km-1]   Ext_err_retr[km-1]  Ext_err_smooth[km-1]   Ext_prior
 i[km-1]   Ext_err_priori[km-1]  version   2.300000    
 16      0.00000  0.11882E+00  0.19459E-01  0.22279E-01  0.14788E+00  0.14788E+00
 16      0.20000  0.14225E+00  0.15666E-01  0.32874E-01  0.12107E+00  0.12107E+00
 16      0.40000  0.11313E+00  0.19467E-01  0.30059E-01  0.99124E-01  0.99124E-01
 16      0.60000  0.55447E-01  0.68730E-02  0.41377E-01  0.81156E-01  0.81156E-01
 16      0.80000  0.25355E-01  0.16036E-01  0.39131E-01  0.66445E-01  0.66445E-01
 16      1.00000  0.23339E-01  0.17187E-01  0.35885E-01  0.54400E-01  0.54400E-01
 16      1.20000  0.29818E-01  0.13553E-01  0.34127E-01  0.44539E-01  0.44539E-01
 16      1.40000  0.34693E-01  0.94331E-02  0.31320E-01  0.36466E-01  0.36466E-01
 16      1.60000  0.36018E-01  0.63192E-02  0.27453E-01  0.29856E-01  0.29856E-01
 16      1.80000  0.34516E-01  0.44094E-02  0.23265E-01  0.24444E-01  0.24444E-01
 16      2.00000  0.31296E-01  0.33714E-02  0.19317E-01  0.20013E-01  0.20013E-01
 16      2.20000  0.27266E-01  0.27569E-02  0.15876E-01  0.16385E-01  0.16385E-01
 16      2.40000  0.23049E-01  0.22858E-02  0.13002E-01  0.13415E-01  0.13415E-01
 16      2.60000  0.18959E-01  0.18458E-02  0.10655E-01  0.10983E-01  0.10983E-01
 16      2.80000  0.14935E-01  0.13633E-02  0.87731E-02  0.89923E-02  0.89923E-02
 16      3.00000  0.10899E-01  0.80880E-03  0.72680E-02  0.73623E-02  0.73623E-02
