 Ite ALT.[km]   Ext[km-1]   Ext_err_retr[km-1]  Ext_err_smooth[km-1]   Ext_prior
 i[km-1]   Ext_err_priori[km-1]  version   2.300000    
 16      0.00000  0.31935E-01  0.24330E-01  0.49258E-01  0.14680E+00  0.14680E+00
 16      0.20000  0.53137E-01  0.68455E-02  0.35820E-01  0.12019E+00  0.12019E+00
 16      0.40000  0.92434E-01  0.23201E-01  0.41570E-01  0.98403E-01  0.98403E-01
 16      0.60000  0.95836E-01  0.15473E-01  0.39254E-01  0.80565E-01  0.80565E-01
 16      0.80000  0.75568E-01  0.51268E-02  0.41706E-01  0.65961E-01  0.65961E-01
 16      1.00000  0.56692E-01  0.10701E-01  0.37859E-01  0.54005E-01  0.54005E-01
 16      1.20000  0.45625E-01  0.11969E-01  0.33019E-01  0.44215E-01  0.44215E-01
 16      1.40000  0.39363E-01  0.10171E-01  0.29086E-01  0.36200E-01  0.36200E-01
 16      1.60000  0.34851E-01  0.76788E-02  0.25482E-01  0.29638E-01  0.29638E-01
 16      1.80000  0.30726E-01  0.54876E-02  0.21955E-01  0.24266E-01  0.24266E-01
 16      2.00000  0.26663E-01  0.38404E-02  0.18607E-01  0.19867E-01  0.19867E-01
 16      2.20000  0.22728E-01  0.26894E-02  0.15574E-01  0.16266E-01  0.16266E-01
 16      2.40000  0.19060E-01  0.19087E-02  0.12928E-01  0.13317E-01  0.13317E-01
 16      2.60000  0.15710E-01  0.13678E-02  0.10678E-01  0.10903E-01  0.10903E-01
 16      2.80000  0.12552E-01  0.93841E-03  0.88060E-02  0.89269E-02  0.89269E-02
 16      3.00000  0.94847E-02  0.53631E-03  0.72626E-02  0.73087E-02  0.73087E-02
