    ALT.[km]   NO2[mol/cm3]   NO2_err_retr[mol/cm3]   NO2_err_smooth[mol/cm3]   
 NO2_priori[mol/cm3]  NO2_err_priori[mol/cm3]   version    2.300000    
     0.00000  0.61544E+11  0.24737E+10  0.18232E+10  0.45973E+11  0.45973E+11
     0.20000  0.66087E+11  0.24791E+10  0.35120E+10  0.37640E+11  0.37640E+11
     0.40000  0.53923E+11  0.39339E+10  0.30999E+10  0.30817E+11  0.30817E+11
     0.60000  0.31195E+11  0.27288E+10  0.54349E+10  0.25231E+11  0.25231E+11
     0.80000  0.91970E+10  0.13373E+10  0.71878E+10  0.20657E+11  0.20657E+11
     1.00000 -0.45435E+10  0.24608E+10  0.68604E+10  0.16913E+11  0.16913E+11
     1.20000 -0.92534E+10  0.32328E+10  0.59414E+10  0.13847E+11  0.13847E+11
     1.40000 -0.82205E+10  0.31798E+10  0.55889E+10  0.11337E+11  0.11337E+11
     1.60000 -0.50782E+10  0.26830E+10  0.55573E+10  0.92819E+10  0.92819E+10
     1.80000 -0.20237E+10  0.20771E+10  0.53698E+10  0.75993E+10  0.75993E+10
     2.00000  0.15184E+09  0.15296E+10  0.49474E+10  0.62218E+10  0.62218E+10
     2.20000  0.14239E+10  0.10898E+10  0.43886E+10  0.50940E+10  0.50940E+10
     2.40000  0.20245E+10  0.75386E+09  0.37937E+10  0.41706E+10  0.41706E+10
     2.60000  0.21992E+10  0.50299E+09  0.32237E+10  0.34146E+10  0.34146E+10
     2.80000  0.21327E+10  0.31936E+09  0.27066E+10  0.27956E+10  0.27956E+10
     3.00000  0.19445E+10  0.18956E+09  0.22521E+10  0.22889E+10  0.22889E+10
