    ALT.[km]   NO2[mol/cm3]   NO2_err_retr[mol/cm3]   NO2_err_smooth[mol/cm3]   
 NO2_priori[mol/cm3]  NO2_err_priori[mol/cm3]   version    2.300000    
     0.00000  0.14958E+11  0.18514E+10  0.14531E+10  0.15073E+11  0.15073E+11
     0.20000  0.12051E+11  0.78459E+09  0.16749E+10  0.12340E+11  0.12340E+11
     0.40000  0.95831E+10  0.13595E+10  0.17919E+10  0.10104E+11  0.10104E+11
     0.60000  0.75588E+10  0.13575E+10  0.14988E+10  0.82721E+10  0.82721E+10
     0.80000  0.59826E+10  0.97151E+09  0.20109E+10  0.67726E+10  0.67726E+10
     1.00000  0.48106E+10  0.98611E+09  0.22648E+10  0.55449E+10  0.55449E+10
     1.20000  0.39506E+10  0.12372E+10  0.20922E+10  0.45398E+10  0.45398E+10
     1.40000  0.32987E+10  0.12942E+10  0.18522E+10  0.37169E+10  0.37169E+10
     1.60000  0.27741E+10  0.11515E+10  0.17336E+10  0.30431E+10  0.30431E+10
     1.80000  0.23301E+10  0.91807E+09  0.16648E+10  0.24915E+10  0.24915E+10
     2.00000  0.19467E+10  0.68047E+09  0.15589E+10  0.20399E+10  0.20399E+10
     2.20000  0.16165E+10  0.47997E+09  0.14059E+10  0.16701E+10  0.16701E+10
     2.40000  0.13360E+10  0.32588E+09  0.12289E+10  0.13674E+10  0.13674E+10
     2.60000  0.11007E+10  0.21304E+09  0.10509E+10  0.11195E+10  0.11195E+10
     2.80000  0.90534E+09  0.13284E+09  0.88514E+09  0.91657E+09  0.91657E+09
     3.00000  0.74394E+09  0.77732E+08  0.73761E+09  0.75043E+09  0.75043E+09
