 Ite ALT.[km]   Ext[km-1]   Ext_err_retr[km-1]  Ext_err_smooth[km-1]   Ext_prior
 i[km-1]   Ext_err_priori[km-1]  version   2.300000    
  5      0.00000  0.21636E+00  0.29859E-01  0.61326E-01  0.17682E+00  0.17682E+00
  5      0.20000  0.66556E-01  0.38767E-02  0.41433E-01  0.14477E+00  0.14477E+00
  5      0.40000  0.10546E-02  0.23716E-01  0.44089E-01  0.11853E+00  0.11853E+00
  5      0.60000  0.13905E-01  0.19247E-01  0.40199E-01  0.97043E-01  0.97043E-01
  5      0.80000  0.80806E-01  0.60765E-02  0.47641E-01  0.79452E-01  0.79452E-01
  5      1.00000  0.11726E+00  0.10768E-01  0.42769E-01  0.65050E-01  0.65050E-01
  5      1.20000  0.11625E+00  0.13352E-01  0.35747E-01  0.53258E-01  0.53258E-01
  5      1.40000  0.96829E-01  0.11667E-01  0.31825E-01  0.43604E-01  0.43604E-01
  5      1.60000  0.74331E-01  0.87370E-02  0.28894E-01  0.35700E-01  0.35700E-01
  5      1.80000  0.55081E-01  0.60623E-02  0.25615E-01  0.29229E-01  0.29229E-01
  5      2.00000  0.40404E-01  0.40489E-02  0.22091E-01  0.23931E-01  0.23931E-01
  5      2.20000  0.29735E-01  0.26596E-02  0.18674E-01  0.19593E-01  0.19593E-01
  5      2.40000  0.22098E-01  0.17435E-02  0.15586E-01  0.16041E-01  0.16041E-01
  5      2.60000  0.16629E-01  0.11467E-02  0.12909E-01  0.13133E-01  0.13133E-01
  5      2.80000  0.12656E-01  0.72989E-03  0.10650E-01  0.10753E-01  0.10753E-01
  5      3.00000  0.97035E-02  0.39642E-03  0.87690E-02  0.88035E-02  0.88035E-02
