    ALT.[km]   NO2[mol/cm3]   NO2_err_retr[mol/cm3]   NO2_err_smooth[mol/cm3]   
 NO2_priori[mol/cm3]  NO2_err_priori[mol/cm3]   version    2.300000    
     0.00000  0.16548E+11  0.14891E+10  0.15845E+10  0.12576E+11  0.12576E+11
     0.20000  0.14312E+11  0.61442E+09  0.11927E+10  0.10297E+11  0.10297E+11
     0.40000  0.12160E+11  0.11622E+10  0.16025E+10  0.84302E+10  0.84302E+10
     0.60000  0.10115E+11  0.11776E+10  0.14520E+10  0.69020E+10  0.69020E+10
     0.80000  0.82289E+10  0.91488E+09  0.16943E+10  0.56509E+10  0.56509E+10
     1.00000  0.65552E+10  0.94693E+09  0.19050E+10  0.46266E+10  0.46266E+10
     1.20000  0.51346E+10  0.10949E+10  0.18988E+10  0.37879E+10  0.37879E+10
     1.40000  0.39820E+10  0.10801E+10  0.18146E+10  0.31013E+10  0.31013E+10
     1.60000  0.30823E+10  0.92067E+09  0.17181E+10  0.25391E+10  0.25391E+10
     1.80000  0.23976E+10  0.70899E+09  0.15924E+10  0.20789E+10  0.20789E+10
     2.00000  0.18818E+10  0.51067E+09  0.14304E+10  0.17020E+10  0.17020E+10
     2.20000  0.14917E+10  0.35189E+09  0.12483E+10  0.13935E+10  0.13935E+10
     2.40000  0.11930E+10  0.23451E+09  0.10663E+10  0.11409E+10  0.11409E+10
     2.60000  0.96098E+09  0.15109E+09  0.89761E+09  0.93409E+09  0.93409E+09
     2.80000  0.77814E+09  0.93154E+08  0.74825E+09  0.76477E+09  0.76477E+09
     3.00000  0.63248E+09  0.54046E+08  0.61946E+09  0.62614E+09  0.62614E+09
