    ALT.[km]   NO2[mol/cm3]   NO2_err_retr[mol/cm3]   NO2_err_smooth[mol/cm3]   
 NO2_priori[mol/cm3]  NO2_err_priori[mol/cm3]   version    2.300000    
     0.00000  0.87684E+11  0.24530E+10  0.18599E+10  0.40488E+11  0.40488E+11
     0.20000  0.58221E+11  0.18014E+10  0.33928E+10  0.33148E+11  0.33148E+11
     0.40000  0.30918E+11  0.29096E+10  0.24765E+10  0.27140E+11  0.27140E+11
     0.60000  0.11988E+11  0.23508E+10  0.36815E+10  0.22220E+11  0.22220E+11
     0.80000  0.26324E+10  0.18426E+10  0.55329E+10  0.18192E+11  0.18192E+11
     1.00000  0.18868E+09  0.22416E+10  0.55600E+10  0.14895E+11  0.14895E+11
     1.20000  0.10235E+10  0.25150E+10  0.47866E+10  0.12195E+11  0.12195E+11
     1.40000  0.25428E+10  0.24375E+10  0.43596E+10  0.99841E+10  0.99841E+10
     1.60000  0.35991E+10  0.21757E+10  0.43211E+10  0.81743E+10  0.81743E+10
     1.80000  0.39967E+10  0.18401E+10  0.42571E+10  0.66926E+10  0.66926E+10
     2.00000  0.39146E+10  0.14816E+10  0.40176E+10  0.54794E+10  0.54794E+10
     2.20000  0.35762E+10  0.11361E+10  0.36428E+10  0.44862E+10  0.44862E+10
     2.40000  0.31404E+10  0.82991E+09  0.32068E+10  0.36730E+10  0.36730E+10
     2.60000  0.26956E+10  0.57544E+09  0.27645E+10  0.30072E+10  0.30072E+10
     2.80000  0.22830E+10  0.37524E+09  0.23464E+10  0.24621E+10  0.24621E+10
     3.00000  0.19169E+10  0.22690E+09  0.19671E+10  0.20158E+10  0.20158E+10
