 Ite ALT.[km]   Ext[km-1]   Ext_err_retr[km-1]  Ext_err_smooth[km-1]   Ext_prior
 i[km-1]   Ext_err_priori[km-1]  version   2.300000    
  7      0.00000  0.11823E+00  0.23781E-01  0.39979E-01  0.15635E+00  0.15635E+00
  7      0.20000  0.48698E-01  0.76591E-02  0.37130E-01  0.12801E+00  0.12801E+00
  7      0.40000  0.36686E-01  0.22387E-01  0.32240E-01  0.10480E+00  0.10480E+00
  7      0.60000  0.68037E-01  0.12415E-01  0.39884E-01  0.85805E-01  0.85805E-01
  7      0.80000  0.93621E-01  0.65587E-02  0.43632E-01  0.70251E-01  0.70251E-01
  7      1.00000  0.95604E-01  0.12658E-01  0.36800E-01  0.57517E-01  0.57517E-01
  7      1.20000  0.82442E-01  0.12784E-01  0.31940E-01  0.47091E-01  0.47091E-01
  7      1.40000  0.65321E-01  0.10062E-01  0.29492E-01  0.38555E-01  0.38555E-01
  7      1.60000  0.49962E-01  0.70252E-02  0.26821E-01  0.31566E-01  0.31566E-01
  7      1.80000  0.37873E-01  0.46056E-02  0.23531E-01  0.25844E-01  0.25844E-01
  7      2.00000  0.28809E-01  0.29257E-02  0.20075E-01  0.21159E-01  0.21159E-01
  7      2.20000  0.22103E-01  0.18422E-02  0.16825E-01  0.17324E-01  0.17324E-01
  7      2.40000  0.17130E-01  0.11753E-02  0.13954E-01  0.14183E-01  0.14183E-01
  7      2.60000  0.13401E-01  0.77010E-03  0.11506E-01  0.11612E-01  0.11612E-01
  7      2.80000  0.10546E-01  0.49779E-03  0.94600E-02  0.95074E-02  0.95074E-02
  7      3.00000  0.83049E-02  0.27541E-03  0.77681E-02  0.77840E-02  0.77840E-02
