 Ite ALT.[km]   Ext[km-1]   Ext_err_retr[km-1]  Ext_err_smooth[km-1]   Ext_prior
 i[km-1]   Ext_err_priori[km-1]  version   2.300000    
  5      0.00000  0.59821E-01  0.14480E-01  0.26488E-01  0.99256E-01  0.99256E-01
  5      0.20000  0.73275E-01  0.76052E-02  0.25070E-01  0.81264E-01  0.81264E-01
  5      0.40000  0.79747E-01  0.13798E-01  0.26387E-01  0.66533E-01  0.66533E-01
  5      0.60000  0.63406E-01  0.66196E-02  0.26749E-01  0.54473E-01  0.54473E-01
  5      0.80000  0.42549E-01  0.81497E-02  0.28021E-01  0.44599E-01  0.44599E-01
  5      1.00000  0.29069E-01  0.10204E-01  0.26398E-01  0.36514E-01  0.36514E-01
  5      1.20000  0.22157E-01  0.87357E-02  0.24211E-01  0.29895E-01  0.29895E-01
  5      1.40000  0.18434E-01  0.62591E-02  0.21633E-01  0.24476E-01  0.24476E-01
  5      1.60000  0.15928E-01  0.40507E-02  0.18758E-01  0.20039E-01  0.20039E-01
  5      1.80000  0.13856E-01  0.24302E-02  0.15885E-01  0.16407E-01  0.16407E-01
  5      2.00000  0.11977E-01  0.13550E-02  0.13245E-01  0.13433E-01  0.13433E-01
  5      2.20000  0.10247E-01  0.69267E-03  0.10940E-01  0.10998E-01  0.10998E-01
  5      2.40000  0.86749E-02  0.31688E-03  0.89905E-02  0.90043E-02  0.90043E-02
  5      2.60000  0.72741E-02  0.13946E-03  0.73692E-02  0.73721E-02  0.73721E-02
  5      2.80000  0.60426E-02  0.91129E-04  0.60343E-02  0.60358E-02  0.60358E-02
  5      3.00000  0.49716E-02  0.64284E-04  0.49407E-02  0.49417E-02  0.49417E-02
