    ALT.[km]   NO2[mol/cm3]   NO2_err_retr[mol/cm3]   NO2_err_smooth[mol/cm3]   
 NO2_priori[mol/cm3]  NO2_err_priori[mol/cm3]   version    2.300000    
     0.00000  0.16248E+11  0.18818E+10  0.14318E+10  0.12597E+11  0.12597E+11
     0.20000  0.13090E+11  0.81103E+09  0.15327E+10  0.10314E+11  0.10314E+11
     0.40000  0.99823E+10  0.11226E+10  0.17549E+10  0.84442E+10  0.84442E+10
     0.60000  0.73151E+10  0.12176E+10  0.14360E+10  0.69135E+10  0.69135E+10
     0.80000  0.53500E+10  0.98236E+09  0.17022E+10  0.56603E+10  0.56603E+10
     1.00000  0.40901E+10  0.94162E+09  0.19408E+10  0.46343E+10  0.46343E+10
     1.20000  0.33423E+10  0.10811E+10  0.18692E+10  0.37942E+10  0.37942E+10
     1.40000  0.28677E+10  0.11063E+10  0.16950E+10  0.31065E+10  0.31065E+10
     1.60000  0.24943E+10  0.98041E+09  0.15672E+10  0.25434E+10  0.25434E+10
     1.80000  0.21448E+10  0.77963E+09  0.14679E+10  0.20823E+10  0.20823E+10
     2.00000  0.18073E+10  0.57480E+09  0.13485E+10  0.17049E+10  0.17049E+10
     2.20000  0.14951E+10  0.40214E+09  0.12014E+10  0.13958E+10  0.13958E+10
     2.40000  0.12212E+10  0.27041E+09  0.10419E+10  0.11428E+10  0.11428E+10
     2.60000  0.99055E+09  0.17508E+09  0.88616E+09  0.93565E+09  0.93565E+09
     2.80000  0.80113E+09  0.10825E+09  0.74360E+09  0.76604E+09  0.76604E+09
     3.00000  0.64777E+09  0.62910E+08  0.61811E+09  0.62718E+09  0.62718E+09
