 Ite ALT.[km]   Ext[km-1]   Ext_err_retr[km-1]  Ext_err_smooth[km-1]   Ext_prior
 i[km-1]   Ext_err_priori[km-1]  version   2.300000    
 10      0.00000  0.94843E-01  0.13443E-01  0.23189E-01  0.80377E-01  0.80377E-01
 10      0.20000  0.84067E-01  0.56624E-02  0.21607E-01  0.65807E-01  0.65807E-01
 10      0.40000  0.60881E-01  0.97358E-02  0.23646E-01  0.53878E-01  0.53878E-01
 10      0.60000  0.35075E-01  0.80009E-02  0.21476E-01  0.44112E-01  0.44112E-01
 10      0.80000  0.18421E-01  0.70705E-02  0.23649E-01  0.36116E-01  0.36116E-01
 10      1.00000  0.11237E-01  0.73775E-02  0.22896E-01  0.29569E-01  0.29569E-01
 10      1.20000  0.90563E-02  0.66248E-02  0.20428E-01  0.24209E-01  0.24209E-01
 10      1.40000  0.86328E-02  0.52449E-02  0.17656E-01  0.19821E-01  0.19821E-01
 10      1.60000  0.85189E-02  0.38343E-02  0.15021E-01  0.16228E-01  0.16228E-01
 10      1.80000  0.82374E-02  0.26587E-02  0.12638E-01  0.13286E-01  0.13286E-01
 10      2.00000  0.77120E-02  0.17749E-02  0.10542E-01  0.10878E-01  0.10878E-01
 10      2.20000  0.70032E-02  0.11510E-02  0.87374E-02  0.89060E-02  0.89060E-02
 10      2.40000  0.61998E-02  0.73083E-03  0.72086E-02  0.72917E-02  0.72917E-02
 10      2.60000  0.53778E-02  0.45711E-03  0.59294E-02  0.59699E-02  0.59699E-02
 10      2.80000  0.45914E-02  0.27570E-03  0.48691E-02  0.48877E-02  0.48877E-02
 10      3.00000  0.38734E-02  0.14435E-03  0.39953E-02  0.40017E-02  0.40017E-02
