    ALT.[km]   NO2[mol/cm3]   NO2_err_retr[mol/cm3]   NO2_err_smooth[mol/cm3]   
 NO2_priori[mol/cm3]  NO2_err_priori[mol/cm3]   version    2.300000    
     0.00000  0.25391E+11  0.24209E+10  0.25893E+10  0.18503E+11  0.18503E+11
     0.20000  0.27917E+11  0.13022E+10  0.22736E+10  0.15149E+11  0.15149E+11
     0.40000  0.26125E+11  0.16856E+10  0.36128E+10  0.12403E+11  0.12403E+11
     0.60000  0.20215E+11  0.17084E+10  0.33941E+10  0.10154E+11  0.10154E+11
     0.80000  0.12638E+11  0.12923E+10  0.30497E+10  0.83138E+10  0.83138E+10
     1.00000  0.59938E+10  0.10507E+10  0.30236E+10  0.68067E+10  0.68067E+10
     1.20000  0.15848E+10  0.11131E+10  0.30244E+10  0.55729E+10  0.55729E+10
     1.40000 -0.63442E+09  0.11389E+10  0.29043E+10  0.45627E+10  0.45627E+10
     1.60000 -0.13592E+10  0.10342E+10  0.26838E+10  0.37356E+10  0.37356E+10
     1.80000 -0.13060E+10  0.85621E+09  0.24077E+10  0.30585E+10  0.30585E+10
     2.00000 -0.95457E+09  0.66545E+09  0.21113E+10  0.25041E+10  0.25041E+10
     2.20000 -0.55107E+09  0.49415E+09  0.18195E+10  0.20501E+10  0.20501E+10
     2.40000 -0.19467E+09  0.35271E+09  0.15481E+10  0.16785E+10  0.16785E+10
     2.60000  0.86126E+08  0.24103E+09  0.13048E+10  0.13743E+10  0.13743E+10
     2.80000  0.28846E+09  0.15587E+09  0.10913E+10  0.11251E+10  0.11251E+10
     3.00000  0.41597E+09  0.93835E+08  0.90671E+09  0.92119E+09  0.92119E+09
