 Ite ALT.[km]   Ext[km-1]   Ext_err_retr[km-1]  Ext_err_smooth[km-1]   Ext_prior
 i[km-1]   Ext_err_priori[km-1]  version   2.300000    
  6      0.00000  0.51094E-01  0.16594E-01  0.20294E-01  0.12715E+00  0.12715E+00
  6      0.20000  0.12304E+00  0.13987E-01  0.27480E-01  0.10410E+00  0.10410E+00
  6      0.40000  0.14596E+00  0.18497E-01  0.25768E-01  0.85229E-01  0.85229E-01
  6      0.60000  0.99785E-01  0.47515E-02  0.36299E-01  0.69780E-01  0.69780E-01
  6      0.80000  0.51665E-01  0.12448E-01  0.33831E-01  0.57131E-01  0.57131E-01
  6      1.00000  0.28711E-01  0.13885E-01  0.30831E-01  0.46775E-01  0.46775E-01
  6      1.20000  0.21576E-01  0.10899E-01  0.29438E-01  0.38296E-01  0.38296E-01
  6      1.40000  0.19715E-01  0.75300E-02  0.26981E-01  0.31354E-01  0.31354E-01
  6      1.60000  0.18751E-01  0.49952E-02  0.23606E-01  0.25671E-01  0.25671E-01
  6      1.80000  0.17506E-01  0.33528E-02  0.20036E-01  0.21017E-01  0.21017E-01
  6      2.00000  0.15862E-01  0.23636E-02  0.16709E-01  0.17207E-01  0.17207E-01
  6      2.20000  0.13978E-01  0.17660E-02  0.13803E-01  0.14088E-01  0.14088E-01
  6      2.40000  0.12038E-01  0.13689E-02  0.11350E-01  0.11535E-01  0.11535E-01
  6      2.60000  0.10168E-01  0.10605E-02  0.93171E-02  0.94437E-02  0.94437E-02
  6      2.80000  0.84079E-02  0.76495E-03  0.76535E-02  0.77318E-02  0.77318E-02
  6      3.00000  0.67754E-02  0.44785E-03  0.62978E-02  0.63303E-02  0.63303E-02
