 1      1.00000  0.36780E+44  0.26223E+44  0.10557E+44      28.7034479     81.0686819      0.1000000
 1      2.00000  0.36070E+44  0.29414E+44  0.66556E+43      18.4517851     81.0686819      0.1000000
 1      3.00000  0.36010E+44  0.32389E+44  0.36213E+43      10.0565077     81.0686819      0.1000000
 1      5.00000  0.35860E+44  0.34237E+44  0.16233E+43       4.5268286     81.0686819      0.1000000
 1     10.00000  0.28770E+44  0.28146E+44  0.62363E+42       2.1676357     81.0686819      0.1000000
 1     30.00000  0.10620E+44  0.11648E+44 -0.10275E+43      -9.6751526     81.0686819      0.1000000
  
 2      1.00000  0.36780E+44  0.26223E+44  0.10557E+44      28.7034479     81.0686819      1.0000000
 2      2.00000  0.36070E+44  0.29414E+44  0.66556E+43      18.4517851     81.0686819      1.0000000
 2      3.00000  0.36010E+44  0.32389E+44  0.36213E+43      10.0565077     81.0686819      1.0000000
 2      5.00000  0.35860E+44  0.34237E+44  0.16233E+43       4.5268286     81.0686819      1.0000000
 2     10.00000  0.28770E+44  0.28146E+44  0.62363E+42       2.1676357     81.0686819      1.0000000
 2     30.00000  0.10620E+44  0.11648E+44 -0.10275E+43      -9.6751526     81.0686819      1.0000000
  
 3      1.00000  0.36780E+44  0.42835E+44 -0.60549E+43     -16.4623859     19.1486183      0.5000000
 3      2.00000  0.36070E+44  0.37626E+44 -0.15560E+43      -4.3138444     19.1486183      0.5000000
 3      3.00000  0.36010E+44  0.36849E+44 -0.83914E+42      -2.3302905     19.1486183      0.5000000
 3      5.00000  0.35860E+44  0.35856E+44  0.38987E+40       0.0108719     19.1486183      0.5000000
 3     10.00000  0.28770E+44  0.28437E+44  0.33265E+42       1.1562447     19.1486183      0.5000000
 3     30.00000  0.10620E+44  0.11595E+44 -0.97496E+42      -9.1804432     19.1486183      0.5000000
  
 4      1.00000  0.36780E+44  0.37324E+44 -0.54445E+42      -1.4802937      0.7690111      0.2500000
 4      2.00000  0.36070E+44  0.35962E+44  0.10796E+42       0.2992994      0.7690111      0.2500000
 4      3.00000  0.36010E+44  0.36272E+44 -0.26215E+42      -0.7279836      0.7690111      0.2500000
 4      5.00000  0.35860E+44  0.35821E+44  0.39275E+41       0.1095219      0.7690111      0.2500000
 4     10.00000  0.28770E+44  0.28513E+44  0.25708E+42       0.8935619      0.7690111      0.2500000
 4     30.00000  0.10620E+44  0.11622E+44 -0.10023E+43      -9.4378148      0.7690111      0.2500000
  
 5      1.00000  0.36780E+44  0.36814E+44 -0.34043E+41      -0.0925593      0.6413317      0.1250000
 5      2.00000  0.36070E+44  0.35860E+44  0.20993E+42       0.5820130      0.6413317      0.1250000
 5      3.00000  0.36010E+44  0.36264E+44 -0.25362E+42      -0.7043172      0.6413317      0.1250000
 5      5.00000  0.35860E+44  0.35838E+44  0.21669E+41       0.0604270      0.6413317      0.1250000
 5     10.00000  0.28770E+44  0.28525E+44  0.24458E+42       0.8501189      0.6413317      0.1250000
 5     30.00000  0.10620E+44  0.11625E+44 -0.10045E+43      -9.4587510      0.6413317      0.1250000
  
