 1      1.00000  0.26710E+44  0.31539E+44 -0.48292E+43     -18.0799784     56.3318807      0.1000000
 1      2.00000  0.30170E+44  0.35509E+44 -0.53390E+43     -17.6962649     56.3318807      0.1000000
 1      3.00000  0.31770E+44  0.39277E+44 -0.75070E+43     -23.6293053     56.3318807      0.1000000
 1      5.00000  0.33110E+44  0.40333E+44 -0.72233E+43     -21.8161904     56.3318807      0.1000000
 1     10.00000  0.28430E+44  0.29821E+44 -0.13910E+43      -4.8928127     56.3318807      0.1000000
 1     30.00000  0.10820E+44  0.10263E+44  0.55749E+42       5.1523822     56.3318807      0.1000000
  
 2      1.00000  0.26710E+44  0.25156E+44  0.15536E+43       5.8166838      4.6375613      0.0500000
 2      2.00000  0.30170E+44  0.27463E+44  0.27066E+43       8.9710277      4.6375613      0.0500000
 2      3.00000  0.31770E+44  0.30340E+44  0.14302E+43       4.5018712      4.6375613      0.0500000
 2      5.00000  0.33110E+44  0.33282E+44 -0.17203E+42      -0.5195767      4.6375613      0.0500000
 2     10.00000  0.28430E+44  0.27295E+44  0.11354E+43       3.9937930      4.6375613      0.0500000
 2     30.00000  0.10820E+44  0.10150E+44  0.66970E+42       6.1895101      4.6375613      0.0500000
  
 3      1.00000  0.26710E+44  0.27526E+44 -0.81572E+42      -3.0539883      1.1286742      0.0250000
 3      2.00000  0.30170E+44  0.30130E+44  0.40451E+41       0.1340782      1.1286742      0.0250000
 3      3.00000  0.31770E+44  0.32164E+44 -0.39430E+42      -1.2410957      1.1286742      0.0250000
 3      5.00000  0.33110E+44  0.33898E+44 -0.78779E+42      -2.3793262      1.1286742      0.0250000
 3     10.00000  0.28430E+44  0.27475E+44  0.95462E+42       3.3577988      1.1286742      0.0250000
 3     30.00000  0.10820E+44  0.10205E+44  0.61527E+42       5.6864056      1.1286742      0.0250000
  
 4      1.00000  0.26710E+44  0.26916E+44 -0.20565E+42      -0.7699483      0.9317308      0.0125000
 4      2.00000  0.30170E+44  0.29684E+44  0.48574E+42       1.6100031      0.9317308      0.0125000
 4      3.00000  0.31770E+44  0.31898E+44 -0.12806E+42      -0.4030901      0.9317308      0.0125000
 4      5.00000  0.33110E+44  0.33811E+44 -0.70114E+42      -2.1176071      0.9317308      0.0125000
 4     10.00000  0.28430E+44  0.27454E+44  0.97618E+42       3.4336294      0.9317308      0.0125000
 4     30.00000  0.10820E+44  0.10200E+44  0.62035E+42       5.7334008      0.9317308      0.0125000
  
 5      1.00000  0.26710E+44  0.26917E+44 -0.20667E+42      -0.7737654      0.9306987      0.0062500
 5      2.00000  0.30170E+44  0.29684E+44  0.48626E+42       1.6117387      0.9306987      0.0062500
 5      3.00000  0.31770E+44  0.31895E+44 -0.12544E+42      -0.3948496      0.9306987      0.0062500
 5      5.00000  0.33110E+44  0.33806E+44 -0.69605E+42      -2.1022480      0.9306987      0.0062500
 5     10.00000  0.28430E+44  0.27452E+44  0.97758E+42       3.4385566      0.9306987      0.0062500
 5     30.00000  0.10820E+44  0.10200E+44  0.61979E+42       5.7282264      0.9306987      0.0062500
  
 6      1.00000  0.26710E+44  0.26917E+44 -0.20673E+42      -0.7739957      0.9306830      0.0031250
 6      2.00000  0.30170E+44  0.29684E+44  0.48579E+42       1.6101653      0.9306830      0.0031250
 6      3.00000  0.31770E+44  0.31896E+44 -0.12565E+42      -0.3954870      0.9306830      0.0031250
 6      5.00000  0.33110E+44  0.33806E+44 -0.69590E+42      -2.1017770      0.9306830      0.0031250
 6     10.00000  0.28430E+44  0.27452E+44  0.97775E+42       3.4391569      0.9306830      0.0031250
 6     30.00000  0.10820E+44  0.10200E+44  0.61984E+42       5.7286226      0.9306830      0.0031250
  
 7      1.00000  0.26710E+44  0.26917E+44 -0.20659E+42      -0.7734732      0.9306678      0.0015625
 7      2.00000  0.30170E+44  0.29684E+44  0.48572E+42       1.6099575      0.9306678      0.0015625
 7      3.00000  0.31770E+44  0.31896E+44 -0.12564E+42      -0.3954699      0.9306678      0.0015625
 7      5.00000  0.33110E+44  0.33806E+44 -0.69582E+42      -2.1015458      0.9306678      0.0015625
 7     10.00000  0.28430E+44  0.27452E+44  0.97780E+42       3.4393385      0.9306678      0.0015625
 7     30.00000  0.10820E+44  0.10200E+44  0.61985E+42       5.7287202      0.9306678      0.0015625
  
