 1      1.00000  0.34130E+44  0.27369E+44  0.67609E+43      19.8093180     37.2840054      0.1000000
 1      2.00000  0.34360E+44  0.30758E+44  0.36016E+43      10.4818824     37.2840054      0.1000000
 1      3.00000  0.33310E+44  0.34008E+44 -0.69764E+42      -2.0943791     37.2840054      0.1000000
 1      5.00000  0.32290E+44  0.36064E+44 -0.37735E+43     -11.6862869     37.2840054      0.1000000
 1     10.00000  0.27990E+44  0.29733E+44 -0.17430E+43      -6.2272337     37.2840054      0.1000000
 1     30.00000  0.12330E+44  0.13110E+44 -0.77952E+42      -6.3221320     37.2840054      0.1000000
  
 2      1.00000  0.34130E+44  0.27369E+44  0.67609E+43      19.8093180     37.2840054      1.0000000
 2      2.00000  0.34360E+44  0.30758E+44  0.36016E+43      10.4818824     37.2840054      1.0000000
 2      3.00000  0.33310E+44  0.34008E+44 -0.69764E+42      -2.0943791     37.2840054      1.0000000
 2      5.00000  0.32290E+44  0.36064E+44 -0.37735E+43     -11.6862869     37.2840054      1.0000000
 2     10.00000  0.27990E+44  0.29733E+44 -0.17430E+43      -6.2272337     37.2840054      1.0000000
 2     30.00000  0.12330E+44  0.13110E+44 -0.77952E+42      -6.3221320     37.2840054      1.0000000
  
 3      1.00000  0.34130E+44  0.40360E+44 -0.62299E+43     -18.2534430     27.1881655      0.5000000
 3      2.00000  0.34360E+44  0.37459E+44 -0.30988E+43      -9.0187686     27.1881655      0.5000000
 3      3.00000  0.33310E+44  0.35682E+44 -0.23724E+43      -7.1221322     27.1881655      0.5000000
 3      5.00000  0.32290E+44  0.33977E+44 -0.16872E+43      -5.2250007     27.1881655      0.5000000
 3     10.00000  0.27990E+44  0.27926E+44  0.64016E+41       0.2287109     27.1881655      0.5000000
 3     30.00000  0.12330E+44  0.12659E+44 -0.32918E+42      -2.6697109     27.1881655      0.5000000
  
 4      1.00000  0.34130E+44  0.34909E+44 -0.77871E+42      -2.2816047      0.7359710      0.2500000
 4      2.00000  0.34360E+44  0.34157E+44  0.20279E+42       0.5901960      0.7359710      0.2500000
 4      3.00000  0.33310E+44  0.33459E+44 -0.14897E+42      -0.4472232      0.7359710      0.2500000
 4      5.00000  0.32290E+44  0.32757E+44 -0.46713E+42      -1.4466857      0.7359710      0.2500000
 4     10.00000  0.27990E+44  0.27498E+44  0.49211E+42       1.7581531      0.7359710      0.2500000
 4     30.00000  0.12330E+44  0.12637E+44 -0.30654E+42      -2.4861288      0.7359710      0.2500000
  
 5      1.00000  0.34130E+44  0.34269E+44 -0.13878E+42      -0.4066282      0.5023153      0.1250000
 5      2.00000  0.34360E+44  0.33924E+44  0.43648E+42       1.2703195      0.5023153      0.1250000
 5      3.00000  0.33310E+44  0.33363E+44 -0.53162E+41      -0.1595991      0.5023153      0.1250000
 5      5.00000  0.32290E+44  0.32748E+44 -0.45847E+42      -1.4198421      0.5023153      0.1250000
 5     10.00000  0.27990E+44  0.27512E+44  0.47802E+42       1.7078271      0.5023153      0.1250000
 5     30.00000  0.12330E+44  0.12643E+44 -0.31254E+42      -2.5347563      0.5023153      0.1250000
  
