 1      1.00000  0.37920E+44  0.29191E+44  0.87293E+43      23.0202657     62.0847579      0.1000000
 1      2.00000  0.41930E+44  0.33389E+44  0.85412E+43      20.3701787     62.0847579      0.1000000
 1      3.00000  0.42880E+44  0.37410E+44  0.54698E+43      12.7560972     62.0847579      0.1000000
 1      5.00000  0.40220E+44  0.39105E+44  0.11151E+43       2.7726057     62.0847579      0.1000000
 1     10.00000  0.31270E+44  0.29826E+44  0.14444E+43       4.6191200     62.0847579      0.1000000
 1     30.00000  0.12030E+44  0.11546E+44  0.48379E+42       4.0215256     62.0847579      0.1000000
  
 2      1.00000  0.37920E+44  0.29191E+44  0.87293E+43      23.0202657     62.0847579      1.0000000
 2      2.00000  0.41930E+44  0.33389E+44  0.85412E+43      20.3701787     62.0847579      1.0000000
 2      3.00000  0.42880E+44  0.37410E+44  0.54698E+43      12.7560972     62.0847579      1.0000000
 2      5.00000  0.40220E+44  0.39105E+44  0.11151E+43       2.7726057     62.0847579      1.0000000
 2     10.00000  0.31270E+44  0.29826E+44  0.14444E+43       4.6191200     62.0847579      1.0000000
 2     30.00000  0.12030E+44  0.11546E+44  0.48379E+42       4.0215256     62.0847579      1.0000000
  
 3      1.00000  0.37920E+44  0.46235E+44 -0.83148E+43     -21.9272825     25.8498345      0.5000000
 3      2.00000  0.41930E+44  0.44152E+44 -0.22216E+43      -5.2984366     25.8498345      0.5000000
 3      3.00000  0.42880E+44  0.43558E+44 -0.67814E+42      -1.5814795     25.8498345      0.5000000
 3      5.00000  0.40220E+44  0.41458E+44 -0.12385E+43      -3.0792318     25.8498345      0.5000000
 3     10.00000  0.31270E+44  0.30521E+44  0.74889E+42       2.3949191     25.8498345      0.5000000
 3     30.00000  0.12030E+44  0.11570E+44  0.45952E+42       3.8197682     25.8498345      0.5000000
  
 4      1.00000  0.37920E+44  0.39094E+44 -0.11737E+43      -3.0950840      1.4367139      0.2500000
 4      2.00000  0.41930E+44  0.41628E+44  0.30177E+42       0.7196945      1.4367139      0.2500000
 4      3.00000  0.42880E+44  0.42616E+44  0.26433E+42       0.6164404      1.4367139      0.2500000
 4      5.00000  0.40220E+44  0.41314E+44 -0.10944E+43      -2.7209474      1.4367139      0.2500000
 4     10.00000  0.31270E+44  0.30541E+44  0.72871E+42       2.3303927      1.4367139      0.2500000
 4     30.00000  0.12030E+44  0.11596E+44  0.43395E+42       3.6072699      1.4367139      0.2500000
  
 5      1.00000  0.37920E+44  0.38172E+44 -0.25224E+42      -0.6651779      1.0941351      0.1250000
 5      2.00000  0.41930E+44  0.41407E+44  0.52257E+42       1.2462965      1.0941351      0.1250000
 5      3.00000  0.42880E+44  0.42583E+44  0.29709E+42       0.6928488      1.0941351      0.1250000
 5      5.00000  0.40220E+44  0.41344E+44 -0.11240E+43      -2.7945358      1.0941351      0.1250000
 5     10.00000  0.31270E+44  0.30563E+44  0.70712E+42       2.2613413      1.0941351      0.1250000
 5     30.00000  0.12030E+44  0.11604E+44  0.42647E+42       3.5450569      1.0941351      0.1250000
  
