 1      1.00000  0.40500E+44  0.54593E+44 -0.14093E+44     -34.7987045    153.8779180      0.1000000
 1      2.00000  0.44470E+44  0.60581E+44 -0.16111E+44     -36.2295251    153.8779180      0.1000000
 1      3.00000  0.47110E+44  0.65768E+44 -0.18658E+44     -39.6050750    153.8779180      0.1000000
 1      5.00000  0.48260E+44  0.62938E+44 -0.14678E+44     -30.4147077    153.8779180      0.1000000
 1     10.00000  0.40900E+44  0.39418E+44  0.14824E+43       3.6244940    153.8779180      0.1000000
 1     30.00000  0.14260E+44  0.77117E+43  0.65483E+43      45.9207565    153.8779180      0.1000000
  
 2      1.00000  0.40500E+44  0.39875E+44  0.62454E+42       1.5420861     17.1329185      0.0500000
 2      2.00000  0.44470E+44  0.42246E+44  0.22241E+43       5.0013226     17.1329185      0.0500000
 2      3.00000  0.47110E+44  0.45904E+44  0.12060E+43       2.5600378     17.1329185      0.0500000
 2      5.00000  0.48260E+44  0.49428E+44 -0.11684E+43      -2.4210412     17.1329185      0.0500000
 2     10.00000  0.40900E+44  0.35929E+44  0.49715E+43      12.1551832     17.1329185      0.0500000
 2     30.00000  0.14260E+44  0.73619E+43  0.68981E+43      48.3735799     17.1329185      0.0500000
  
 3      1.00000  0.40500E+44  0.40895E+44 -0.39532E+42      -0.9760960     15.1144472      0.0250000
 3      2.00000  0.44470E+44  0.44763E+44 -0.29257E+42      -0.6578966     15.1144472      0.0250000
 3      3.00000  0.47110E+44  0.48074E+44 -0.96387E+42      -2.0459964     15.1144472      0.0250000
 3      5.00000  0.48260E+44  0.50295E+44 -0.20354E+43      -4.2175217     15.1144472      0.0250000
 3     10.00000  0.40900E+44  0.36603E+44  0.42971E+43      10.5062468     15.1144472      0.0250000
 3     30.00000  0.14260E+44  0.76399E+43  0.66201E+43      46.4245461     15.1144472      0.0250000
  
 4      1.00000  0.40500E+44  0.40895E+44 -0.39532E+42      -0.9760960     15.1144472      0.2500000
 4      2.00000  0.44470E+44  0.44763E+44 -0.29257E+42      -0.6578966     15.1144472      0.2500000
 4      3.00000  0.47110E+44  0.48074E+44 -0.96387E+42      -2.0459964     15.1144472      0.2500000
 4      5.00000  0.48260E+44  0.50295E+44 -0.20354E+43      -4.2175217     15.1144472      0.2500000
 4     10.00000  0.40900E+44  0.36603E+44  0.42971E+43      10.5062468     15.1144472      0.2500000
 4     30.00000  0.14260E+44  0.76399E+43  0.66201E+43      46.4245461     15.1144472      0.2500000
  
 5      1.00000  0.40500E+44  0.40895E+44 -0.39532E+42      -0.9760960     15.1144472      2.5000000
 5      2.00000  0.44470E+44  0.44763E+44 -0.29257E+42      -0.6578966     15.1144472      2.5000000
 5      3.00000  0.47110E+44  0.48074E+44 -0.96387E+42      -2.0459964     15.1144472      2.5000000
 5      5.00000  0.48260E+44  0.50295E+44 -0.20354E+43      -4.2175217     15.1144472      2.5000000
 5     10.00000  0.40900E+44  0.36603E+44  0.42971E+43      10.5062468     15.1144472      2.5000000
 5     30.00000  0.14260E+44  0.76399E+43  0.66201E+43      46.4245461     15.1144472      2.5000000
  
 6      1.00000  0.40500E+44  0.40895E+44 -0.39532E+42      -0.9760960     15.1144472     25.0000000
 6      2.00000  0.44470E+44  0.44763E+44 -0.29257E+42      -0.6578966     15.1144472     25.0000000
 6      3.00000  0.47110E+44  0.48074E+44 -0.96387E+42      -2.0459964     15.1144472     25.0000000
 6      5.00000  0.48260E+44  0.50295E+44 -0.20354E+43      -4.2175217     15.1144472     25.0000000
 6     10.00000  0.40900E+44  0.36603E+44  0.42971E+43      10.5062468     15.1144472     25.0000000
 6     30.00000  0.14260E+44  0.76399E+43  0.66201E+43      46.4245461     15.1144472     25.0000000
  
 7      1.00000  0.40500E+44  0.40895E+44 -0.39532E+42      -0.9760960     15.1144472    250.0000000
 7      2.00000  0.44470E+44  0.44763E+44 -0.29257E+42      -0.6578966     15.1144472    250.0000000
 7      3.00000  0.47110E+44  0.48074E+44 -0.96387E+42      -2.0459964     15.1144472    250.0000000
 7      5.00000  0.48260E+44  0.50295E+44 -0.20354E+43      -4.2175217     15.1144472    250.0000000
 7     10.00000  0.40900E+44  0.36603E+44  0.42971E+43      10.5062468     15.1144472    250.0000000
 7     30.00000  0.14260E+44  0.76399E+43  0.66201E+43      46.4245461     15.1144472    250.0000000
  
 8      1.00000  0.40500E+44  0.40554E+44 -0.53663E+41      -0.1325012     15.0454154    125.0000000
 8      2.00000  0.44470E+44  0.44010E+44  0.46024E+42       1.0349428     15.0454154    125.0000000
 8      3.00000  0.47110E+44  0.47714E+44 -0.60397E+42      -1.2820401     15.0454154    125.0000000
 8      5.00000  0.48260E+44  0.50534E+44 -0.22737E+43      -4.7113548     15.0454154    125.0000000
 8     10.00000  0.40900E+44  0.36609E+44  0.42905E+43      10.4903268     15.0454154    125.0000000
 8     30.00000  0.14260E+44  0.75876E+43  0.66724E+43      46.7911853     15.0454154    125.0000000
  
 9      1.00000  0.40500E+44  0.40548E+44 -0.48040E+41      -0.1186164     15.0212842     62.5000000
 9      2.00000  0.44470E+44  0.43779E+44  0.69059E+42       1.5529295     15.0212842     62.5000000
 9      3.00000  0.47110E+44  0.47543E+44 -0.43331E+42      -0.9197846     15.0212842     62.5000000
 9      5.00000  0.48260E+44  0.50537E+44 -0.22765E+43      -4.7171693     15.0212842     62.5000000
 9     10.00000  0.40900E+44  0.36619E+44  0.42809E+43      10.4666646     15.0212842     62.5000000
 9     30.00000  0.14260E+44  0.75886E+43  0.66714E+43      46.7840135     15.0212842     62.5000000
  
10      1.00000  0.40500E+44  0.40616E+44 -0.11649E+42      -0.2876256     15.0008093     31.2500000
10      2.00000  0.44470E+44  0.43737E+44  0.73296E+42       1.6482224     15.0008093     31.2500000
10      3.00000  0.47110E+44  0.47492E+44 -0.38192E+42      -0.8106920     15.0008093     31.2500000
10      5.00000  0.48260E+44  0.50528E+44 -0.22676E+43      -4.6987688     15.0008093     31.2500000
10     10.00000  0.40900E+44  0.36626E+44  0.42740E+43      10.4497560     15.0008093     31.2500000
10     30.00000  0.14260E+44  0.75930E+43  0.66670E+43      46.7533182     15.0008093     31.2500000
  
11      1.00000  0.40500E+44  0.40642E+44 -0.14210E+42      -0.3508647     14.9985155     15.6250000
11      2.00000  0.44470E+44  0.43725E+44  0.74464E+42       1.6744734     14.9985155     15.6250000
11      3.00000  0.47110E+44  0.47479E+44 -0.36898E+42      -0.7832316     14.9985155     15.6250000
11      5.00000  0.48260E+44  0.50530E+44 -0.22698E+43      -4.7031873     14.9985155     15.6250000
11     10.00000  0.40900E+44  0.36628E+44  0.42716E+43      10.4440740     14.9985155     15.6250000
11     30.00000  0.14260E+44  0.75937E+43  0.66663E+43      46.7481718     14.9985155     15.6250000
  
12      1.00000  0.40500E+44  0.40645E+44 -0.14473E+42      -0.3573688     14.9963689      7.8125000
12      2.00000  0.44470E+44  0.43726E+44  0.74366E+42       1.6722691     14.9963689      7.8125000
12      3.00000  0.47110E+44  0.47478E+44 -0.36770E+42      -0.7805241     14.9963689      7.8125000
12      5.00000  0.48260E+44  0.50528E+44 -0.22676E+43      -4.6987068     14.9963689      7.8125000
12     10.00000  0.40900E+44  0.36629E+44  0.42714E+43      10.4435184     14.9963689      7.8125000
12     30.00000  0.14260E+44  0.75942E+43  0.66658E+43      46.7450087     14.9963689      7.8125000
  
13      1.00000  0.40500E+44  0.40645E+44 -0.14473E+42      -0.3573688     14.9963689     78.1250000
13      2.00000  0.44470E+44  0.43726E+44  0.74366E+42       1.6722691     14.9963689     78.1250000
13      3.00000  0.47110E+44  0.47478E+44 -0.36770E+42      -0.7805241     14.9963689     78.1250000
13      5.00000  0.48260E+44  0.50528E+44 -0.22676E+43      -4.6987068     14.9963689     78.1250000
13     10.00000  0.40900E+44  0.36629E+44  0.42714E+43      10.4435184     14.9963689     78.1250000
13     30.00000  0.14260E+44  0.75942E+43  0.66658E+43      46.7450087     14.9963689     78.1250000
  
14      1.00000  0.40500E+44  0.40645E+44 -0.14473E+42      -0.3573688     14.9963689    781.2500000
14      2.00000  0.44470E+44  0.43726E+44  0.74366E+42       1.6722691     14.9963689    781.2500000
14      3.00000  0.47110E+44  0.47478E+44 -0.36770E+42      -0.7805241     14.9963689    781.2500000
14      5.00000  0.48260E+44  0.50528E+44 -0.22676E+43      -4.6987068     14.9963689    781.2500000
14     10.00000  0.40900E+44  0.36629E+44  0.42714E+43      10.4435184     14.9963689    781.2500000
14     30.00000  0.14260E+44  0.75942E+43  0.66658E+43      46.7450087     14.9963689    781.2500000
  
15      1.00000  0.40500E+44  0.40645E+44 -0.14473E+42      -0.3573688     14.9963689   7812.5000000
15      2.00000  0.44470E+44  0.43726E+44  0.74366E+42       1.6722691     14.9963689   7812.5000000
15      3.00000  0.47110E+44  0.47478E+44 -0.36770E+42      -0.7805241     14.9963689   7812.5000000
15      5.00000  0.48260E+44  0.50528E+44 -0.22676E+43      -4.6987068     14.9963689   7812.5000000
15     10.00000  0.40900E+44  0.36629E+44  0.42714E+43      10.4435184     14.9963689   7812.5000000
15     30.00000  0.14260E+44  0.75942E+43  0.66658E+43      46.7450087     14.9963689   7812.5000000
  
