 1      1.00000  0.23390E+44  0.20240E+44  0.31503E+43      13.4687827     37.9380944      0.1000000
 1      2.00000  0.25330E+44  0.21582E+44  0.37480E+43      14.7965779     37.9380944      0.1000000
 1      3.00000  0.26550E+44  0.22381E+44  0.41689E+43      15.7020053     37.9380944      0.1000000
 1      5.00000  0.26200E+44  0.21709E+44  0.44906E+43      17.1398371     37.9380944      0.1000000
 1     10.00000  0.18980E+44  0.15420E+44  0.35605E+43      18.7590507     37.9380944      0.1000000
 1     30.00000  0.36200E+43  0.19796E+43  0.16404E+43      45.3155246     37.9380944      0.1000000
  
 2      1.00000  0.23390E+44  0.27890E+44 -0.44995E+43     -19.2368815     27.8788331      0.0500000
 2      2.00000  0.25330E+44  0.29802E+44 -0.44723E+43     -17.6562912     27.8788331      0.0500000
 2      3.00000  0.26550E+44  0.30350E+44 -0.37998E+43     -14.3120359     27.8788331      0.0500000
 2      5.00000  0.26200E+44  0.27998E+44 -0.17976E+43      -6.8609494     27.8788331      0.0500000
 2     10.00000  0.18980E+44  0.18568E+44  0.41233E+42       2.1724699     27.8788331      0.0500000
 2     30.00000  0.36200E+43  0.26178E+43  0.10022E+43      27.6848262     27.8788331      0.0500000
  
 3      1.00000  0.23390E+44  0.24047E+44 -0.65660E+42      -2.8071679      2.1348415      0.0250000
 3      2.00000  0.25330E+44  0.25884E+44 -0.55443E+42      -2.1888448      2.1348415      0.0250000
 3      3.00000  0.26550E+44  0.27382E+44 -0.83176E+42      -3.1327928      2.1348415      0.0250000
 3      5.00000  0.26200E+44  0.26337E+44 -0.13686E+42      -0.5223528      2.1348415      0.0250000
 3     10.00000  0.18980E+44  0.17908E+44  0.10723E+43       5.6497609      2.1348415      0.0250000
 3     30.00000  0.36200E+43  0.24967E+43  0.11233E+43      31.0313163      2.1348415      0.0250000
  
 4      1.00000  0.23390E+44  0.23173E+44  0.21683E+42       0.9270225      1.6866378      0.0125000
 4      2.00000  0.25330E+44  0.25510E+44 -0.18017E+42      -0.7113058      1.6866378      0.0125000
 4      3.00000  0.26550E+44  0.27170E+44 -0.61996E+42      -2.3350843      1.6866378      0.0125000
 4      5.00000  0.26200E+44  0.26227E+44 -0.26901E+41      -0.1026742      1.6866378      0.0125000
 4     10.00000  0.18980E+44  0.17881E+44  0.10993E+43       5.7917229      1.6866378      0.0125000
 4     30.00000  0.36200E+43  0.24919E+43  0.11281E+43      31.1635390      1.6866378      0.0125000
  
 5      1.00000  0.23390E+44  0.23149E+44  0.24113E+42       1.0309092      1.6754489      0.0062500
 5      2.00000  0.25330E+44  0.25476E+44 -0.14650E+42      -0.5783486      1.6754489      0.0062500
 5      3.00000  0.26550E+44  0.27159E+44 -0.60945E+42      -2.2954620      1.6754489      0.0062500
 5      5.00000  0.26200E+44  0.26239E+44 -0.38910E+41      -0.1485103      1.6754489      0.0062500
 5     10.00000  0.18980E+44  0.17888E+44  0.10921E+43       5.7537163      1.6754489      0.0062500
 5     30.00000  0.36200E+43  0.24940E+43  0.11260E+43      31.1037279      1.6754489      0.0062500
  
