 1      1.00000  0.29150E+44  0.26227E+44  0.29230E+43      10.0275186     11.8182871      0.1000000
 1      2.00000  0.29310E+44  0.29499E+44 -0.18869E+42      -0.6437891     11.8182871      0.1000000
 1      3.00000  0.30620E+44  0.32555E+44 -0.19349E+43      -6.3192041     11.8182871      0.1000000
 1      5.00000  0.31250E+44  0.34454E+44 -0.32043E+43     -10.2538600     11.8182871      0.1000000
 1     10.00000  0.27020E+44  0.28255E+44 -0.12350E+43      -4.5707600     11.8182871      0.1000000
 1     30.00000  0.12190E+44  0.11695E+44  0.49496E+42       4.0603980     11.8182871      0.1000000
  
 2      1.00000  0.29150E+44  0.26227E+44  0.29230E+43      10.0275186     11.8182871      1.0000000
 2      2.00000  0.29310E+44  0.29499E+44 -0.18869E+42      -0.6437891     11.8182871      1.0000000
 2      3.00000  0.30620E+44  0.32555E+44 -0.19349E+43      -6.3192041     11.8182871      1.0000000
 2      5.00000  0.31250E+44  0.34454E+44 -0.32043E+43     -10.2538600     11.8182871      1.0000000
 2     10.00000  0.27020E+44  0.28255E+44 -0.12350E+43      -4.5707600     11.8182871      1.0000000
 2     30.00000  0.12190E+44  0.11695E+44  0.49496E+42       4.0603980     11.8182871      1.0000000
  
 3      1.00000  0.29150E+44  0.29981E+44 -0.83117E+42      -2.8513497      1.2241304      0.5000000
 3      2.00000  0.29310E+44  0.29992E+44 -0.68244E+42      -2.3283484      1.2241304      0.5000000
 3      3.00000  0.30620E+44  0.31018E+44 -0.39840E+42      -1.3011077      1.2241304      0.5000000
 3      5.00000  0.31250E+44  0.31972E+44 -0.72157E+42      -2.3090258      1.2241304      0.5000000
 3     10.00000  0.27020E+44  0.26837E+44  0.18331E+42       0.6784399      1.2241304      0.5000000
 3     30.00000  0.12190E+44  0.11451E+44  0.73890E+42       6.0615644      1.2241304      0.5000000
  
 4      1.00000  0.29150E+44  0.29154E+44 -0.41130E+40      -0.0141097      0.4810624      0.2500000
 4      2.00000  0.29310E+44  0.29310E+44  0.35980E+39       0.0012276      0.4810624      0.2500000
 4      3.00000  0.30620E+44  0.30487E+44  0.13255E+42       0.4328944      0.4810624      0.2500000
 4      5.00000  0.31250E+44  0.31660E+44 -0.41024E+42      -1.3127707      0.4810624      0.2500000
 4     10.00000  0.27020E+44  0.26722E+44  0.29786E+42       1.1023739      0.4810624      0.2500000
 4     30.00000  0.12190E+44  0.11443E+44  0.74732E+42       6.1306108      0.4810624      0.2500000
  
 5      1.00000  0.29150E+44  0.29136E+44  0.13637E+41       0.0467815      0.4810242      0.1250000
 5      2.00000  0.29310E+44  0.29304E+44  0.59873E+40       0.0204276      0.4810242      0.1250000
 5      3.00000  0.30620E+44  0.30484E+44  0.13555E+42       0.4426860      0.4810242      0.1250000
 5      5.00000  0.31250E+44  0.31657E+44 -0.40714E+42      -1.3028439      0.4810242      0.1250000
 5     10.00000  0.27020E+44  0.26721E+44  0.29942E+42       1.1081293      0.4810242      0.1250000
 5     30.00000  0.12190E+44  0.11442E+44  0.74762E+42       6.1330881      0.4810242      0.1250000
  
 6      1.00000  0.29150E+44  0.29136E+44  0.13598E+41       0.0466472      0.4809965      0.0625000
 6      2.00000  0.29310E+44  0.29305E+44  0.54505E+40       0.0185959      0.4809965      0.0625000
 6      3.00000  0.30620E+44  0.30485E+44  0.13522E+42       0.4416003      0.4809965      0.0625000
 6      5.00000  0.31250E+44  0.31657E+44 -0.40699E+42      -1.3023742      0.4809965      0.0625000
 6     10.00000  0.27020E+44  0.26720E+44  0.29954E+42       1.1085701      0.4809965      0.0625000
 6     30.00000  0.12190E+44  0.11442E+44  0.74765E+42       6.1333308      0.4809965      0.0625000
  
