 1      1.00000  0.36730E+44  0.19299E+44  0.17431E+44      47.4567592    430.7142083      0.1000000
 1      2.00000  0.36330E+44  0.20428E+44  0.15902E+44      43.7698388    430.7142083      0.1000000
 1      3.00000  0.34980E+44  0.20805E+44  0.14175E+44      40.5225155    430.7142083      0.1000000
 1      5.00000  0.31420E+44  0.19456E+44  0.11964E+44      38.0768318    430.7142083      0.1000000
 1     10.00000  0.20980E+44  0.12974E+44  0.80057E+43      38.1588476    430.7142083      0.1000000
 1     30.00000  0.37450E+43  0.12262E+43  0.25188E+43      67.2582379    430.7142083      0.1000000
  
 2      1.00000  0.36730E+44  0.37955E+44 -0.12254E+43      -3.3361709      7.8363133      0.0500000
 2      2.00000  0.36330E+44  0.38721E+44 -0.23914E+43      -6.5823159      7.8363133      0.0500000
 2      3.00000  0.34980E+44  0.37355E+44 -0.23752E+43      -6.7902479      7.8363133      0.0500000
 2      5.00000  0.31420E+44  0.31808E+44 -0.38801E+42      -1.2349146      7.8363133      0.0500000
 2     10.00000  0.20980E+44  0.19152E+44  0.18281E+43       8.7135336      7.8363133      0.0500000
 2     30.00000  0.37450E+43  0.27314E+43  0.10136E+43      27.0655909      7.8363133      0.0500000
  
 3      1.00000  0.36730E+44  0.36815E+44 -0.84803E+41      -0.2308818      3.0226969      0.0250000
 3      2.00000  0.36330E+44  0.36200E+44  0.13000E+42       0.3578237      3.0226969      0.0250000
 3      3.00000  0.34980E+44  0.35483E+44 -0.50348E+42      -1.4393452      3.0226969      0.0250000
 3      5.00000  0.31420E+44  0.30917E+44  0.50343E+42       1.6022523      3.0226969      0.0250000
 3     10.00000  0.20980E+44  0.18884E+44  0.20963E+43       9.9918885      3.0226969      0.0250000
 3     30.00000  0.37450E+43  0.28329E+43  0.91215E+42      24.3563498      3.0226969      0.0250000
  
 4      1.00000  0.36730E+44  0.36449E+44  0.28134E+42       0.7659773      2.6370365      0.0125000
 4      2.00000  0.36330E+44  0.36335E+44 -0.46581E+40      -0.0128216      2.6370365      0.0125000
 4      3.00000  0.34980E+44  0.35828E+44 -0.84751E+42      -2.4228414      2.6370365      0.0125000
 4      5.00000  0.31420E+44  0.31297E+44  0.12278E+42       0.3907817      2.6370365      0.0125000
 4     10.00000  0.20980E+44  0.19112E+44  0.18676E+43       8.9015932      2.6370365      0.0125000
 4     30.00000  0.37450E+43  0.29171E+43  0.82794E+42      22.1078251      2.6370365      0.0125000
  
 5      1.00000  0.36730E+44  0.36459E+44  0.27108E+42       0.7380213      2.6257601      0.0062500
 5      2.00000  0.36330E+44  0.36339E+44 -0.89936E+40      -0.0247552      2.6257601      0.0062500
 5      3.00000  0.34980E+44  0.35836E+44 -0.85551E+42      -2.4457239      2.6257601      0.0062500
 5      5.00000  0.31420E+44  0.31309E+44  0.11089E+42       0.3529357      2.6257601      0.0062500
 5     10.00000  0.20980E+44  0.19120E+44  0.18598E+43       8.8644664      2.6257601      0.0062500
 5     30.00000  0.37450E+43  0.29263E+43  0.81873E+42      21.8620732      2.6257601      0.0062500
  
 6      1.00000  0.36730E+44  0.36459E+44  0.27143E+42       0.7389951      2.6243067      0.0031250
 6      2.00000  0.36330E+44  0.36337E+44 -0.67075E+40      -0.0184626      2.6243067      0.0031250
 6      3.00000  0.34980E+44  0.35834E+44 -0.85447E+42      -2.4427439      2.6243067      0.0031250
 6      5.00000  0.31420E+44  0.31309E+44  0.11065E+42       0.3521740      2.6243067      0.0031250
 6     10.00000  0.20980E+44  0.19121E+44  0.18593E+43       8.8623878      2.6243067      0.0031250
 6     30.00000  0.37450E+43  0.29270E+43  0.81805E+42      21.8437186      2.6243067      0.0031250
  
 7      1.00000  0.36730E+44  0.36459E+44  0.27123E+42       0.7384354      2.6240903      0.0015625
 7      2.00000  0.36330E+44  0.36337E+44 -0.71450E+40      -0.0196669      2.6240903      0.0015625
 7      3.00000  0.34980E+44  0.35835E+44 -0.85500E+42      -2.4442419      2.6240903      0.0015625
 7      5.00000  0.31420E+44  0.31310E+44  0.11018E+42       0.3506537      2.6240903      0.0015625
 7     10.00000  0.20980E+44  0.19121E+44  0.18591E+43       8.8611122      2.6240903      0.0015625
 7     30.00000  0.37450E+43  0.29271E+43  0.81792E+42      21.8403223      2.6240903      0.0015625
  
 8      1.00000  0.36730E+44  0.36459E+44  0.27123E+42       0.7384449      2.6240847      0.0007813
 8      2.00000  0.36330E+44  0.36337E+44 -0.70960E+40      -0.0195322      2.6240847      0.0007813
 8      3.00000  0.34980E+44  0.35835E+44 -0.85496E+42      -2.4441349      2.6240847      0.0007813
 8      5.00000  0.31420E+44  0.31310E+44  0.11019E+42       0.3507116      2.6240847      0.0007813
 8     10.00000  0.20980E+44  0.19121E+44  0.18591E+43       8.8611454      2.6240847      0.0007813
 8     30.00000  0.37450E+43  0.29271E+43  0.81792E+42      21.8402358      2.6240847      0.0007813
  
 9      1.00000  0.36730E+44  0.36459E+44  0.27123E+42       0.7384388      2.6240820      0.0003906
 9      2.00000  0.36330E+44  0.36337E+44 -0.70999E+40      -0.0195429      2.6240820      0.0003906
 9      3.00000  0.34980E+44  0.35835E+44 -0.85496E+42      -2.4441316      2.6240820      0.0003906
 9      5.00000  0.31420E+44  0.31310E+44  0.11020E+42       0.3507215      2.6240820      0.0003906
 9     10.00000  0.20980E+44  0.19121E+44  0.18591E+43       8.8611503      2.6240820      0.0003906
 9     30.00000  0.37450E+43  0.29271E+43  0.81791E+42      21.8401525      2.6240820      0.0003906
  
10      1.00000  0.36730E+44  0.36459E+44  0.27123E+42       0.7384388      2.6240820      0.0039062
10      2.00000  0.36330E+44  0.36337E+44 -0.70999E+40      -0.0195429      2.6240820      0.0039062
10      3.00000  0.34980E+44  0.35835E+44 -0.85496E+42      -2.4441316      2.6240820      0.0039062
10      5.00000  0.31420E+44  0.31310E+44  0.11020E+42       0.3507215      2.6240820      0.0039062
10     10.00000  0.20980E+44  0.19121E+44  0.18591E+43       8.8611503      2.6240820      0.0039062
10     30.00000  0.37450E+43  0.29271E+43  0.81791E+42      21.8401525      2.6240820      0.0039062
  
11      1.00000  0.36730E+44  0.36459E+44  0.27123E+42       0.7384388      2.6240820      0.0390625
11      2.00000  0.36330E+44  0.36337E+44 -0.70999E+40      -0.0195429      2.6240820      0.0390625
11      3.00000  0.34980E+44  0.35835E+44 -0.85496E+42      -2.4441316      2.6240820      0.0390625
11      5.00000  0.31420E+44  0.31310E+44  0.11020E+42       0.3507215      2.6240820      0.0390625
11     10.00000  0.20980E+44  0.19121E+44  0.18591E+43       8.8611503      2.6240820      0.0390625
11     30.00000  0.37450E+43  0.29271E+43  0.81791E+42      21.8401525      2.6240820      0.0390625
  
12      1.00000  0.36730E+44  0.36459E+44  0.27123E+42       0.7384388      2.6240820      0.3906250
12      2.00000  0.36330E+44  0.36337E+44 -0.70999E+40      -0.0195429      2.6240820      0.3906250
12      3.00000  0.34980E+44  0.35835E+44 -0.85496E+42      -2.4441316      2.6240820      0.3906250
12      5.00000  0.31420E+44  0.31310E+44  0.11020E+42       0.3507215      2.6240820      0.3906250
12     10.00000  0.20980E+44  0.19121E+44  0.18591E+43       8.8611503      2.6240820      0.3906250
12     30.00000  0.37450E+43  0.29271E+43  0.81791E+42      21.8401525      2.6240820      0.3906250
  
13      1.00000  0.36730E+44  0.36459E+44  0.27123E+42       0.7384388      2.6240820      3.9062500
13      2.00000  0.36330E+44  0.36337E+44 -0.70999E+40      -0.0195429      2.6240820      3.9062500
13      3.00000  0.34980E+44  0.35835E+44 -0.85496E+42      -2.4441316      2.6240820      3.9062500
13      5.00000  0.31420E+44  0.31310E+44  0.11020E+42       0.3507215      2.6240820      3.9062500
13     10.00000  0.20980E+44  0.19121E+44  0.18591E+43       8.8611503      2.6240820      3.9062500
13     30.00000  0.37450E+43  0.29271E+43  0.81791E+42      21.8401525      2.6240820      3.9062500
  
14      1.00000  0.36730E+44  0.36459E+44  0.27126E+42       0.7385114      2.6239891      1.9531250
14      2.00000  0.36330E+44  0.36337E+44 -0.72907E+40      -0.0200681      2.6239891      1.9531250
14      3.00000  0.34980E+44  0.35835E+44 -0.85521E+42      -2.4448646      2.6239891      1.9531250
14      5.00000  0.31420E+44  0.31310E+44  0.10996E+42       0.3499833      2.6239891      1.9531250
14     10.00000  0.20980E+44  0.19121E+44  0.18589E+43       8.8605343      2.6239891      1.9531250
14     30.00000  0.37450E+43  0.29271E+43  0.81787E+42      21.8391015      2.6239891      1.9531250
  
15      1.00000  0.36730E+44  0.36459E+44  0.27126E+42       0.7385114      2.6239891     19.5312500
15      2.00000  0.36330E+44  0.36337E+44 -0.72907E+40      -0.0200681      2.6239891     19.5312500
15      3.00000  0.34980E+44  0.35835E+44 -0.85521E+42      -2.4448646      2.6239891     19.5312500
15      5.00000  0.31420E+44  0.31310E+44  0.10996E+42       0.3499833      2.6239891     19.5312500
15     10.00000  0.20980E+44  0.19121E+44  0.18589E+43       8.8605343      2.6239891     19.5312500
15     30.00000  0.37450E+43  0.29271E+43  0.81787E+42      21.8391015      2.6239891     19.5312500
  
