 1      1.00000  0.63310E+44  0.47790E+44  0.15520E+44      24.5137611     63.3401453      0.1000000
 1      2.00000  0.63600E+44  0.54174E+44  0.94257E+43      14.8202193     63.3401453      0.1000000
 1      3.00000  0.62810E+44  0.59128E+44  0.36823E+43       5.8625580     63.3401453      0.1000000
 1      5.00000  0.59930E+44  0.57266E+44  0.26638E+43       4.4447876     63.3401453      0.1000000
 1     10.00000  0.41740E+44  0.37218E+44  0.45218E+43      10.8331764     63.3401453      0.1000000
 1     30.00000  0.11900E+44  0.83878E+43  0.35122E+43      29.5144461     63.3401453      0.1000000
  
 2      1.00000  0.63310E+44  0.47790E+44  0.15520E+44      24.5137611     63.3401453      1.0000000
 2      2.00000  0.63600E+44  0.54174E+44  0.94257E+43      14.8202193     63.3401453      1.0000000
 2      3.00000  0.62810E+44  0.59128E+44  0.36823E+43       5.8625580     63.3401453      1.0000000
 2      5.00000  0.59930E+44  0.57266E+44  0.26638E+43       4.4447876     63.3401453      1.0000000
 2     10.00000  0.41740E+44  0.37218E+44  0.45218E+43      10.8331764     63.3401453      1.0000000
 2     30.00000  0.11900E+44  0.83878E+43  0.35122E+43      29.5144461     63.3401453      1.0000000
  
 3      1.00000  0.63310E+44  0.69247E+44 -0.59366E+43      -9.3769885     11.9800047      0.5000000
 3      2.00000  0.63600E+44  0.64151E+44 -0.55143E+42      -0.8670314     11.9800047      0.5000000
 3      3.00000  0.62810E+44  0.63348E+44 -0.53820E+42      -0.8568632     11.9800047      0.5000000
 3      5.00000  0.59930E+44  0.58309E+44  0.16213E+43       2.7052698     11.9800047      0.5000000
 3     10.00000  0.41740E+44  0.37751E+44  0.39894E+43       9.5576499     11.9800047      0.5000000
 3     30.00000  0.11900E+44  0.85604E+43  0.33396E+43      28.0634492     11.9800047      0.5000000
  
 4      1.00000  0.63310E+44  0.64207E+44 -0.89728E+42      -1.4172778      6.0452217      0.2500000
 4      2.00000  0.63600E+44  0.63588E+44  0.11573E+41       0.0181969      6.0452217      0.2500000
 4      3.00000  0.62810E+44  0.64741E+44 -0.19314E+43      -3.0750334      6.0452217      0.2500000
 4      5.00000  0.59930E+44  0.59754E+44  0.17590E+42       0.2935155      6.0452217      0.2500000
 4     10.00000  0.41740E+44  0.38074E+44  0.36655E+43       8.7818425      6.0452217      0.2500000
 4     30.00000  0.11900E+44  0.85685E+43  0.33315E+43      27.9960708      6.0452217      0.2500000
  
 5      1.00000  0.63310E+44  0.63267E+44  0.43126E+41       0.0681181      5.7423141      0.1250000
 5      2.00000  0.63600E+44  0.63274E+44  0.32645E+42       0.5132920      5.7423141      0.1250000
 5      3.00000  0.62810E+44  0.64366E+44 -0.15561E+43      -2.4774947      5.7423141      0.1250000
 5      5.00000  0.59930E+44  0.59506E+44  0.42394E+42       0.7073984      5.7423141      0.1250000
 5     10.00000  0.41740E+44  0.38075E+44  0.36655E+43       8.7816624      5.7423141      0.1250000
 5     30.00000  0.11900E+44  0.85885E+43  0.33115E+43      27.8280617      5.7423141      0.1250000
  
 6      1.00000  0.63310E+44  0.63267E+44  0.43126E+41       0.0681181      5.7423141      1.2500000
 6      2.00000  0.63600E+44  0.63274E+44  0.32645E+42       0.5132920      5.7423141      1.2500000
 6      3.00000  0.62810E+44  0.64366E+44 -0.15561E+43      -2.4774947      5.7423141      1.2500000
 6      5.00000  0.59930E+44  0.59506E+44  0.42394E+42       0.7073984      5.7423141      1.2500000
 6     10.00000  0.41740E+44  0.38075E+44  0.36655E+43       8.7816624      5.7423141      1.2500000
 6     30.00000  0.11900E+44  0.85885E+43  0.33115E+43      27.8280617      5.7423141      1.2500000
  
 7      1.00000  0.63310E+44  0.63267E+44  0.43126E+41       0.0681181      5.7423141     12.5000000
 7      2.00000  0.63600E+44  0.63274E+44  0.32645E+42       0.5132920      5.7423141     12.5000000
 7      3.00000  0.62810E+44  0.64366E+44 -0.15561E+43      -2.4774947      5.7423141     12.5000000
 7      5.00000  0.59930E+44  0.59506E+44  0.42394E+42       0.7073984      5.7423141     12.5000000
 7     10.00000  0.41740E+44  0.38075E+44  0.36655E+43       8.7816624      5.7423141     12.5000000
 7     30.00000  0.11900E+44  0.85885E+43  0.33115E+43      27.8280617      5.7423141     12.5000000
  
 8      1.00000  0.63310E+44  0.63267E+44  0.43126E+41       0.0681181      5.7423141    125.0000000
 8      2.00000  0.63600E+44  0.63274E+44  0.32645E+42       0.5132920      5.7423141    125.0000000
 8      3.00000  0.62810E+44  0.64366E+44 -0.15561E+43      -2.4774947      5.7423141    125.0000000
 8      5.00000  0.59930E+44  0.59506E+44  0.42394E+42       0.7073984      5.7423141    125.0000000
 8     10.00000  0.41740E+44  0.38075E+44  0.36655E+43       8.7816624      5.7423141    125.0000000
 8     30.00000  0.11900E+44  0.85885E+43  0.33115E+43      27.8280617      5.7423141    125.0000000
  
 9      1.00000  0.63310E+44  0.63267E+44  0.43126E+41       0.0681181      5.7423141   1250.0000000
 9      2.00000  0.63600E+44  0.63274E+44  0.32645E+42       0.5132920      5.7423141   1250.0000000
 9      3.00000  0.62810E+44  0.64366E+44 -0.15561E+43      -2.4774947      5.7423141   1250.0000000
 9      5.00000  0.59930E+44  0.59506E+44  0.42394E+42       0.7073984      5.7423141   1250.0000000
 9     10.00000  0.41740E+44  0.38075E+44  0.36655E+43       8.7816624      5.7423141   1250.0000000
 9     30.00000  0.11900E+44  0.85885E+43  0.33115E+43      27.8280617      5.7423141   1250.0000000
  
10      1.00000  0.63310E+44  0.63267E+44  0.43126E+41       0.0681181      5.7423141  12500.0000000
10      2.00000  0.63600E+44  0.63274E+44  0.32645E+42       0.5132920      5.7423141  12500.0000000
10      3.00000  0.62810E+44  0.64366E+44 -0.15561E+43      -2.4774947      5.7423141  12500.0000000
10      5.00000  0.59930E+44  0.59506E+44  0.42394E+42       0.7073984      5.7423141  12500.0000000
10     10.00000  0.41740E+44  0.38075E+44  0.36655E+43       8.7816624      5.7423141  12500.0000000
10     30.00000  0.11900E+44  0.85885E+43  0.33115E+43      27.8280617      5.7423141  12500.0000000
  
11      1.00000  0.63310E+44  0.63267E+44  0.43126E+41       0.0681181      5.7423141 125000.0000000
11      2.00000  0.63600E+44  0.63274E+44  0.32645E+42       0.5132920      5.7423141 125000.0000000
11      3.00000  0.62810E+44  0.64366E+44 -0.15561E+43      -2.4774947      5.7423141 125000.0000000
11      5.00000  0.59930E+44  0.59506E+44  0.42394E+42       0.7073984      5.7423141 125000.0000000
11     10.00000  0.41740E+44  0.38075E+44  0.36655E+43       8.7816624      5.7423141 125000.0000000
11     30.00000  0.11900E+44  0.85885E+43  0.33115E+43      27.8280617      5.7423141 125000.0000000
  
12      1.00000  0.63310E+44  0.63242E+44  0.67908E+41       0.1072619      5.7416590  62500.0000000
12      2.00000  0.63600E+44  0.63253E+44  0.34703E+42       0.5456386      5.7416590  62500.0000000
12      3.00000  0.62810E+44  0.64349E+44 -0.15393E+43      -2.4507094      5.7416590  62500.0000000
12      5.00000  0.59930E+44  0.59497E+44  0.43330E+42       0.7230082      5.7416590  62500.0000000
12     10.00000  0.41740E+44  0.38072E+44  0.36680E+43       8.7878371      5.7416590  62500.0000000
12     30.00000  0.11900E+44  0.85881E+43  0.33119E+43      27.8310811      5.7416590  62500.0000000
  
13      1.00000  0.63310E+44  0.63242E+44  0.67908E+41       0.1072619      5.7416590 625000.0000000
13      2.00000  0.63600E+44  0.63253E+44  0.34703E+42       0.5456386      5.7416590 625000.0000000
13      3.00000  0.62810E+44  0.64349E+44 -0.15393E+43      -2.4507094      5.7416590 625000.0000000
13      5.00000  0.59930E+44  0.59497E+44  0.43330E+42       0.7230082      5.7416590 625000.0000000
13     10.00000  0.41740E+44  0.38072E+44  0.36680E+43       8.7878371      5.7416590 625000.0000000
13     30.00000  0.11900E+44  0.85881E+43  0.33119E+43      27.8310811      5.7416590 625000.0000000
  
14      1.00000  0.63310E+44  0.63238E+44  0.72055E+41       0.1138132      5.7416052 312500.0000000
14      2.00000  0.63600E+44  0.63250E+44  0.35041E+42       0.5509524      5.7416052 312500.0000000
14      3.00000  0.62810E+44  0.64347E+44 -0.15366E+43      -2.4463658      5.7416052 312500.0000000
14      5.00000  0.59930E+44  0.59495E+44  0.43481E+42       0.7255236      5.7416052 312500.0000000
14     10.00000  0.41740E+44  0.38072E+44  0.36685E+43       8.7888480      5.7416052 312500.0000000
14     30.00000  0.11900E+44  0.85880E+43  0.33120E+43      27.8315925      5.7416052 312500.0000000
  
15      1.00000  0.63310E+44  0.63232E+44  0.78265E+41       0.1236226      5.7415929 156250.0000000
15      2.00000  0.63600E+44  0.63245E+44  0.35526E+42       0.5585784      5.7415929 156250.0000000
15      3.00000  0.62810E+44  0.64343E+44 -0.15328E+43      -2.4403320      5.7415929 156250.0000000
15      5.00000  0.59930E+44  0.59493E+44  0.43687E+42       0.7289631      5.7415929 156250.0000000
15     10.00000  0.41740E+44  0.38071E+44  0.36691E+43       8.7902949      5.7415929 156250.0000000
15     30.00000  0.11900E+44  0.85879E+43  0.33121E+43      27.8324015      5.7415929 156250.0000000
  
