 1      1.00000  0.23090E+44  0.22314E+44  0.77602E+42       3.3608547      8.8337077      0.1000000
 1      2.00000  0.27580E+44  0.24247E+44  0.33326E+43      12.0834533      8.8337077      0.1000000
 1      3.00000  0.27180E+44  0.25809E+44  0.13709E+43       5.0438993      8.8337077      0.1000000
 1      5.00000  0.27240E+44  0.26132E+44  0.11076E+43       4.0659743      8.8337077      0.1000000
 1     10.00000  0.21500E+44  0.20022E+44  0.14785E+43       6.8766439      8.8337077      0.1000000
 1     30.00000  0.63600E+43  0.51485E+43  0.12115E+43      19.0491407      8.8337077      0.1000000
  
 2      1.00000  0.23090E+44  0.22314E+44  0.77602E+42       3.3608547      8.8337077      1.0000000
 2      2.00000  0.27580E+44  0.24247E+44  0.33326E+43      12.0834533      8.8337077      1.0000000
 2      3.00000  0.27180E+44  0.25809E+44  0.13709E+43       5.0438993      8.8337077      1.0000000
 2      5.00000  0.27240E+44  0.26132E+44  0.11076E+43       4.0659743      8.8337077      1.0000000
 2     10.00000  0.21500E+44  0.20022E+44  0.14785E+43       6.8766439      8.8337077      1.0000000
 2     30.00000  0.63600E+43  0.51485E+43  0.12115E+43      19.0491407      8.8337077      1.0000000
  
 3      1.00000  0.23090E+44  0.23853E+44 -0.76316E+42      -3.3051453      2.1010030      0.5000000
 3      2.00000  0.27580E+44  0.26886E+44  0.69369E+42       2.5151872      2.1010030      0.5000000
 3      3.00000  0.27180E+44  0.28226E+44 -0.10457E+43      -3.8474190      2.1010030      0.5000000
 3      5.00000  0.27240E+44  0.27747E+44 -0.50730E+42      -1.8623233      2.1010030      0.5000000
 3     10.00000  0.21500E+44  0.20732E+44  0.76756E+42       3.5700647      2.1010030      0.5000000
 3     30.00000  0.63600E+43  0.52808E+43  0.10792E+43      16.9680590      2.1010030      0.5000000
  
 4      1.00000  0.23090E+44  0.23461E+44 -0.37058E+42      -1.6049234      1.9893368      0.2500000
 4      2.00000  0.27580E+44  0.26565E+44  0.10152E+43       3.6808781      1.9893368      0.2500000
 4      3.00000  0.27180E+44  0.28027E+44 -0.84726E+42      -3.1172185      1.9893368      0.2500000
 4      5.00000  0.27240E+44  0.27684E+44 -0.44390E+42      -1.6295730      1.9893368      0.2500000
 4     10.00000  0.21500E+44  0.20725E+44  0.77474E+42       3.6034491      1.9893368      0.2500000
 4     30.00000  0.63600E+43  0.52800E+43  0.10800E+43      16.9808931      1.9893368      0.2500000
  
 5      1.00000  0.23090E+44  0.23462E+44 -0.37223E+42      -1.6120799      1.9887069      0.1250000
 5      2.00000  0.27580E+44  0.26565E+44  0.10155E+43       3.6819780      1.9887069      0.1250000
 5      3.00000  0.27180E+44  0.28026E+44 -0.84577E+42      -3.1117537      1.9887069      0.1250000
 5      5.00000  0.27240E+44  0.27681E+44 -0.44069E+42      -1.6178055      1.9887069      0.1250000
 5     10.00000  0.21500E+44  0.20724E+44  0.77601E+42       3.6093459      1.9887069      0.1250000
 5     30.00000  0.63600E+43  0.52801E+43  0.10799E+43      16.9792437      1.9887069      0.1250000
  
