 1      1.00000  0.35240E+44  0.26676E+44  0.85640E+43      24.3018046     43.2252313      0.1000000
 1      2.00000  0.34490E+44  0.29932E+44  0.45582E+43      13.2160651     43.2252313      0.1000000
 1      3.00000  0.33620E+44  0.33016E+44  0.60358E+42       1.7953127     43.2252313      0.1000000
 1      5.00000  0.33690E+44  0.34973E+44 -0.12834E+43      -3.8095325     43.2252313      0.1000000
 1     10.00000  0.28000E+44  0.28831E+44 -0.83140E+42      -2.9692996     43.2252313      0.1000000
 1     30.00000  0.11050E+44  0.12291E+44 -0.12410E+43     -11.2303713     43.2252313      0.1000000
  
 2      1.00000  0.35240E+44  0.26676E+44  0.85640E+43      24.3018046     43.2252313      1.0000000
 2      2.00000  0.34490E+44  0.29932E+44  0.45582E+43      13.2160651     43.2252313      1.0000000
 2      3.00000  0.33620E+44  0.33016E+44  0.60358E+42       1.7953127     43.2252313      1.0000000
 2      5.00000  0.33690E+44  0.34973E+44 -0.12834E+43      -3.8095325     43.2252313      1.0000000
 2     10.00000  0.28000E+44  0.28831E+44 -0.83140E+42      -2.9692996     43.2252313      1.0000000
 2     30.00000  0.11050E+44  0.12291E+44 -0.12410E+43     -11.2303713     43.2252313      1.0000000
  
 3      1.00000  0.35240E+44  0.40483E+44 -0.52428E+43     -14.8772867     14.7088270      0.5000000
 3      2.00000  0.34490E+44  0.36153E+44 -0.16633E+43      -4.8224387     14.7088270      0.5000000
 3      3.00000  0.33620E+44  0.35009E+44 -0.13891E+43      -4.1318723     14.7088270      0.5000000
 3      5.00000  0.33690E+44  0.34071E+44 -0.38070E+42      -1.1300144     14.7088270      0.5000000
 3     10.00000  0.28000E+44  0.27825E+44  0.17450E+42       0.6232146     14.7088270      0.5000000
 3     30.00000  0.11050E+44  0.12025E+44 -0.97510E+42      -8.8244658     14.7088270      0.5000000
  
 4      1.00000  0.35240E+44  0.35693E+44 -0.45267E+42      -1.2845310      0.7802455      0.2500000
 4      2.00000  0.34490E+44  0.34204E+44  0.28563E+42       0.8281671      0.7802455      0.2500000
 4      3.00000  0.33620E+44  0.33993E+44 -0.37254E+42      -1.1080863      0.7802455      0.2500000
 4      5.00000  0.33690E+44  0.33669E+44  0.21056E+41       0.0624982      0.7802455      0.2500000
 4     10.00000  0.28000E+44  0.27735E+44  0.26514E+42       0.9469107      0.7802455      0.2500000
 4     30.00000  0.11050E+44  0.12033E+44 -0.98253E+42      -8.8916306      0.7802455      0.2500000
  
 5      1.00000  0.35240E+44  0.35322E+44 -0.81839E+41      -0.2322334      0.7142685      0.1250000
 5      2.00000  0.34490E+44  0.34121E+44  0.36917E+42       1.0703698      0.7142685      0.1250000
 5      3.00000  0.33620E+44  0.33981E+44 -0.36075E+42      -1.0730149      0.7142685      0.1250000
 5      5.00000  0.33690E+44  0.33680E+44  0.98435E+40       0.0292179      0.7142685      0.1250000
 5     10.00000  0.28000E+44  0.27744E+44  0.25640E+42       0.9157275      0.7142685      0.1250000
 5     30.00000  0.11050E+44  0.12034E+44 -0.98406E+42      -8.9054847      0.7142685      0.1250000
  
