 1      1.00000  0.35570E+44  0.18688E+44  0.16882E+44      47.4606648    377.9347335      0.1000000
 1      2.00000  0.34960E+44  0.19800E+44  0.15160E+44      43.3635499    377.9347335      0.1000000
 1      3.00000  0.33230E+44  0.20230E+44  0.13000E+44      39.1218644    377.9347335      0.1000000
 1      5.00000  0.30230E+44  0.19026E+44  0.11204E+44      37.0628106    377.9347335      0.1000000
 1     10.00000  0.19950E+44  0.12659E+44  0.72915E+43      36.5488544    377.9347335      0.1000000
 1     30.00000  0.45750E+43  0.60292E+42  0.39721E+43      86.8215191    377.9347335      0.1000000
  
 2      1.00000  0.35570E+44  0.32187E+44  0.33827E+43       9.5100168     13.2168563      0.0500000
 2      2.00000  0.34960E+44  0.33476E+44  0.14837E+43       4.2439040     13.2168563      0.0500000
 2      3.00000  0.33230E+44  0.32893E+44  0.33680E+42       1.0135292     13.2168563      0.0500000
 2      5.00000  0.30230E+44  0.28674E+44  0.15560E+43       5.1471239     13.2168563      0.0500000
 2     10.00000  0.19950E+44  0.17485E+44  0.24650E+43      12.3558348     13.2168563      0.0500000
 2     30.00000  0.45750E+43  0.16453E+43  0.29297E+43      64.0368404     13.2168563      0.0500000
  
 3      1.00000  0.35570E+44  0.35724E+44 -0.15395E+42      -0.4328000      5.0461130      0.0250000
 3      2.00000  0.34960E+44  0.34657E+44  0.30254E+42       0.8653858      5.0461130      0.0250000
 3      3.00000  0.33230E+44  0.34049E+44 -0.81886E+42      -2.4642172      5.0461130      0.0250000
 3      5.00000  0.30230E+44  0.29847E+44  0.38278E+42       1.2662254      5.0461130      0.0250000
 3     10.00000  0.19950E+44  0.18187E+44  0.17632E+43       8.8378510      5.0461130      0.0250000
 3     30.00000  0.45750E+43  0.19041E+43  0.26709E+43      58.3796433      5.0461130      0.0250000
  
 4      1.00000  0.35570E+44  0.35324E+44  0.24649E+42       0.6929618      4.7499115      0.0125000
 4      2.00000  0.34960E+44  0.34625E+44  0.33484E+42       0.9577730      4.7499115      0.0125000
 4      3.00000  0.33230E+44  0.34190E+44 -0.95985E+42      -2.8885110      4.7499115      0.0125000
 4      5.00000  0.30230E+44  0.30057E+44  0.17285E+42       0.5717763      4.7499115      0.0125000
 4     10.00000  0.19950E+44  0.18317E+44  0.16334E+43       8.1872886      4.7499115      0.0125000
 4     30.00000  0.45750E+43  0.19672E+43  0.26078E+43      57.0012975      4.7499115      0.0125000
  
 5      1.00000  0.35570E+44  0.35338E+44  0.23243E+42       0.6534386      4.7400654      0.0062500
 5      2.00000  0.34960E+44  0.34608E+44  0.35178E+42       1.0062414      4.7400654      0.0062500
 5      3.00000  0.33230E+44  0.34177E+44 -0.94661E+42      -2.8486474      4.7400654      0.0062500
 5      5.00000  0.30230E+44  0.30054E+44  0.17645E+42       0.5836998      4.7400654      0.0062500
 5     10.00000  0.19950E+44  0.18315E+44  0.16348E+43       8.1943109      4.7400654      0.0062500
 5     30.00000  0.45750E+43  0.19734E+43  0.26016E+43      56.8659819      4.7400654      0.0062500
  
 6      1.00000  0.35570E+44  0.35338E+44  0.23152E+42       0.6508800      4.7398845      0.0031250
 6      2.00000  0.34960E+44  0.34604E+44  0.35617E+42       1.0187990      4.7398845      0.0031250
 6      3.00000  0.33230E+44  0.34173E+44 -0.94314E+42      -2.8382258      4.7398845      0.0031250
 6      5.00000  0.30230E+44  0.30052E+44  0.17805E+42       0.5889875      4.7398845      0.0031250
 6     10.00000  0.19950E+44  0.18315E+44  0.16354E+43       8.1975899      4.7398845      0.0031250
 6     30.00000  0.45750E+43  0.19739E+43  0.26011E+43      56.8539344      4.7398845      0.0031250
  
 7      1.00000  0.35570E+44  0.35339E+44  0.23127E+42       0.6501840      4.7397242      0.0015625
 7      2.00000  0.34960E+44  0.34604E+44  0.35635E+42       1.0192941      4.7397242      0.0015625
 7      3.00000  0.33230E+44  0.34173E+44 -0.94304E+42      -2.8379072      4.7397242      0.0015625
 7      5.00000  0.30230E+44  0.30052E+44  0.17804E+42       0.5889386      4.7397242      0.0015625
 7     10.00000  0.19950E+44  0.18315E+44  0.16354E+43       8.1974946      4.7397242      0.0015625
 7     30.00000  0.45750E+43  0.19740E+43  0.26010E+43      56.8520131      4.7397242      0.0015625
  
 8      1.00000  0.35570E+44  0.35339E+44  0.23127E+42       0.6501840      4.7397242      0.0156250
 8      2.00000  0.34960E+44  0.34604E+44  0.35635E+42       1.0192941      4.7397242      0.0156250
 8      3.00000  0.33230E+44  0.34173E+44 -0.94304E+42      -2.8379072      4.7397242      0.0156250
 8      5.00000  0.30230E+44  0.30052E+44  0.17804E+42       0.5889386      4.7397242      0.0156250
 8     10.00000  0.19950E+44  0.18315E+44  0.16354E+43       8.1974946      4.7397242      0.0156250
 8     30.00000  0.45750E+43  0.19740E+43  0.26010E+43      56.8520131      4.7397242      0.0156250
  
 9      1.00000  0.35570E+44  0.35339E+44  0.23127E+42       0.6501840      4.7397242      0.1562500
 9      2.00000  0.34960E+44  0.34604E+44  0.35635E+42       1.0192941      4.7397242      0.1562500
 9      3.00000  0.33230E+44  0.34173E+44 -0.94304E+42      -2.8379072      4.7397242      0.1562500
 9      5.00000  0.30230E+44  0.30052E+44  0.17804E+42       0.5889386      4.7397242      0.1562500
 9     10.00000  0.19950E+44  0.18315E+44  0.16354E+43       8.1974946      4.7397242      0.1562500
 9     30.00000  0.45750E+43  0.19740E+43  0.26010E+43      56.8520131      4.7397242      0.1562500
  
10      1.00000  0.35570E+44  0.35339E+44  0.23125E+42       0.6501150      4.7397200      0.0781250
10      2.00000  0.34960E+44  0.34604E+44  0.35639E+42       1.0194207      4.7397200      0.0781250
10      3.00000  0.33230E+44  0.34173E+44 -0.94300E+42      -2.8377881      4.7397200      0.0781250
10      5.00000  0.30230E+44  0.30052E+44  0.17806E+42       0.5890046      4.7397200      0.0781250
10     10.00000  0.19950E+44  0.18315E+44  0.16354E+43       8.1975409      4.7397200      0.0781250
10     30.00000  0.45750E+43  0.19740E+43  0.26010E+43      56.8518151      4.7397200      0.0781250
  
11      1.00000  0.35570E+44  0.35339E+44  0.23125E+42       0.6501358      4.7397113      0.0390625
11      2.00000  0.34960E+44  0.34604E+44  0.35639E+42       1.0194354      4.7397113      0.0390625
11      3.00000  0.33230E+44  0.34173E+44 -0.94300E+42      -2.8378032      4.7397113      0.0390625
11      5.00000  0.30230E+44  0.30052E+44  0.17805E+42       0.5889690      4.7397113      0.0390625
11     10.00000  0.19950E+44  0.18315E+44  0.16354E+43       8.1975080      4.7397113      0.0390625
11     30.00000  0.45750E+43  0.19740E+43  0.26010E+43      56.8517462      4.7397113      0.0390625
  
12      1.00000  0.35570E+44  0.35339E+44  0.23125E+42       0.6501358      4.7397113      0.3906250
12      2.00000  0.34960E+44  0.34604E+44  0.35639E+42       1.0194354      4.7397113      0.3906250
12      3.00000  0.33230E+44  0.34173E+44 -0.94300E+42      -2.8378032      4.7397113      0.3906250
12      5.00000  0.30230E+44  0.30052E+44  0.17805E+42       0.5889690      4.7397113      0.3906250
12     10.00000  0.19950E+44  0.18315E+44  0.16354E+43       8.1975080      4.7397113      0.3906250
12     30.00000  0.45750E+43  0.19740E+43  0.26010E+43      56.8517462      4.7397113      0.3906250
  
13      1.00000  0.35570E+44  0.35339E+44  0.23125E+42       0.6501210      4.7396797      0.1953125
13      2.00000  0.34960E+44  0.34604E+44  0.35635E+42       1.0193120      4.7396797      0.1953125
13      3.00000  0.33230E+44  0.34173E+44 -0.94305E+42      -2.8379546      4.7396797      0.1953125
13      5.00000  0.30230E+44  0.30052E+44  0.17800E+42       0.5888296      4.7396797      0.1953125
13     10.00000  0.19950E+44  0.18315E+44  0.16354E+43       8.1973930      4.7396797      0.1953125
13     30.00000  0.45750E+43  0.19740E+43  0.26010E+43      56.8516247      4.7396797      0.1953125
  
14      1.00000  0.35570E+44  0.35339E+44  0.23125E+42       0.6501210      4.7396797      1.9531250
14      2.00000  0.34960E+44  0.34604E+44  0.35635E+42       1.0193120      4.7396797      1.9531250
14      3.00000  0.33230E+44  0.34173E+44 -0.94305E+42      -2.8379546      4.7396797      1.9531250
14      5.00000  0.30230E+44  0.30052E+44  0.17800E+42       0.5888296      4.7396797      1.9531250
14     10.00000  0.19950E+44  0.18315E+44  0.16354E+43       8.1973930      4.7396797      1.9531250
14     30.00000  0.45750E+43  0.19740E+43  0.26010E+43      56.8516247      4.7396797      1.9531250
  
15      1.00000  0.35570E+44  0.35339E+44  0.23126E+42       0.6501514      4.7394649      0.9765625
15      2.00000  0.34960E+44  0.34604E+44  0.35609E+42       1.0185576      4.7394649      0.9765625
15      3.00000  0.33230E+44  0.34173E+44 -0.94338E+42      -2.8389367      4.7394649      0.9765625
15      5.00000  0.30230E+44  0.30052E+44  0.17772E+42       0.5878921      4.7394649      0.9765625
15     10.00000  0.19950E+44  0.18315E+44  0.16352E+43       8.1966189      4.7394649      0.9765625
15     30.00000  0.45750E+43  0.19741E+43  0.26009E+43      56.8506138      4.7394649      0.9765625
  
