 1      1.00000  0.25440E+44  0.21998E+44  0.34419E+43      13.5296108    103.3292004      0.1000000
 1      2.00000  0.28330E+44  0.23374E+44  0.49564E+43      17.4951474    103.3292004      0.1000000
 1      3.00000  0.30130E+44  0.24163E+44  0.59672E+43      19.8048306    103.3292004      0.1000000
 1      5.00000  0.29320E+44  0.23376E+44  0.59439E+43      20.2723825    103.3292004      0.1000000
 1     10.00000  0.22620E+44  0.16839E+44  0.57810E+43      25.5571062    103.3292004      0.1000000
 1     30.00000  0.78540E+43  0.36952E+43  0.41588E+43      52.9512390    103.3292004      0.1000000
  
 2      1.00000  0.25440E+44  0.32847E+44 -0.74066E+43     -29.1138103     80.5974133      0.0500000
 2      2.00000  0.28330E+44  0.34799E+44 -0.64693E+43     -22.8355437     80.5974133      0.0500000
 2      3.00000  0.30130E+44  0.35036E+44 -0.49056E+43     -16.2815126     80.5974133      0.0500000
 2      5.00000  0.29320E+44  0.31785E+44 -0.24648E+43      -8.4064204     80.5974133      0.0500000
 2     10.00000  0.22620E+44  0.21025E+44  0.15952E+43       7.0523782     80.5974133      0.0500000
 2     30.00000  0.78540E+43  0.46246E+43  0.32294E+43      41.1180509     80.5974133      0.0500000
  
 3      1.00000  0.25440E+44  0.26883E+44 -0.14432E+43      -5.6731408     18.0337052      0.0250000
 3      2.00000  0.28330E+44  0.28072E+44  0.25753E+42       0.9090318     18.0337052      0.0250000
 3      3.00000  0.30130E+44  0.29533E+44  0.59743E+42       1.9828270     18.0337052      0.0250000
 3      5.00000  0.29320E+44  0.28374E+44  0.94624E+42       3.2272999     18.0337052      0.0250000
 3     10.00000  0.22620E+44  0.19554E+44  0.30660E+43      13.5542707     18.0337052      0.0250000
 3     30.00000  0.78540E+43  0.44532E+43  0.34008E+43      43.3007476     18.0337052      0.0250000
  
 4      1.00000  0.25440E+44  0.25019E+44  0.42052E+42       1.6530016     13.1018154      0.0125000
 4      2.00000  0.28330E+44  0.27963E+44  0.36678E+42       1.2946842     13.1018154      0.0125000
 4      3.00000  0.30130E+44  0.30199E+44 -0.68808E+41      -0.2283714     13.1018154      0.0125000
 4      5.00000  0.29320E+44  0.29277E+44  0.43246E+41       0.1474959     13.1018154      0.0125000
 4     10.00000  0.22620E+44  0.20117E+44  0.25028E+43      11.0646433     13.1018154      0.0125000
 4     30.00000  0.78540E+43  0.45829E+43  0.32711E+43      41.6491867     13.1018154      0.0125000
  
 5      1.00000  0.25440E+44  0.24907E+44  0.53342E+42       2.0967738     12.3906662      0.0062500
 5      2.00000  0.28330E+44  0.28188E+44  0.14194E+42       0.5010275     12.3906662      0.0062500
 5      3.00000  0.30130E+44  0.30540E+44 -0.40985E+42      -1.3602790     12.3906662      0.0062500
 5      5.00000  0.29320E+44  0.29595E+44 -0.27500E+42      -0.9379336     12.3906662      0.0062500
 5     10.00000  0.22620E+44  0.20273E+44  0.23467E+43      10.3744410     12.3906662      0.0062500
 5     30.00000  0.78540E+43  0.46375E+43  0.32165E+43      40.9540596     12.3906662      0.0062500
  
 6      1.00000  0.25440E+44  0.24883E+44  0.55667E+42       2.1881766     12.3809049      0.0031250
 6      2.00000  0.28330E+44  0.28196E+44  0.13371E+42       0.4719747     12.3809049      0.0031250
 6      3.00000  0.30130E+44  0.30553E+44 -0.42286E+42      -1.4034675     12.3809049      0.0031250
 6      5.00000  0.29320E+44  0.29605E+44 -0.28524E+42      -0.9728442     12.3809049      0.0031250
 6     10.00000  0.22620E+44  0.20282E+44  0.23380E+43      10.3360958     12.3809049      0.0031250
 6     30.00000  0.78540E+43  0.46351E+43  0.32189E+43      40.9845297     12.3809049      0.0031250
  
 7      1.00000  0.25440E+44  0.24893E+44  0.54740E+42       2.1517411     12.3753160      0.0015625
 7      2.00000  0.28330E+44  0.28197E+44  0.13321E+42       0.4702241     12.3753160      0.0015625
 7      3.00000  0.30130E+44  0.30554E+44 -0.42443E+42      -1.4086592     12.3753160      0.0015625
 7      5.00000  0.29320E+44  0.29608E+44 -0.28820E+42      -0.9829572     12.3753160      0.0015625
 7     10.00000  0.22620E+44  0.20282E+44  0.23383E+43      10.3373308     12.3753160      0.0015625
 7     30.00000  0.78540E+43  0.46377E+43  0.32163E+43      40.9511534     12.3753160      0.0015625
  
 8      1.00000  0.25440E+44  0.24893E+44  0.54740E+42       2.1517411     12.3753160      0.0156250
 8      2.00000  0.28330E+44  0.28197E+44  0.13321E+42       0.4702241     12.3753160      0.0156250
 8      3.00000  0.30130E+44  0.30554E+44 -0.42443E+42      -1.4086592     12.3753160      0.0156250
 8      5.00000  0.29320E+44  0.29608E+44 -0.28820E+42      -0.9829572     12.3753160      0.0156250
 8     10.00000  0.22620E+44  0.20282E+44  0.23383E+43      10.3373308     12.3753160      0.0156250
 8     30.00000  0.78540E+43  0.46377E+43  0.32163E+43      40.9511534     12.3753160      0.0156250
  
 9      1.00000  0.25440E+44  0.24893E+44  0.54740E+42       2.1517411     12.3753160      0.1562500
 9      2.00000  0.28330E+44  0.28197E+44  0.13321E+42       0.4702241     12.3753160      0.1562500
 9      3.00000  0.30130E+44  0.30554E+44 -0.42443E+42      -1.4086592     12.3753160      0.1562500
 9      5.00000  0.29320E+44  0.29608E+44 -0.28820E+42      -0.9829572     12.3753160      0.1562500
 9     10.00000  0.22620E+44  0.20282E+44  0.23383E+43      10.3373308     12.3753160      0.1562500
 9     30.00000  0.78540E+43  0.46377E+43  0.32163E+43      40.9511534     12.3753160      0.1562500
  
10      1.00000  0.25440E+44  0.24893E+44  0.54740E+42       2.1517411     12.3753160      1.5625000
10      2.00000  0.28330E+44  0.28197E+44  0.13321E+42       0.4702241     12.3753160      1.5625000
10      3.00000  0.30130E+44  0.30554E+44 -0.42443E+42      -1.4086592     12.3753160      1.5625000
10      5.00000  0.29320E+44  0.29608E+44 -0.28820E+42      -0.9829572     12.3753160      1.5625000
10     10.00000  0.22620E+44  0.20282E+44  0.23383E+43      10.3373308     12.3753160      1.5625000
10     30.00000  0.78540E+43  0.46377E+43  0.32163E+43      40.9511534     12.3753160      1.5625000
  
11      1.00000  0.25440E+44  0.24893E+44  0.54740E+42       2.1517411     12.3753160     15.6250000
11      2.00000  0.28330E+44  0.28197E+44  0.13321E+42       0.4702241     12.3753160     15.6250000
11      3.00000  0.30130E+44  0.30554E+44 -0.42443E+42      -1.4086592     12.3753160     15.6250000
11      5.00000  0.29320E+44  0.29608E+44 -0.28820E+42      -0.9829572     12.3753160     15.6250000
11     10.00000  0.22620E+44  0.20282E+44  0.23383E+43      10.3373308     12.3753160     15.6250000
11     30.00000  0.78540E+43  0.46377E+43  0.32163E+43      40.9511534     12.3753160     15.6250000
  
12      1.00000  0.25440E+44  0.24889E+44  0.55124E+42       2.1668364     12.3627592      7.8125000
12      2.00000  0.28330E+44  0.28204E+44  0.12594E+42       0.4445523     12.3627592      7.8125000
12      3.00000  0.30130E+44  0.30563E+44 -0.43339E+42      -1.4384014     12.3627592      7.8125000
12      5.00000  0.29320E+44  0.29615E+44 -0.29526E+42      -1.0070332     12.3627592      7.8125000
12     10.00000  0.22620E+44  0.20286E+44  0.23338E+43      10.3173343     12.3627592      7.8125000
12     30.00000  0.78540E+43  0.46375E+43  0.32165E+43      40.9531744     12.3627592      7.8125000
  
13      1.00000  0.25440E+44  0.24889E+44  0.55124E+42       2.1668364     12.3627592     78.1250000
13      2.00000  0.28330E+44  0.28204E+44  0.12594E+42       0.4445523     12.3627592     78.1250000
13      3.00000  0.30130E+44  0.30563E+44 -0.43339E+42      -1.4384014     12.3627592     78.1250000
13      5.00000  0.29320E+44  0.29615E+44 -0.29526E+42      -1.0070332     12.3627592     78.1250000
13     10.00000  0.22620E+44  0.20286E+44  0.23338E+43      10.3173343     12.3627592     78.1250000
13     30.00000  0.78540E+43  0.46375E+43  0.32165E+43      40.9531744     12.3627592     78.1250000
  
14      1.00000  0.25440E+44  0.24898E+44  0.54210E+42       2.1309085     12.3148220     39.0625000
14      2.00000  0.28330E+44  0.28232E+44  0.98433E+41       0.3474508     12.3148220     39.0625000
14      3.00000  0.30130E+44  0.30597E+44 -0.46711E+42      -1.5503094     12.3148220     39.0625000
14      5.00000  0.29320E+44  0.29644E+44 -0.32444E+42      -1.1065389     12.3148220     39.0625000
14     10.00000  0.22620E+44  0.20301E+44  0.23192E+43      10.2530867     12.3148220     39.0625000
14     30.00000  0.78540E+43  0.46416E+43  0.32124E+43      40.9017850     12.3148220     39.0625000
  
15      1.00000  0.25440E+44  0.24898E+44  0.54210E+42       2.1309085     12.3148220    390.6250000
15      2.00000  0.28330E+44  0.28232E+44  0.98433E+41       0.3474508     12.3148220    390.6250000
15      3.00000  0.30130E+44  0.30597E+44 -0.46711E+42      -1.5503094     12.3148220    390.6250000
15      5.00000  0.29320E+44  0.29644E+44 -0.32444E+42      -1.1065389     12.3148220    390.6250000
15     10.00000  0.22620E+44  0.20301E+44  0.23192E+43      10.2530867     12.3148220    390.6250000
15     30.00000  0.78540E+43  0.46416E+43  0.32124E+43      40.9017850     12.3148220    390.6250000
  
