 1      1.00000  0.28230E+44  0.24363E+44  0.38671E+43      13.6986107     19.9405086      0.1000000
 1      2.00000  0.31720E+44  0.27048E+44  0.46724E+43      14.7300159     19.9405086      0.1000000
 1      3.00000  0.31530E+44  0.29460E+44  0.20705E+43       6.5666786     19.9405086      0.1000000
 1      5.00000  0.30090E+44  0.30810E+44 -0.72034E+42      -2.3939598     19.9405086      0.1000000
 1     10.00000  0.24990E+44  0.24944E+44  0.45718E+41       0.1829451     19.9405086      0.1000000
 1     30.00000  0.96800E+43  0.88900E+43  0.78999E+42       8.1610217     19.9405086      0.1000000
  
 2      1.00000  0.28230E+44  0.24363E+44  0.38671E+43      13.6986107     19.9405086      1.0000000
 2      2.00000  0.31720E+44  0.27048E+44  0.46724E+43      14.7300159     19.9405086      1.0000000
 2      3.00000  0.31530E+44  0.29460E+44  0.20705E+43       6.5666786     19.9405086      1.0000000
 2      5.00000  0.30090E+44  0.30810E+44 -0.72034E+42      -2.3939598     19.9405086      1.0000000
 2     10.00000  0.24990E+44  0.24944E+44  0.45718E+41       0.1829451     19.9405086      1.0000000
 2     30.00000  0.96800E+43  0.88900E+43  0.78999E+42       8.1610217     19.9405086      1.0000000
  
 3      1.00000  0.28230E+44  0.31938E+44 -0.37082E+43     -13.1355429      9.8015080      0.5000000
 3      2.00000  0.31720E+44  0.33381E+44 -0.16609E+43      -5.2362758      9.8015080      0.5000000
 3      3.00000  0.31530E+44  0.32951E+44 -0.14208E+43      -4.5060627      9.8015080      0.5000000
 3      5.00000  0.30090E+44  0.31360E+44 -0.12700E+43      -4.2206692      9.8015080      0.5000000
 3     10.00000  0.24990E+44  0.24546E+44  0.44445E+42       1.7784921      9.8015080      0.5000000
 3     30.00000  0.96800E+43  0.87570E+43  0.92300E+42       9.5351686      9.8015080      0.5000000
  
 4      1.00000  0.28230E+44  0.28749E+44 -0.51940E+42      -1.8398895      1.3718290      0.2500000
 4      2.00000  0.31720E+44  0.31250E+44  0.46957E+42       1.4803658      1.3718290      0.2500000
 4      3.00000  0.31530E+44  0.31635E+44 -0.10537E+42      -0.3342049      1.3718290      0.2500000
 4      5.00000  0.30090E+44  0.30808E+44 -0.71811E+42      -2.3865304      1.3718290      0.2500000
 4     10.00000  0.24990E+44  0.24422E+44  0.56785E+42       2.2722990      1.3718290      0.2500000
 4     30.00000  0.96800E+43  0.87537E+43  0.92629E+42       9.5690942      1.3718290      0.2500000
  
 5      1.00000  0.28230E+44  0.28504E+44 -0.27354E+42      -0.9689662      1.3351453      0.1250000
 5      2.00000  0.31720E+44  0.31145E+44  0.57539E+42       1.8139585      1.3351453      0.1250000
 5      3.00000  0.31530E+44  0.31591E+44 -0.60809E+41      -0.1928604      1.3351453      0.1250000
 5      5.00000  0.30090E+44  0.30805E+44 -0.71530E+42      -2.3771970      1.3351453      0.1250000
 5     10.00000  0.24990E+44  0.24430E+44  0.55963E+42       2.2394324      1.3351453      0.1250000
 5     30.00000  0.96800E+43  0.87564E+43  0.92364E+42       9.5417851      1.3351453      0.1250000
  
