 1      1.00000  0.43460E+44  0.33880E+44  0.95805E+43      22.0443200     42.5262278      0.1000000
 1      2.00000  0.46510E+44  0.38201E+44  0.83093E+43      17.8656946     42.5262278      0.1000000
 1      3.00000  0.46030E+44  0.42114E+44  0.39156E+43       8.5066757     42.5262278      0.1000000
 1      5.00000  0.45110E+44  0.42615E+44  0.24954E+43       5.5317811     42.5262278      0.1000000
 1     10.00000  0.31520E+44  0.30474E+44  0.10463E+43       3.3195227     42.5262278      0.1000000
 1     30.00000  0.11240E+44  0.94158E+43  0.18242E+43      16.2298944     42.5262278      0.1000000
  
 2      1.00000  0.43460E+44  0.33908E+44  0.95516E+43      21.9778689     42.1514274      0.0500000
 2      2.00000  0.46510E+44  0.38238E+44  0.82723E+43      17.7861519     42.1514274      0.0500000
 2      3.00000  0.46030E+44  0.42153E+44  0.38774E+43       8.4235653     42.1514274      0.0500000
 2      5.00000  0.45110E+44  0.42641E+44  0.24693E+43       5.4740276     42.1514274      0.0500000
 2     10.00000  0.31520E+44  0.30482E+44  0.10384E+43       3.2943846     42.1514274      0.0500000
 2     30.00000  0.11240E+44  0.94158E+43  0.18242E+43      16.2291160     42.1514274      0.0500000
  
 3      1.00000  0.43460E+44  0.49172E+44 -0.57119E+43     -13.1428741      8.5060066      0.0250000
 3      2.00000  0.46510E+44  0.47289E+44 -0.77909E+42      -1.6751026      8.5060066      0.0250000
 3      3.00000  0.46030E+44  0.47443E+44 -0.14135E+43      -3.0708090      8.5060066      0.0250000
 3      5.00000  0.45110E+44  0.44893E+44  0.21746E+42       0.4820758      8.5060066      0.0250000
 3     10.00000  0.31520E+44  0.31238E+44  0.28185E+42       0.8942014      8.5060066      0.0250000
 3     30.00000  0.11240E+44  0.95351E+43  0.17049E+43      15.1685036      8.5060066      0.0250000
  
 4      1.00000  0.43460E+44  0.44103E+44 -0.64343E+42      -1.4805040      1.3022676      0.0125000
 4      2.00000  0.46510E+44  0.45748E+44  0.76236E+42       1.6391370      1.3022676      0.0125000
 4      3.00000  0.46030E+44  0.46995E+44 -0.96480E+42      -2.0960240      1.3022676      0.0125000
 4      5.00000  0.45110E+44  0.44903E+44  0.20682E+42       0.4584810      1.3022676      0.0125000
 4     10.00000  0.31520E+44  0.31268E+44  0.25209E+42       0.7997727      1.3022676      0.0125000
 4     30.00000  0.11240E+44  0.95369E+43  0.17031E+43      15.1525432      1.3022676      0.0125000
  
 5      1.00000  0.43460E+44  0.43665E+44 -0.20493E+42      -0.4715283      1.2538289      0.0062500
 5      2.00000  0.46510E+44  0.45638E+44  0.87189E+42       1.8746369      1.2538289      0.0062500
 5      3.00000  0.46030E+44  0.46978E+44 -0.94795E+42      -2.0594273      1.2538289      0.0062500
 5      5.00000  0.45110E+44  0.44916E+44  0.19384E+42       0.4297039      1.2538289      0.0062500
 5     10.00000  0.31520E+44  0.31277E+44  0.24282E+42       0.7703762      1.2538289      0.0062500
 5     30.00000  0.11240E+44  0.95392E+43  0.17008E+43      15.1316536      1.2538289      0.0062500
  
