 1      1.00000  0.48340E+44  0.37467E+44  0.10873E+44      22.4936697     51.2390790      0.1000000
 1      2.00000  0.51250E+44  0.41419E+44  0.98308E+43      19.1820704     51.2390790      0.1000000
 1      3.00000  0.49540E+44  0.45088E+44  0.44519E+43       8.9864032     51.2390790      0.1000000
 1      5.00000  0.47280E+44  0.44877E+44  0.24025E+43       5.0814955     51.2390790      0.1000000
 1     10.00000  0.33290E+44  0.31300E+44  0.19902E+43       5.9783081     51.2390790      0.1000000
 1     30.00000  0.10010E+44  0.88885E+43  0.11215E+43      11.2041525     51.2390790      0.1000000
  
 2      1.00000  0.48340E+44  0.37467E+44  0.10873E+44      22.4936697     51.2390790      1.0000000
 2      2.00000  0.51250E+44  0.41419E+44  0.98308E+43      19.1820704     51.2390790      1.0000000
 2      3.00000  0.49540E+44  0.45088E+44  0.44519E+43       8.9864032     51.2390790      1.0000000
 2      5.00000  0.47280E+44  0.44877E+44  0.24025E+43       5.0814955     51.2390790      1.0000000
 2     10.00000  0.33290E+44  0.31300E+44  0.19902E+43       5.9783081     51.2390790      1.0000000
 2     30.00000  0.10010E+44  0.88885E+43  0.11215E+43      11.2041525     51.2390790      1.0000000
  
 3      1.00000  0.48340E+44  0.56872E+44 -0.85324E+43     -17.6509091     15.6757891      0.5000000
 3      2.00000  0.51250E+44  0.52760E+44 -0.15101E+43      -2.9466132     15.6757891      0.5000000
 3      3.00000  0.49540E+44  0.51414E+44 -0.18743E+43      -3.7833871     15.6757891      0.5000000
 3      5.00000  0.47280E+44  0.47382E+44 -0.10180E+42      -0.2153038     15.6757891      0.5000000
 3     10.00000  0.33290E+44  0.32197E+44  0.10926E+43       3.2821982     15.6757891      0.5000000
 3     30.00000  0.10010E+44  0.90982E+43  0.91178E+42       9.1086962     15.6757891      0.5000000
  
 4      1.00000  0.48340E+44  0.49430E+44 -0.10904E+43      -2.2556340      1.2826950      0.2500000
 4      2.00000  0.51250E+44  0.50396E+44  0.85435E+42       1.6670340      1.2826950      0.2500000
 4      3.00000  0.49540E+44  0.50749E+44 -0.12094E+43      -2.4413229      1.2826950      0.2500000
 4      5.00000  0.47280E+44  0.47459E+44 -0.17918E+42      -0.3789707      1.2826950      0.2500000
 4     10.00000  0.33290E+44  0.32266E+44  0.10241E+43       3.0762563      1.2826950      0.2500000
 4     30.00000  0.10010E+44  0.90973E+43  0.91268E+42       9.1176621      1.2826950      0.2500000
  
 5      1.00000  0.48340E+44  0.48646E+44 -0.30564E+42      -0.6322812      1.1415819      0.1250000
 5      2.00000  0.51250E+44  0.50203E+44  0.10470E+43       2.0428522      1.1415819      0.1250000
 5      3.00000  0.49540E+44  0.50718E+44 -0.11784E+43      -2.3786801      1.1415819      0.1250000
 5      5.00000  0.47280E+44  0.47483E+44 -0.20283E+42      -0.4290036      1.1415819      0.1250000
 5     10.00000  0.33290E+44  0.32285E+44  0.10049E+43       3.0187618      1.1415819      0.1250000
 5     30.00000  0.10010E+44  0.91030E+43  0.90702E+42       9.0611379      1.1415819      0.1250000
  
 6      1.00000  0.48340E+44  0.48642E+44 -0.30205E+42      -0.6248507      1.1412462      0.0625000
 6      2.00000  0.51250E+44  0.50201E+44  0.10486E+43       2.0461446      1.1412462      0.0625000
 6      3.00000  0.49540E+44  0.50718E+44 -0.11777E+43      -2.3771822      1.1412462      0.0625000
 6      5.00000  0.47280E+44  0.47483E+44 -0.20256E+42      -0.4284232      1.1412462      0.0625000
 6     10.00000  0.33290E+44  0.32286E+44  0.10043E+43       3.0167356      1.1412462      0.0625000
 6     30.00000  0.10010E+44  0.91034E+43  0.90656E+42       9.0565441      1.1412462      0.0625000
  
 7      1.00000  0.48340E+44  0.48642E+44 -0.30216E+42      -0.6250760      1.1412035      0.0312500
 7      2.00000  0.51250E+44  0.50202E+44  0.10483E+43       2.0455531      1.1412035      0.0312500
 7      3.00000  0.49540E+44  0.50718E+44 -0.11778E+43      -2.3774157      1.1412035      0.0312500
 7      5.00000  0.47280E+44  0.47483E+44 -0.20256E+42      -0.4284182      1.1412035      0.0312500
 7     10.00000  0.33290E+44  0.32286E+44  0.10043E+43       3.0167889      1.1412035      0.0312500
 7     30.00000  0.10010E+44  0.91034E+43  0.90657E+42       9.0565975      1.1412035      0.0312500
  
 8      1.00000  0.48340E+44  0.48642E+44 -0.30210E+42      -0.6249398      1.1411753      0.0156250
 8      2.00000  0.51250E+44  0.50202E+44  0.10483E+43       2.0454179      1.1411753      0.0156250
 8      3.00000  0.49540E+44  0.50718E+44 -0.11778E+43      -2.3774303      1.1411753      0.0156250
 8      5.00000  0.47280E+44  0.47483E+44 -0.20253E+42      -0.4283622      1.1411753      0.0156250
 8     10.00000  0.33290E+44  0.32286E+44  0.10043E+43       3.0167883      1.1411753      0.0156250
 8     30.00000  0.10010E+44  0.91034E+43  0.90656E+42       9.0565258      1.1411753      0.0156250
  
