 1      1.00000  0.32590E+44  0.23131E+44  0.94587E+43      29.0232584     98.0812651      0.1000000
 1      2.00000  0.32030E+44  0.25363E+44  0.66667E+43      20.8140771     98.0812651      0.1000000
 1      3.00000  0.31470E+44  0.27297E+44  0.41732E+43      13.2610170     98.0812651      0.1000000
 1      5.00000  0.31740E+44  0.28182E+44  0.35581E+43      11.2102995     98.0812651      0.1000000
 1     10.00000  0.24240E+44  0.22470E+44  0.17697E+43       7.3009412     98.0812651      0.1000000
 1     30.00000  0.75010E+43  0.66678E+43  0.83316E+42      11.1073837     98.0812651      0.1000000
  
 2      1.00000  0.32590E+44  0.25627E+44  0.69626E+43      21.3640880     37.2016822      0.0500000
 2      2.00000  0.32030E+44  0.28306E+44  0.37244E+43      11.6277626     37.2016822      0.0500000
 2      3.00000  0.31470E+44  0.30377E+44  0.10928E+43       3.4726184     37.2016822      0.0500000
 2      5.00000  0.31740E+44  0.30745E+44  0.99530E+42       3.1357838     37.2016822      0.0500000
 2     10.00000  0.24240E+44  0.23732E+44  0.50799E+42       2.0956481     37.2016822      0.0500000
 2     30.00000  0.75010E+43  0.68904E+43  0.61057E+42       8.1399107     37.2016822      0.0500000
  
 3      1.00000  0.32590E+44  0.34581E+44 -0.19911E+43      -6.1095585      3.2533299      0.0250000
 3      2.00000  0.32030E+44  0.32204E+44 -0.17413E+42      -0.5436373      3.2533299      0.0250000
 3      3.00000  0.31470E+44  0.32375E+44 -0.90454E+42      -2.8743017      3.2533299      0.0250000
 3      5.00000  0.31740E+44  0.31477E+44  0.26338E+42       0.8298151      3.2533299      0.0250000
 3     10.00000  0.24240E+44  0.23885E+44  0.35527E+42       1.4656197      3.2533299      0.0250000
 3     30.00000  0.75010E+43  0.69047E+43  0.59630E+42       7.9496652      3.2533299      0.0250000
  
 4      1.00000  0.32590E+44  0.32659E+44 -0.69147E+41      -0.2121711      0.8532028      0.0125000
 4      2.00000  0.32030E+44  0.31681E+44  0.34945E+42       1.0910121      0.8532028      0.0125000
 4      3.00000  0.31470E+44  0.32233E+44 -0.76328E+42      -2.4254252      0.8532028      0.0125000
 4      5.00000  0.31740E+44  0.31504E+44  0.23632E+42       0.7445369      0.8532028      0.0125000
 4     10.00000  0.24240E+44  0.23930E+44  0.31011E+42       1.2793233      0.8532028      0.0125000
 4     30.00000  0.75010E+43  0.69170E+43  0.58395E+42       7.7849928      0.8532028      0.0125000
  
 5      1.00000  0.32590E+44  0.32579E+44  0.10896E+41       0.0334344      0.8509647      0.0062500
 5      2.00000  0.32030E+44  0.31655E+44  0.37518E+42       1.1713265      0.8509647      0.0062500
 5      3.00000  0.31470E+44  0.32224E+44 -0.75429E+42      -2.3968559      0.8509647      0.0062500
 5      5.00000  0.31740E+44  0.31504E+44  0.23614E+42       0.7439706      0.8509647      0.0062500
 5     10.00000  0.24240E+44  0.23931E+44  0.30871E+42       1.2735684      0.8509647      0.0062500
 5     30.00000  0.75010E+43  0.69172E+43  0.58380E+42       7.7829319      0.8509647      0.0062500
  
