 1      1.00000  0.50620E+44  0.41390E+44  0.92295E+43      18.2329562    147.1519099      0.1000000
 1      2.00000  0.54360E+44  0.43172E+44  0.11188E+44      20.5816128    147.1519099      0.1000000
 1      3.00000  0.56700E+44  0.44194E+44  0.12506E+44      22.0566858    147.1519099      0.1000000
 1      5.00000  0.54380E+44  0.42144E+44  0.12236E+44      22.5015860    147.1519099      0.1000000
 1     10.00000  0.41930E+44  0.30462E+44  0.11468E+44      27.3512294    147.1519099      0.1000000
 1     30.00000  0.13940E+44  0.98120E+43  0.41280E+43      29.6125674    147.1519099      0.1000000
  
 2      1.00000  0.50620E+44  0.52100E+44 -0.14802E+43      -2.9241984     33.6158706      0.0500000
 2      2.00000  0.54360E+44  0.54602E+44 -0.24214E+42      -0.4454451     33.6158706      0.0500000
 2      3.00000  0.56700E+44  0.54792E+44  0.19078E+43       3.3646666     33.6158706      0.0500000
 2      5.00000  0.54380E+44  0.49353E+44  0.50271E+43       9.2444633     33.6158706      0.0500000
 2     10.00000  0.41930E+44  0.32993E+44  0.89365E+43      21.3130126     33.6158706      0.0500000
 2     30.00000  0.13940E+44  0.98034E+43  0.41366E+43      29.6743314     33.6158706      0.0500000
  
 3      1.00000  0.50620E+44  0.52100E+44 -0.14802E+43      -2.9241984     33.6158706      0.5000000
 3      2.00000  0.54360E+44  0.54602E+44 -0.24214E+42      -0.4454451     33.6158706      0.5000000
 3      3.00000  0.56700E+44  0.54792E+44  0.19078E+43       3.3646666     33.6158706      0.5000000
 3      5.00000  0.54380E+44  0.49353E+44  0.50271E+43       9.2444633     33.6158706      0.5000000
 3     10.00000  0.41930E+44  0.32993E+44  0.89365E+43      21.3130126     33.6158706      0.5000000
 3     30.00000  0.13940E+44  0.98034E+43  0.41366E+43      29.6743314     33.6158706      0.5000000
  
 4      1.00000  0.50620E+44  0.52100E+44 -0.14802E+43      -2.9241984     33.6158706      5.0000000
 4      2.00000  0.54360E+44  0.54602E+44 -0.24214E+42      -0.4454451     33.6158706      5.0000000
 4      3.00000  0.56700E+44  0.54792E+44  0.19078E+43       3.3646666     33.6158706      5.0000000
 4      5.00000  0.54380E+44  0.49353E+44  0.50271E+43       9.2444633     33.6158706      5.0000000
 4     10.00000  0.41930E+44  0.32993E+44  0.89365E+43      21.3130126     33.6158706      5.0000000
 4     30.00000  0.13940E+44  0.98034E+43  0.41366E+43      29.6743314     33.6158706      5.0000000
  
 5      1.00000  0.50620E+44  0.52100E+44 -0.14802E+43      -2.9241984     33.6158706     50.0000000
 5      2.00000  0.54360E+44  0.54602E+44 -0.24214E+42      -0.4454451     33.6158706     50.0000000
 5      3.00000  0.56700E+44  0.54792E+44  0.19078E+43       3.3646666     33.6158706     50.0000000
 5      5.00000  0.54380E+44  0.49353E+44  0.50271E+43       9.2444633     33.6158706     50.0000000
 5     10.00000  0.41930E+44  0.32993E+44  0.89365E+43      21.3130126     33.6158706     50.0000000
 5     30.00000  0.13940E+44  0.98034E+43  0.41366E+43      29.6743314     33.6158706     50.0000000
  
 6      1.00000  0.50620E+44  0.48558E+44  0.20615E+43       4.0725401     33.3821583     25.0000000
 6      2.00000  0.54360E+44  0.52668E+44  0.16924E+43       3.1132275     33.3821583     25.0000000
 6      3.00000  0.56700E+44  0.54428E+44  0.22718E+43       4.0066443     33.3821583     25.0000000
 6      5.00000  0.54380E+44  0.49777E+44  0.46032E+43       8.4649541     33.3821583     25.0000000
 6     10.00000  0.41930E+44  0.33203E+44  0.87273E+43      20.8140226     33.3821583     25.0000000
 6     30.00000  0.13940E+44  0.97608E+43  0.41792E+43      29.9802722     33.3821583     25.0000000
  
 7      1.00000  0.50620E+44  0.49980E+44  0.63973E+42       1.2637894     26.0052871     12.5000000
 7      2.00000  0.54360E+44  0.56655E+44 -0.22946E+43      -4.2211526     26.0052871     12.5000000
 7      3.00000  0.56700E+44  0.57757E+44 -0.10572E+43      -1.8645848     26.0052871     12.5000000
 7      5.00000  0.54380E+44  0.51645E+44  0.27350E+43       5.0294657     26.0052871     12.5000000
 7     10.00000  0.41930E+44  0.33877E+44  0.80530E+43      19.2058050     26.0052871     12.5000000
 7     30.00000  0.13940E+44  0.97993E+43  0.41407E+43      29.7040349     26.0052871     12.5000000
  
 8      1.00000  0.50620E+44  0.49980E+44  0.63973E+42       1.2637894     26.0052871    125.0000000
 8      2.00000  0.54360E+44  0.56655E+44 -0.22946E+43      -4.2211526     26.0052871    125.0000000
 8      3.00000  0.56700E+44  0.57757E+44 -0.10572E+43      -1.8645848     26.0052871    125.0000000
 8      5.00000  0.54380E+44  0.51645E+44  0.27350E+43       5.0294657     26.0052871    125.0000000
 8     10.00000  0.41930E+44  0.33877E+44  0.80530E+43      19.2058050     26.0052871    125.0000000
 8     30.00000  0.13940E+44  0.97993E+43  0.41407E+43      29.7040349     26.0052871    125.0000000
  
 9      1.00000  0.50620E+44  0.49980E+44  0.63973E+42       1.2637894     26.0052871   1250.0000000
 9      2.00000  0.54360E+44  0.56655E+44 -0.22946E+43      -4.2211526     26.0052871   1250.0000000
 9      3.00000  0.56700E+44  0.57757E+44 -0.10572E+43      -1.8645848     26.0052871   1250.0000000
 9      5.00000  0.54380E+44  0.51645E+44  0.27350E+43       5.0294657     26.0052871   1250.0000000
 9     10.00000  0.41930E+44  0.33877E+44  0.80530E+43      19.2058050     26.0052871   1250.0000000
 9     30.00000  0.13940E+44  0.97993E+43  0.41407E+43      29.7040349     26.0052871   1250.0000000
  
10      1.00000  0.50620E+44  0.49457E+44  0.11631E+43       2.2978064     25.0788992    625.0000000
10      2.00000  0.54360E+44  0.56827E+44 -0.24673E+43      -4.5387262     25.0788992    625.0000000
10      3.00000  0.56700E+44  0.58568E+44 -0.18682E+43      -3.2949070     25.0788992    625.0000000
10      5.00000  0.54380E+44  0.52450E+44  0.19301E+43       3.5493283     25.0788992    625.0000000
10     10.00000  0.41930E+44  0.34102E+44  0.78284E+43      18.6702605     25.0788992    625.0000000
10     30.00000  0.13940E+44  0.97459E+43  0.41941E+43      30.0869601     25.0788992    625.0000000
  
11      1.00000  0.50620E+44  0.49486E+44  0.11344E+43       2.2409405     24.9772681    312.5000000
11      2.00000  0.54360E+44  0.56608E+44 -0.22477E+43      -4.1348152     24.9772681    312.5000000
11      3.00000  0.56700E+44  0.58279E+44 -0.15793E+43      -2.7853292     24.9772681    312.5000000
11      5.00000  0.54380E+44  0.52248E+44  0.21322E+43       3.9209733     24.9772681    312.5000000
11     10.00000  0.41930E+44  0.34063E+44  0.78670E+43      18.7622619     24.9772681    312.5000000
11     30.00000  0.13940E+44  0.97608E+43  0.41792E+43      29.9796131     24.9772681    312.5000000
  
12      1.00000  0.50620E+44  0.49486E+44  0.11344E+43       2.2409405     24.9772681   3125.0000000
12      2.00000  0.54360E+44  0.56608E+44 -0.22477E+43      -4.1348152     24.9772681   3125.0000000
12      3.00000  0.56700E+44  0.58279E+44 -0.15793E+43      -2.7853292     24.9772681   3125.0000000
12      5.00000  0.54380E+44  0.52248E+44  0.21322E+43       3.9209733     24.9772681   3125.0000000
12     10.00000  0.41930E+44  0.34063E+44  0.78670E+43      18.7622619     24.9772681   3125.0000000
12     30.00000  0.13940E+44  0.97608E+43  0.41792E+43      29.9796131     24.9772681   3125.0000000
  
13      1.00000  0.50620E+44  0.49486E+44  0.11344E+43       2.2409405     24.9772681  31250.0000000
13      2.00000  0.54360E+44  0.56608E+44 -0.22477E+43      -4.1348152     24.9772681  31250.0000000
13      3.00000  0.56700E+44  0.58279E+44 -0.15793E+43      -2.7853292     24.9772681  31250.0000000
13      5.00000  0.54380E+44  0.52248E+44  0.21322E+43       3.9209733     24.9772681  31250.0000000
13     10.00000  0.41930E+44  0.34063E+44  0.78670E+43      18.7622619     24.9772681  31250.0000000
13     30.00000  0.13940E+44  0.97608E+43  0.41792E+43      29.9796131     24.9772681  31250.0000000
  
14      1.00000  0.50620E+44  0.49486E+44  0.11344E+43       2.2409405     24.9772681 312500.0000000
14      2.00000  0.54360E+44  0.56608E+44 -0.22477E+43      -4.1348152     24.9772681 312500.0000000
14      3.00000  0.56700E+44  0.58279E+44 -0.15793E+43      -2.7853292     24.9772681 312500.0000000
14      5.00000  0.54380E+44  0.52248E+44  0.21322E+43       3.9209733     24.9772681 312500.0000000
14     10.00000  0.41930E+44  0.34063E+44  0.78670E+43      18.7622619     24.9772681 312500.0000000
14     30.00000  0.13940E+44  0.97608E+43  0.41792E+43      29.9796131     24.9772681 312500.0000000
  
15      1.00000  0.50620E+44  0.49486E+44  0.11344E+43       2.2409405     24.9772681 **************
15      2.00000  0.54360E+44  0.56608E+44 -0.22477E+43      -4.1348152     24.9772681 **************
15      3.00000  0.56700E+44  0.58279E+44 -0.15793E+43      -2.7853292     24.9772681 **************
15      5.00000  0.54380E+44  0.52248E+44  0.21322E+43       3.9209733     24.9772681 **************
15     10.00000  0.41930E+44  0.34063E+44  0.78670E+43      18.7622619     24.9772681 **************
15     30.00000  0.13940E+44  0.97608E+43  0.41792E+43      29.9796131     24.9772681 **************
  
