 1      1.00000  0.51400E+44  0.38717E+44  0.12683E+44      24.6756518     45.8812466      0.1000000
 1      2.00000  0.50750E+44  0.42494E+44  0.82556E+43      16.2671631     45.8812466      0.1000000
 1      3.00000  0.50260E+44  0.46054E+44  0.42057E+43       8.3678782     45.8812466      0.1000000
 1      5.00000  0.47570E+44  0.45618E+44  0.19519E+43       4.1032773     45.8812466      0.1000000
 1     10.00000  0.33450E+44  0.31683E+44  0.17667E+43       5.2815086     45.8812466      0.1000000
 1     30.00000  0.90330E+43  0.88870E+43  0.14603E+42       1.6166500     45.8812466      0.1000000
  
 2      1.00000  0.51400E+44  0.38717E+44  0.12683E+44      24.6756518     45.8812466      1.0000000
 2      2.00000  0.50750E+44  0.42494E+44  0.82556E+43      16.2671631     45.8812466      1.0000000
 2      3.00000  0.50260E+44  0.46054E+44  0.42057E+43       8.3678782     45.8812466      1.0000000
 2      5.00000  0.47570E+44  0.45618E+44  0.19519E+43       4.1032773     45.8812466      1.0000000
 2     10.00000  0.33450E+44  0.31683E+44  0.17667E+43       5.2815086     45.8812466      1.0000000
 2     30.00000  0.90330E+43  0.88870E+43  0.14603E+42       1.6166500     45.8812466      1.0000000
  
 3      1.00000  0.51400E+44  0.57028E+44 -0.56284E+43     -10.9502685      6.2066748      0.5000000
 3      2.00000  0.50750E+44  0.51532E+44 -0.78166E+42      -1.5402108      6.2066748      0.5000000
 3      3.00000  0.50260E+44  0.50637E+44 -0.37725E+42      -0.7505871      6.2066748      0.5000000
 3      5.00000  0.47570E+44  0.47217E+44  0.35327E+42       0.7426346      6.2066748      0.5000000
 3     10.00000  0.33450E+44  0.32213E+44  0.12370E+43       3.6981158      6.2066748      0.5000000
 3     30.00000  0.90330E+43  0.90104E+43  0.22644E+41       0.2506835      6.2066748      0.5000000
  
 4      1.00000  0.51400E+44  0.51801E+44 -0.40055E+42      -0.7792723      0.4022642      0.2500000
 4      2.00000  0.50750E+44  0.50429E+44  0.32125E+42       0.6329983      0.4022642      0.2500000
 4      3.00000  0.50260E+44  0.50813E+44 -0.55272E+42      -1.0997194      0.4022642      0.2500000
 4      5.00000  0.47570E+44  0.47722E+44 -0.15244E+42      -0.3204587      0.4022642      0.2500000
 4     10.00000  0.33450E+44  0.32394E+44  0.10555E+43       3.1554591      0.4022642      0.2500000
 4     30.00000  0.90330E+43  0.90136E+43  0.19441E+41       0.2152252      0.4022642      0.2500000
  
 5      1.00000  0.51400E+44  0.51439E+44 -0.39490E+41      -0.0768282      0.3750966      0.1250000
 5      2.00000  0.50750E+44  0.50345E+44  0.40518E+42       0.7983824      0.3750966      0.1250000
 5      3.00000  0.50260E+44  0.50777E+44 -0.51750E+42      -1.0296395      0.3750966      0.1250000
 5      5.00000  0.47570E+44  0.47709E+44 -0.13906E+42      -0.2923310      0.3750966      0.1250000
 5     10.00000  0.33450E+44  0.32401E+44  0.10490E+43       3.1360918      0.3750966      0.1250000
 5     30.00000  0.90330E+43  0.90193E+43  0.13747E+41       0.1521889      0.3750966      0.1250000
  
