 1      1.00000  0.30910E+44  0.26920E+44  0.39896E+43      12.9072604     31.6785056      0.1000000
 1      2.00000  0.35930E+44  0.30139E+44  0.57909E+43      16.1171809     31.6785056      0.1000000
 1      3.00000  0.37460E+44  0.33209E+44  0.42513E+43      11.3489863     31.6785056      0.1000000
 1      5.00000  0.36260E+44  0.35169E+44  0.10906E+43       3.0077981     31.6785056      0.1000000
 1     10.00000  0.29340E+44  0.29056E+44  0.28422E+42       0.9687216     31.6785056      0.1000000
 1     30.00000  0.11950E+44  0.12521E+44 -0.57109E+42      -4.7789887     31.6785056      0.1000000
  
 2      1.00000  0.30910E+44  0.26920E+44  0.39896E+43      12.9072604     31.6785056      1.0000000
 2      2.00000  0.35930E+44  0.30139E+44  0.57909E+43      16.1171809     31.6785056      1.0000000
 2      3.00000  0.37460E+44  0.33209E+44  0.42513E+43      11.3489863     31.6785056      1.0000000
 2      5.00000  0.36260E+44  0.35169E+44  0.10906E+43       3.0077981     31.6785056      1.0000000
 2     10.00000  0.29340E+44  0.29056E+44  0.28422E+42       0.9687216     31.6785056      1.0000000
 2     30.00000  0.11950E+44  0.12521E+44 -0.57109E+42      -4.7789887     31.6785056      1.0000000
  
 3      1.00000  0.30910E+44  0.34413E+44 -0.35030E+43     -11.3330595      5.8161446      0.5000000
 3      2.00000  0.35930E+44  0.36951E+44 -0.10208E+43      -2.8411124      5.8161446      0.5000000
 3      3.00000  0.37460E+44  0.37281E+44  0.17859E+42       0.4767506      5.8161446      0.5000000
 3      5.00000  0.36260E+44  0.36360E+44 -0.99861E+41      -0.2754031      5.8161446      0.5000000
 3     10.00000  0.29340E+44  0.29092E+44  0.24752E+42       0.8436291      5.8161446      0.5000000
 3     30.00000  0.11950E+44  0.12402E+44 -0.45215E+42      -3.7836729      5.8161446      0.5000000
  
 4      1.00000  0.30910E+44  0.31224E+44 -0.31422E+42      -1.0165697      0.6554860      0.2500000
 4      2.00000  0.35930E+44  0.35557E+44  0.37257E+42       1.0369226      0.6554860      0.2500000
 4      3.00000  0.37460E+44  0.36887E+44  0.57321E+42       1.5301928      0.6554860      0.2500000
 4      5.00000  0.36260E+44  0.36567E+44 -0.30660E+42      -0.8455666      0.6554860      0.2500000
 4     10.00000  0.29340E+44  0.29317E+44  0.22577E+41       0.0769505      0.6554860      0.2500000
 4     30.00000  0.11950E+44  0.12460E+44 -0.51013E+42      -4.2688660      0.6554860      0.2500000
  
