 1      1.00000  0.38590E+44  0.24929E+44  0.13661E+44      35.4015645    594.2840604      0.1000000
 1      2.00000  0.40520E+44  0.25929E+44  0.14591E+44      36.0088942    594.2840604      0.1000000
 1      3.00000  0.40950E+44  0.26171E+44  0.14779E+44      36.0906984    594.2840604      0.1000000
 1      5.00000  0.39260E+44  0.24476E+44  0.14784E+44      37.6557681    594.2840604      0.1000000
 1     10.00000  0.29870E+44  0.17270E+44  0.12600E+44      42.1816066    594.2840604      0.1000000
 1     30.00000  0.11910E+44  0.45179E+43  0.73921E+43      62.0661191    594.2840604      0.1000000
  
 2      1.00000  0.38590E+44  0.41201E+44 -0.26111E+43      -6.7663506     78.2978471      0.0500000
 2      2.00000  0.40520E+44  0.41977E+44 -0.14568E+43      -3.5952017     78.2978471      0.0500000
 2      3.00000  0.40950E+44  0.40727E+44  0.22308E+42       0.5447664     78.2978471      0.0500000
 2      5.00000  0.39260E+44  0.35300E+44  0.39604E+43      10.0876467     78.2978471      0.0500000
 2     10.00000  0.29870E+44  0.22581E+44  0.72894E+43      24.4038978     78.2978471      0.0500000
 2     30.00000  0.11910E+44  0.56772E+43  0.62328E+43      52.3325466     78.2978471      0.0500000
  
 3      1.00000  0.38590E+44  0.41201E+44 -0.26111E+43      -6.7663506     78.2978471      0.5000000
 3      2.00000  0.40520E+44  0.41977E+44 -0.14568E+43      -3.5952017     78.2978471      0.5000000
 3      3.00000  0.40950E+44  0.40727E+44  0.22308E+42       0.5447664     78.2978471      0.5000000
 3      5.00000  0.39260E+44  0.35300E+44  0.39604E+43      10.0876467     78.2978471      0.5000000
 3     10.00000  0.29870E+44  0.22581E+44  0.72894E+43      24.4038978     78.2978471      0.5000000
 3     30.00000  0.11910E+44  0.56772E+43  0.62328E+43      52.3325466     78.2978471      0.5000000
  
 4      1.00000  0.38590E+44  0.41201E+44 -0.26111E+43      -6.7663506     78.2978471      5.0000000
 4      2.00000  0.40520E+44  0.41977E+44 -0.14568E+43      -3.5952017     78.2978471      5.0000000
 4      3.00000  0.40950E+44  0.40727E+44  0.22308E+42       0.5447664     78.2978471      5.0000000
 4      5.00000  0.39260E+44  0.35300E+44  0.39604E+43      10.0876467     78.2978471      5.0000000
 4     10.00000  0.29870E+44  0.22581E+44  0.72894E+43      24.4038978     78.2978471      5.0000000
 4     30.00000  0.11910E+44  0.56772E+43  0.62328E+43      52.3325466     78.2978471      5.0000000
  
 5      1.00000  0.38590E+44  0.41201E+44 -0.26111E+43      -6.7663506     78.2978471     50.0000000
 5      2.00000  0.40520E+44  0.41977E+44 -0.14568E+43      -3.5952017     78.2978471     50.0000000
 5      3.00000  0.40950E+44  0.40727E+44  0.22308E+42       0.5447664     78.2978471     50.0000000
 5      5.00000  0.39260E+44  0.35300E+44  0.39604E+43      10.0876467     78.2978471     50.0000000
 5     10.00000  0.29870E+44  0.22581E+44  0.72894E+43      24.4038978     78.2978471     50.0000000
 5     30.00000  0.11910E+44  0.56772E+43  0.62328E+43      52.3325466     78.2978471     50.0000000
  
 6      1.00000  0.38590E+44  0.41201E+44 -0.26111E+43      -6.7663506     78.2978471    500.0000000
 6      2.00000  0.40520E+44  0.41977E+44 -0.14568E+43      -3.5952017     78.2978471    500.0000000
 6      3.00000  0.40950E+44  0.40727E+44  0.22308E+42       0.5447664     78.2978471    500.0000000
 6      5.00000  0.39260E+44  0.35300E+44  0.39604E+43      10.0876467     78.2978471    500.0000000
 6     10.00000  0.29870E+44  0.22581E+44  0.72894E+43      24.4038978     78.2978471    500.0000000
 6     30.00000  0.11910E+44  0.56772E+43  0.62328E+43      52.3325466     78.2978471    500.0000000
  
 7      1.00000  0.38590E+44  0.41201E+44 -0.26111E+43      -6.7663506     78.2978471   5000.0000000
 7      2.00000  0.40520E+44  0.41977E+44 -0.14568E+43      -3.5952017     78.2978471   5000.0000000
 7      3.00000  0.40950E+44  0.40727E+44  0.22308E+42       0.5447664     78.2978471   5000.0000000
 7      5.00000  0.39260E+44  0.35300E+44  0.39604E+43      10.0876467     78.2978471   5000.0000000
 7     10.00000  0.29870E+44  0.22581E+44  0.72894E+43      24.4038978     78.2978471   5000.0000000
 7     30.00000  0.11910E+44  0.56772E+43  0.62328E+43      52.3325466     78.2978471   5000.0000000
  
 8      1.00000  0.38590E+44  0.37884E+44  0.70565E+42       1.8285919     50.8033616   2500.0000000
 8      2.00000  0.40520E+44  0.41550E+44 -0.10298E+43      -2.5414641     50.8033616   2500.0000000
 8      3.00000  0.40950E+44  0.42175E+44 -0.12247E+43      -2.9907492     50.8033616   2500.0000000
 8      5.00000  0.39260E+44  0.37554E+44  0.17064E+43       4.3464355     50.8033616   2500.0000000
 8     10.00000  0.29870E+44  0.24045E+44  0.58249E+43      19.5007317     50.8033616   2500.0000000
 8     30.00000  0.11910E+44  0.61846E+43  0.57254E+43      48.0720984     50.8033616   2500.0000000
  
 9      1.00000  0.38590E+44  0.37884E+44  0.70565E+42       1.8285919     50.8033616  25000.0000000
 9      2.00000  0.40520E+44  0.41550E+44 -0.10298E+43      -2.5414641     50.8033616  25000.0000000
 9      3.00000  0.40950E+44  0.42175E+44 -0.12247E+43      -2.9907492     50.8033616  25000.0000000
 9      5.00000  0.39260E+44  0.37554E+44  0.17064E+43       4.3464355     50.8033616  25000.0000000
 9     10.00000  0.29870E+44  0.24045E+44  0.58249E+43      19.5007317     50.8033616  25000.0000000
 9     30.00000  0.11910E+44  0.61846E+43  0.57254E+43      48.0720984     50.8033616  25000.0000000
  
10      1.00000  0.38590E+44  0.37923E+44  0.66748E+42       1.7296710     48.1808498  12500.0000000
10      2.00000  0.40520E+44  0.42012E+44 -0.14915E+43      -3.6809354     48.1808498  12500.0000000
10      3.00000  0.40950E+44  0.42847E+44 -0.18972E+43      -4.6328920     48.1808498  12500.0000000
10      5.00000  0.39260E+44  0.38191E+44  0.10685E+43       2.7216001     48.1808498  12500.0000000
10     10.00000  0.29870E+44  0.24387E+44  0.54830E+43      18.3562039     48.1808498  12500.0000000
10     30.00000  0.11910E+44  0.62771E+43  0.56329E+43      47.2954364     48.1808498  12500.0000000
  
11      1.00000  0.38590E+44  0.37923E+44  0.66748E+42       1.7296710     48.1808498 125000.0000000
11      2.00000  0.40520E+44  0.42012E+44 -0.14915E+43      -3.6809354     48.1808498 125000.0000000
11      3.00000  0.40950E+44  0.42847E+44 -0.18972E+43      -4.6328920     48.1808498 125000.0000000
11      5.00000  0.39260E+44  0.38191E+44  0.10685E+43       2.7216001     48.1808498 125000.0000000
11     10.00000  0.29870E+44  0.24387E+44  0.54830E+43      18.3562039     48.1808498 125000.0000000
11     30.00000  0.11910E+44  0.62771E+43  0.56329E+43      47.2954364     48.1808498 125000.0000000
  
12      1.00000  0.38590E+44  0.37885E+44  0.70537E+42       1.8278543     47.9154017  62500.0000000
12      2.00000  0.40520E+44  0.42071E+44 -0.15512E+43      -3.8283044     47.9154017  62500.0000000
12      3.00000  0.40950E+44  0.42948E+44 -0.19979E+43      -4.8788799     47.9154017  62500.0000000
12      5.00000  0.39260E+44  0.38289E+44  0.97078E+42       2.4727014     47.9154017  62500.0000000
12     10.00000  0.29870E+44  0.24439E+44  0.54308E+43      18.1812953     47.9154017  62500.0000000
12     30.00000  0.11910E+44  0.62897E+43  0.56203E+43      47.1893395     47.9154017  62500.0000000
  
13      1.00000  0.38590E+44  0.37778E+44  0.81237E+42       2.1051374     47.8203854  31250.0000000
13      2.00000  0.40520E+44  0.42015E+44 -0.14945E+43      -3.6884072     47.8203854  31250.0000000
13      3.00000  0.40950E+44  0.42923E+44 -0.19731E+43      -4.8183420     47.8203854  31250.0000000
13      5.00000  0.39260E+44  0.38286E+44  0.97413E+42       2.4812207     47.8203854  31250.0000000
13     10.00000  0.29870E+44  0.24442E+44  0.54283E+43      18.1731464     47.8203854  31250.0000000
13     30.00000  0.11910E+44  0.62917E+43  0.56183E+43      47.1731706     47.8203854  31250.0000000
  
14      1.00000  0.38590E+44  0.37745E+44  0.84548E+42       2.1909276     47.8007383  15625.0000000
14      2.00000  0.40520E+44  0.41950E+44 -0.14297E+43      -3.5284857     47.8007383  15625.0000000
14      3.00000  0.40950E+44  0.42867E+44 -0.19168E+43      -4.6808892     47.8007383  15625.0000000
14      5.00000  0.39260E+44  0.38249E+44  0.10106E+43       2.5741976     47.8007383  15625.0000000
14     10.00000  0.29870E+44  0.24426E+44  0.54439E+43      18.2253368     47.8007383  15625.0000000
14     30.00000  0.11910E+44  0.62900E+43  0.56200E+43      47.1870226     47.8007383  15625.0000000
  
15      1.00000  0.38590E+44  0.37745E+44  0.84548E+42       2.1909276     47.8007383 156250.0000000
15      2.00000  0.40520E+44  0.41950E+44 -0.14297E+43      -3.5284857     47.8007383 156250.0000000
15      3.00000  0.40950E+44  0.42867E+44 -0.19168E+43      -4.6808892     47.8007383 156250.0000000
15      5.00000  0.39260E+44  0.38249E+44  0.10106E+43       2.5741976     47.8007383 156250.0000000
15     10.00000  0.29870E+44  0.24426E+44  0.54439E+43      18.2253368     47.8007383 156250.0000000
15     30.00000  0.11910E+44  0.62900E+43  0.56200E+43      47.1870226     47.8007383 156250.0000000
  
