 1      1.00000  0.28320E+44  0.27191E+44  0.11292E+43       3.9874409     24.6250298      0.1000000
 1      2.00000  0.36160E+44  0.30482E+44  0.56782E+43      15.7030894     24.6250298      0.1000000
 1      3.00000  0.37150E+44  0.33621E+44  0.35294E+43       9.5004126     24.6250298      0.1000000
 1      5.00000  0.36080E+44  0.35607E+44  0.47326E+42       1.3117077     24.6250298      0.1000000
 1     10.00000  0.28200E+44  0.29396E+44 -0.11959E+43      -4.2406310     24.6250298      0.1000000
 1     30.00000  0.11910E+44  0.12814E+44 -0.90420E+42      -7.5919503     24.6250298      0.1000000
  
 2      1.00000  0.28320E+44  0.27191E+44  0.11292E+43       3.9874409     24.6250298      1.0000000
 2      2.00000  0.36160E+44  0.30482E+44  0.56782E+43      15.7030894     24.6250298      1.0000000
 2      3.00000  0.37150E+44  0.33621E+44  0.35294E+43       9.5004126     24.6250298      1.0000000
 2      5.00000  0.36080E+44  0.35607E+44  0.47326E+42       1.3117077     24.6250298      1.0000000
 2     10.00000  0.28200E+44  0.29396E+44 -0.11959E+43      -4.2406310     24.6250298      1.0000000
 2     30.00000  0.11910E+44  0.12814E+44 -0.90420E+42      -7.5919503     24.6250298      1.0000000
  
 3      1.00000  0.28320E+44  0.27191E+44  0.11292E+43       3.9874409     24.6250298     10.0000000
 3      2.00000  0.36160E+44  0.30482E+44  0.56782E+43      15.7030894     24.6250298     10.0000000
 3      3.00000  0.37150E+44  0.33621E+44  0.35294E+43       9.5004126     24.6250298     10.0000000
 3      5.00000  0.36080E+44  0.35607E+44  0.47326E+42       1.3117077     24.6250298     10.0000000
 3     10.00000  0.28200E+44  0.29396E+44 -0.11959E+43      -4.2406310     24.6250298     10.0000000
 3     30.00000  0.11910E+44  0.12814E+44 -0.90420E+42      -7.5919503     24.6250298     10.0000000
  
 4      1.00000  0.28320E+44  0.27917E+44  0.40291E+42       1.4227092     24.3658775      5.0000000
 4      2.00000  0.36160E+44  0.32453E+44  0.37067E+43      10.2509219     24.3658775      5.0000000
 4      3.00000  0.37150E+44  0.33081E+44  0.40694E+43      10.9540737     24.3658775      5.0000000
 4      5.00000  0.36080E+44  0.32621E+44  0.34595E+43       9.5883597     24.3658775      5.0000000
 4     10.00000  0.28200E+44  0.27268E+44  0.93161E+42       3.3035840     24.3658775      5.0000000
 4     30.00000  0.11910E+44  0.12343E+44 -0.43311E+42      -3.6365305     24.3658775      5.0000000
  
 5      1.00000  0.28320E+44  0.27917E+44  0.40291E+42       1.4227092     24.3658775     50.0000000
 5      2.00000  0.36160E+44  0.32453E+44  0.37067E+43      10.2509219     24.3658775     50.0000000
 5      3.00000  0.37150E+44  0.33081E+44  0.40694E+43      10.9540737     24.3658775     50.0000000
 5      5.00000  0.36080E+44  0.32621E+44  0.34595E+43       9.5883597     24.3658775     50.0000000
 5     10.00000  0.28200E+44  0.27268E+44  0.93161E+42       3.3035840     24.3658775     50.0000000
 5     30.00000  0.11910E+44  0.12343E+44 -0.43311E+42      -3.6365305     24.3658775     50.0000000
  
 6      1.00000  0.28320E+44  0.27917E+44  0.40291E+42       1.4227092     24.3658775    500.0000000
 6      2.00000  0.36160E+44  0.32453E+44  0.37067E+43      10.2509219     24.3658775    500.0000000
 6      3.00000  0.37150E+44  0.33081E+44  0.40694E+43      10.9540737     24.3658775    500.0000000
 6      5.00000  0.36080E+44  0.32621E+44  0.34595E+43       9.5883597     24.3658775    500.0000000
 6     10.00000  0.28200E+44  0.27268E+44  0.93161E+42       3.3035840     24.3658775    500.0000000
 6     30.00000  0.11910E+44  0.12343E+44 -0.43311E+42      -3.6365305     24.3658775    500.0000000
  
 7      1.00000  0.28320E+44  0.26198E+44  0.21221E+43       7.4931533     20.1986227    250.0000000
 7      2.00000  0.36160E+44  0.32065E+44  0.40954E+43      11.3258367     20.1986227    250.0000000
 7      3.00000  0.37150E+44  0.33696E+44  0.34540E+43       9.2974413     20.1986227    250.0000000
 7      5.00000  0.36080E+44  0.33883E+44  0.21969E+43       6.0889023     20.1986227    250.0000000
 7     10.00000  0.28200E+44  0.28128E+44  0.72210E+41       0.2560651     20.1986227    250.0000000
 7     30.00000  0.11910E+44  0.12522E+44 -0.61212E+42      -5.1395604     20.1986227    250.0000000
  
 8      1.00000  0.28320E+44  0.26198E+44  0.21221E+43       7.4931533     20.1986227   2500.0000000
 8      2.00000  0.36160E+44  0.32065E+44  0.40954E+43      11.3258367     20.1986227   2500.0000000
 8      3.00000  0.37150E+44  0.33696E+44  0.34540E+43       9.2974413     20.1986227   2500.0000000
 8      5.00000  0.36080E+44  0.33883E+44  0.21969E+43       6.0889023     20.1986227   2500.0000000
 8     10.00000  0.28200E+44  0.28128E+44  0.72210E+41       0.2560651     20.1986227   2500.0000000
 8     30.00000  0.11910E+44  0.12522E+44 -0.61212E+42      -5.1395604     20.1986227   2500.0000000
  
 9      1.00000  0.28320E+44  0.27948E+44  0.37162E+42       1.3122007      6.1593537   1250.0000000
 9      2.00000  0.36160E+44  0.33837E+44  0.23229E+43       6.4238974      6.1593537   1250.0000000
 9      3.00000  0.37150E+44  0.35260E+44  0.18898E+43       5.0869894      6.1593537   1250.0000000
 9      5.00000  0.36080E+44  0.35067E+44  0.10133E+43       2.8086055      6.1593537   1250.0000000
 9     10.00000  0.28200E+44  0.28674E+44 -0.47435E+42      -1.6820945      6.1593537   1250.0000000
 9     30.00000  0.11910E+44  0.12597E+44 -0.68736E+42      -5.7713025      6.1593537   1250.0000000
  
10      1.00000  0.28320E+44  0.27948E+44  0.37162E+42       1.3122007      6.1593537  12500.0000000
10      2.00000  0.36160E+44  0.33837E+44  0.23229E+43       6.4238974      6.1593537  12500.0000000
10      3.00000  0.37150E+44  0.35260E+44  0.18898E+43       5.0869894      6.1593537  12500.0000000
10      5.00000  0.36080E+44  0.35067E+44  0.10133E+43       2.8086055      6.1593537  12500.0000000
10     10.00000  0.28200E+44  0.28674E+44 -0.47435E+42      -1.6820945      6.1593537  12500.0000000
10     30.00000  0.11910E+44  0.12597E+44 -0.68736E+42      -5.7713025      6.1593537  12500.0000000
  
11      1.00000  0.28320E+44  0.28719E+44 -0.39901E+42      -1.4089324      3.2303560   6250.0000000
11      2.00000  0.36160E+44  0.34613E+44  0.15467E+43       4.2772412      3.2303560   6250.0000000
11      3.00000  0.37150E+44  0.35965E+44  0.11854E+43       3.1908725      3.2303560   6250.0000000
11      5.00000  0.36080E+44  0.35619E+44  0.46105E+42       1.2778560      3.2303560   6250.0000000
11     10.00000  0.28200E+44  0.28933E+44 -0.73266E+42      -2.5981006      3.2303560   6250.0000000
11     30.00000  0.11910E+44  0.12634E+44 -0.72401E+42      -6.0790391      3.2303560   6250.0000000
  
12      1.00000  0.28320E+44  0.28722E+44 -0.40153E+42      -1.4178218      2.9098022   3125.0000000
12      2.00000  0.36160E+44  0.34706E+44  0.14540E+43       4.0209226      2.9098022   3125.0000000
12      3.00000  0.37150E+44  0.36117E+44  0.10332E+43       2.7810395      2.9098022   3125.0000000
12      5.00000  0.36080E+44  0.35784E+44  0.29556E+42       0.8191752      2.9098022   3125.0000000
12     10.00000  0.28200E+44  0.29023E+44 -0.82288E+42      -2.9180111      2.9098022   3125.0000000
12     30.00000  0.11910E+44  0.12649E+44 -0.73925E+42      -6.2069902      2.9098022   3125.0000000
  
