 1      1.00000  0.29960E+44  0.29075E+44  0.88506E+42       2.9541421     24.4505032      0.1000000
 1      2.00000  0.31760E+44  0.33028E+44 -0.12676E+43      -3.9912767     24.4505032      0.1000000
 1      3.00000  0.31580E+44  0.36873E+44 -0.52933E+43     -16.7616474     24.4505032      0.1000000
 1      5.00000  0.32960E+44  0.38632E+44 -0.56723E+43     -17.2097492     24.4505032      0.1000000
 1     10.00000  0.28750E+44  0.29796E+44 -0.10458E+43      -3.6374386     24.4505032      0.1000000
 1     30.00000  0.12870E+44  0.11742E+44  0.11280E+43       8.7647549     24.4505032      0.1000000
  
 2      1.00000  0.29960E+44  0.29075E+44  0.88506E+42       2.9541421     24.4505032      1.0000000
 2      2.00000  0.31760E+44  0.33028E+44 -0.12676E+43      -3.9912767     24.4505032      1.0000000
 2      3.00000  0.31580E+44  0.36873E+44 -0.52933E+43     -16.7616474     24.4505032      1.0000000
 2      5.00000  0.32960E+44  0.38632E+44 -0.56723E+43     -17.2097492     24.4505032      1.0000000
 2     10.00000  0.28750E+44  0.29796E+44 -0.10458E+43      -3.6374386     24.4505032      1.0000000
 2     30.00000  0.12870E+44  0.11742E+44  0.11280E+43       8.7647549     24.4505032      1.0000000
  
 3      1.00000  0.29960E+44  0.31386E+44 -0.14262E+43      -4.7604480      4.9047677      0.5000000
 3      2.00000  0.31760E+44  0.33052E+44 -0.12924E+43      -4.0691878      4.9047677      0.5000000
 3      3.00000  0.31580E+44  0.33910E+44 -0.23300E+43      -7.3780937      4.9047677      0.5000000
 3      5.00000  0.32960E+44  0.34437E+44 -0.14774E+43      -4.4824830      4.9047677      0.5000000
 3     10.00000  0.28750E+44  0.28059E+44  0.69135E+42       2.4046872      4.9047677      0.5000000
 3     30.00000  0.12870E+44  0.11713E+44  0.11569E+43       8.9892504      4.9047677      0.5000000
  
 4      1.00000  0.29960E+44  0.30422E+44 -0.46173E+42      -1.5411576      1.5893898      0.2500000
 4      2.00000  0.31760E+44  0.31262E+44  0.49769E+42       1.5670212      1.5893898      0.2500000
 4      3.00000  0.31580E+44  0.32324E+44 -0.74393E+42      -2.3557044      1.5893898      0.2500000
 4      5.00000  0.32960E+44  0.33488E+44 -0.52751E+42      -1.6004657      1.5893898      0.2500000
 4     10.00000  0.28750E+44  0.27707E+44  0.10428E+43       3.6269669      1.5893898      0.2500000
 4     30.00000  0.12870E+44  0.11680E+44  0.11902E+43       9.2481394      1.5893898      0.2500000
  
 5      1.00000  0.29960E+44  0.30130E+44 -0.17009E+42      -0.5677337      1.5430390      0.1250000
 5      2.00000  0.31760E+44  0.31025E+44  0.73549E+42       2.3157817      1.5430390      0.1250000
 5      3.00000  0.31580E+44  0.32185E+44 -0.60511E+42      -1.9161293      1.5430390      0.1250000
 5      5.00000  0.32960E+44  0.33458E+44 -0.49796E+42      -1.5107921      1.5430390      0.1250000
 5     10.00000  0.28750E+44  0.27710E+44  0.10401E+43       3.6178184      1.5430390      0.1250000
 5     30.00000  0.12870E+44  0.11681E+44  0.11888E+43       9.2370135      1.5430390      0.1250000
  
 6      1.00000  0.29960E+44  0.30130E+44 -0.17023E+42      -0.5682020      1.5427144      0.0625000
 6      2.00000  0.31760E+44  0.31021E+44  0.73857E+42       2.3254612      1.5427144      0.0625000
 6      3.00000  0.31580E+44  0.32183E+44 -0.60296E+42      -1.9093205      1.5427144      0.0625000
 6      5.00000  0.32960E+44  0.33455E+44 -0.49461E+42      -1.5006273      1.5427144      0.0625000
 6     10.00000  0.28750E+44  0.27709E+44  0.10408E+43       3.6202097      1.5427144      0.0625000
 6     30.00000  0.12870E+44  0.11682E+44  0.11883E+43       9.2329948      1.5427144      0.0625000
  
