 1      1.00000  0.33770E+44  0.19193E+44  0.14577E+44      43.1652884    294.0507162      0.1000000
 1      2.00000  0.32940E+44  0.20406E+44  0.12534E+44      38.0521388    294.0507162      0.1000000
 1      3.00000  0.32220E+44  0.21019E+44  0.11201E+44      34.7640915    294.0507162      0.1000000
 1      5.00000  0.28450E+44  0.20089E+44  0.83612E+43      29.3890510    294.0507162      0.1000000
 1     10.00000  0.18900E+44  0.13708E+44  0.51918E+43      27.4697907    294.0507162      0.1000000
 1     30.00000 -0.39170E+43  0.36632E+42 -0.42833E+43     109.3519420    294.0507162      0.1000000
  
 2      1.00000  0.33770E+44  0.33277E+44  0.49258E+42       1.4586283     12.9903787      0.0500000
 2      2.00000  0.32940E+44  0.35017E+44 -0.20774E+43      -6.3066363     12.9903787      0.0500000
 2      3.00000  0.32220E+44  0.34705E+44 -0.24854E+43      -7.7139766     12.9903787      0.0500000
 2      5.00000  0.28450E+44  0.30522E+44 -0.20724E+43      -7.2842302     12.9903787      0.0500000
 2     10.00000  0.18900E+44  0.18821E+44  0.79356E+41       0.4198737     12.9903787      0.0500000
 2     30.00000 -0.39170E+43  0.11841E+43 -0.51011E+43     130.2299313     12.9903787      0.0500000
  
 3      1.00000  0.33770E+44  0.33955E+44 -0.18506E+42      -0.5480070      5.8141373      0.0250000
 3      2.00000  0.32940E+44  0.33234E+44 -0.29368E+42      -0.8915609      5.8141373      0.0250000
 3      3.00000  0.32220E+44  0.32522E+44 -0.30215E+42      -0.9377867      5.8141373      0.0250000
 3      5.00000  0.28450E+44  0.28716E+44 -0.26647E+42      -0.9366364      5.8141373      0.0250000
 3     10.00000  0.18900E+44  0.17874E+44  0.10259E+43       5.4278067      5.8141373      0.0250000
 3     30.00000 -0.39170E+43  0.97752E+42 -0.48945E+43     124.9558478      5.8141373      0.0250000
  
 4      1.00000  0.33770E+44  0.33664E+44  0.10630E+42       0.3147861      5.7335211      0.0125000
 4      2.00000  0.32940E+44  0.33016E+44 -0.76091E+41      -0.2309986      5.7335211      0.0125000
 4      3.00000  0.32220E+44  0.32380E+44 -0.15956E+42      -0.4952155      5.7335211      0.0125000
 4      5.00000  0.28450E+44  0.28647E+44 -0.19722E+42      -0.6932317      5.7335211      0.0125000
 4     10.00000  0.18900E+44  0.17849E+44  0.10512E+43       5.5619774      5.7335211      0.0125000
 4     30.00000 -0.39170E+43  0.97037E+42 -0.48874E+43     124.7733776      5.7335211      0.0125000
  
 5      1.00000  0.33770E+44  0.33664E+44  0.10630E+42       0.3147861      5.7335211      0.1250000
 5      2.00000  0.32940E+44  0.33016E+44 -0.76091E+41      -0.2309986      5.7335211      0.1250000
 5      3.00000  0.32220E+44  0.32380E+44 -0.15956E+42      -0.4952155      5.7335211      0.1250000
 5      5.00000  0.28450E+44  0.28647E+44 -0.19722E+42      -0.6932317      5.7335211      0.1250000
 5     10.00000  0.18900E+44  0.17849E+44  0.10512E+43       5.5619774      5.7335211      0.1250000
 5     30.00000 -0.39170E+43  0.97037E+42 -0.48874E+43     124.7733776      5.7335211      0.1250000
  
 6      1.00000  0.33770E+44  0.33664E+44  0.10630E+42       0.3147861      5.7335211      1.2500000
 6      2.00000  0.32940E+44  0.33016E+44 -0.76091E+41      -0.2309986      5.7335211      1.2500000
 6      3.00000  0.32220E+44  0.32380E+44 -0.15956E+42      -0.4952155      5.7335211      1.2500000
 6      5.00000  0.28450E+44  0.28647E+44 -0.19722E+42      -0.6932317      5.7335211      1.2500000
 6     10.00000  0.18900E+44  0.17849E+44  0.10512E+43       5.5619774      5.7335211      1.2500000
 6     30.00000 -0.39170E+43  0.97037E+42 -0.48874E+43     124.7733776      5.7335211      1.2500000
  
 7      1.00000  0.33770E+44  0.33664E+44  0.10630E+42       0.3147861      5.7335211     12.5000000
 7      2.00000  0.32940E+44  0.33016E+44 -0.76091E+41      -0.2309986      5.7335211     12.5000000
 7      3.00000  0.32220E+44  0.32380E+44 -0.15956E+42      -0.4952155      5.7335211     12.5000000
 7      5.00000  0.28450E+44  0.28647E+44 -0.19722E+42      -0.6932317      5.7335211     12.5000000
 7     10.00000  0.18900E+44  0.17849E+44  0.10512E+43       5.5619774      5.7335211     12.5000000
 7     30.00000 -0.39170E+43  0.97037E+42 -0.48874E+43     124.7733776      5.7335211     12.5000000
  
 8      1.00000  0.33770E+44  0.33664E+44  0.10630E+42       0.3147861      5.7335211    125.0000000
 8      2.00000  0.32940E+44  0.33016E+44 -0.76091E+41      -0.2309986      5.7335211    125.0000000
 8      3.00000  0.32220E+44  0.32380E+44 -0.15956E+42      -0.4952155      5.7335211    125.0000000
 8      5.00000  0.28450E+44  0.28647E+44 -0.19722E+42      -0.6932317      5.7335211    125.0000000
 8     10.00000  0.18900E+44  0.17849E+44  0.10512E+43       5.5619774      5.7335211    125.0000000
 8     30.00000 -0.39170E+43  0.97037E+42 -0.48874E+43     124.7733776      5.7335211    125.0000000
  
 9      1.00000  0.33770E+44  0.33664E+44  0.10630E+42       0.3147861      5.7335211   1250.0000000
 9      2.00000  0.32940E+44  0.33016E+44 -0.76091E+41      -0.2309986      5.7335211   1250.0000000
 9      3.00000  0.32220E+44  0.32380E+44 -0.15956E+42      -0.4952155      5.7335211   1250.0000000
 9      5.00000  0.28450E+44  0.28647E+44 -0.19722E+42      -0.6932317      5.7335211   1250.0000000
 9     10.00000  0.18900E+44  0.17849E+44  0.10512E+43       5.5619774      5.7335211   1250.0000000
 9     30.00000 -0.39170E+43  0.97037E+42 -0.48874E+43     124.7733776      5.7335211   1250.0000000
  
10      1.00000  0.33770E+44  0.33664E+44  0.10630E+42       0.3147861      5.7335211  12500.0000000
10      2.00000  0.32940E+44  0.33016E+44 -0.76091E+41      -0.2309986      5.7335211  12500.0000000
10      3.00000  0.32220E+44  0.32380E+44 -0.15956E+42      -0.4952155      5.7335211  12500.0000000
10      5.00000  0.28450E+44  0.28647E+44 -0.19722E+42      -0.6932317      5.7335211  12500.0000000
10     10.00000  0.18900E+44  0.17849E+44  0.10512E+43       5.5619774      5.7335211  12500.0000000
10     30.00000 -0.39170E+43  0.97037E+42 -0.48874E+43     124.7733776      5.7335211  12500.0000000
  
11      1.00000  0.33770E+44  0.33664E+44  0.10630E+42       0.3147861      5.7335211 125000.0000000
11      2.00000  0.32940E+44  0.33016E+44 -0.76091E+41      -0.2309986      5.7335211 125000.0000000
11      3.00000  0.32220E+44  0.32380E+44 -0.15956E+42      -0.4952155      5.7335211 125000.0000000
11      5.00000  0.28450E+44  0.28647E+44 -0.19722E+42      -0.6932317      5.7335211 125000.0000000
11     10.00000  0.18900E+44  0.17849E+44  0.10512E+43       5.5619774      5.7335211 125000.0000000
11     30.00000 -0.39170E+43  0.97037E+42 -0.48874E+43     124.7733776      5.7335211 125000.0000000
  
12      1.00000  0.33770E+44  0.33665E+44  0.10472E+42       0.3101109      5.7335199  62500.0000000
12      2.00000  0.32940E+44  0.33017E+44 -0.77386E+41      -0.2349300      5.7335199  62500.0000000
12      3.00000  0.32220E+44  0.32381E+44 -0.16063E+42      -0.4985308      5.7335199  62500.0000000
12      5.00000  0.28450E+44  0.28648E+44 -0.19795E+42      -0.6957900      5.7335199  62500.0000000
12     10.00000  0.18900E+44  0.17849E+44  0.10509E+43       5.5601201      5.7335199  62500.0000000
12     30.00000 -0.39170E+43  0.97045E+42 -0.48875E+43     124.7753610      5.7335199  62500.0000000
  
13      1.00000  0.33770E+44  0.33665E+44  0.10472E+42       0.3101109      5.7335199 625000.0000000
13      2.00000  0.32940E+44  0.33017E+44 -0.77386E+41      -0.2349300      5.7335199 625000.0000000
13      3.00000  0.32220E+44  0.32381E+44 -0.16063E+42      -0.4985308      5.7335199 625000.0000000
13      5.00000  0.28450E+44  0.28648E+44 -0.19795E+42      -0.6957900      5.7335199 625000.0000000
13     10.00000  0.18900E+44  0.17849E+44  0.10509E+43       5.5601201      5.7335199 625000.0000000
13     30.00000 -0.39170E+43  0.97045E+42 -0.48875E+43     124.7753610      5.7335199 625000.0000000
  
14      1.00000  0.33770E+44  0.33665E+44  0.10451E+42       0.3094747      5.7335193 312500.0000000
14      2.00000  0.32940E+44  0.33018E+44 -0.77557E+41      -0.2354491      5.7335193 312500.0000000
14      3.00000  0.32220E+44  0.32381E+44 -0.16076E+42      -0.4989592      5.7335193 312500.0000000
14      5.00000  0.28450E+44  0.28648E+44 -0.19804E+42      -0.6961138      5.7335193 312500.0000000
14     10.00000  0.18900E+44  0.17849E+44  0.10508E+43       5.5598863      5.7335193 312500.0000000
14     30.00000 -0.39170E+43  0.97046E+42 -0.48875E+43     124.7756068      5.7335193 312500.0000000
  
15      1.00000  0.33770E+44  0.33665E+44  0.10451E+42       0.3094747      5.7335193 **************
15      2.00000  0.32940E+44  0.33018E+44 -0.77557E+41      -0.2354491      5.7335193 **************
15      3.00000  0.32220E+44  0.32381E+44 -0.16076E+42      -0.4989592      5.7335193 **************
15      5.00000  0.28450E+44  0.28648E+44 -0.19804E+42      -0.6961138      5.7335193 **************
15     10.00000  0.18900E+44  0.17849E+44  0.10508E+43       5.5598863      5.7335193 **************
15     30.00000 -0.39170E+43  0.97046E+42 -0.48875E+43     124.7756068      5.7335193 **************
  
