 1      1.00000  0.74620E+44  0.57945E+44  0.16675E+44      22.3467365    133.5906763      0.1000000
 1      2.00000  0.77080E+44  0.61018E+44  0.16062E+44      20.8386548    133.5906763      0.1000000
 1      3.00000  0.76240E+44  0.61912E+44  0.14328E+44      18.7935149    133.5906763      0.1000000
 1      5.00000  0.67480E+44  0.57704E+44  0.97757E+43      14.4867437    133.5906763      0.1000000
 1     10.00000  0.43280E+44  0.42264E+44  0.10161E+43       2.3476767    133.5906763      0.1000000
 1     30.00000  0.13970E+44  0.16250E+44 -0.22804E+43     -16.3234417    133.5906763      0.1000000
  
 2      1.00000  0.74620E+44  0.77464E+44 -0.28436E+43      -3.8107800      2.4232602      0.0500000
 2      2.00000  0.77080E+44  0.78947E+44 -0.18673E+43      -2.4224961      2.4232602      0.0500000
 2      3.00000  0.76240E+44  0.76396E+44 -0.15647E+42      -0.2052269      2.4232602      0.0500000
 2      5.00000  0.67480E+44  0.65843E+44  0.16372E+43       2.4262575      2.4232602      0.0500000
 2     10.00000  0.43280E+44  0.43754E+44 -0.47366E+42      -1.0944115      2.4232602      0.0500000
 2     30.00000  0.13970E+44  0.14750E+44 -0.77998E+42      -5.5832563      2.4232602      0.0500000
  
 3      1.00000  0.74620E+44  0.74558E+44  0.61577E+41       0.0825211      0.5196480      0.0250000
 3      2.00000  0.77080E+44  0.77803E+44 -0.72320E+42      -0.9382475      0.5196480      0.0250000
 3      3.00000  0.76240E+44  0.76332E+44 -0.91935E+41      -0.1205867      0.5196480      0.0250000
 3      5.00000  0.67480E+44  0.66198E+44  0.12817E+43       1.8994016      0.5196480      0.0250000
 3     10.00000  0.43280E+44  0.43779E+44 -0.49877E+42      -1.1524263      0.5196480      0.0250000
 3     30.00000  0.13970E+44  0.14472E+44 -0.50197E+42      -3.5931933      0.5196480      0.0250000
  
 4      1.00000  0.74620E+44  0.74349E+44  0.27114E+42       0.3633625      0.5045707      0.0125000
 4      2.00000  0.77080E+44  0.77812E+44 -0.73237E+42      -0.9501456      0.5045707      0.0125000
 4      3.00000  0.76240E+44  0.76405E+44 -0.16541E+42      -0.2169643      0.5045707      0.0125000
 4      5.00000  0.67480E+44  0.66261E+44  0.12186E+43       1.8059154      0.5045707      0.0125000
 4     10.00000  0.43280E+44  0.43781E+44 -0.50068E+42      -1.1568374      0.5045707      0.0125000
 4     30.00000  0.13970E+44  0.14440E+44 -0.46989E+42      -3.3635537      0.5045707      0.0125000
  
 5      1.00000  0.74620E+44  0.74349E+44  0.27149E+42       0.3638289      0.5035627      0.0062500
 5      2.00000  0.77080E+44  0.77812E+44 -0.73172E+42      -0.9492998      0.5035627      0.0062500
 5      3.00000  0.76240E+44  0.76407E+44 -0.16720E+42      -0.2193037      0.5035627      0.0062500
 5      5.00000  0.67480E+44  0.66264E+44  0.12163E+43       1.8024893      0.5035627      0.0062500
 5     10.00000  0.43280E+44  0.43780E+44 -0.50017E+42      -1.1556632      0.5035627      0.0062500
 5     30.00000  0.13970E+44  0.14437E+44 -0.46743E+42      -3.3459447      0.5035627      0.0062500
  
 6      1.00000  0.74620E+44  0.74348E+44  0.27165E+42       0.3640504      0.5034909      0.0031250
 6      2.00000  0.77080E+44  0.77812E+44 -0.73176E+42      -0.9493570      0.5034909      0.0031250
 6      3.00000  0.76240E+44  0.76407E+44 -0.16746E+42      -0.2196496      0.5034909      0.0031250
 6      5.00000  0.67480E+44  0.66264E+44  0.12161E+43       1.8021152      0.5034909      0.0031250
 6     10.00000  0.43280E+44  0.43780E+44 -0.50014E+42      -1.1556023      0.5034909      0.0031250
 6     30.00000  0.13970E+44  0.14437E+44 -0.46723E+42      -3.3445307      0.5034909      0.0031250
  
 7      1.00000  0.74620E+44  0.74348E+44  0.27166E+42       0.3640523      0.5034843      0.0015625
 7      2.00000  0.77080E+44  0.77812E+44 -0.73177E+42      -0.9493601      0.5034843      0.0015625
 7      3.00000  0.76240E+44  0.76407E+44 -0.16748E+42      -0.2196749      0.5034843      0.0015625
 7      5.00000  0.67480E+44  0.66264E+44  0.12160E+43       1.8020857      0.5034843      0.0015625
 7     10.00000  0.43280E+44  0.43780E+44 -0.50014E+42      -1.1555974      0.5034843      0.0015625
 7     30.00000  0.13970E+44  0.14437E+44 -0.46721E+42      -3.3444127      0.5034843      0.0015625
  
 8      1.00000  0.74620E+44  0.74348E+44  0.27166E+42       0.3640592      0.5034837      0.0007813
 8      2.00000  0.77080E+44  0.77812E+44 -0.73176E+42      -0.9493562      0.5034837      0.0007813
 8      3.00000  0.76240E+44  0.76407E+44 -0.16748E+42      -0.2196733      0.5034837      0.0007813
 8      5.00000  0.67480E+44  0.66264E+44  0.12160E+43       1.8020867      0.5034837      0.0007813
 8     10.00000  0.43280E+44  0.43780E+44 -0.50014E+42      -1.1555930      0.5034837      0.0007813
 8     30.00000  0.13970E+44  0.14437E+44 -0.46721E+42      -3.3443946      0.5034837      0.0007813
  
 9      1.00000  0.74620E+44  0.74348E+44  0.27166E+42       0.3640525      0.5034833      0.0003906
 9      2.00000  0.77080E+44  0.77812E+44 -0.73177E+42      -0.9493622      0.5034833      0.0003906
 9      3.00000  0.76240E+44  0.76407E+44 -0.16748E+42      -0.2196797      0.5034833      0.0003906
 9      5.00000  0.67480E+44  0.66264E+44  0.12160E+43       1.8020815      0.5034833      0.0003906
 9     10.00000  0.43280E+44  0.43780E+44 -0.50014E+42      -1.1555948      0.5034833      0.0003906
 9     30.00000  0.13970E+44  0.14437E+44 -0.46721E+42      -3.3443895      0.5034833      0.0003906
  
