 1      1.00000  0.24080E+44  0.22060E+44  0.20197E+43       8.3875843     14.2343749      0.1000000
 1      2.00000  0.26720E+44  0.23895E+44  0.28248E+43      10.5719356     14.2343749      0.1000000
 1      3.00000  0.27900E+44  0.25333E+44  0.25669E+43       9.2002976     14.2343749      0.1000000
 1      5.00000  0.27790E+44  0.25495E+44  0.22948E+43       8.2577639     14.2343749      0.1000000
 1     10.00000  0.21770E+44  0.19346E+44  0.24241E+43      11.1349629     14.2343749      0.1000000
 1     30.00000  0.58870E+43  0.47441E+43  0.11429E+43      19.4133176     14.2343749      0.1000000
  
 2      1.00000  0.24080E+44  0.25345E+44 -0.12652E+43      -5.2539618      2.7501761      0.0500000
 2      2.00000  0.26720E+44  0.27638E+44 -0.91809E+42      -3.4359641      2.7501761      0.0500000
 2      3.00000  0.27900E+44  0.29157E+44 -0.12566E+43      -4.5039018      2.7501761      0.0500000
 2      5.00000  0.27790E+44  0.28632E+44 -0.84193E+42      -3.0296066      2.7501761      0.0500000
 2     10.00000  0.21770E+44  0.20903E+44  0.86661E+42       3.9807672      2.7501761      0.0500000
 2     30.00000  0.58870E+43  0.50431E+43  0.84387E+42      14.3344663      2.7501761      0.0500000
  
 3      1.00000  0.24080E+44  0.24153E+44 -0.72500E+41      -0.3010817      1.1050151      0.0250000
 3      2.00000  0.26720E+44  0.26487E+44  0.23273E+42       0.8709985      1.1050151      0.0250000
 3      3.00000  0.27900E+44  0.28350E+44 -0.44975E+42      -1.6119971      1.1050151      0.0250000
 3      5.00000  0.27790E+44  0.28256E+44 -0.46622E+42      -1.6776365      1.1050151      0.0250000
 3     10.00000  0.21770E+44  0.20805E+44  0.96481E+42       4.4318199      1.1050151      0.0250000
 3     30.00000  0.58870E+43  0.50356E+43  0.85141E+42      14.4625981      1.1050151      0.0250000
  
 4      1.00000  0.24080E+44  0.24065E+44  0.15073E+41       0.0625948      1.1032055      0.0125000
 4      2.00000  0.26720E+44  0.26455E+44  0.26487E+42       0.9912884      1.1032055      0.0125000
 4      3.00000  0.27900E+44  0.28328E+44 -0.42781E+42      -1.5333671      1.1032055      0.0125000
 4      5.00000  0.27790E+44  0.28237E+44 -0.44718E+42      -1.6091557      1.1032055      0.0125000
 4     10.00000  0.21770E+44  0.20796E+44  0.97377E+42       4.4730046      1.1032055      0.0125000
 4     30.00000  0.58870E+43  0.50339E+43  0.85313E+42      14.4916769      1.1032055      0.0125000
  
 5      1.00000  0.24080E+44  0.24066E+44  0.13769E+41       0.0571804      1.1029791      0.0062500
 5      2.00000  0.26720E+44  0.26452E+44  0.26759E+42       1.0014575      1.1029791      0.0062500
 5      3.00000  0.27900E+44  0.28327E+44 -0.42695E+42      -1.5302714      1.1029791      0.0062500
 5      5.00000  0.27790E+44  0.28239E+44 -0.44886E+42      -1.6151881      1.1029791      0.0062500
 5     10.00000  0.21770E+44  0.20797E+44  0.97265E+42       4.4678422      1.1029791      0.0062500
 5     30.00000  0.58870E+43  0.50341E+43  0.85289E+42      14.4876934      1.1029791      0.0062500
  
