 1      1.00000  0.32930E+44  0.24510E+44  0.84196E+43      25.5682320     56.4902021      0.1000000
 1      2.00000  0.32260E+44  0.27033E+44  0.52266E+43      16.2015802     56.4902021      0.1000000
 1      3.00000  0.31630E+44  0.29326E+44  0.23038E+43       7.2837484     56.4902021      0.1000000
 1      5.00000  0.29520E+44  0.30617E+44 -0.10970E+43      -3.7159761     56.4902021      0.1000000
 1     10.00000  0.24550E+44  0.24900E+44 -0.34956E+42      -1.4238603     56.4902021      0.1000000
 1     30.00000  0.86610E+43  0.88429E+43 -0.18189E+42      -2.1000516     56.4902021      0.1000000
  
 2      1.00000  0.32930E+44  0.24510E+44  0.84196E+43      25.5682320     56.4902021      1.0000000
 2      2.00000  0.32260E+44  0.27033E+44  0.52266E+43      16.2015802     56.4902021      1.0000000
 2      3.00000  0.31630E+44  0.29326E+44  0.23038E+43       7.2837484     56.4902021      1.0000000
 2      5.00000  0.29520E+44  0.30617E+44 -0.10970E+43      -3.7159761     56.4902021      1.0000000
 2     10.00000  0.24550E+44  0.24900E+44 -0.34956E+42      -1.4238603     56.4902021      1.0000000
 2     30.00000  0.86610E+43  0.88429E+43 -0.18189E+42      -2.1000516     56.4902021      1.0000000
  
 3      1.00000  0.32930E+44  0.38050E+44 -0.51201E+43     -15.5483608     17.1169498      0.5000000
 3      2.00000  0.32260E+44  0.34239E+44 -0.19794E+43      -6.1356189     17.1169498      0.5000000
 3      3.00000  0.31630E+44  0.32522E+44 -0.89187E+42      -2.8197112     17.1169498      0.5000000
 3      5.00000  0.29520E+44  0.30580E+44 -0.10603E+43      -3.5918936     17.1169498      0.5000000
 3     10.00000  0.24550E+44  0.24131E+44  0.41891E+42       1.7063444     17.1169498      0.5000000
 3     30.00000  0.86610E+43  0.86267E+43  0.34305E+41       0.3960827     17.1169498      0.5000000
  
 4      1.00000  0.32930E+44  0.33392E+44 -0.46167E+42      -1.4019598      0.6124501      0.2500000
 4      2.00000  0.32260E+44  0.32207E+44  0.53483E+41       0.1657875      0.6124501      0.2500000
 4      3.00000  0.31630E+44  0.31451E+44  0.17897E+42       0.5658159      0.6124501      0.2500000
 4      5.00000  0.29520E+44  0.30186E+44 -0.66563E+42      -2.2548329      0.6124501      0.2500000
 4     10.00000  0.24550E+44  0.24058E+44  0.49186E+42       2.0035099      0.6124501      0.2500000
 4     30.00000  0.86610E+43  0.86279E+43  0.33098E+41       0.3821508      0.6124501      0.2500000
  
 5      1.00000  0.32930E+44  0.33006E+44 -0.75619E+41      -0.2296361      0.5239942      0.1250000
 5      2.00000  0.32260E+44  0.32113E+44  0.14654E+42       0.4542482      0.5239942      0.1250000
 5      3.00000  0.31630E+44  0.31433E+44  0.19723E+42       0.6235577      0.5239942      0.1250000
 5      5.00000  0.29520E+44  0.30192E+44 -0.67151E+42      -2.2747604      0.5239942      0.1250000
 5     10.00000  0.24550E+44  0.24064E+44  0.48649E+42       1.9816312      0.5239942      0.1250000
 5     30.00000  0.86610E+43  0.86291E+43  0.31904E+41       0.3683689      0.5239942      0.1250000
  
