 1      1.00000  0.33310E+44  0.28009E+44  0.53008E+43      15.9135895     35.9804019      0.1000000
 1      2.00000  0.32960E+44  0.31722E+44  0.12381E+43       3.7564031     35.9804019      0.1000000
 1      3.00000  0.32620E+44  0.35376E+44 -0.27562E+43      -8.4492887     35.9804019      0.1000000
 1      5.00000  0.31510E+44  0.37619E+44 -0.61090E+43     -19.3875541     35.9804019      0.1000000
 1     10.00000  0.28530E+44  0.30645E+44 -0.21155E+43      -7.4149960     35.9804019      0.1000000
 1     30.00000  0.13360E+44  0.13845E+44 -0.48527E+42      -3.6322522     35.9804019      0.1000000
  
 2      1.00000  0.33310E+44  0.28009E+44  0.53008E+43      15.9135895     35.9804019      1.0000000
 2      2.00000  0.32960E+44  0.31722E+44  0.12381E+43       3.7564031     35.9804019      1.0000000
 2      3.00000  0.32620E+44  0.35376E+44 -0.27562E+43      -8.4492887     35.9804019      1.0000000
 2      5.00000  0.31510E+44  0.37619E+44 -0.61090E+43     -19.3875541     35.9804019      1.0000000
 2     10.00000  0.28530E+44  0.30645E+44 -0.21155E+43      -7.4149960     35.9804019      1.0000000
 2     30.00000  0.13360E+44  0.13845E+44 -0.48527E+42      -3.6322522     35.9804019      1.0000000
  
 3      1.00000  0.33310E+44  0.38006E+44 -0.46958E+43     -14.0972809     20.5685876      0.5000000
 3      2.00000  0.32960E+44  0.36223E+44 -0.32628E+43      -9.8992490     20.5685876      0.5000000
 3      3.00000  0.32620E+44  0.34995E+44 -0.23750E+43      -7.2807964     20.5685876      0.5000000
 3      5.00000  0.31510E+44  0.33980E+44 -0.24705E+43      -7.8403316     20.5685876      0.5000000
 3     10.00000  0.28530E+44  0.28403E+44  0.12690E+42       0.4447853     20.5685876      0.5000000
 3     30.00000  0.13360E+44  0.13406E+44 -0.45716E+41      -0.3421848     20.5685876      0.5000000
  
 4      1.00000  0.33310E+44  0.34070E+44 -0.75973E+42      -2.2807986      1.0514536      0.2500000
 4      2.00000  0.32960E+44  0.33062E+44 -0.10237E+42      -0.3105938      1.0514536      0.2500000
 4      3.00000  0.32620E+44  0.32546E+44  0.74272E+41       0.2276899      1.0514536      0.2500000
 4      5.00000  0.31510E+44  0.32441E+44 -0.93059E+42      -2.9533048      1.0514536      0.2500000
 4     10.00000  0.28530E+44  0.27806E+44  0.72411E+42       2.5380658      1.0514536      0.2500000
 4     30.00000  0.13360E+44  0.13366E+44 -0.58133E+40      -0.0435127      1.0514536      0.2500000
  
 5      1.00000  0.33310E+44  0.33417E+44 -0.10674E+42      -0.3204454      0.7981172      0.1250000
 5      2.00000  0.32960E+44  0.32731E+44  0.22859E+42       0.6935356      0.7981172      0.1250000
 5      3.00000  0.32620E+44  0.32372E+44  0.24761E+42       0.7590608      0.7981172      0.1250000
 5      5.00000  0.31510E+44  0.32407E+44 -0.89674E+42      -2.8458908      0.7981172      0.1250000
 5     10.00000  0.28530E+44  0.27820E+44  0.70990E+42       2.4882529      0.7981172      0.1250000
 5     30.00000  0.13360E+44  0.13375E+44 -0.15311E+41      -0.1146009      0.7981172      0.1250000
  
