 1      1.00000  0.39620E+44  0.23824E+44  0.15796E+44      39.8679514    222.7606935      0.1000000
 1      2.00000  0.39490E+44  0.26267E+44  0.13223E+44      33.4849322    222.7606935      0.1000000
 1      3.00000  0.39270E+44  0.28388E+44  0.10882E+44      27.7100721    222.7606935      0.1000000
 1      5.00000  0.36420E+44  0.29304E+44  0.71164E+43      19.5399319    222.7606935      0.1000000
 1     10.00000  0.25570E+44  0.23102E+44  0.24681E+43       9.6525086    222.7606935      0.1000000
 1     30.00000  0.75990E+43  0.73272E+43  0.27178E+42       3.5765763    222.7606935      0.1000000
  
 2      1.00000  0.39620E+44  0.26726E+44  0.12894E+44      32.5444528    124.1180087      0.0500000
 2      2.00000  0.39490E+44  0.29695E+44  0.97951E+43      24.8039013    124.1180087      0.0500000
 2      3.00000  0.39270E+44  0.31955E+44  0.73151E+43      18.6276121    124.1180087      0.0500000
 2      5.00000  0.36420E+44  0.32204E+44  0.42157E+43      11.5753413    124.1180087      0.0500000
 2     10.00000  0.25570E+44  0.24467E+44  0.11032E+43       4.3142903    124.1180087      0.0500000
 2     30.00000  0.75990E+43  0.75511E+43  0.47878E+41       0.6300551    124.1180087      0.0500000
  
 3      1.00000  0.39620E+44  0.48238E+44 -0.86182E+43     -21.7520200     31.1413210      0.0250000
 3      2.00000  0.39490E+44  0.42300E+44 -0.28101E+43      -7.1160109     31.1413210      0.0250000
 3      3.00000  0.39270E+44  0.40221E+44 -0.95139E+42      -2.4226792     31.1413210      0.0250000
 3      5.00000  0.36420E+44  0.36507E+44 -0.86972E+41      -0.2388030     31.1413210      0.0250000
 3     10.00000  0.25570E+44  0.25944E+44 -0.37422E+42      -1.4635152     31.1413210      0.0250000
 3     30.00000  0.75990E+43  0.77368E+43 -0.13782E+42      -1.8136830     31.1413210      0.0250000
  
 4      1.00000  0.39620E+44  0.40555E+44 -0.93485E+42      -2.3595324      0.4783875      0.0125000
 4      2.00000  0.39490E+44  0.39637E+44 -0.14737E+42      -0.3731909      0.4783875      0.0125000
 4      3.00000  0.39270E+44  0.39157E+44  0.11304E+42       0.2878514      0.4783875      0.0125000
 4      5.00000  0.36420E+44  0.36333E+44  0.86913E+41       0.2386409      0.4783875      0.0125000
 4     10.00000  0.25570E+44  0.26013E+44 -0.44264E+42      -1.7310786      0.4783875      0.0125000
 4     30.00000  0.75990E+43  0.77673E+43 -0.16828E+42      -2.2144399      0.4783875      0.0125000
  
 5      1.00000  0.39620E+44  0.39674E+44 -0.53592E+41      -0.1352649      0.1580264      0.0062500
 5      2.00000  0.39490E+44  0.39447E+44  0.42643E+41       0.1079844      0.1580264      0.0062500
 5      3.00000  0.39270E+44  0.39136E+44  0.13447E+42       0.3424315      0.1580264      0.0062500
 5      5.00000  0.36420E+44  0.36369E+44  0.51221E+41       0.1406390      0.1580264      0.0062500
 5     10.00000  0.25570E+44  0.26040E+44 -0.47045E+42      -1.8398624      0.1580264      0.0062500
 5     30.00000  0.75990E+43  0.77735E+43 -0.17455E+42      -2.2969714      0.1580264      0.0062500
  
 6      1.00000  0.39620E+44  0.39658E+44 -0.38216E+41      -0.0964571      0.1578929      0.0031250
 6      2.00000  0.39490E+44  0.39442E+44  0.48255E+41       0.1221945      0.1578929      0.0031250
 6      3.00000  0.39270E+44  0.39133E+44  0.13717E+42       0.3493044      0.1578929      0.0031250
 6      5.00000  0.36420E+44  0.36367E+44  0.52548E+41       0.1442840      0.1578929      0.0031250
 6     10.00000  0.25570E+44  0.26040E+44 -0.47014E+42      -1.8386463      0.1578929      0.0031250
 6     30.00000  0.75990E+43  0.77736E+43 -0.17456E+42      -2.2971652      0.1578929      0.0031250
  
 7      1.00000  0.39620E+44  0.39658E+44 -0.38476E+41      -0.0971115      0.1578859      0.0015625
 7      2.00000  0.39490E+44  0.39442E+44  0.48142E+41       0.1219099      0.1578859      0.0015625
 7      3.00000  0.39270E+44  0.39133E+44  0.13716E+42       0.3492727      0.1578859      0.0015625
 7      5.00000  0.36420E+44  0.36367E+44  0.52608E+41       0.1444487      0.1578859      0.0015625
 7     10.00000  0.25570E+44  0.26040E+44 -0.47011E+42      -1.8385080      0.1578859      0.0015625
 7     30.00000  0.75990E+43  0.77736E+43 -0.17456E+42      -2.2971024      0.1578859      0.0015625
  
