 1      1.00000  0.24850E+44  0.22585E+44  0.22651E+43       9.1151905     13.6396575      0.1000000
 1      2.00000  0.28350E+44  0.24617E+44  0.37326E+43      13.1660707     13.6396575      0.1000000
 1      3.00000  0.28620E+44  0.26298E+44  0.23220E+43       8.1133259     13.6396575      0.1000000
 1      5.00000  0.27890E+44  0.26770E+44  0.11203E+43       4.0169378     13.6396575      0.1000000
 1     10.00000  0.21570E+44  0.20690E+44  0.87965E+42       4.0780981     13.6396575      0.1000000
 1     30.00000  0.73260E+43  0.55795E+43  0.17465E+43      23.8401971     13.6396575      0.1000000
  
 2      1.00000  0.24850E+44  0.22585E+44  0.22651E+43       9.1151905     13.6396575      1.0000000
 2      2.00000  0.28350E+44  0.24617E+44  0.37326E+43      13.1660707     13.6396575      1.0000000
 2      3.00000  0.28620E+44  0.26298E+44  0.23220E+43       8.1133259     13.6396575      1.0000000
 2      5.00000  0.27890E+44  0.26770E+44  0.11203E+43       4.0169378     13.6396575      1.0000000
 2     10.00000  0.21570E+44  0.20690E+44  0.87965E+42       4.0780981     13.6396575      1.0000000
 2     30.00000  0.73260E+43  0.55795E+43  0.17465E+43      23.8401971     13.6396575      1.0000000
  
 3      1.00000  0.24850E+44  0.25800E+44 -0.95018E+42      -3.8236696      2.3335649      0.5000000
 3      2.00000  0.28350E+44  0.28267E+44  0.82711E+41       0.2917489      2.3335649      0.5000000
 3      3.00000  0.28620E+44  0.29187E+44 -0.56688E+42      -1.9807300      2.3335649      0.5000000
 3      5.00000  0.27890E+44  0.28406E+44 -0.51581E+42      -1.8494404      2.3335649      0.5000000
 3     10.00000  0.21570E+44  0.21307E+44  0.26344E+42       1.2213109      2.3335649      0.5000000
 3     30.00000  0.73260E+43  0.56868E+43  0.16392E+43      22.3751092      2.3335649      0.5000000
  
 4      1.00000  0.24850E+44  0.25083E+44 -0.23331E+42      -0.9388876      1.9931313      0.2500000
 4      2.00000  0.28350E+44  0.27769E+44  0.58096E+42       2.0492448      1.9931313      0.2500000
 4      3.00000  0.28620E+44  0.28909E+44 -0.28860E+42      -1.0083933      1.9931313      0.2500000
 4      5.00000  0.27890E+44  0.28337E+44 -0.44658E+42      -1.6012122      1.9931313      0.2500000
 4     10.00000  0.21570E+44  0.21314E+44  0.25551E+42       1.1845559      1.9931313      0.2500000
 4     30.00000  0.73260E+43  0.56901E+43  0.16359E+43      22.3305455      1.9931313      0.2500000
  
 5      1.00000  0.24850E+44  0.25078E+44 -0.22799E+42      -0.9174609      1.9921892      0.1250000
 5      2.00000  0.28350E+44  0.27765E+44  0.58479E+42       2.0627381      1.9921892      0.1250000
 5      3.00000  0.28620E+44  0.28905E+44 -0.28491E+42      -0.9954896      1.9921892      0.1250000
 5      5.00000  0.27890E+44  0.28332E+44 -0.44177E+42      -1.5839553      1.9921892      0.1250000
 5     10.00000  0.21570E+44  0.21312E+44  0.25771E+42       1.1947816      1.9921892      0.1250000
 5     30.00000  0.73260E+43  0.56900E+43  0.16360E+43      22.3308857      1.9921892      0.1250000
  
 6      1.00000  0.24850E+44  0.25078E+44 -0.22799E+42      -0.9174609      1.9921892      1.2500000
 6      2.00000  0.28350E+44  0.27765E+44  0.58479E+42       2.0627381      1.9921892      1.2500000
 6      3.00000  0.28620E+44  0.28905E+44 -0.28491E+42      -0.9954896      1.9921892      1.2500000
 6      5.00000  0.27890E+44  0.28332E+44 -0.44177E+42      -1.5839553      1.9921892      1.2500000
 6     10.00000  0.21570E+44  0.21312E+44  0.25771E+42       1.1947816      1.9921892      1.2500000
 6     30.00000  0.73260E+43  0.56900E+43  0.16360E+43      22.3308857      1.9921892      1.2500000
  
 7      1.00000  0.24850E+44  0.25078E+44 -0.22799E+42      -0.9174609      1.9921892     12.5000000
 7      2.00000  0.28350E+44  0.27765E+44  0.58479E+42       2.0627381      1.9921892     12.5000000
 7      3.00000  0.28620E+44  0.28905E+44 -0.28491E+42      -0.9954896      1.9921892     12.5000000
 7      5.00000  0.27890E+44  0.28332E+44 -0.44177E+42      -1.5839553      1.9921892     12.5000000
 7     10.00000  0.21570E+44  0.21312E+44  0.25771E+42       1.1947816      1.9921892     12.5000000
 7     30.00000  0.73260E+43  0.56900E+43  0.16360E+43      22.3308857      1.9921892     12.5000000
  
 8      1.00000  0.24850E+44  0.25078E+44 -0.22799E+42      -0.9174609      1.9921892    125.0000000
 8      2.00000  0.28350E+44  0.27765E+44  0.58479E+42       2.0627381      1.9921892    125.0000000
 8      3.00000  0.28620E+44  0.28905E+44 -0.28491E+42      -0.9954896      1.9921892    125.0000000
 8      5.00000  0.27890E+44  0.28332E+44 -0.44177E+42      -1.5839553      1.9921892    125.0000000
 8     10.00000  0.21570E+44  0.21312E+44  0.25771E+42       1.1947816      1.9921892    125.0000000
 8     30.00000  0.73260E+43  0.56900E+43  0.16360E+43      22.3308857      1.9921892    125.0000000
  
 9      1.00000  0.24850E+44  0.25078E+44 -0.22799E+42      -0.9174609      1.9921892   1250.0000000
 9      2.00000  0.28350E+44  0.27765E+44  0.58479E+42       2.0627381      1.9921892   1250.0000000
 9      3.00000  0.28620E+44  0.28905E+44 -0.28491E+42      -0.9954896      1.9921892   1250.0000000
 9      5.00000  0.27890E+44  0.28332E+44 -0.44177E+42      -1.5839553      1.9921892   1250.0000000
 9     10.00000  0.21570E+44  0.21312E+44  0.25771E+42       1.1947816      1.9921892   1250.0000000
 9     30.00000  0.73260E+43  0.56900E+43  0.16360E+43      22.3308857      1.9921892   1250.0000000
  
10      1.00000  0.24850E+44  0.25078E+44 -0.22799E+42      -0.9174609      1.9921892  12500.0000000
10      2.00000  0.28350E+44  0.27765E+44  0.58479E+42       2.0627381      1.9921892  12500.0000000
10      3.00000  0.28620E+44  0.28905E+44 -0.28491E+42      -0.9954896      1.9921892  12500.0000000
10      5.00000  0.27890E+44  0.28332E+44 -0.44177E+42      -1.5839553      1.9921892  12500.0000000
10     10.00000  0.21570E+44  0.21312E+44  0.25771E+42       1.1947816      1.9921892  12500.0000000
10     30.00000  0.73260E+43  0.56900E+43  0.16360E+43      22.3308857      1.9921892  12500.0000000
  
11      1.00000  0.24850E+44  0.25078E+44 -0.22799E+42      -0.9174609      1.9921892 125000.0000000
11      2.00000  0.28350E+44  0.27765E+44  0.58479E+42       2.0627381      1.9921892 125000.0000000
11      3.00000  0.28620E+44  0.28905E+44 -0.28491E+42      -0.9954896      1.9921892 125000.0000000
11      5.00000  0.27890E+44  0.28332E+44 -0.44177E+42      -1.5839553      1.9921892 125000.0000000
11     10.00000  0.21570E+44  0.21312E+44  0.25771E+42       1.1947816      1.9921892 125000.0000000
11     30.00000  0.73260E+43  0.56900E+43  0.16360E+43      22.3308857      1.9921892 125000.0000000
  
12      1.00000  0.24850E+44  0.25078E+44 -0.22799E+42      -0.9174609      1.9921892 **************
12      2.00000  0.28350E+44  0.27765E+44  0.58479E+42       2.0627381      1.9921892 **************
12      3.00000  0.28620E+44  0.28905E+44 -0.28491E+42      -0.9954896      1.9921892 **************
12      5.00000  0.27890E+44  0.28332E+44 -0.44177E+42      -1.5839553      1.9921892 **************
12     10.00000  0.21570E+44  0.21312E+44  0.25771E+42       1.1947816      1.9921892 **************
12     30.00000  0.73260E+43  0.56900E+43  0.16360E+43      22.3308857      1.9921892 **************
  
13      1.00000  0.24850E+44  0.25078E+44 -0.22799E+42      -0.9174609      1.9921892 **************
13      2.00000  0.28350E+44  0.27765E+44  0.58479E+42       2.0627381      1.9921892 **************
13      3.00000  0.28620E+44  0.28905E+44 -0.28491E+42      -0.9954896      1.9921892 **************
13      5.00000  0.27890E+44  0.28332E+44 -0.44177E+42      -1.5839553      1.9921892 **************
13     10.00000  0.21570E+44  0.21312E+44  0.25771E+42       1.1947816      1.9921892 **************
13     30.00000  0.73260E+43  0.56900E+43  0.16360E+43      22.3308857      1.9921892 **************
  
14      1.00000  0.24850E+44  0.25078E+44 -0.22799E+42      -0.9174609      1.9921892 **************
14      2.00000  0.28350E+44  0.27765E+44  0.58479E+42       2.0627381      1.9921892 **************
14      3.00000  0.28620E+44  0.28905E+44 -0.28491E+42      -0.9954896      1.9921892 **************
14      5.00000  0.27890E+44  0.28332E+44 -0.44177E+42      -1.5839553      1.9921892 **************
14     10.00000  0.21570E+44  0.21312E+44  0.25771E+42       1.1947816      1.9921892 **************
14     30.00000  0.73260E+43  0.56900E+43  0.16360E+43      22.3308857      1.9921892 **************
  
15      1.00000  0.24850E+44  0.25078E+44 -0.22799E+42      -0.9174609      1.9921892 **************
15      2.00000  0.28350E+44  0.27765E+44  0.58479E+42       2.0627381      1.9921892 **************
15      3.00000  0.28620E+44  0.28905E+44 -0.28491E+42      -0.9954896      1.9921892 **************
15      5.00000  0.27890E+44  0.28332E+44 -0.44177E+42      -1.5839553      1.9921892 **************
15     10.00000  0.21570E+44  0.21312E+44  0.25771E+42       1.1947816      1.9921892 **************
15     30.00000  0.73260E+43  0.56900E+43  0.16360E+43      22.3308857      1.9921892 **************
  
