 1      1.00000  0.29170E+44  0.28969E+44  0.20079E+42       0.6883511     13.9805391      0.1000000
 1      2.00000  0.31650E+44  0.32746E+44 -0.10958E+43      -3.4622193     13.9805391      0.1000000
 1      3.00000  0.32890E+44  0.36384E+44 -0.34937E+43     -10.6222490     13.9805391      0.1000000
 1      5.00000  0.33390E+44  0.38064E+44 -0.46742E+43     -13.9987244     13.9805391      0.1000000
 1     10.00000  0.28890E+44  0.29566E+44 -0.67602E+42      -2.3399735     13.9805391      0.1000000
 1     30.00000  0.13480E+44  0.11651E+44  0.18286E+43      13.5651986     13.9805391      0.1000000
  
 2      1.00000  0.29170E+44  0.28969E+44  0.20079E+42       0.6883511     13.9805391      1.0000000
 2      2.00000  0.31650E+44  0.32746E+44 -0.10958E+43      -3.4622193     13.9805391      1.0000000
 2      3.00000  0.32890E+44  0.36384E+44 -0.34937E+43     -10.6222490     13.9805391      1.0000000
 2      5.00000  0.33390E+44  0.38064E+44 -0.46742E+43     -13.9987244     13.9805391      1.0000000
 2     10.00000  0.28890E+44  0.29566E+44 -0.67602E+42      -2.3399735     13.9805391      1.0000000
 2     30.00000  0.13480E+44  0.11651E+44  0.18286E+43      13.5651986     13.9805391      1.0000000
  
 3      1.00000  0.29170E+44  0.29895E+44 -0.72482E+42      -2.4848052      3.2014558      0.5000000
 3      2.00000  0.31650E+44  0.32386E+44 -0.73554E+42      -2.3239665      3.2014558      0.5000000
 3      3.00000  0.32890E+44  0.33944E+44 -0.10544E+43      -3.2058087      3.2014558      0.5000000
 3      5.00000  0.33390E+44  0.34809E+44 -0.14185E+43      -4.2484049      3.2014558      0.5000000
 3     10.00000  0.28890E+44  0.28182E+44  0.70752E+42       2.4490184      3.2014558      0.5000000
 3     30.00000  0.13480E+44  0.11584E+44  0.18965E+43      14.0687614      3.2014558      0.5000000
  
 4      1.00000  0.29170E+44  0.29372E+44 -0.20237E+42      -0.6937774      2.1834085      0.2500000
 4      2.00000  0.31650E+44  0.31326E+44  0.32360E+42       1.0224320      2.1834085      0.2500000
 4      3.00000  0.32890E+44  0.32986E+44 -0.96240E+41      -0.2926130      2.1834085      0.2500000
 4      5.00000  0.33390E+44  0.34224E+44 -0.83358E+42      -2.4965099      2.1834085      0.2500000
 4     10.00000  0.28890E+44  0.27960E+44  0.93020E+42       3.2198039      2.1834085      0.2500000
 4     30.00000  0.13480E+44  0.11561E+44  0.19187E+43      14.2338546      2.1834085      0.2500000
  
 5      1.00000  0.29170E+44  0.29295E+44 -0.12487E+42      -0.4280889      2.1815302      0.1250000
 5      2.00000  0.31650E+44  0.31253E+44  0.39666E+42       1.2532553      2.1815302      0.1250000
 5      3.00000  0.32890E+44  0.32941E+44 -0.51257E+41      -0.1558431      2.1815302      0.1250000
 5      5.00000  0.33390E+44  0.34212E+44 -0.82160E+42      -2.4606022      2.1815302      0.1250000
 5     10.00000  0.28890E+44  0.27960E+44  0.93044E+42       3.2206403      2.1815302      0.1250000
 5     30.00000  0.13480E+44  0.11562E+44  0.19182E+43      14.2296441      2.1815302      0.1250000
  
 6      1.00000  0.29170E+44  0.29296E+44 -0.12595E+42      -0.4317732      2.1814363      0.0625000
 6      2.00000  0.31650E+44  0.31253E+44  0.39670E+42       1.2533976      2.1814363      0.0625000
 6      3.00000  0.32890E+44  0.32941E+44 -0.50653E+41      -0.1540082      2.1814363      0.0625000
 6      5.00000  0.33390E+44  0.34211E+44 -0.82077E+42      -2.4581371      2.1814363      0.0625000
 6     10.00000  0.28890E+44  0.27959E+44  0.93075E+42       3.2216957      2.1814363      0.0625000
 6     30.00000  0.13480E+44  0.11562E+44  0.19181E+43      14.2295992      2.1814363      0.0625000
  
 7      1.00000  0.29170E+44  0.29296E+44 -0.12578E+42      -0.4312107      2.1813891      0.0312500
 7      2.00000  0.31650E+44  0.31254E+44  0.39638E+42       1.2523762      2.1813891      0.0312500
 7      3.00000  0.32890E+44  0.32941E+44 -0.50759E+41      -0.1543303      2.1813891      0.0312500
 7      5.00000  0.33390E+44  0.34211E+44 -0.82062E+42      -2.4576801      2.1813891      0.0312500
 7     10.00000  0.28890E+44  0.27959E+44  0.93087E+42       3.2221142      2.1813891      0.0312500
 7     30.00000  0.13480E+44  0.11562E+44  0.19182E+43      14.2297108      2.1813891      0.0312500
  
 8      1.00000  0.29170E+44  0.29296E+44 -0.12579E+42      -0.4312196      2.1813877      0.0156250
 8      2.00000  0.31650E+44  0.31254E+44  0.39644E+42       1.2525869      2.1813877      0.0156250
 8      3.00000  0.32890E+44  0.32941E+44 -0.50740E+41      -0.1542705      2.1813877      0.0156250
 8      5.00000  0.33390E+44  0.34211E+44 -0.82066E+42      -2.4578031      2.1813877      0.0156250
 8     10.00000  0.28890E+44  0.27959E+44  0.93083E+42       3.2219855      2.1813877      0.0156250
 8     30.00000  0.13480E+44  0.11562E+44  0.19182E+43      14.2296463      2.1813877      0.0156250
  
