 1      1.00000  0.29020E+44  0.22619E+44  0.64006E+43      22.0557706    177.2848108      0.1000000
 1      2.00000  0.30610E+44  0.23892E+44  0.67182E+43      21.9478846    177.2848108      0.1000000
 1      3.00000  0.31310E+44  0.24520E+44  0.67896E+43      21.6851142    177.2848108      0.1000000
 1      5.00000  0.31280E+44  0.23472E+44  0.78078E+43      24.9609594    177.2848108      0.1000000
 1     10.00000  0.23640E+44  0.16753E+44  0.68870E+43      29.1326424    177.2848108      0.1000000
 1     30.00000  0.85590E+43  0.38015E+43  0.47575E+43      55.5848092    177.2848108      0.1000000
  
 2      1.00000  0.29020E+44  0.33356E+44 -0.43363E+43     -14.9423886     49.0884131      0.0500000
 2      2.00000  0.30610E+44  0.35024E+44 -0.44136E+43     -14.4186691     49.0884131      0.0500000
 2      3.00000  0.31310E+44  0.35007E+44 -0.36966E+43     -11.8064943     49.0884131      0.0500000
 2      5.00000  0.31280E+44  0.31535E+44 -0.25524E+42      -0.8159857     49.0884131      0.0500000
 2     10.00000  0.23640E+44  0.20780E+44  0.28602E+43      12.0991097     49.0884131      0.0500000
 2     30.00000  0.85590E+43  0.47121E+43  0.38469E+43      44.9460904     49.0884131      0.0500000
  
 3      1.00000  0.29020E+44  0.29809E+44 -0.78859E+42      -2.7173953     46.9206522      0.0250000
 3      2.00000  0.30610E+44  0.28667E+44  0.19427E+43       6.3465939     46.9206522      0.0250000
 3      3.00000  0.31310E+44  0.29164E+44  0.21463E+43       6.8550944     46.9206522      0.0250000
 3      5.00000  0.31280E+44  0.27539E+44  0.37411E+43      11.9600711     46.9206522      0.0250000
 3     10.00000  0.23640E+44  0.18940E+44  0.47002E+43      19.8825890     46.9206522      0.0250000
 3     30.00000  0.85590E+43  0.44998E+43  0.40592E+43      47.4263370     46.9206522      0.0250000
  
 4      1.00000  0.29020E+44  0.28148E+44  0.87164E+42       3.0035995     30.9572792      0.0125000
 4      2.00000  0.30610E+44  0.28950E+44  0.16599E+43       5.4228254     30.9572792      0.0125000
 4      3.00000  0.31310E+44  0.30348E+44  0.96202E+42       3.0725780     30.9572792      0.0125000
 4      5.00000  0.31280E+44  0.28950E+44  0.23298E+43       7.4481143     30.9572792      0.0125000
 4     10.00000  0.23640E+44  0.19788E+44  0.38519E+43      16.2938689     30.9572792      0.0125000
 4     30.00000  0.85590E+43  0.47142E+43  0.38448E+43      44.9213532     30.9572792      0.0125000
  
 5      1.00000  0.29020E+44  0.28148E+44  0.87164E+42       3.0035995     30.9572792      0.1250000
 5      2.00000  0.30610E+44  0.28950E+44  0.16599E+43       5.4228254     30.9572792      0.1250000
 5      3.00000  0.31310E+44  0.30348E+44  0.96202E+42       3.0725780     30.9572792      0.1250000
 5      5.00000  0.31280E+44  0.28950E+44  0.23298E+43       7.4481143     30.9572792      0.1250000
 5     10.00000  0.23640E+44  0.19788E+44  0.38519E+43      16.2938689     30.9572792      0.1250000
 5     30.00000  0.85590E+43  0.47142E+43  0.38448E+43      44.9213532     30.9572792      0.1250000
  
 6      1.00000  0.29020E+44  0.28148E+44  0.87164E+42       3.0035995     30.9572792      1.2500000
 6      2.00000  0.30610E+44  0.28950E+44  0.16599E+43       5.4228254     30.9572792      1.2500000
 6      3.00000  0.31310E+44  0.30348E+44  0.96202E+42       3.0725780     30.9572792      1.2500000
 6      5.00000  0.31280E+44  0.28950E+44  0.23298E+43       7.4481143     30.9572792      1.2500000
 6     10.00000  0.23640E+44  0.19788E+44  0.38519E+43      16.2938689     30.9572792      1.2500000
 6     30.00000  0.85590E+43  0.47142E+43  0.38448E+43      44.9213532     30.9572792      1.2500000
  
 7      1.00000  0.29020E+44  0.28148E+44  0.87164E+42       3.0035995     30.9572792     12.5000000
 7      2.00000  0.30610E+44  0.28950E+44  0.16599E+43       5.4228254     30.9572792     12.5000000
 7      3.00000  0.31310E+44  0.30348E+44  0.96202E+42       3.0725780     30.9572792     12.5000000
 7      5.00000  0.31280E+44  0.28950E+44  0.23298E+43       7.4481143     30.9572792     12.5000000
 7     10.00000  0.23640E+44  0.19788E+44  0.38519E+43      16.2938689     30.9572792     12.5000000
 7     30.00000  0.85590E+43  0.47142E+43  0.38448E+43      44.9213532     30.9572792     12.5000000
  
 8      1.00000  0.29020E+44  0.28148E+44  0.87164E+42       3.0035995     30.9572792    125.0000000
 8      2.00000  0.30610E+44  0.28950E+44  0.16599E+43       5.4228254     30.9572792    125.0000000
 8      3.00000  0.31310E+44  0.30348E+44  0.96202E+42       3.0725780     30.9572792    125.0000000
 8      5.00000  0.31280E+44  0.28950E+44  0.23298E+43       7.4481143     30.9572792    125.0000000
 8     10.00000  0.23640E+44  0.19788E+44  0.38519E+43      16.2938689     30.9572792    125.0000000
 8     30.00000  0.85590E+43  0.47142E+43  0.38448E+43      44.9213532     30.9572792    125.0000000
  
 9      1.00000  0.29020E+44  0.28019E+44  0.10013E+43       3.4502359     28.6194058     62.5000000
 9      2.00000  0.30610E+44  0.29135E+44  0.14750E+43       4.8186716     28.6194058     62.5000000
 9      3.00000  0.31310E+44  0.30613E+44  0.69657E+42       2.2247601     28.6194058     62.5000000
 9      5.00000  0.31280E+44  0.29189E+44  0.20912E+43       6.6853127     28.6194058     62.5000000
 9     10.00000  0.23640E+44  0.19905E+44  0.37348E+43      15.7986246     28.6194058     62.5000000
 9     30.00000  0.85590E+43  0.47618E+43  0.37972E+43      44.3648723     28.6194058     62.5000000
  
10      1.00000  0.29020E+44  0.28019E+44  0.10013E+43       3.4502359     28.6194058    625.0000000
10      2.00000  0.30610E+44  0.29135E+44  0.14750E+43       4.8186716     28.6194058    625.0000000
10      3.00000  0.31310E+44  0.30613E+44  0.69657E+42       2.2247601     28.6194058    625.0000000
10      5.00000  0.31280E+44  0.29189E+44  0.20912E+43       6.6853127     28.6194058    625.0000000
10     10.00000  0.23640E+44  0.19905E+44  0.37348E+43      15.7986246     28.6194058    625.0000000
10     30.00000  0.85590E+43  0.47618E+43  0.37972E+43      44.3648723     28.6194058    625.0000000
  
11      1.00000  0.29020E+44  0.28112E+44  0.90794E+42       3.1286802     24.2752893    312.5000000
11      2.00000  0.30610E+44  0.29613E+44  0.99704E+42       3.2572286     24.2752893    312.5000000
11      3.00000  0.31310E+44  0.31203E+44  0.10655E+42       0.3403146     24.2752893    312.5000000
11      5.00000  0.31280E+44  0.29700E+44  0.15797E+43       5.0502667     24.2752893    312.5000000
11     10.00000  0.23640E+44  0.20174E+44  0.34662E+43      14.6623951     24.2752893    312.5000000
11     30.00000  0.85590E+43  0.48233E+43  0.37357E+43      43.6460758     24.2752893    312.5000000
  
12      1.00000  0.29020E+44  0.28112E+44  0.90794E+42       3.1286802     24.2752893   3125.0000000
12      2.00000  0.30610E+44  0.29613E+44  0.99704E+42       3.2572286     24.2752893   3125.0000000
12      3.00000  0.31310E+44  0.31203E+44  0.10655E+42       0.3403146     24.2752893   3125.0000000
12      5.00000  0.31280E+44  0.29700E+44  0.15797E+43       5.0502667     24.2752893   3125.0000000
12     10.00000  0.23640E+44  0.20174E+44  0.34662E+43      14.6623951     24.2752893   3125.0000000
12     30.00000  0.85590E+43  0.48233E+43  0.37357E+43      43.6460758     24.2752893   3125.0000000
  
13      1.00000  0.29020E+44  0.28313E+44  0.70712E+42       2.4366693     20.5603435   1562.5000000
13      2.00000  0.30610E+44  0.30245E+44  0.36503E+42       1.1925104     20.5603435   1562.5000000
13      3.00000  0.31310E+44  0.31950E+44 -0.63971E+42      -2.0431611     20.5603435   1562.5000000
13      5.00000  0.31280E+44  0.30331E+44  0.94912E+42       3.0342617     20.5603435   1562.5000000
13     10.00000  0.23640E+44  0.20500E+44  0.31404E+43      13.2841411     20.5603435   1562.5000000
13     30.00000  0.85590E+43  0.48980E+43  0.36610E+43      42.7736252     20.5603435   1562.5000000
  
14      1.00000  0.29020E+44  0.28313E+44  0.70712E+42       2.4366693     20.5603435  15625.0000000
14      2.00000  0.30610E+44  0.30245E+44  0.36503E+42       1.1925104     20.5603435  15625.0000000
14      3.00000  0.31310E+44  0.31950E+44 -0.63971E+42      -2.0431611     20.5603435  15625.0000000
14      5.00000  0.31280E+44  0.30331E+44  0.94912E+42       3.0342617     20.5603435  15625.0000000
14     10.00000  0.23640E+44  0.20500E+44  0.31404E+43      13.2841411     20.5603435  15625.0000000
14     30.00000  0.85590E+43  0.48980E+43  0.36610E+43      42.7736252     20.5603435  15625.0000000
  
15      1.00000  0.29020E+44  0.28529E+44  0.49150E+42       1.6936533     19.2260433   7812.5000000
15      2.00000  0.30610E+44  0.30691E+44 -0.81064E+41      -0.2648279     19.2260433   7812.5000000
15      3.00000  0.31310E+44  0.32445E+44 -0.11354E+43      -3.6263966     19.2260433   7812.5000000
15      5.00000  0.31280E+44  0.30736E+44  0.54431E+42       1.7401260     19.2260433   7812.5000000
15     10.00000  0.23640E+44  0.20705E+44  0.29350E+43      12.4153310     19.2260433   7812.5000000
15     30.00000  0.85590E+43  0.49434E+43  0.36156E+43      42.2434925     19.2260433   7812.5000000
  
