 1      1.00000  0.38370E+44  0.28873E+44  0.94969E+43      24.7509309     65.8427508      0.1000000
 1      2.00000  0.41770E+44  0.32979E+44  0.87913E+43      21.0468216     65.8427508      0.1000000
 1      3.00000  0.43260E+44  0.36974E+44  0.62865E+43      14.5318111     65.8427508      0.1000000
 1      5.00000  0.40600E+44  0.38846E+44  0.17539E+43       4.3200553     65.8427508      0.1000000
 1     10.00000  0.31980E+44  0.30018E+44  0.19621E+43       6.1355101     65.8427508      0.1000000
 1     30.00000  0.13100E+44  0.12067E+44  0.10334E+43       7.8888634     65.8427508      0.1000000
  
 2      1.00000  0.38370E+44  0.29178E+44  0.91924E+43      23.9572693     59.4523434      0.0500000
 2      2.00000  0.41770E+44  0.33388E+44  0.83817E+43      20.0663473     59.4523434      0.0500000
 2      3.00000  0.43260E+44  0.37415E+44  0.58453E+43      13.5119876     59.4523434      0.0500000
 2      5.00000  0.40600E+44  0.39167E+44  0.14328E+43       3.5291559     59.4523434      0.0500000
 2     10.00000  0.31980E+44  0.30122E+44  0.18578E+43       5.8091283     59.4523434      0.0500000
 2     30.00000  0.13100E+44  0.12063E+44  0.10365E+43       7.9125937     59.4523434      0.0500000
  
 3      1.00000  0.38370E+44  0.45557E+44 -0.71867E+43     -18.7299545     14.2233387      0.0250000
 3      2.00000  0.41770E+44  0.43718E+44 -0.19475E+43      -4.6625360     14.2233387      0.0250000
 3      3.00000  0.43260E+44  0.43583E+44 -0.32263E+42      -0.7457843     14.2233387      0.0250000
 3      5.00000  0.40600E+44  0.41752E+44 -0.11522E+43      -2.8380367     14.2233387      0.0250000
 3     10.00000  0.31980E+44  0.30882E+44  0.10985E+43       3.4348648     14.2233387      0.0250000
 3     30.00000  0.13100E+44  0.12052E+44  0.10476E+43       7.9970640     14.2233387      0.0250000
  
 4      1.00000  0.38370E+44  0.39286E+44 -0.91579E+42      -2.3867312      1.7625541      0.0125000
 4      2.00000  0.41770E+44  0.41642E+44  0.12783E+42       0.3060222      1.7625541      0.0125000
 4      3.00000  0.43260E+44  0.42907E+44  0.35263E+42       0.8151402      1.7625541      0.0125000
 4      5.00000  0.40600E+44  0.41738E+44 -0.11378E+43      -2.8023842      1.7625541      0.0125000
 4     10.00000  0.31980E+44  0.30938E+44  0.10416E+43       3.2570288      1.7625541      0.0125000
 4     30.00000  0.13100E+44  0.12079E+44  0.10215E+43       7.7976377      1.7625541      0.0125000
  
 5      1.00000  0.38370E+44  0.38608E+44 -0.23840E+42      -0.6213292      1.6317234      0.0062500
 5      2.00000  0.41770E+44  0.41477E+44  0.29343E+42       0.7024969      1.6317234      0.0062500
 5      3.00000  0.43260E+44  0.42877E+44  0.38254E+42       0.8842796      1.6317234      0.0062500
 5      5.00000  0.40600E+44  0.41752E+44 -0.11521E+43      -2.8377412      1.6317234      0.0062500
 5     10.00000  0.31980E+44  0.30953E+44  0.10275E+43       3.2127929      1.6317234      0.0062500
 5     30.00000  0.13100E+44  0.12084E+44  0.10155E+43       7.7520188      1.6317234      0.0062500
  
 6      1.00000  0.38370E+44  0.38601E+44 -0.23105E+42      -0.6021655      1.6311941      0.0031250
 6      2.00000  0.41770E+44  0.41473E+44  0.29659E+42       0.7100551      1.6311941      0.0031250
 6      3.00000  0.43260E+44  0.42876E+44  0.38446E+42       0.8887167      1.6311941      0.0031250
 6      5.00000  0.40600E+44  0.41751E+44 -0.11507E+43      -2.8342022      1.6311941      0.0031250
 6     10.00000  0.31980E+44  0.30952E+44  0.10276E+43       3.2133645      1.6311941      0.0031250
 6     30.00000  0.13100E+44  0.12085E+44  0.10153E+43       7.7505440      1.6311941      0.0031250
  
 7      1.00000  0.38370E+44  0.38601E+44 -0.23116E+42      -0.6024504      1.6310768      0.0015625
 7      2.00000  0.41770E+44  0.41474E+44  0.29626E+42       0.7092734      1.6310768      0.0015625
 7      3.00000  0.43260E+44  0.42876E+44  0.38447E+42       0.8887377      1.6310768      0.0015625
 7      5.00000  0.40600E+44  0.41750E+44 -0.11505E+43      -2.8337248      1.6310768      0.0015625
 7     10.00000  0.31980E+44  0.30952E+44  0.10277E+43       3.2135668      1.6310768      0.0015625
 7     30.00000  0.13100E+44  0.12085E+44  0.10153E+43       7.7504236      1.6310768      0.0015625
  
 8      1.00000  0.38370E+44  0.38601E+44 -0.23115E+42      -0.6024209      1.6310528      0.0007813
 8      2.00000  0.41770E+44  0.41474E+44  0.29620E+42       0.7091240      1.6310528      0.0007813
 8      3.00000  0.43260E+44  0.42876E+44  0.38445E+42       0.8887043      1.6310528      0.0007813
 8      5.00000  0.40600E+44  0.41750E+44 -0.11505E+43      -2.8336856      1.6310528      0.0007813
 8     10.00000  0.31980E+44  0.30952E+44  0.10277E+43       3.2135821      1.6310528      0.0007813
 8     30.00000  0.13100E+44  0.12085E+44  0.10153E+43       7.7503725      1.6310528      0.0007813
  
