 1      1.00000  0.37060E+44  0.24973E+44  0.12087E+44      32.6152487    138.9716906      0.1000000
 1      2.00000  0.37000E+44  0.27795E+44  0.92050E+43      24.8783632    138.9716906      0.1000000
 1      3.00000  0.37080E+44  0.30376E+44  0.67044E+43      18.0810117    138.9716906      0.1000000
 1      5.00000  0.36780E+44  0.31924E+44  0.48559E+43      13.2026097    138.9716906      0.1000000
 1     10.00000  0.28690E+44  0.26118E+44  0.25721E+43       8.9651576    138.9716906      0.1000000
 1     30.00000  0.10420E+44  0.99297E+43  0.49034E+42       4.7057243    138.9716906      0.1000000
  
 2      1.00000  0.37060E+44  0.27954E+44  0.91057E+43      24.5702470     57.4411780      0.0500000
 2      2.00000  0.37000E+44  0.31380E+44  0.56199E+43      15.1887976     57.4411780      0.0500000
 2      3.00000  0.37080E+44  0.34138E+44  0.29422E+43       7.9347212     57.4411780      0.0500000
 2      5.00000  0.36780E+44  0.34968E+44  0.18121E+43       4.9267812     57.4411780      0.0500000
 2     10.00000  0.28690E+44  0.27514E+44  0.11764E+43       4.1003832     57.4411780      0.0500000
 2     30.00000  0.10420E+44  0.10133E+44  0.28681E+42       2.7525345     57.4411780      0.0500000
  
 3      1.00000  0.37060E+44  0.40342E+44 -0.32819E+43      -8.8556074      5.6501268      0.0250000
 3      2.00000  0.37000E+44  0.37656E+44 -0.65551E+42      -1.7716426      5.6501268      0.0250000
 3      3.00000  0.37080E+44  0.37909E+44 -0.82866E+42      -2.2347906      5.6501268      0.0250000
 3      5.00000  0.36780E+44  0.36758E+44  0.22269E+41       0.0605455      5.6501268      0.0250000
 3     10.00000  0.28690E+44  0.28061E+44  0.62895E+42       2.1922326      5.6501268      0.0250000
 3     30.00000  0.10420E+44  0.10173E+44  0.24694E+42       2.3699057      5.6501268      0.0250000
  
 4      1.00000  0.37060E+44  0.37233E+44 -0.17316E+42      -0.4672305      0.4232406      0.0125000
 4      2.00000  0.37000E+44  0.36757E+44  0.24307E+42       0.6569396      0.4232406      0.0125000
 4      3.00000  0.37080E+44  0.37634E+44 -0.55369E+42      -1.4932442      0.4232406      0.0125000
 4      5.00000  0.36780E+44  0.36775E+44  0.51085E+40       0.0138894      0.4232406      0.0125000
 4     10.00000  0.28690E+44  0.28119E+44  0.57107E+42       1.9904821      0.4232406      0.0125000
 4     30.00000  0.10420E+44  0.10189E+44  0.23083E+42       2.2152683      0.4232406      0.0125000
  
 5      1.00000  0.37060E+44  0.37051E+44  0.93500E+40       0.0252293      0.4106201      0.0062500
 5      2.00000  0.37000E+44  0.36712E+44  0.28785E+42       0.7779600      0.4106201      0.0062500
 5      3.00000  0.37080E+44  0.37622E+44 -0.54248E+42      -1.4630022      0.4106201      0.0062500
 5      5.00000  0.36780E+44  0.36776E+44  0.36236E+40       0.0098522      0.4106201      0.0062500
 5     10.00000  0.28690E+44  0.28122E+44  0.56819E+42       1.9804499      0.4106201      0.0062500
 5     30.00000  0.10420E+44  0.10190E+44  0.23006E+42       2.2079076      0.4106201      0.0062500
  
 6      1.00000  0.37060E+44  0.37051E+44  0.92163E+40       0.0248687      0.4106063      0.0031250
 6      2.00000  0.37000E+44  0.36712E+44  0.28829E+42       0.7791499      0.4106063      0.0031250
 6      3.00000  0.37080E+44  0.37622E+44 -0.54221E+42      -1.4622828      0.4106063      0.0031250
 6      5.00000  0.36780E+44  0.36776E+44  0.36553E+40       0.0099383      0.4106063      0.0031250
 6     10.00000  0.28690E+44  0.28122E+44  0.56819E+42       1.9804371      0.4106063      0.0031250
 6     30.00000  0.10420E+44  0.10190E+44  0.23006E+42       2.2079118      0.4106063      0.0031250
  
