 1      1.00000  0.38130E+44  0.25961E+44  0.12169E+44      31.9134988    121.2463240      0.1000000
 1      2.00000  0.39130E+44  0.29269E+44  0.98607E+43      25.1999601    121.2463240      0.1000000
 1      3.00000  0.39650E+44  0.32322E+44  0.73285E+43      18.4829495    121.2463240      0.1000000
 1      5.00000  0.37670E+44  0.34163E+44  0.35068E+43       9.3093936    121.2463240      0.1000000
 1     10.00000  0.28630E+44  0.27844E+44  0.78602E+42       2.7454484    121.2463240      0.1000000
 1     30.00000  0.11470E+44  0.11233E+44  0.23680E+42       2.0645497    121.2463240      0.1000000
  
 2      1.00000  0.38130E+44  0.26154E+44  0.11976E+44      31.4091778    115.7889628      0.0500000
 2      2.00000  0.39130E+44  0.29496E+44  0.96343E+43      24.6211684    115.7889628      0.0500000
 2      3.00000  0.39650E+44  0.32560E+44  0.70897E+43      17.8808192    115.7889628      0.0500000
 2      5.00000  0.37670E+44  0.34356E+44  0.33144E+43       8.7984603    115.7889628      0.0500000
 2     10.00000  0.28630E+44  0.27929E+44  0.70076E+42       2.4476440    115.7889628      0.0500000
 2     30.00000  0.11470E+44  0.11244E+44  0.22590E+42       1.9695244    115.7889628      0.0500000
  
 3      1.00000  0.38130E+44  0.48445E+44 -0.10315E+44     -27.0528015     46.2989850      0.0250000
 3      2.00000  0.39130E+44  0.42587E+44 -0.34570E+43      -8.8345606     46.2989850      0.0250000
 3      3.00000  0.39650E+44  0.40741E+44 -0.10911E+43      -2.7517454     46.2989850      0.0250000
 3      5.00000  0.37670E+44  0.38169E+44 -0.49907E+42      -1.3248432     46.2989850      0.0250000
 3     10.00000  0.28630E+44  0.29035E+44 -0.40465E+42      -1.4133702     46.2989850      0.0250000
 3     30.00000  0.11470E+44  0.11267E+44  0.20278E+42       1.7678965     46.2989850      0.0250000
  
 4      1.00000  0.38130E+44  0.39459E+44 -0.13287E+43      -3.4846739      0.9220677      0.0125000
 4      2.00000  0.39130E+44  0.39315E+44 -0.18501E+42      -0.4728007      0.9220677      0.0125000
 4      3.00000  0.39650E+44  0.39353E+44  0.29725E+42       0.7496887      0.9220677      0.0125000
 4      5.00000  0.37670E+44  0.37870E+44 -0.20035E+42      -0.5318461      0.9220677      0.0125000
 4     10.00000  0.28630E+44  0.29073E+44 -0.44251E+42      -1.5456143      0.9220677      0.0125000
 4     30.00000  0.11470E+44  0.11306E+44  0.16387E+42       1.4286858      0.9220677      0.0125000
  
 5      1.00000  0.38130E+44  0.38257E+44 -0.12691E+42      -0.3328393      0.2787966      0.0062500
 5      2.00000  0.39130E+44  0.39047E+44  0.82566E+41       0.2110035      0.2787966      0.0062500
 5      3.00000  0.39650E+44  0.39322E+44  0.32807E+42       0.8274072      0.2787966      0.0062500
 5      5.00000  0.37670E+44  0.37920E+44 -0.25009E+42      -0.6639069      0.2787966      0.0062500
 5     10.00000  0.28630E+44  0.29109E+44 -0.47930E+42      -1.6741192      0.2787966      0.0062500
 5     30.00000  0.11470E+44  0.11314E+44  0.15620E+42       1.3617732      0.2787966      0.0062500
  
 6      1.00000  0.38130E+44  0.38222E+44 -0.91679E+41      -0.2404379      0.2783226      0.0031250
 6      2.00000  0.39130E+44  0.39033E+44  0.96857E+41       0.2475251      0.2783226      0.0031250
 6      3.00000  0.39650E+44  0.39317E+44  0.33292E+42       0.8396541      0.2783226      0.0031250
 6      5.00000  0.37670E+44  0.37920E+44 -0.24981E+42      -0.6631624      0.2783226      0.0031250
 6     10.00000  0.28630E+44  0.29110E+44 -0.48016E+42      -1.6771061      0.2783226      0.0031250
 6     30.00000  0.11470E+44  0.11314E+44  0.15593E+42       1.3594711      0.2783226      0.0031250
  
 7      1.00000  0.38130E+44  0.38222E+44 -0.92098E+41      -0.2415365      0.2782330      0.0015625
 7      2.00000  0.39130E+44  0.39034E+44  0.96472E+41       0.2465414      0.2782330      0.0015625
 7      3.00000  0.39650E+44  0.39317E+44  0.33296E+42       0.8397410      0.2782330      0.0015625
 7      5.00000  0.37670E+44  0.37919E+44 -0.24944E+42      -0.6621652      0.2782330      0.0015625
 7     10.00000  0.28630E+44  0.29110E+44 -0.47996E+42      -1.6764182      0.2782330      0.0015625
 7     30.00000  0.11470E+44  0.11314E+44  0.15597E+42       1.3597758      0.2782330      0.0015625
  
 8      1.00000  0.38130E+44  0.38222E+44 -0.92070E+41      -0.2414629      0.2782222      0.0007813
 8      2.00000  0.39130E+44  0.39034E+44  0.96417E+41       0.2464020      0.2782222      0.0007813
 8      3.00000  0.39650E+44  0.39317E+44  0.33294E+42       0.8396972      0.2782222      0.0007813
 8      5.00000  0.37670E+44  0.37919E+44 -0.24940E+42      -0.6620663      0.2782222      0.0007813
 8     10.00000  0.28630E+44  0.29110E+44 -0.47996E+42      -1.6764110      0.2782222      0.0007813
 8     30.00000  0.11470E+44  0.11314E+44  0.15596E+42       1.3597047      0.2782222      0.0007813
  
 9      1.00000  0.38130E+44  0.38222E+44 -0.92036E+41      -0.2413732      0.2782063      0.0003906
 9      2.00000  0.39130E+44  0.39034E+44  0.96403E+41       0.2463658      0.2782063      0.0003906
 9      3.00000  0.39650E+44  0.39317E+44  0.33298E+42       0.8397880      0.2782063      0.0003906
 9      5.00000  0.37670E+44  0.37919E+44 -0.24933E+42      -0.6618663      0.2782063      0.0003906
 9     10.00000  0.28630E+44  0.29110E+44 -0.47992E+42      -1.6762723      0.2782063      0.0003906
 9     30.00000  0.11470E+44  0.11314E+44  0.15597E+42       1.3597888      0.2782063      0.0003906
  
10      1.00000  0.38130E+44  0.38222E+44 -0.92024E+41      -0.2413435      0.2782011      0.0001953
10      2.00000  0.39130E+44  0.39034E+44  0.96375E+41       0.2462936      0.2782011      0.0001953
10      3.00000  0.39650E+44  0.39317E+44  0.33295E+42       0.8397344      0.2782011      0.0001953
10      5.00000  0.37670E+44  0.37919E+44 -0.24933E+42      -0.6618812      0.2782011      0.0001953
10     10.00000  0.28630E+44  0.29110E+44 -0.47992E+42      -1.6762724      0.2782011      0.0001953
10     30.00000  0.11470E+44  0.11314E+44  0.15597E+42       1.3597803      0.2782011      0.0001953
  
