 1      1.00000  0.32140E+44  0.33489E+44 -0.13494E+43      -4.1983793     20.6084702      0.1000000
 1      2.00000  0.35300E+44  0.37494E+44 -0.21936E+43      -6.2142314     20.6084702      0.1000000
 1      3.00000  0.37750E+44  0.41277E+44 -0.35274E+43      -9.3441958     20.6084702      0.1000000
 1      5.00000  0.38160E+44  0.41919E+44 -0.37587E+43      -9.8499519     20.6084702      0.1000000
 1     10.00000  0.33050E+44  0.30246E+44  0.28041E+43       8.4844459     20.6084702      0.1000000
 1     30.00000  0.13010E+44  0.96146E+43  0.33954E+43      26.0982636     20.6084702      0.1000000
  
 2      1.00000  0.32140E+44  0.33489E+44 -0.13494E+43      -4.1983793     20.6084702      1.0000000
 2      2.00000  0.35300E+44  0.37494E+44 -0.21936E+43      -6.2142314     20.6084702      1.0000000
 2      3.00000  0.37750E+44  0.41277E+44 -0.35274E+43      -9.3441958     20.6084702      1.0000000
 2      5.00000  0.38160E+44  0.41919E+44 -0.37587E+43      -9.8499519     20.6084702      1.0000000
 2     10.00000  0.33050E+44  0.30246E+44  0.28041E+43       8.4844459     20.6084702      1.0000000
 2     30.00000  0.13010E+44  0.96146E+43  0.33954E+43      26.0982636     20.6084702      1.0000000
  
 3      1.00000  0.32140E+44  0.32174E+44 -0.33882E+41      -0.1054198     11.5368312      0.5000000
 3      2.00000  0.35300E+44  0.36029E+44 -0.72942E+42      -2.0663471     11.5368312      0.5000000
 3      3.00000  0.37750E+44  0.38697E+44 -0.94682E+42      -2.5081275     11.5368312      0.5000000
 3      5.00000  0.38160E+44  0.39357E+44 -0.11974E+43      -3.1378764     11.5368312      0.5000000
 3     10.00000  0.33050E+44  0.29618E+44  0.34322E+43      10.3848092     11.5368312      0.5000000
 3     30.00000  0.13010E+44  0.97825E+43  0.32275E+43      24.8081090     11.5368312      0.5000000
  
 4      1.00000  0.32140E+44  0.32178E+44 -0.37645E+41      -0.1171291     11.3874241      0.2500000
 4      2.00000  0.35300E+44  0.35277E+44  0.22933E+41       0.0649674     11.3874241      0.2500000
 4      3.00000  0.37750E+44  0.38311E+44 -0.56116E+42      -1.4865169     11.3874241      0.2500000
 4      5.00000  0.38160E+44  0.39440E+44 -0.12804E+43      -3.3553982     11.3874241      0.2500000
 4     10.00000  0.33050E+44  0.29591E+44  0.34587E+43      10.4649157     11.3874241      0.2500000
 4     30.00000  0.13010E+44  0.97123E+43  0.32977E+43      25.3471333     11.3874241      0.2500000
  
 5      1.00000  0.32140E+44  0.32038E+44  0.10154E+42       0.3159315     11.3084198      0.1250000
 5      2.00000  0.35300E+44  0.35226E+44  0.73604E+41       0.2085089     11.3084198      0.1250000
 5      3.00000  0.37750E+44  0.38206E+44 -0.45620E+42      -1.2084880     11.3084198      0.1250000
 5      5.00000  0.38160E+44  0.39309E+44 -0.11489E+43      -3.0106230     11.3084198      0.1250000
 5     10.00000  0.33050E+44  0.29564E+44  0.34865E+43      10.5491133     11.3084198      0.1250000
 5     30.00000  0.13010E+44  0.97268E+43  0.32832E+43      25.2358825     11.3084198      0.1250000
  
 6      1.00000  0.32140E+44  0.32038E+44  0.10154E+42       0.3159315     11.3084198      1.2500000
 6      2.00000  0.35300E+44  0.35226E+44  0.73604E+41       0.2085089     11.3084198      1.2500000
 6      3.00000  0.37750E+44  0.38206E+44 -0.45620E+42      -1.2084880     11.3084198      1.2500000
 6      5.00000  0.38160E+44  0.39309E+44 -0.11489E+43      -3.0106230     11.3084198      1.2500000
 6     10.00000  0.33050E+44  0.29564E+44  0.34865E+43      10.5491133     11.3084198      1.2500000
 6     30.00000  0.13010E+44  0.97268E+43  0.32832E+43      25.2358825     11.3084198      1.2500000
  
 7      1.00000  0.32140E+44  0.32038E+44  0.10154E+42       0.3159315     11.3084198     12.5000000
 7      2.00000  0.35300E+44  0.35226E+44  0.73604E+41       0.2085089     11.3084198     12.5000000
 7      3.00000  0.37750E+44  0.38206E+44 -0.45620E+42      -1.2084880     11.3084198     12.5000000
 7      5.00000  0.38160E+44  0.39309E+44 -0.11489E+43      -3.0106230     11.3084198     12.5000000
 7     10.00000  0.33050E+44  0.29564E+44  0.34865E+43      10.5491133     11.3084198     12.5000000
 7     30.00000  0.13010E+44  0.97268E+43  0.32832E+43      25.2358825     11.3084198     12.5000000
  
 8      1.00000  0.32140E+44  0.32038E+44  0.10154E+42       0.3159315     11.3084198    125.0000000
 8      2.00000  0.35300E+44  0.35226E+44  0.73604E+41       0.2085089     11.3084198    125.0000000
 8      3.00000  0.37750E+44  0.38206E+44 -0.45620E+42      -1.2084880     11.3084198    125.0000000
 8      5.00000  0.38160E+44  0.39309E+44 -0.11489E+43      -3.0106230     11.3084198    125.0000000
 8     10.00000  0.33050E+44  0.29564E+44  0.34865E+43      10.5491133     11.3084198    125.0000000
 8     30.00000  0.13010E+44  0.97268E+43  0.32832E+43      25.2358825     11.3084198    125.0000000
  
 9      1.00000  0.32140E+44  0.32038E+44  0.10154E+42       0.3159315     11.3084198   1250.0000000
 9      2.00000  0.35300E+44  0.35226E+44  0.73604E+41       0.2085089     11.3084198   1250.0000000
 9      3.00000  0.37750E+44  0.38206E+44 -0.45620E+42      -1.2084880     11.3084198   1250.0000000
 9      5.00000  0.38160E+44  0.39309E+44 -0.11489E+43      -3.0106230     11.3084198   1250.0000000
 9     10.00000  0.33050E+44  0.29564E+44  0.34865E+43      10.5491133     11.3084198   1250.0000000
 9     30.00000  0.13010E+44  0.97268E+43  0.32832E+43      25.2358825     11.3084198   1250.0000000
  
10      1.00000  0.32140E+44  0.32038E+44  0.10154E+42       0.3159315     11.3084198  12500.0000000
10      2.00000  0.35300E+44  0.35226E+44  0.73604E+41       0.2085089     11.3084198  12500.0000000
10      3.00000  0.37750E+44  0.38206E+44 -0.45620E+42      -1.2084880     11.3084198  12500.0000000
10      5.00000  0.38160E+44  0.39309E+44 -0.11489E+43      -3.0106230     11.3084198  12500.0000000
10     10.00000  0.33050E+44  0.29564E+44  0.34865E+43      10.5491133     11.3084198  12500.0000000
10     30.00000  0.13010E+44  0.97268E+43  0.32832E+43      25.2358825     11.3084198  12500.0000000
  
11      1.00000  0.32140E+44  0.32038E+44  0.10154E+42       0.3159315     11.3084198 125000.0000000
11      2.00000  0.35300E+44  0.35226E+44  0.73604E+41       0.2085089     11.3084198 125000.0000000
11      3.00000  0.37750E+44  0.38206E+44 -0.45620E+42      -1.2084880     11.3084198 125000.0000000
11      5.00000  0.38160E+44  0.39309E+44 -0.11489E+43      -3.0106230     11.3084198 125000.0000000
11     10.00000  0.33050E+44  0.29564E+44  0.34865E+43      10.5491133     11.3084198 125000.0000000
11     30.00000  0.13010E+44  0.97268E+43  0.32832E+43      25.2358825     11.3084198 125000.0000000
  
12      1.00000  0.32140E+44  0.32038E+44  0.10154E+42       0.3159315     11.3084198 **************
12      2.00000  0.35300E+44  0.35226E+44  0.73604E+41       0.2085089     11.3084198 **************
12      3.00000  0.37750E+44  0.38206E+44 -0.45620E+42      -1.2084880     11.3084198 **************
12      5.00000  0.38160E+44  0.39309E+44 -0.11489E+43      -3.0106230     11.3084198 **************
12     10.00000  0.33050E+44  0.29564E+44  0.34865E+43      10.5491133     11.3084198 **************
12     30.00000  0.13010E+44  0.97268E+43  0.32832E+43      25.2358825     11.3084198 **************
  
13      1.00000  0.32140E+44  0.32038E+44  0.10154E+42       0.3159315     11.3084198 **************
13      2.00000  0.35300E+44  0.35226E+44  0.73604E+41       0.2085089     11.3084198 **************
13      3.00000  0.37750E+44  0.38206E+44 -0.45620E+42      -1.2084880     11.3084198 **************
13      5.00000  0.38160E+44  0.39309E+44 -0.11489E+43      -3.0106230     11.3084198 **************
13     10.00000  0.33050E+44  0.29564E+44  0.34865E+43      10.5491133     11.3084198 **************
13     30.00000  0.13010E+44  0.97268E+43  0.32832E+43      25.2358825     11.3084198 **************
  
14      1.00000  0.32140E+44  0.32038E+44  0.10154E+42       0.3159315     11.3084198 **************
14      2.00000  0.35300E+44  0.35226E+44  0.73604E+41       0.2085089     11.3084198 **************
14      3.00000  0.37750E+44  0.38206E+44 -0.45620E+42      -1.2084880     11.3084198 **************
14      5.00000  0.38160E+44  0.39309E+44 -0.11489E+43      -3.0106230     11.3084198 **************
14     10.00000  0.33050E+44  0.29564E+44  0.34865E+43      10.5491133     11.3084198 **************
14     30.00000  0.13010E+44  0.97268E+43  0.32832E+43      25.2358825     11.3084198 **************
  
15      1.00000  0.32140E+44  0.32038E+44  0.10154E+42       0.3159315     11.3084198 **************
15      2.00000  0.35300E+44  0.35226E+44  0.73604E+41       0.2085089     11.3084198 **************
15      3.00000  0.37750E+44  0.38206E+44 -0.45620E+42      -1.2084880     11.3084198 **************
15      5.00000  0.38160E+44  0.39309E+44 -0.11489E+43      -3.0106230     11.3084198 **************
15     10.00000  0.33050E+44  0.29564E+44  0.34865E+43      10.5491133     11.3084198 **************
15     30.00000  0.13010E+44  0.97268E+43  0.32832E+43      25.2358825     11.3084198 **************
  
