 1      1.00000  0.32300E+44  0.22782E+44  0.95183E+43      29.4682818    109.4589439      0.1000000
 1      2.00000  0.31780E+44  0.24938E+44  0.68421E+43      21.5297241    109.4589439      0.1000000
 1      3.00000  0.31300E+44  0.26788E+44  0.45119E+43      14.4149513    109.4589439      0.1000000
 1      5.00000  0.31980E+44  0.27587E+44  0.43932E+43      13.7374539    109.4589439      0.1000000
 1     10.00000  0.24170E+44  0.21880E+44  0.22897E+43       9.4733324    109.4589439      0.1000000
 1     30.00000  0.77520E+43  0.61483E+43  0.16037E+43      20.6880801    109.4589439      0.1000000
  
 2      1.00000  0.32300E+44  0.26562E+44  0.57383E+43      17.7655400     24.3242846      0.0500000
 2      2.00000  0.31780E+44  0.29371E+44  0.24087E+43       7.5793761     24.3242846      0.0500000
 2      3.00000  0.31300E+44  0.31387E+44 -0.86809E+41      -0.2773460     24.3242846      0.0500000
 2      5.00000  0.31980E+44  0.31373E+44  0.60708E+42       1.8983189     24.3242846      0.0500000
 2     10.00000  0.24170E+44  0.23737E+44  0.43338E+42       1.7930578     24.3242846      0.0500000
 2     30.00000  0.77520E+43  0.64763E+43  0.12757E+43      16.4567783     24.3242846      0.0500000
  
 3      1.00000  0.32300E+44  0.33579E+44 -0.12786E+43      -3.9583954      3.4217128      0.0250000
 3      2.00000  0.31780E+44  0.31790E+44 -0.98684E+40      -0.0310523      3.4217128      0.0250000
 3      3.00000  0.31300E+44  0.32391E+44 -0.10910E+43      -3.4855838      3.4217128      0.0250000
 3      5.00000  0.31980E+44  0.31630E+44  0.35018E+42       1.0949861      3.4217128      0.0250000
 3     10.00000  0.24170E+44  0.23746E+44  0.42364E+42       1.7527568      3.4217128      0.0250000
 3     30.00000  0.77520E+43  0.64698E+43  0.12822E+43      16.5408095      3.4217128      0.0250000
  
 4      1.00000  0.32300E+44  0.32269E+44  0.31304E+41       0.0969177      2.3264799      0.0125000
 4      2.00000  0.31780E+44  0.31446E+44  0.33406E+42       1.0511796      2.3264799      0.0125000
 4      3.00000  0.31300E+44  0.32302E+44 -0.10018E+43      -3.2007748      2.3264799      0.0125000
 4      5.00000  0.31980E+44  0.31645E+44  0.33489E+42       1.0471951      2.3264799      0.0125000
 4     10.00000  0.24170E+44  0.23776E+44  0.39362E+42       1.6285596      2.3264799      0.0125000
 4     30.00000  0.77520E+43  0.64800E+43  0.12720E+43      16.4082878      2.3264799      0.0125000
  
 5      1.00000  0.32300E+44  0.32231E+44  0.68654E+41       0.2125505      2.3252578      0.0062500
 5      2.00000  0.31780E+44  0.31424E+44  0.35580E+42       1.1195747      2.3252578      0.0062500
 5      3.00000  0.31300E+44  0.32294E+44 -0.99355E+42      -3.1742892      2.3252578      0.0062500
 5      5.00000  0.31980E+44  0.31648E+44  0.33184E+42       1.0376391      2.3252578      0.0062500
 5     10.00000  0.24170E+44  0.23779E+44  0.39122E+42       1.6186292      2.3252578      0.0062500
 5     30.00000  0.77520E+43  0.64796E+43  0.12724E+43      16.4144048      2.3252578      0.0062500
  
