 1      1.00000  0.31680E+44  0.28101E+44  0.35789E+43      11.2969832     31.6430271      0.1000000
 1      2.00000  0.32660E+44  0.31821E+44  0.83931E+42       2.5698391     31.6430271      0.1000000
 1      3.00000  0.32560E+44  0.35499E+44 -0.29387E+43      -9.0254073     31.6430271      0.1000000
 1      5.00000  0.31450E+44  0.37727E+44 -0.62772E+43     -19.9594229     31.6430271      0.1000000
 1     10.00000  0.28610E+44  0.30642E+44 -0.20318E+43      -7.1016360     31.6430271      0.1000000
 1     30.00000  0.13980E+44  0.13793E+44  0.18697E+42       1.3373964     31.6430271      0.1000000
  
 2      1.00000  0.31680E+44  0.28101E+44  0.35789E+43      11.2969832     31.6430271      1.0000000
 2      2.00000  0.32660E+44  0.31821E+44  0.83931E+42       2.5698391     31.6430271      1.0000000
 2      3.00000  0.32560E+44  0.35499E+44 -0.29387E+43      -9.0254073     31.6430271      1.0000000
 2      5.00000  0.31450E+44  0.37727E+44 -0.62772E+43     -19.9594229     31.6430271      1.0000000
 2     10.00000  0.28610E+44  0.30642E+44 -0.20318E+43      -7.1016360     31.6430271      1.0000000
 2     30.00000  0.13980E+44  0.13793E+44  0.18697E+42       1.3373964     31.6430271      1.0000000
  
 3      1.00000  0.31680E+44  0.35740E+44 -0.40600E+43     -12.8155630     18.2971388      0.5000000
 3      2.00000  0.32660E+44  0.35816E+44 -0.31556E+43      -9.6620443     18.2971388      0.5000000
 3      3.00000  0.32560E+44  0.34974E+44 -0.24139E+43      -7.4137747     18.2971388      0.5000000
 3      5.00000  0.31450E+44  0.34054E+44 -0.26038E+43      -8.2792990     18.2971388      0.5000000
 3     10.00000  0.28610E+44  0.28434E+44  0.17586E+42       0.6146866     18.2971388      0.5000000
 3     30.00000  0.13980E+44  0.13375E+44  0.60463E+42       4.3249979     18.2971388      0.5000000
  
 4      1.00000  0.31680E+44  0.32581E+44 -0.90112E+42      -2.8444520      1.5792978      0.2500000
 4      2.00000  0.32660E+44  0.32725E+44 -0.64969E+41      -0.1989247      1.5792978      0.2500000
 4      3.00000  0.32560E+44  0.32490E+44  0.69610E+41       0.2137896      1.5792978      0.2500000
 4      5.00000  0.31450E+44  0.32481E+44 -0.10306E+43      -3.2770962      1.5792978      0.2500000
 4     10.00000  0.28610E+44  0.27823E+44  0.78745E+42       2.7523660      1.5792978      0.2500000
 4     30.00000  0.13980E+44  0.13331E+44  0.64937E+42       4.6450107      1.5792978      0.2500000
  
 5      1.00000  0.31680E+44  0.31828E+44 -0.14837E+42      -0.4683443      1.2276786      0.1250000
 5      2.00000  0.32660E+44  0.32320E+44  0.33986E+42       1.0405980      1.2276786      0.1250000
 5      3.00000  0.32560E+44  0.32273E+44  0.28746E+42       0.8828498      1.2276786      0.1250000
 5      5.00000  0.31450E+44  0.32435E+44 -0.98531E+42      -3.1329397      1.2276786      0.1250000
 5     10.00000  0.28610E+44  0.27839E+44  0.77143E+42       2.6963582      1.2276786      0.1250000
 5     30.00000  0.13980E+44  0.13342E+44  0.63752E+42       4.5602594      1.2276786      0.1250000
  
