 1      1.00000  0.40350E+44  0.27099E+44  0.13251E+44      32.8402377    143.0064622      0.1000000
 1      2.00000  0.41720E+44  0.30598E+44  0.11122E+44      26.6593920    143.0064622      0.1000000
 1      3.00000  0.41450E+44  0.33872E+44  0.75778E+43      18.2817399    143.0064622      0.1000000
 1      5.00000  0.40470E+44  0.35693E+44  0.47768E+43      11.8031906    143.0064622      0.1000000
 1     10.00000  0.30090E+44  0.28663E+44  0.14267E+43       4.7413696    143.0064622      0.1000000
 1     30.00000  0.12260E+44  0.11604E+44  0.65615E+42       5.3519881    143.0064622      0.1000000
  
 2      1.00000  0.40350E+44  0.28829E+44  0.11521E+44      28.5529127     93.9303124      0.0500000
 2      2.00000  0.41720E+44  0.32734E+44  0.89863E+43      21.5394699     93.9303124      0.0500000
 2      3.00000  0.41450E+44  0.36123E+44  0.53271E+43      12.8519551     93.9303124      0.0500000
 2      5.00000  0.40470E+44  0.37435E+44  0.30348E+43       7.4989340     93.9303124      0.0500000
 2     10.00000  0.30090E+44  0.29371E+44  0.71853E+42       2.3879471     93.9303124      0.0500000
 2     30.00000  0.12260E+44  0.11674E+44  0.58560E+42       4.7765253     93.9303124      0.0500000
  
 3      1.00000  0.40350E+44  0.47782E+44 -0.74318E+43     -18.4182302     22.1475183      0.0250000
 3      2.00000  0.41720E+44  0.43451E+44 -0.17307E+43      -4.1484356     22.1475183      0.0250000
 3      3.00000  0.41450E+44  0.42644E+44 -0.11936E+43      -2.8797185     22.1475183      0.0250000
 3      5.00000  0.40470E+44  0.40398E+44  0.72172E+41       0.1783334     22.1475183      0.0250000
 3     10.00000  0.30090E+44  0.30218E+44 -0.12792E+42      -0.4251138     22.1475183      0.0250000
 3     30.00000  0.12260E+44  0.11672E+44  0.58841E+42       4.7994026     22.1475183      0.0250000
  
 4      1.00000  0.40350E+44  0.41119E+44 -0.76878E+42      -1.9052771      0.5499538      0.0125000
 4      2.00000  0.41720E+44  0.41354E+44  0.36570E+42       0.8765664      0.5499538      0.0125000
 4      3.00000  0.41450E+44  0.41896E+44 -0.44643E+42      -1.0770375      0.5499538      0.0125000
 4      5.00000  0.40470E+44  0.40323E+44  0.14670E+42       0.3624830      0.5499538      0.0125000
 4     10.00000  0.30090E+44  0.30285E+44 -0.19458E+42      -0.6466519      0.5499538      0.0125000
 4     30.00000  0.12260E+44  0.11703E+44  0.55689E+42       4.5422954      0.5499538      0.0125000
  
 5      1.00000  0.40350E+44  0.40477E+44 -0.12713E+42      -0.3150657      0.3822865      0.0062500
 5      2.00000  0.41720E+44  0.41220E+44  0.49985E+42       1.1981020      0.3822865      0.0062500
 5      3.00000  0.41450E+44  0.41894E+44 -0.44435E+42      -1.0720154      0.3822865      0.0062500
 5      5.00000  0.40470E+44  0.40362E+44  0.10777E+42       0.2663034      0.3822865      0.0062500
 5     10.00000  0.30090E+44  0.30310E+44 -0.21992E+42      -0.7308654      0.3822865      0.0062500
 5     30.00000  0.12260E+44  0.11708E+44  0.55153E+42       4.4985829      0.3822865      0.0062500
  
