 1      1.00000  0.31700E+44  0.22498E+44  0.92025E+43      29.0299169     88.8186903      0.1000000
 1      2.00000  0.31490E+44  0.24565E+44  0.69245E+43      21.9895866     88.8186903      0.1000000
 1      3.00000  0.30140E+44  0.26307E+44  0.38332E+43      12.7180594     88.8186903      0.1000000
 1      5.00000  0.29020E+44  0.26946E+44  0.20744E+43       7.1480561     88.8186903      0.1000000
 1     10.00000  0.21480E+44  0.21143E+44  0.33673E+42       1.5676449     88.8186903      0.1000000
 1     30.00000  0.56790E+43  0.54968E+43  0.18225E+42       3.2091690     88.8186903      0.1000000
  
 2      1.00000  0.31700E+44  0.22498E+44  0.92025E+43      29.0299169     88.8186903      1.0000000
 2      2.00000  0.31490E+44  0.24565E+44  0.69245E+43      21.9895866     88.8186903      1.0000000
 2      3.00000  0.30140E+44  0.26307E+44  0.38332E+43      12.7180594     88.8186903      1.0000000
 2      5.00000  0.29020E+44  0.26946E+44  0.20744E+43       7.1480561     88.8186903      1.0000000
 2     10.00000  0.21480E+44  0.21143E+44  0.33673E+42       1.5676449     88.8186903      1.0000000
 2     30.00000  0.56790E+43  0.54968E+43  0.18225E+42       3.2091690     88.8186903      1.0000000
  
 3      1.00000  0.31700E+44  0.37262E+44 -0.55620E+43     -17.5456771     20.2017235      0.5000000
 3      2.00000  0.31490E+44  0.33096E+44 -0.16056E+43      -5.0987191     20.2017235      0.5000000
 3      3.00000  0.30140E+44  0.31342E+44 -0.12021E+43      -3.9884702     20.2017235      0.5000000
 3      5.00000  0.29020E+44  0.28953E+44  0.66583E+41       0.2294378     20.2017235      0.5000000
 3     10.00000  0.21480E+44  0.21581E+44 -0.10068E+42      -0.4687046     20.2017235      0.5000000
 3     30.00000  0.56790E+43  0.55789E+43  0.10012E+42       1.7630123     20.2017235      0.5000000
  
 4      1.00000  0.31700E+44  0.32269E+44 -0.56929E+42      -1.7958610      0.4272540      0.2500000
 4      2.00000  0.31490E+44  0.31250E+44  0.23969E+42       0.7611648      0.4272540      0.2500000
 4      3.00000  0.30140E+44  0.30561E+44 -0.42103E+42      -1.3969077      0.4272540      0.2500000
 4      5.00000  0.29020E+44  0.28809E+44  0.21150E+42       0.7288068      0.4272540      0.2500000
 4     10.00000  0.21480E+44  0.21628E+44 -0.14767E+42      -0.6874934      0.4272540      0.2500000
 4     30.00000  0.56790E+43  0.55925E+43  0.86478E+41       1.5227765      0.4272540      0.2500000
  
 5      1.00000  0.31700E+44  0.31785E+44 -0.84524E+41      -0.2666372      0.2764793      0.1250000
 5      2.00000  0.31490E+44  0.31134E+44  0.35628E+42       1.1314115      0.2764793      0.1250000
 5      3.00000  0.30140E+44  0.30537E+44 -0.39688E+42      -1.3167965      0.2764793      0.1250000
 5      5.00000  0.29020E+44  0.28815E+44  0.20541E+42       0.7078054      0.2764793      0.1250000
 5     10.00000  0.21480E+44  0.21635E+44 -0.15451E+42      -0.7193191      0.2764793      0.1250000
 5     30.00000  0.56790E+43  0.55954E+43  0.83602E+41       1.4721206      0.2764793      0.1250000
  
