 1      1.00000  0.38670E+44  0.25752E+44  0.12918E+44      33.4061651    149.1197650      0.1000000
 1      2.00000  0.39730E+44  0.28993E+44  0.10737E+44      27.0253018    149.1197650      0.1000000
 1      3.00000  0.40110E+44  0.31975E+44  0.81350E+43      20.2818414    149.1197650      0.1000000
 1      5.00000  0.38370E+44  0.33792E+44  0.45782E+43      11.9318089    149.1197650      0.1000000
 1     10.00000  0.30490E+44  0.27600E+44  0.28901E+43       9.4787778    149.1197650      0.1000000
 1     30.00000  0.11510E+44  0.11075E+44  0.43457E+42       3.7755779    149.1197650      0.1000000
  
 2      1.00000  0.38670E+44  0.28306E+44  0.10364E+44      26.8001592     77.8799478      0.0500000
 2      2.00000  0.39730E+44  0.32051E+44  0.76793E+43      19.3288263     77.8799478      0.0500000
 2      3.00000  0.40110E+44  0.35169E+44  0.49412E+43      12.3190328     77.8799478      0.0500000
 2      5.00000  0.38370E+44  0.36319E+44  0.20512E+43       5.3458986     77.8799478      0.0500000
 2     10.00000  0.30490E+44  0.28703E+44  0.17871E+43       5.8612918     77.8799478      0.0500000
 2     30.00000  0.11510E+44  0.11213E+44  0.29668E+42       2.5776252     77.8799478      0.0500000
  
 3      1.00000  0.38670E+44  0.43910E+44 -0.52402E+43     -13.5510047     12.3958287      0.0250000
 3      2.00000  0.39730E+44  0.41103E+44 -0.13729E+43      -3.4555304     12.3958287      0.0250000
 3      3.00000  0.40110E+44  0.40865E+44 -0.75530E+42      -1.8830771     12.3958287      0.0250000
 3      5.00000  0.38370E+44  0.39055E+44 -0.68487E+42      -1.7848987     12.3958287      0.0250000
 3     10.00000  0.30490E+44  0.29541E+44  0.94869E+42       3.1114949     12.3958287      0.0250000
 3     30.00000  0.11510E+44  0.11247E+44  0.26263E+42       2.2817913     12.3958287      0.0250000
  
 4      1.00000  0.38670E+44  0.38876E+44 -0.20624E+42      -0.5333259      0.9138453      0.0125000
 4      2.00000  0.39730E+44  0.39270E+44  0.45974E+42       1.1571623      0.9138453      0.0125000
 4      3.00000  0.40110E+44  0.40043E+44  0.66529E+41       0.1658660      0.9138453      0.0125000
 4      5.00000  0.38370E+44  0.38778E+44 -0.40774E+42      -1.0626461      0.9138453      0.0125000
 4     10.00000  0.30490E+44  0.29385E+44  0.11052E+43       3.6248191      0.9138453      0.0125000
 4     30.00000  0.11510E+44  0.11017E+44  0.49340E+42       4.2867440      0.9138453      0.0125000
  
