 1      1.00000  0.39980E+44  0.23062E+44  0.16918E+44      42.3150098    229.2696531      0.1000000
 1      2.00000  0.39440E+44  0.25146E+44  0.14294E+44      36.2427462    229.2696531      0.1000000
 1      3.00000  0.38230E+44  0.26821E+44  0.11409E+44      29.8429914    229.2696531      0.1000000
 1      5.00000  0.35130E+44  0.27138E+44  0.79915E+43      22.7483958    229.2696531      0.1000000
 1     10.00000  0.24490E+44  0.20722E+44  0.37677E+43      15.3846431    229.2696531      0.1000000
 1     30.00000  0.68030E+43  0.57999E+43  0.10031E+43      14.7449788    229.2696531      0.1000000
  
 2      1.00000  0.39980E+44  0.27440E+44  0.12540E+44      31.3664605     97.2088530      0.0500000
 2      2.00000  0.39440E+44  0.30152E+44  0.92881E+43      23.5500458     97.2088530      0.0500000
 2      3.00000  0.38230E+44  0.31908E+44  0.63216E+43      16.5358343     97.2088530      0.0500000
 2      5.00000  0.35130E+44  0.31238E+44  0.38918E+43      11.0781498     97.2088530      0.0500000
 2     10.00000  0.24490E+44  0.22703E+44  0.17870E+43       7.2969686     97.2088530      0.0500000
 2     30.00000  0.68030E+43  0.61528E+43  0.65017E+42       9.5570798     97.2088530      0.0500000
  
 3      1.00000  0.39980E+44  0.46729E+44 -0.67492E+43     -16.8813491     15.6953070      0.0250000
 3      2.00000  0.39440E+44  0.41363E+44 -0.19235E+43      -4.8770068     15.6953070      0.0250000
 3      3.00000  0.38230E+44  0.39401E+44 -0.11707E+43      -3.0623232     15.6953070      0.0250000
 3      5.00000  0.35130E+44  0.35300E+44 -0.17012E+42      -0.4842712     15.6953070      0.0250000
 3     10.00000  0.24490E+44  0.24189E+44  0.30141E+42       1.2307533     15.6953070      0.0250000
 3     30.00000  0.68030E+43  0.63607E+43  0.44227E+42       6.5010334     15.6953070      0.0250000
  
 4      1.00000  0.39980E+44  0.40575E+44 -0.59516E+42      -1.4886419      0.2764298      0.0125000
 4      2.00000  0.39440E+44  0.39273E+44  0.16706E+42       0.4235803      0.2764298      0.0125000
 4      3.00000  0.38230E+44  0.38572E+44 -0.34220E+42      -0.8951181      0.2764298      0.0125000
 4      5.00000  0.35130E+44  0.35169E+44 -0.39419E+41      -0.1122087      0.2764298      0.0125000
 4     10.00000  0.24490E+44  0.24246E+44  0.24365E+42       0.9949096      0.2764298      0.0125000
 4     30.00000  0.68030E+43  0.63860E+43  0.41698E+42       6.1293168      0.2764298      0.0125000
  
 5      1.00000  0.39980E+44  0.40018E+44 -0.37926E+41      -0.0948633      0.1782622      0.0062500
 5      2.00000  0.39440E+44  0.39158E+44  0.28235E+42       0.7159005      0.1782622      0.0062500
 5      3.00000  0.38230E+44  0.38557E+44 -0.32744E+42      -0.8565068      0.1782622      0.0062500
 5      5.00000  0.35130E+44  0.35187E+44 -0.56718E+41      -0.1614514      0.1782622      0.0062500
 5     10.00000  0.24490E+44  0.24261E+44  0.22935E+42       0.9364988      0.1782622      0.0062500
 5     30.00000  0.68030E+43  0.63889E+43  0.41405E+42       6.0862866      0.1782622      0.0062500
  
