 1      1.00000  0.41340E+44  0.27405E+44  0.13935E+44      33.7071739    151.8922449      0.1000000
 1      2.00000  0.42410E+44  0.30932E+44  0.11478E+44      27.0632057    151.8922449      0.1000000
 1      3.00000  0.42690E+44  0.34251E+44  0.84393E+43      19.7688478    151.8922449      0.1000000
 1      5.00000  0.40670E+44  0.36047E+44  0.46227E+43      11.3664288    151.8922449      0.1000000
 1     10.00000  0.30900E+44  0.28806E+44  0.20942E+43       6.7774328    151.8922449      0.1000000
 1     30.00000  0.11890E+44  0.11612E+44  0.27768E+42       2.3354410    151.8922449      0.1000000
  
 2      1.00000  0.41340E+44  0.29402E+44  0.11938E+44      28.8783405     94.5082329      0.0500000
 2      2.00000  0.42410E+44  0.33425E+44  0.89848E+43      21.1855483     94.5082329      0.0500000
 2      3.00000  0.42690E+44  0.36877E+44  0.58132E+43      13.6171667     94.5082329      0.0500000
 2      5.00000  0.40670E+44  0.38060E+44  0.26099E+43       6.4172076     94.5082329      0.0500000
 2     10.00000  0.30900E+44  0.29606E+44  0.12941E+43       4.1881556     94.5082329      0.0500000
 2     30.00000  0.11890E+44  0.11685E+44  0.20536E+42       1.7271511     94.5082329      0.0500000
  
 3      1.00000  0.41340E+44  0.48799E+44 -0.74593E+43     -18.0438237     20.8142317      0.0250000
 3      2.00000  0.42410E+44  0.44254E+44 -0.18435E+43      -4.3468584     20.8142317      0.0250000
 3      3.00000  0.42690E+44  0.43434E+44 -0.74364E+42      -1.7419505     20.8142317      0.0250000
 3      5.00000  0.40670E+44  0.41031E+44 -0.36120E+42      -0.8881256     20.8142317      0.0250000
 3     10.00000  0.30900E+44  0.30458E+44  0.44176E+42       1.4296382     20.8142317      0.0250000
 3     30.00000  0.11890E+44  0.11681E+44  0.20895E+42       1.7573918     20.8142317      0.0250000
  
 4      1.00000  0.41340E+44  0.42074E+44 -0.73375E+42      -1.7749124      0.3706270      0.0125000
 4      2.00000  0.42410E+44  0.42210E+44  0.19963E+42       0.4707246      0.3706270      0.0125000
 4      3.00000  0.42690E+44  0.42769E+44 -0.78650E+41      -0.1842353      0.3706270      0.0125000
 4      5.00000  0.40670E+44  0.41025E+44 -0.35539E+42      -0.8738368      0.3706270      0.0125000
 4     10.00000  0.30900E+44  0.30551E+44  0.34914E+42       1.1299027      0.3706270      0.0125000
 4     30.00000  0.11890E+44  0.11715E+44  0.17493E+42       1.4712768      0.3706270      0.0125000
  
 5      1.00000  0.41340E+44  0.41441E+44 -0.10081E+42      -0.2438654      0.2180895      0.0062500
 5      2.00000  0.42410E+44  0.42080E+44  0.32986E+42       0.7777809      0.2180895      0.0062500
 5      3.00000  0.42690E+44  0.42765E+44 -0.74812E+41      -0.1752441      0.2180895      0.0062500
 5      5.00000  0.40670E+44  0.41060E+44 -0.38972E+42      -0.9582381      0.2180895      0.0062500
 5     10.00000  0.30900E+44  0.30574E+44  0.32643E+42       1.0564107      0.2180895      0.0062500
 5     30.00000  0.11890E+44  0.11720E+44  0.16994E+42       1.4292503      0.2180895      0.0062500
  
