 1      1.00000  0.30970E+44  0.25142E+44  0.58277E+43      18.8171189     37.7603514      0.1000000
 1      2.00000  0.33440E+44  0.28031E+44  0.54095E+43      16.1765988     37.7603514      0.1000000
 1      3.00000  0.33250E+44  0.30690E+44  0.25602E+43       7.6997162     37.7603514      0.1000000
 1      5.00000  0.32110E+44  0.32324E+44 -0.21363E+42      -0.6652999     37.7603514      0.1000000
 1     10.00000  0.25260E+44  0.26492E+44 -0.12319E+43      -4.8766959     37.7603514      0.1000000
 1     30.00000  0.92100E+43  0.10252E+44 -0.10421E+43     -11.3149839     37.7603514      0.1000000
  
 2      1.00000  0.30970E+44  0.25142E+44  0.58277E+43      18.8171189     37.7603514      1.0000000
 2      2.00000  0.33440E+44  0.28031E+44  0.54095E+43      16.1765988     37.7603514      1.0000000
 2      3.00000  0.33250E+44  0.30690E+44  0.25602E+43       7.6997162     37.7603514      1.0000000
 2      5.00000  0.32110E+44  0.32324E+44 -0.21363E+42      -0.6652999     37.7603514      1.0000000
 2     10.00000  0.25260E+44  0.26492E+44 -0.12319E+43      -4.8766959     37.7603514      1.0000000
 2     30.00000  0.92100E+43  0.10252E+44 -0.10421E+43     -11.3149839     37.7603514      1.0000000
  
 3      1.00000  0.30970E+44  0.37387E+44 -0.64170E+43     -20.7200296     29.0804105      0.5000000
 3      2.00000  0.33440E+44  0.36702E+44 -0.32621E+43      -9.7549798     29.0804105      0.5000000
 3      3.00000  0.33250E+44  0.35155E+44 -0.19048E+43      -5.7285933     29.0804105      0.5000000
 3      5.00000  0.32110E+44  0.32872E+44 -0.76206E+42      -2.3732933     29.0804105      0.5000000
 3     10.00000  0.25260E+44  0.25873E+44 -0.61289E+42      -2.4263156     29.0804105      0.5000000
 3     30.00000  0.92100E+43  0.10026E+44 -0.81616E+42      -8.8617159     29.0804105      0.5000000
  
 4      1.00000  0.30970E+44  0.31906E+44 -0.93557E+42      -3.0208763      1.1341859      0.2500000
 4      2.00000  0.33440E+44  0.33509E+44 -0.69441E+41      -0.2076592      1.1341859      0.2500000
 4      3.00000  0.33250E+44  0.33250E+44  0.34738E+39       0.0010448      1.1341859      0.2500000
 4      5.00000  0.32110E+44  0.31993E+44  0.11717E+42       0.3648879      1.1341859      0.2500000
 4     10.00000  0.25260E+44  0.25620E+44 -0.36019E+42      -1.4259175      1.1341859      0.2500000
 4     30.00000  0.92100E+43  0.10012E+44 -0.80194E+42      -8.7072228      1.1341859      0.2500000
  
 5      1.00000  0.30970E+44  0.31131E+44 -0.16079E+42      -0.5191885      0.7588338      0.1250000
 5      2.00000  0.33440E+44  0.33277E+44  0.16326E+42       0.4882189      0.7588338      0.1250000
 5      3.00000  0.33250E+44  0.33176E+44  0.73725E+41       0.2217295      0.7588338      0.1250000
 5      5.00000  0.32110E+44  0.31994E+44  0.11640E+42       0.3625073      0.7588338      0.1250000
 5     10.00000  0.25260E+44  0.25633E+44 -0.37274E+42      -1.4755955      0.7588338      0.1250000
 5     30.00000  0.92100E+43  0.10016E+44 -0.80583E+42      -8.7495194      0.7588338      0.1250000
  
