 1      1.00000  0.43360E+44  0.28317E+44  0.15043E+44      34.6938035    148.5165404      0.1000000
 1      2.00000  0.42620E+44  0.31956E+44  0.10664E+44      25.0210295    148.5165404      0.1000000
 1      3.00000  0.44750E+44  0.35401E+44  0.93489E+43      20.8914726    148.5165404      0.1000000
 1      5.00000  0.42390E+44  0.37068E+44  0.53223E+43      12.5556654    148.5165404      0.1000000
 1     10.00000  0.31870E+44  0.29073E+44  0.27974E+43       8.7775152    148.5165404      0.1000000
 1     30.00000  0.12440E+44  0.11390E+44  0.10504E+43       8.4436545    148.5165404      0.1000000
  
 2      1.00000  0.43360E+44  0.31637E+44  0.11723E+44      27.0362287     66.6299322      0.0500000
 2      2.00000  0.42620E+44  0.36151E+44  0.64688E+43      15.1778930     66.6299322      0.0500000
 2      3.00000  0.44750E+44  0.39760E+44  0.49901E+43      11.1510279     66.6299322      0.0500000
 2      5.00000  0.42390E+44  0.40277E+44  0.21131E+43       4.9849470     66.6299322      0.0500000
 2     10.00000  0.31870E+44  0.30263E+44  0.16071E+43       5.0425250     66.6299322      0.0500000
 2     30.00000  0.12440E+44  0.11464E+44  0.97639E+42       7.8488201     66.6299322      0.0500000
  
 3      1.00000  0.43360E+44  0.44518E+44 -0.11583E+43      -2.6713378      1.8127816      0.0250000
 3      2.00000  0.42620E+44  0.42473E+44  0.14653E+42       0.3438126      1.8127816      0.0250000
 3      3.00000  0.44750E+44  0.43502E+44  0.12475E+43       2.7878205      1.8127816      0.0250000
 3      5.00000  0.42390E+44  0.42019E+44  0.37138E+42       0.8761092      1.8127816      0.0250000
 3     10.00000  0.31870E+44  0.30761E+44  0.11091E+43       3.4800382      1.8127816      0.0250000
 3     30.00000  0.12440E+44  0.11455E+44  0.98519E+42       7.9195499      1.8127816      0.0250000
  
 4      1.00000  0.43360E+44  0.43319E+44  0.40885E+41       0.0942929      0.7219195      0.0125000
 4      2.00000  0.42620E+44  0.43053E+44 -0.43283E+42      -1.0155613      0.7219195      0.0125000
 4      3.00000  0.44750E+44  0.44480E+44  0.27001E+42       0.6033792      0.7219195      0.0125000
 4      5.00000  0.42390E+44  0.42811E+44 -0.42111E+42      -0.9934193      0.7219195      0.0125000
 4     10.00000  0.31870E+44  0.31070E+44  0.79998E+42       2.5101382      0.7219195      0.0125000
 4     30.00000  0.12440E+44  0.11480E+44  0.96007E+42       7.7175794      0.7219195      0.0125000
  
 5      1.00000  0.43360E+44  0.43209E+44  0.15075E+42       0.3476716      0.7166715      0.0062500
 5      2.00000  0.42620E+44  0.42985E+44 -0.36530E+42      -0.8571136      0.7166715      0.0062500
 5      3.00000  0.44750E+44  0.44432E+44  0.31849E+42       0.7117131      0.7166715      0.0062500
 5      5.00000  0.42390E+44  0.42784E+44 -0.39418E+42      -0.9298925      0.7166715      0.0062500
 5     10.00000  0.31870E+44  0.31061E+44  0.80898E+42       2.5383708      0.7166715      0.0062500
 5     30.00000  0.12440E+44  0.11480E+44  0.96038E+42       7.7200885      0.7166715      0.0062500
  
 6      1.00000  0.43360E+44  0.43210E+44  0.15034E+42       0.3467334      0.7166680      0.0031250
 6      2.00000  0.42620E+44  0.42986E+44 -0.36575E+42      -0.8581602      0.7166680      0.0031250
 6      3.00000  0.44750E+44  0.44432E+44  0.31823E+42       0.7111255      0.7166680      0.0031250
 6      5.00000  0.42390E+44  0.42784E+44 -0.39425E+42      -0.9300617      0.7166680      0.0031250
 6     10.00000  0.31870E+44  0.31061E+44  0.80892E+42       2.5381891      0.7166680      0.0031250
 6     30.00000  0.12440E+44  0.11480E+44  0.96036E+42       7.7199555      0.7166680      0.0031250
  
 7      1.00000  0.43360E+44  0.43210E+44  0.15032E+42       0.3466842      0.7166649      0.0015625
 7      2.00000  0.42620E+44  0.42986E+44 -0.36576E+42      -0.8581812      0.7166649      0.0015625
 7      3.00000  0.44750E+44  0.44432E+44  0.31823E+42       0.7111175      0.7166649      0.0015625
 7      5.00000  0.42390E+44  0.42784E+44 -0.39425E+42      -0.9300647      0.7166649      0.0015625
 7     10.00000  0.31870E+44  0.31061E+44  0.80892E+42       2.5381753      0.7166649      0.0015625
 7     30.00000  0.12440E+44  0.11480E+44  0.96036E+42       7.7199380      0.7166649      0.0015625
  
 8      1.00000  0.43360E+44  0.43210E+44  0.15032E+42       0.3466805      0.7166624      0.0007813
 8      2.00000  0.42620E+44  0.42986E+44 -0.36572E+42      -0.8580831      0.7166624      0.0007813
 8      3.00000  0.44750E+44  0.44432E+44  0.31824E+42       0.7111562      0.7166624      0.0007813
 8      5.00000  0.42390E+44  0.42784E+44 -0.39426E+42      -0.9300741      0.7166624      0.0007813
 8     10.00000  0.31870E+44  0.31061E+44  0.80892E+42       2.5381808      0.7166624      0.0007813
 8     30.00000  0.12440E+44  0.11480E+44  0.96036E+42       7.7199498      0.7166624      0.0007813
  
 9      1.00000  0.43360E+44  0.43210E+44  0.15028E+42       0.3465869      0.7166592      0.0003906
 9      2.00000  0.42620E+44  0.42986E+44 -0.36574E+42      -0.8581321      0.7166592      0.0003906
 9      3.00000  0.44750E+44  0.44432E+44  0.31821E+42       0.7110909      0.7166592      0.0003906
 9      5.00000  0.42390E+44  0.42784E+44 -0.39429E+42      -0.9301398      0.7166592      0.0003906
 9     10.00000  0.31870E+44  0.31061E+44  0.80891E+42       2.5381526      0.7166592      0.0003906
 9     30.00000  0.12440E+44  0.11480E+44  0.96036E+42       7.7199332      0.7166592      0.0003906
  
