 1      1.00000  0.41950E+44  0.28062E+44  0.13888E+44      33.1068777    131.1590723      0.1000000
 1      2.00000  0.42680E+44  0.31660E+44  0.11020E+44      25.8205038    131.1590723      0.1000000
 1      3.00000  0.43130E+44  0.35059E+44  0.80705E+43      18.7121074    131.1590723      0.1000000
 1      5.00000  0.41430E+44  0.36767E+44  0.46627E+43      11.2543301    131.1590723      0.1000000
 1     10.00000  0.30720E+44  0.29027E+44  0.16931E+43       5.5115119    131.1590723      0.1000000
 1     30.00000  0.11690E+44  0.11517E+44  0.17319E+42       1.4815148    131.1590723      0.1000000
  
 2      1.00000  0.41950E+44  0.29933E+44  0.12017E+44      28.6452270     83.5866296      0.0500000
 2      2.00000  0.42680E+44  0.34027E+44  0.86525E+43      20.2729699     83.5866296      0.0500000
 2      3.00000  0.43130E+44  0.37556E+44  0.55736E+43      12.9228175     83.5866296      0.0500000
 2      5.00000  0.41430E+44  0.38655E+44  0.27753E+43       6.6988051     83.5866296      0.0500000
 2     10.00000  0.30720E+44  0.29750E+44  0.97034E+42       3.1586731     83.5866296      0.0500000
 2     30.00000  0.11690E+44  0.11569E+44  0.12050E+42       1.0308236     83.5866296      0.0500000
  
 3      1.00000  0.41950E+44  0.48871E+44 -0.69207E+43     -16.4975086     16.4951568      0.0250000
 3      2.00000  0.42680E+44  0.44301E+44 -0.16213E+43      -3.7987584     16.4951568      0.0250000
 3      3.00000  0.43130E+44  0.43771E+44 -0.64061E+42      -1.4853030     16.4951568      0.0250000
 3      5.00000  0.41430E+44  0.41504E+44 -0.74188E+41      -0.1790673     16.4951568      0.0250000
 3     10.00000  0.30720E+44  0.30573E+44  0.14742E+42       0.4798708     16.4951568      0.0250000
 3     30.00000  0.11690E+44  0.11563E+44  0.12714E+42       1.0876001     16.4951568      0.0250000
  
 4      1.00000  0.41950E+44  0.42573E+44 -0.62342E+42      -1.4861106      0.1955943      0.0125000
 4      2.00000  0.42680E+44  0.42511E+44  0.16938E+42       0.3968704      0.1955943      0.0125000
 4      3.00000  0.43130E+44  0.43254E+44 -0.12367E+42      -0.2867435      0.1955943      0.0125000
 4      5.00000  0.41430E+44  0.41553E+44 -0.12327E+42      -0.2975467      0.1955943      0.0125000
 4     10.00000  0.30720E+44  0.30673E+44  0.47156E+41       0.1535038      0.1955943      0.0125000
 4     30.00000  0.11690E+44  0.11595E+44  0.94924E+41       0.8120129      0.1955943      0.0125000
  
 5      1.00000  0.41950E+44  0.42017E+44 -0.67044E+41      -0.1598187      0.0891535      0.0062500
 5      2.00000  0.42680E+44  0.42395E+44  0.28458E+42       0.6667651      0.0891535      0.0062500
 5      3.00000  0.43130E+44  0.43251E+44 -0.12076E+42      -0.2799941      0.0891535      0.0062500
 5      5.00000  0.41430E+44  0.41584E+44 -0.15398E+42      -0.3716608      0.0891535      0.0062500
 5     10.00000  0.30720E+44  0.30692E+44  0.27574E+41       0.0897578      0.0891535      0.0062500
 5     30.00000  0.11690E+44  0.11599E+44  0.90755E+41       0.7763466      0.0891535      0.0062500
  
