 1      1.00000  0.29750E+44  0.22226E+44  0.75239E+43      25.2904182     62.2289231      0.1000000
 1      2.00000  0.29090E+44  0.24235E+44  0.48545E+43      16.6879138     62.2289231      0.1000000
 1      3.00000  0.28930E+44  0.25914E+44  0.30155E+43      10.4234676     62.2289231      0.1000000
 1      5.00000  0.30350E+44  0.26499E+44  0.38515E+43      12.6901601     62.2289231      0.1000000
 1     10.00000  0.22220E+44  0.20731E+44  0.14890E+43       6.7011374     62.2289231      0.1000000
 1     30.00000  0.58850E+43  0.51099E+43  0.77506E+42      13.1700515     62.2289231      0.1000000
  
 2      1.00000  0.29750E+44  0.26339E+44  0.34109E+43      11.4650421      9.2240553      0.0500000
 2      2.00000  0.29090E+44  0.29019E+44  0.70797E+41       0.2433728      9.2240553      0.0500000
 2      3.00000  0.28930E+44  0.30846E+44 -0.19159E+43      -6.6225974      9.2240553      0.0500000
 2      5.00000  0.30350E+44  0.30552E+44 -0.20169E+42      -0.6645434      9.2240553      0.0500000
 2     10.00000  0.22220E+44  0.22732E+44 -0.51192E+42      -2.3038515      9.2240553      0.0500000
 2     30.00000  0.58850E+43  0.54528E+43  0.43219E+42       7.3439742      9.2240553      0.0500000
  
 3      1.00000  0.29750E+44  0.30425E+44 -0.67548E+42      -2.2705042      1.7720631      0.0250000
 3      2.00000  0.29090E+44  0.29222E+44 -0.13191E+42      -0.4534380      1.7720631      0.0250000
 3      3.00000  0.28930E+44  0.30039E+44 -0.11089E+43      -3.8330910      1.7720631      0.0250000
 3      5.00000  0.30350E+44  0.29592E+44  0.75812E+42       2.4979142      1.7720631      0.0250000
 3     10.00000  0.22220E+44  0.22187E+44  0.32700E+41       0.1471635      1.7720631      0.0250000
 3     30.00000  0.58850E+43  0.53284E+43  0.55655E+42       9.4571268      1.7720631      0.0250000
  
 4      1.00000  0.29750E+44  0.29633E+44  0.11705E+42       0.3934584      1.3668842      0.0125000
 4      2.00000  0.29090E+44  0.28920E+44  0.17021E+42       0.5851244      1.3668842      0.0125000
 4      3.00000  0.28930E+44  0.29908E+44 -0.97766E+42      -3.3793819      1.3668842      0.0125000
 4      5.00000  0.30350E+44  0.29559E+44  0.79072E+42       2.6053317      1.3668842      0.0125000
 4     10.00000  0.22220E+44  0.22194E+44  0.25509E+41       0.1148037      1.3668842      0.0125000
 4     30.00000  0.58850E+43  0.53355E+43  0.54945E+42       9.3364523      1.3668842      0.0125000
  
 5      1.00000  0.29750E+44  0.29620E+44  0.13021E+42       0.4376775      1.3662813      0.0062500
 5      2.00000  0.29090E+44  0.28912E+44  0.17827E+42       0.6128368      1.3662813      0.0062500
 5      3.00000  0.28930E+44  0.29904E+44 -0.97438E+42      -3.3680723      1.3662813      0.0062500
 5      5.00000  0.30350E+44  0.29560E+44  0.78970E+42       2.6019868      1.3662813      0.0062500
 5     10.00000  0.22220E+44  0.22195E+44  0.25157E+41       0.1132157      1.3662813      0.0062500
 5     30.00000  0.58850E+43  0.53347E+43  0.55030E+42       9.3509108      1.3662813      0.0062500
  
