 1      1.00000  0.34720E+44  0.27985E+44  0.67347E+43      19.3971090     36.5304711      0.1000000
 1      2.00000  0.34350E+44  0.31680E+44  0.26696E+43       7.7717642     36.5304711      0.1000000
 1      3.00000  0.33130E+44  0.35266E+44 -0.21361E+43      -6.4475103     36.5304711      0.1000000
 1      5.00000  0.33690E+44  0.37472E+44 -0.37820E+43     -11.2257539     36.5304711      0.1000000
 1     10.00000  0.28350E+44  0.30651E+44 -0.23007E+43      -8.1152072     36.5304711      0.1000000
 1     30.00000  0.13110E+44  0.13898E+44 -0.78752E+42      -6.0070515     36.5304711      0.1000000
  
 2      1.00000  0.34720E+44  0.27985E+44  0.67347E+43      19.3971090     36.5304711      1.0000000
 2      2.00000  0.34350E+44  0.31680E+44  0.26696E+43       7.7717642     36.5304711      1.0000000
 2      3.00000  0.33130E+44  0.35266E+44 -0.21361E+43      -6.4475103     36.5304711      1.0000000
 2      5.00000  0.33690E+44  0.37472E+44 -0.37820E+43     -11.2257539     36.5304711      1.0000000
 2     10.00000  0.28350E+44  0.30651E+44 -0.23007E+43      -8.1152072     36.5304711      1.0000000
 2     30.00000  0.13110E+44  0.13898E+44 -0.78752E+42      -6.0070515     36.5304711      1.0000000
  
 3      1.00000  0.34720E+44  0.40198E+44 -0.54785E+43     -15.7789554     20.5276193      0.5000000
 3      2.00000  0.34350E+44  0.36933E+44 -0.25828E+43      -7.5191012     20.5276193      0.5000000
 3      3.00000  0.33130E+44  0.35623E+44 -0.24926E+43      -7.5236106     20.5276193      0.5000000
 3      5.00000  0.33690E+44  0.34687E+44 -0.99741E+42      -2.9605499     20.5276193      0.5000000
 3     10.00000  0.28350E+44  0.28815E+44 -0.46524E+42      -1.6410637     20.5276193      0.5000000
 3     30.00000  0.13110E+44  0.13506E+44 -0.39592E+42      -3.0200088     20.5276193      0.5000000
  
 4      1.00000  0.34720E+44  0.35328E+44 -0.60756E+42      -1.7498766      0.5169636      0.2500000
 4      2.00000  0.34350E+44  0.34049E+44  0.30114E+42       0.8766795      0.5169636      0.2500000
 4      3.00000  0.33130E+44  0.33642E+44 -0.51249E+42      -1.5468996      0.5169636      0.2500000
 4      5.00000  0.33690E+44  0.33553E+44  0.13660E+42       0.4054713      0.5169636      0.2500000
 4     10.00000  0.28350E+44  0.28408E+44 -0.57956E+41      -0.2044303      0.5169636      0.2500000
 4     30.00000  0.13110E+44  0.13488E+44 -0.37836E+42      -2.8860400      0.5169636      0.2500000
  
 5      1.00000  0.34720E+44  0.34840E+44 -0.12001E+42      -0.3456645      0.3898096      0.1250000
 5      2.00000  0.34350E+44  0.33873E+44  0.47673E+42       1.3878536      0.3898096      0.1250000
 5      3.00000  0.33130E+44  0.33573E+44 -0.44292E+42      -1.3369163      0.3898096      0.1250000
 5      5.00000  0.33690E+44  0.33550E+44  0.13975E+42       0.4148126      0.3898096      0.1250000
 5     10.00000  0.28350E+44  0.28419E+44 -0.69305E+41      -0.2444609      0.3898096      0.1250000
 5     30.00000  0.13110E+44  0.13493E+44 -0.38306E+42      -2.9219172      0.3898096      0.1250000
  
