 1      1.00000  0.29050E+44  0.25832E+44  0.32176E+43      11.0761546     34.5404855      0.1000000
 1      2.00000  0.34980E+44  0.28840E+44  0.61403E+43      17.5537888     34.5404855      0.1000000
 1      3.00000  0.36180E+44  0.31640E+44  0.45399E+43      12.5481513     34.5404855      0.1000000
 1      5.00000  0.34260E+44  0.33390E+44  0.87046E+42       2.5407512     34.5404855      0.1000000
 1     10.00000  0.27930E+44  0.27479E+44  0.45065E+42       1.6135113     34.5404855      0.1000000
 1     30.00000  0.11580E+44  0.11111E+44  0.46905E+42       4.0505115     34.5404855      0.1000000
  
 2      1.00000  0.29050E+44  0.25832E+44  0.32176E+43      11.0761546     34.5404855      1.0000000
 2      2.00000  0.34980E+44  0.28840E+44  0.61403E+43      17.5537888     34.5404855      1.0000000
 2      3.00000  0.36180E+44  0.31640E+44  0.45399E+43      12.5481513     34.5404855      1.0000000
 2      5.00000  0.34260E+44  0.33390E+44  0.87046E+42       2.5407512     34.5404855      1.0000000
 2     10.00000  0.27930E+44  0.27479E+44  0.45065E+42       1.6135113     34.5404855      1.0000000
 2     30.00000  0.11580E+44  0.11111E+44  0.46905E+42       4.0505115     34.5404855      1.0000000
  
 3      1.00000  0.29050E+44  0.32303E+44 -0.32528E+43     -11.1974024      5.9470472      0.5000000
 3      2.00000  0.34980E+44  0.35202E+44 -0.22237E+42      -0.6357151      5.9470472      0.5000000
 3      3.00000  0.36180E+44  0.35141E+44  0.10386E+43       2.8706659      5.9470472      0.5000000
 3      5.00000  0.34260E+44  0.33812E+44  0.44766E+42       1.3066464      5.9470472      0.5000000
 3     10.00000  0.27930E+44  0.26997E+44  0.93296E+42       3.3403658      5.9470472      0.5000000
 3     30.00000  0.11580E+44  0.10916E+44  0.66382E+42       5.7325024      5.9470472      0.5000000
  
 4      1.00000  0.29050E+44  0.28072E+44  0.97784E+42       3.3660536      5.2491594      0.2500000
 4      2.00000  0.34980E+44  0.32949E+44  0.20314E+43       5.8072529      5.2491594      0.2500000
 4      3.00000  0.36180E+44  0.34253E+44  0.19268E+43       5.3255342      5.2491594      0.2500000
 4      5.00000  0.34260E+44  0.33910E+44  0.35025E+42       1.0223349      5.2491594      0.2500000
 4     10.00000  0.27930E+44  0.27272E+44  0.65783E+42       2.3552654      5.2491594      0.2500000
 4     30.00000  0.11580E+44  0.10997E+44  0.58278E+42       5.0326225      5.2491594      0.2500000
  
 5      1.00000  0.29050E+44  0.28072E+44  0.97784E+42       3.3660536      5.2491594      2.5000000
 5      2.00000  0.34980E+44  0.32949E+44  0.20314E+43       5.8072529      5.2491594      2.5000000
 5      3.00000  0.36180E+44  0.34253E+44  0.19268E+43       5.3255342      5.2491594      2.5000000
 5      5.00000  0.34260E+44  0.33910E+44  0.35025E+42       1.0223349      5.2491594      2.5000000
 5     10.00000  0.27930E+44  0.27272E+44  0.65783E+42       2.3552654      5.2491594      2.5000000
 5     30.00000  0.11580E+44  0.10997E+44  0.58278E+42       5.0326225      5.2491594      2.5000000
  
 6      1.00000  0.29050E+44  0.28072E+44  0.97784E+42       3.3660536      5.2491594     25.0000000
 6      2.00000  0.34980E+44  0.32949E+44  0.20314E+43       5.8072529      5.2491594     25.0000000
 6      3.00000  0.36180E+44  0.34253E+44  0.19268E+43       5.3255342      5.2491594     25.0000000
 6      5.00000  0.34260E+44  0.33910E+44  0.35025E+42       1.0223349      5.2491594     25.0000000
 6     10.00000  0.27930E+44  0.27272E+44  0.65783E+42       2.3552654      5.2491594     25.0000000
 6     30.00000  0.11580E+44  0.10997E+44  0.58278E+42       5.0326225      5.2491594     25.0000000
  
 7      1.00000  0.29050E+44  0.27987E+44  0.10634E+43       3.6605051      5.2398488     12.5000000
 7      2.00000  0.34980E+44  0.32939E+44  0.20413E+43       5.8357548      5.2398488     12.5000000
 7      3.00000  0.36180E+44  0.34278E+44  0.19018E+43       5.2564630      5.2398488     12.5000000
 7      5.00000  0.34260E+44  0.33951E+44  0.30950E+42       0.9033841      5.2398488     12.5000000
 7     10.00000  0.27930E+44  0.27298E+44  0.63225E+42       2.2637103      5.2398488     12.5000000
 7     30.00000  0.11580E+44  0.11002E+44  0.57799E+42       4.9912770      5.2398488     12.5000000
  
 8      1.00000  0.29050E+44  0.27987E+44  0.10634E+43       3.6605051      5.2398488    125.0000000
 8      2.00000  0.34980E+44  0.32939E+44  0.20413E+43       5.8357548      5.2398488    125.0000000
 8      3.00000  0.36180E+44  0.34278E+44  0.19018E+43       5.2564630      5.2398488    125.0000000
 8      5.00000  0.34260E+44  0.33951E+44  0.30950E+42       0.9033841      5.2398488    125.0000000
 8     10.00000  0.27930E+44  0.27298E+44  0.63225E+42       2.2637103      5.2398488    125.0000000
 8     30.00000  0.11580E+44  0.11002E+44  0.57799E+42       4.9912770      5.2398488    125.0000000
  
 9      1.00000  0.29050E+44  0.28218E+44  0.83243E+42       2.8655124      4.1245733     62.5000000
 9      2.00000  0.34980E+44  0.33164E+44  0.18162E+43       5.1921296      4.1245733     62.5000000
 9      3.00000  0.36180E+44  0.34486E+44  0.16945E+43       4.6834826      4.1245733     62.5000000
 9      5.00000  0.34260E+44  0.34111E+44  0.14869E+42       0.4340067      4.1245733     62.5000000
 9     10.00000  0.27930E+44  0.27374E+44  0.55622E+42       1.9914639      4.1245733     62.5000000
 9     30.00000  0.11580E+44  0.11013E+44  0.56680E+42       4.8946658      4.1245733     62.5000000
  
10      1.00000  0.29050E+44  0.28218E+44  0.83243E+42       2.8655124      4.1245733    625.0000000
10      2.00000  0.34980E+44  0.33164E+44  0.18162E+43       5.1921296      4.1245733    625.0000000
10      3.00000  0.36180E+44  0.34486E+44  0.16945E+43       4.6834826      4.1245733    625.0000000
10      5.00000  0.34260E+44  0.34111E+44  0.14869E+42       0.4340067      4.1245733    625.0000000
10     10.00000  0.27930E+44  0.27374E+44  0.55622E+42       1.9914639      4.1245733    625.0000000
10     30.00000  0.11580E+44  0.11013E+44  0.56680E+42       4.8946658      4.1245733    625.0000000
  
11      1.00000  0.29050E+44  0.28646E+44  0.40415E+42       1.3912124      2.4969011    312.5000000
11      2.00000  0.34980E+44  0.33589E+44  0.13908E+43       3.9758822      2.4969011    312.5000000
11      3.00000  0.36180E+44  0.34878E+44  0.13018E+43       3.5980172      2.4969011    312.5000000
11      5.00000  0.34260E+44  0.34418E+44 -0.15781E+42      -0.4606282      2.4969011    312.5000000
11     10.00000  0.27930E+44  0.27519E+44  0.41120E+42       1.4722378      2.4969011    312.5000000
11     30.00000  0.11580E+44  0.11035E+44  0.54535E+42       4.7093728      2.4969011    312.5000000
  
