 1      1.00000  0.56080E+44  0.38148E+44  0.17932E+44      31.9749532    196.0458707      0.1000000
 1      2.00000  0.57850E+44  0.39739E+44  0.18111E+44      31.3071460    196.0458707      0.1000000
 1      3.00000  0.56750E+44  0.40231E+44  0.16519E+44      29.1077826    196.0458707      0.1000000
 1      5.00000  0.48890E+44  0.37867E+44  0.11023E+44      22.5469659    196.0458707      0.1000000
 1     10.00000  0.32660E+44  0.27733E+44  0.49273E+43      15.0866279    196.0458707      0.1000000
 1     30.00000  0.11340E+44  0.98374E+43  0.15026E+43      13.2506089    196.0458707      0.1000000
  
 2      1.00000  0.56080E+44  0.56828E+44 -0.74794E+42      -1.3337061      0.8461622      0.0500000
 2      2.00000  0.57850E+44  0.58209E+44 -0.35888E+42      -0.6203583      0.8461622      0.0500000
 2      3.00000  0.56750E+44  0.56549E+44  0.20145E+42       0.3549768      0.8461622      0.0500000
 2      5.00000  0.48890E+44  0.48932E+44 -0.42477E+41      -0.0868830      0.8461622      0.0500000
 2     10.00000  0.32660E+44  0.31899E+44  0.76088E+42       2.3296966      0.8461622      0.0500000
 2     30.00000  0.11340E+44  0.97069E+43  0.16331E+43      14.4009580      0.8461622      0.0500000
  
 3      1.00000  0.56080E+44  0.56034E+44  0.46019E+41       0.0820596      0.7136845      0.0250000
 3      2.00000  0.57850E+44  0.58003E+44 -0.15261E+42      -0.2637985      0.7136845      0.0250000
 3      3.00000  0.56750E+44  0.56619E+44  0.13117E+42       0.2311373      0.7136845      0.0250000
 3      5.00000  0.48890E+44  0.49103E+44 -0.21273E+42      -0.4351238      0.7136845      0.0250000
 3     10.00000  0.32660E+44  0.31986E+44  0.67351E+42       2.0621752      0.7136845      0.0250000
 3     30.00000  0.11340E+44  0.96999E+43  0.16401E+43      14.4627802      0.7136845      0.0250000
  
