 1      1.00000  0.56020E+44  0.42510E+44  0.13510E+44      24.1162335     48.5812576      0.1000000
 1      2.00000  0.55860E+44  0.47990E+44  0.78698E+43      14.0885020     48.5812576      0.1000000
 1      3.00000  0.56440E+44  0.52332E+44  0.41084E+43       7.2792942     48.5812576      0.1000000
 1      5.00000  0.52420E+44  0.51231E+44  0.11887E+43       2.2676105     48.5812576      0.1000000
 1     10.00000  0.36370E+44  0.34327E+44  0.20433E+43       5.6179863     48.5812576      0.1000000
 1     30.00000  0.10030E+44  0.85685E+43  0.14615E+43      14.5707914     48.5812576      0.1000000
  
 2      1.00000  0.56020E+44  0.42510E+44  0.13510E+44      24.1162335     48.5812576      1.0000000
 2      2.00000  0.55860E+44  0.47990E+44  0.78698E+43      14.0885020     48.5812576      1.0000000
 2      3.00000  0.56440E+44  0.52332E+44  0.41084E+43       7.2792942     48.5812576      1.0000000
 2      5.00000  0.52420E+44  0.51231E+44  0.11887E+43       2.2676105     48.5812576      1.0000000
 2     10.00000  0.36370E+44  0.34327E+44  0.20433E+43       5.6179863     48.5812576      1.0000000
 2     30.00000  0.10030E+44  0.85685E+43  0.14615E+43      14.5707914     48.5812576      1.0000000
  
 3      1.00000  0.56020E+44  0.61291E+44 -0.52711E+43      -9.4093898      6.2902407      0.5000000
 3      2.00000  0.55860E+44  0.56529E+44 -0.66923E+42      -1.1980573      6.2902407      0.5000000
 3      3.00000  0.56440E+44  0.56114E+44  0.32594E+42       0.5774929      6.2902407      0.5000000
 3      5.00000  0.52420E+44  0.52258E+44  0.16150E+42       0.3080941      6.2902407      0.5000000
 3     10.00000  0.36370E+44  0.34717E+44  0.16527E+43       4.5440162      6.2902407      0.5000000
 3     30.00000  0.10030E+44  0.86940E+43  0.13360E+43      13.3202074      6.2902407      0.5000000
  
 4      1.00000  0.56020E+44  0.56500E+44 -0.48024E+42      -0.8572719      1.1201342      0.2500000
 4      2.00000  0.55860E+44  0.55902E+44 -0.41805E+41      -0.0748389      1.1201342      0.2500000
 4      3.00000  0.56440E+44  0.56702E+44 -0.26174E+42      -0.4637461      1.1201342      0.2500000
 4      5.00000  0.52420E+44  0.52985E+44 -0.56510E+42      -1.0780241      1.1201342      0.2500000
 4     10.00000  0.36370E+44  0.34960E+44  0.14104E+43       3.8780493      1.1201342      0.2500000
 4     30.00000  0.10030E+44  0.87167E+43  0.13133E+43      13.0932987      1.1201342      0.2500000
  
 5      1.00000  0.56020E+44  0.55995E+44  0.25203E+41       0.0449900      1.0675572      0.1250000
 5      2.00000  0.55860E+44  0.55728E+44  0.13165E+42       0.2356749      1.0675572      0.1250000
 5      3.00000  0.56440E+44  0.56623E+44 -0.18329E+42      -0.3247535      1.0675572      0.1250000
 5      5.00000  0.52420E+44  0.52960E+44 -0.53987E+42      -1.0298851      1.0675572      0.1250000
 5     10.00000  0.36370E+44  0.34960E+44  0.14103E+43       3.8775328      1.0675572      0.1250000
 5     30.00000  0.10030E+44  0.87189E+43  0.13111E+43      13.0715058      1.0675572      0.1250000
  
