 1      1.00000  0.52140E+44  0.36208E+44  0.15932E+44      30.5556244    129.9506145      0.1000000
 1      2.00000  0.51130E+44  0.37716E+44  0.13414E+44      26.2358104    129.9506145      0.1000000
 1      3.00000  0.48910E+44  0.38226E+44  0.10684E+44      21.8434706    129.9506145      0.1000000
 1      5.00000  0.44570E+44  0.36073E+44  0.84969E+43      19.0641090    129.9506145      0.1000000
 1     10.00000  0.29510E+44  0.26418E+44  0.30924E+43      10.4790650    129.9506145      0.1000000
 1     30.00000  0.78510E+43  0.91232E+43 -0.12722E+43     -16.2045090    129.9506145      0.1000000
  
 2      1.00000  0.52140E+44  0.44684E+44  0.74560E+43      14.2998675     19.0808267      0.0500000
 2      2.00000  0.51130E+44  0.46516E+44  0.46140E+43       9.0239930     19.0808267      0.0500000
 2      3.00000  0.48910E+44  0.46326E+44  0.25838E+43       5.2827650     19.0808267      0.0500000
 2      5.00000  0.44570E+44  0.41863E+44  0.27069E+43       6.0733386     19.0808267      0.0500000
 2     10.00000  0.29510E+44  0.28762E+44  0.74785E+42       2.5342305     19.0808267      0.0500000
 2     30.00000  0.78510E+43  0.92052E+43 -0.13542E+43     -17.2492951     19.0808267      0.0500000
  
 3      1.00000  0.52140E+44  0.53492E+44 -0.13516E+43      -2.5921725      1.1774595      0.0250000
 3      2.00000  0.51130E+44  0.51649E+44 -0.51929E+42      -1.0156227      1.1774595      0.0250000
 3      3.00000  0.48910E+44  0.49847E+44 -0.93668E+42      -1.9151165      1.1774595      0.0250000
 3      5.00000  0.44570E+44  0.43818E+44  0.75242E+42       1.6881838      1.1774595      0.0250000
 3     10.00000  0.29510E+44  0.29400E+44  0.10999E+42       0.3727367      1.1774595      0.0250000
 3     30.00000  0.78510E+43  0.91710E+43 -0.13200E+43     -16.8137014      1.1774595      0.0250000
  
 4      1.00000  0.52140E+44  0.52046E+44  0.94250E+41       0.1807639      0.6837579      0.0125000
 4      2.00000  0.51130E+44  0.51112E+44  0.18090E+41       0.0353800      0.6837579      0.0125000
 4      3.00000  0.48910E+44  0.49632E+44 -0.72192E+42      -1.4760151      0.6837579      0.0125000
 4      5.00000  0.44570E+44  0.43790E+44  0.78025E+42       1.7506202      0.6837579      0.0125000
 4     10.00000  0.29510E+44  0.29419E+44  0.90801E+41       0.3076967      0.6837579      0.0125000
 4     30.00000  0.78510E+43  0.91776E+43 -0.13266E+43     -16.8975762      0.6837579      0.0125000
  
