 1      1.00000  0.35970E+44  0.25267E+44  0.10703E+44      29.7566946    106.4314376      0.1000000
 1      2.00000  0.36910E+44  0.28264E+44  0.86457E+43      23.4237270    106.4314376      0.1000000
 1      3.00000  0.37300E+44  0.31012E+44  0.62879E+43      16.8575322    106.4314376      0.1000000
 1      5.00000  0.36180E+44  0.32689E+44  0.34910E+43       9.6488450    106.4314376      0.1000000
 1     10.00000  0.28260E+44  0.26771E+44  0.14890E+43       5.2690453    106.4314376      0.1000000
 1     30.00000  0.10260E+44  0.10463E+44 -0.20308E+42      -1.9793718    106.4314376      0.1000000
  
 2      1.00000  0.35970E+44  0.26105E+44  0.98650E+43      27.4257537     83.7264584      0.0500000
 2      2.00000  0.36910E+44  0.29253E+44  0.76566E+43      20.7439497     83.7264584      0.0500000
 2      3.00000  0.37300E+44  0.32057E+44  0.52427E+43      14.0555269     83.7264584      0.0500000
 2      5.00000  0.36180E+44  0.33545E+44  0.26345E+43       7.2817360     83.7264584      0.0500000
 2     10.00000  0.28260E+44  0.27165E+44  0.10946E+43       3.8731576     83.7264584      0.0500000
 2     30.00000  0.10260E+44  0.10519E+44 -0.25852E+42      -2.5196827     83.7264584      0.0500000
  
 3      1.00000  0.35970E+44  0.41634E+44 -0.56641E+43     -15.7467399     15.6779176      0.0250000
 3      2.00000  0.36910E+44  0.38692E+44 -0.17824E+43      -4.8289805     15.6779176      0.0250000
 3      3.00000  0.37300E+44  0.38118E+44 -0.81775E+42      -2.1923595     15.6779176      0.0250000
 3      5.00000  0.36180E+44  0.36497E+44 -0.31749E+42      -0.8775415     15.6779176      0.0250000
 3     10.00000  0.28260E+44  0.28076E+44  0.18392E+42       0.6508109     15.6779176      0.0250000
 3     30.00000  0.10260E+44  0.10574E+44 -0.31364E+42      -3.0569120     15.6779176      0.0250000
  
 4      1.00000  0.35970E+44  0.36508E+44 -0.53825E+42      -1.4963807      0.2503366      0.0125000
 4      2.00000  0.36910E+44  0.36832E+44  0.77606E+41       0.2102572      0.2503366      0.0125000
 4      3.00000  0.37300E+44  0.37356E+44 -0.55640E+41      -0.1491690      0.2503366      0.0125000
 4      5.00000  0.36180E+44  0.36363E+44 -0.18279E+42      -0.5052326      0.2503366      0.0125000
 4     10.00000  0.28260E+44  0.28118E+44  0.14197E+42       0.5023840      0.2503366      0.0125000
 4     30.00000  0.10260E+44  0.10597E+44 -0.33656E+42      -3.2802996      0.2503366      0.0125000
  
 5      1.00000  0.35970E+44  0.36039E+44 -0.68868E+41      -0.1914605      0.1438195      0.0062500
 5      2.00000  0.36910E+44  0.36717E+44  0.19327E+42       0.5236212      0.1438195      0.0062500
 5      3.00000  0.37300E+44  0.37333E+44 -0.33282E+41      -0.0892280      0.1438195      0.0062500
 5      5.00000  0.36180E+44  0.36374E+44 -0.19444E+42      -0.5374368      0.1438195      0.0062500
 5     10.00000  0.28260E+44  0.28129E+44  0.13067E+42       0.4623975      0.1438195      0.0062500
 5     30.00000  0.10260E+44  0.10599E+44 -0.33923E+42      -3.3063305      0.1438195      0.0062500
  
 6      1.00000  0.35970E+44  0.36035E+44 -0.65202E+41      -0.1812680      0.1438036      0.0031250
 6      2.00000  0.36910E+44  0.36715E+44  0.19536E+42       0.5292874      0.1438036      0.0031250
 6      3.00000  0.37300E+44  0.37332E+44 -0.31866E+41      -0.0854303      0.1438036      0.0031250
 6      5.00000  0.36180E+44  0.36373E+44 -0.19344E+42      -0.5346674      0.1438036      0.0031250
 6     10.00000  0.28260E+44  0.28129E+44  0.13107E+42       0.4637865      0.1438036      0.0031250
 6     30.00000  0.10260E+44  0.10599E+44 -0.33920E+42      -3.3060098      0.1438036      0.0031250
  
 7      1.00000  0.35970E+44  0.36035E+44 -0.65260E+41      -0.1814301      0.1438001      0.0015625
 7      2.00000  0.36910E+44  0.36715E+44  0.19534E+42       0.5292210      0.1438001      0.0015625
 7      3.00000  0.37300E+44  0.37332E+44 -0.31864E+41      -0.0854273      0.1438001      0.0015625
 7      5.00000  0.36180E+44  0.36373E+44 -0.19341E+42      -0.5345803      0.1438001      0.0015625
 7     10.00000  0.28260E+44  0.28129E+44  0.13108E+42       0.4638260      0.1438001      0.0015625
 7     30.00000  0.10260E+44  0.10599E+44 -0.33920E+42      -3.3060011      0.1438001      0.0015625
  
 8      1.00000  0.35970E+44  0.36035E+44 -0.65223E+41      -0.1813271      0.1437980      0.0007813
 8      2.00000  0.36910E+44  0.36715E+44  0.19535E+42       0.5292567      0.1437980      0.0007813
 8      3.00000  0.37300E+44  0.37332E+44 -0.31846E+41      -0.0853773      0.1437980      0.0007813
 8      5.00000  0.36180E+44  0.36373E+44 -0.19339E+42      -0.5345303      0.1437980      0.0007813
 8     10.00000  0.28260E+44  0.28129E+44  0.13109E+42       0.4638642      0.1437980      0.0007813
 8     30.00000  0.10260E+44  0.10599E+44 -0.33919E+42      -3.3059644      0.1437980      0.0007813
  
