 1      1.00000  0.44010E+44  0.29668E+44  0.14342E+44      32.5881616    106.6614158      0.1000000
 1      2.00000  0.44080E+44  0.33455E+44  0.10625E+44      24.1028080    106.6614158      0.1000000
 1      3.00000  0.45310E+44  0.37021E+44  0.82885E+43      18.2929004    106.6614158      0.1000000
 1      5.00000  0.42550E+44  0.38414E+44  0.41365E+43       9.7214156    106.6614158      0.1000000
 1     10.00000  0.31970E+44  0.29375E+44  0.25953E+43       8.1178861    106.6614158      0.1000000
 1     30.00000  0.11140E+44  0.10879E+44  0.26127E+42       2.3453464    106.6614158      0.1000000
  
 2      1.00000  0.44010E+44  0.31697E+44  0.12313E+44      27.9786849     66.0693195      0.0500000
 2      2.00000  0.44080E+44  0.36042E+44  0.80379E+43      18.2347784     66.0693195      0.0500000
 2      3.00000  0.45310E+44  0.39721E+44  0.55895E+43      12.3361174     66.0693195      0.0500000
 2      5.00000  0.42550E+44  0.40371E+44  0.21786E+43       5.1201373     66.0693195      0.0500000
 2     10.00000  0.31970E+44  0.30064E+44  0.19057E+43       5.9610234     66.0693195      0.0500000
 2     30.00000  0.11140E+44  0.10910E+44  0.23044E+42       2.0685822     66.0693195      0.0500000
  
 3      1.00000  0.44010E+44  0.48437E+44 -0.44272E+43     -10.0595461      5.6959744      0.0250000
 3      2.00000  0.44080E+44  0.44843E+44 -0.76322E+42      -1.7314539      5.6959744      0.0250000
 3      3.00000  0.45310E+44  0.44931E+44  0.37875E+42       0.8359122      5.6959744      0.0250000
 3      5.00000  0.42550E+44  0.42714E+44 -0.16405E+42      -0.3855564      5.6959744      0.0250000
 3     10.00000  0.31970E+44  0.30745E+44  0.12247E+43       3.8306415      5.6959744      0.0250000
 3     30.00000  0.11140E+44  0.10913E+44  0.22703E+42       2.0379791      5.6959744      0.0250000
  
 4      1.00000  0.44010E+44  0.44295E+44 -0.28492E+42      -0.6474037      0.4822710      0.0125000
 4      2.00000  0.44080E+44  0.44157E+44 -0.76758E+41      -0.1741323      0.4822710      0.0125000
 4      3.00000  0.45310E+44  0.45173E+44  0.13692E+42       0.3021780      0.4822710      0.0125000
 4      5.00000  0.42550E+44  0.43162E+44 -0.61224E+42      -1.4388757      0.4822710      0.0125000
 4     10.00000  0.31970E+44  0.30948E+44  0.10221E+43       3.1969309      0.4822710      0.0125000
 4     30.00000  0.11140E+44  0.10937E+44  0.20284E+42       1.8207894      0.4822710      0.0125000
  
 5      1.00000  0.44010E+44  0.43988E+44  0.22324E+41       0.0507239      0.4582701      0.0062500
 5      2.00000  0.44080E+44  0.44073E+44  0.74211E+40       0.0168355      0.4582701      0.0062500
 5      3.00000  0.45310E+44  0.45148E+44  0.16236E+42       0.3583260      0.4582701      0.0062500
 5      5.00000  0.42550E+44  0.43161E+44 -0.61068E+42      -1.4352018      0.4582701      0.0062500
 5     10.00000  0.31970E+44  0.30951E+44  0.10189E+43       3.1869807      0.4582701      0.0062500
 5     30.00000  0.11140E+44  0.10939E+44  0.20133E+42       1.8072272      0.4582701      0.0062500
  
 6      1.00000  0.44010E+44  0.43987E+44  0.22848E+41       0.0519164      0.4582118      0.0031250
 6      2.00000  0.44080E+44  0.44073E+44  0.69840E+40       0.0158438      0.4582118      0.0031250
 6      3.00000  0.45310E+44  0.45147E+44  0.16277E+42       0.3592327      0.4582118      0.0031250
 6      5.00000  0.42550E+44  0.43160E+44 -0.60993E+42      -1.4334341      0.4582118      0.0031250
 6     10.00000  0.31970E+44  0.30951E+44  0.10191E+43       3.1877212      0.4582118      0.0031250
 6     30.00000  0.11140E+44  0.10939E+44  0.20130E+42       1.8070408      0.4582118      0.0031250
  
