 1      1.00000  0.29110E+44  0.25756E+44  0.33545E+43      11.5234847     39.9724599      0.1000000
 1      2.00000  0.28160E+44  0.28761E+44 -0.60142E+42      -2.1357319     39.9724599      0.1000000
 1      3.00000  0.28260E+44  0.31563E+44 -0.33026E+43     -11.6864496     39.9724599      0.1000000
 1      5.00000  0.27700E+44  0.33315E+44 -0.56155E+43     -20.2724729     39.9724599      0.1000000
 1     10.00000  0.23280E+44  0.27398E+44 -0.41181E+43     -17.6892925     39.9724599      0.1000000
 1     30.00000  0.88690E+43  0.11026E+44 -0.21568E+43     -24.3181735     39.9724599      0.1000000
  
 2      1.00000  0.29110E+44  0.25756E+44  0.33545E+43      11.5234847     39.9724599      1.0000000
 2      2.00000  0.28160E+44  0.28761E+44 -0.60142E+42      -2.1357319     39.9724599      1.0000000
 2      3.00000  0.28260E+44  0.31563E+44 -0.33026E+43     -11.6864496     39.9724599      1.0000000
 2      5.00000  0.27700E+44  0.33315E+44 -0.56155E+43     -20.2724729     39.9724599      1.0000000
 2     10.00000  0.23280E+44  0.27398E+44 -0.41181E+43     -17.6892925     39.9724599      1.0000000
 2     30.00000  0.88690E+43  0.11026E+44 -0.21568E+43     -24.3181735     39.9724599      1.0000000
  
 3      1.00000  0.29110E+44  0.31879E+44 -0.27692E+43      -9.5128125     14.2517081      0.5000000
 3      2.00000  0.28160E+44  0.31302E+44 -0.31420E+43     -11.1575527     14.2517081      0.5000000
 3      3.00000  0.28260E+44  0.30417E+44 -0.21575E+43      -7.6344234     14.2517081      0.5000000
 3      5.00000  0.27700E+44  0.29374E+44 -0.16737E+43      -6.0421366     14.2517081      0.5000000
 3     10.00000  0.23280E+44  0.24549E+44 -0.12689E+43      -5.4507011     14.2517081      0.5000000
 3     30.00000  0.88690E+43  0.10434E+44 -0.15654E+43     -17.6502353     14.2517081      0.5000000
  
 4      1.00000  0.29110E+44  0.29522E+44 -0.41213E+42      -1.4157613      1.7309850      0.2500000
 4      2.00000  0.28160E+44  0.28744E+44 -0.58394E+42      -2.0736491      1.7309850      0.2500000
 4      3.00000  0.28260E+44  0.28109E+44  0.15147E+42       0.5359764      1.7309850      0.2500000
 4      5.00000  0.27700E+44  0.27529E+44  0.17057E+42       0.6157792      1.7309850      0.2500000
 4     10.00000  0.23280E+44  0.23602E+44 -0.32165E+42      -1.3816768      1.7309850      0.2500000
 4     30.00000  0.88690E+43  0.10282E+44 -0.14129E+43     -15.9304412      1.7309850      0.2500000
  
 5      1.00000  0.29110E+44  0.29079E+44  0.31012E+41       0.1065330      1.5901939      0.1250000
 5      2.00000  0.28160E+44  0.28488E+44 -0.32786E+42      -1.1642580      1.5901939      0.1250000
 5      3.00000  0.28260E+44  0.27932E+44  0.32815E+42       1.1611703      1.5901939      0.1250000
 5      5.00000  0.27700E+44  0.27422E+44  0.27793E+42       1.0033711      1.5901939      0.1250000
 5     10.00000  0.23280E+44  0.23556E+44 -0.27649E+42      -1.1876826      1.5901939      0.1250000
 5     30.00000  0.88690E+43  0.10276E+44 -0.14073E+43     -15.8674754      1.5901939      0.1250000
  
