 1      1.00000  0.30360E+44  0.22529E+44  0.78308E+43      25.7932061     62.6033758      0.1000000
 1      2.00000  0.29850E+44  0.24616E+44  0.52343E+43      17.5352947     62.6033758      0.1000000
 1      3.00000  0.29020E+44  0.26380E+44  0.26398E+43       9.0963330     62.6033758      0.1000000
 1      5.00000  0.29990E+44  0.27067E+44  0.29226E+43       9.7452772     62.6033758      0.1000000
 1     10.00000  0.22510E+44  0.21321E+44  0.11886E+43       5.2802181     62.6033758      0.1000000
 1     30.00000  0.63420E+43  0.56330E+43  0.70898E+42      11.1791637     62.6033758      0.1000000
  
 2      1.00000  0.30360E+44  0.24613E+44  0.57467E+43      18.9285320     24.1334432      0.0500000
 2      2.00000  0.29850E+44  0.27055E+44  0.27952E+43       9.3639970     24.1334432      0.0500000
 2      3.00000  0.29020E+44  0.28931E+44  0.89128E+41       0.3071245     24.1334432      0.0500000
 2      5.00000  0.29990E+44  0.29204E+44  0.78608E+42       2.6211317     24.1334432      0.0500000
 2     10.00000  0.22510E+44  0.22389E+44  0.12077E+42       0.5365157     24.1334432      0.0500000
 2     30.00000  0.63420E+43  0.58177E+43  0.52433E+42       8.2675399     24.1334432      0.0500000
  
 3      1.00000  0.30360E+44  0.31776E+44 -0.14160E+43      -4.6641524      2.4160584      0.0250000
 3      2.00000  0.29850E+44  0.29818E+44  0.31867E+41       0.1067556      2.4160584      0.0250000
 3      3.00000  0.29020E+44  0.30129E+44 -0.11094E+43      -3.8227519      2.4160584      0.0250000
 3      5.00000  0.29990E+44  0.29484E+44  0.50587E+42       1.6868103      2.4160584      0.0250000
 3     10.00000  0.22510E+44  0.22367E+44  0.14349E+42       0.6374361      2.4160584      0.0250000
 3     30.00000  0.63420E+43  0.58014E+43  0.54057E+42       8.5235926      2.4160584      0.0250000
  
 4      1.00000  0.30360E+44  0.30382E+44 -0.21510E+41      -0.0708513      1.1650292      0.0125000
 4      2.00000  0.29850E+44  0.29431E+44  0.41893E+42       1.4034491      1.1650292      0.0125000
 4      3.00000  0.29020E+44  0.30024E+44 -0.10037E+43      -3.4585427      1.1650292      0.0125000
 4      5.00000  0.29990E+44  0.29502E+44  0.48805E+42       1.6273918      1.1650292      0.0125000
 4     10.00000  0.22510E+44  0.22400E+44  0.10955E+42       0.4866920      1.1650292      0.0125000
 4     30.00000  0.63420E+43  0.58125E+43  0.52946E+42       8.3484092      1.1650292      0.0125000
  
 5      1.00000  0.30360E+44  0.30338E+44  0.22289E+41       0.0734173      1.1643495      0.0062500
 5      2.00000  0.29850E+44  0.29413E+44  0.43691E+42       1.4636867      1.1643495      0.0062500
 5      3.00000  0.29020E+44  0.30016E+44 -0.99628E+42      -3.4330877      1.1643495      0.0062500
 5      5.00000  0.29990E+44  0.29502E+44  0.48786E+42       1.6267561      1.1643495      0.0062500
 5     10.00000  0.22510E+44  0.22401E+44  0.10852E+42       0.4821084      1.1643495      0.0062500
 5     30.00000  0.63420E+43  0.58122E+43  0.52977E+42       8.3532837      1.1643495      0.0062500
  
