 1      1.00000  0.56640E+44  0.40133E+44  0.16507E+44      29.1437504    130.6323582      0.1000000
 1      2.00000  0.56220E+44  0.42108E+44  0.14112E+44      25.1021028    130.6323582      0.1000000
 1      3.00000  0.55200E+44  0.42938E+44  0.12262E+44      22.2145341    130.6323582      0.1000000
 1      5.00000  0.49840E+44  0.40694E+44  0.91464E+43      18.3515684    130.6323582      0.1000000
 1     10.00000  0.32940E+44  0.29864E+44  0.30761E+43       9.3385665    130.6323582      0.1000000
 1     30.00000  0.97270E+43  0.10544E+44 -0.81749E+42      -8.4043017    130.6323582      0.1000000
  
 2      1.00000  0.56640E+44  0.51501E+44  0.51395E+43       9.0739718      7.1751963      0.0500000
 2      2.00000  0.56220E+44  0.53737E+44  0.24834E+43       4.4173613      7.1751963      0.0500000
 2      3.00000  0.55200E+44  0.53489E+44  0.17109E+43       3.0994832      7.1751963      0.0500000
 2      5.00000  0.49840E+44  0.47950E+44  0.18904E+43       3.7929958      7.1751963      0.0500000
 2     10.00000  0.32940E+44  0.32547E+44  0.39270E+42       1.1921666      7.1751963      0.0500000
 2     30.00000  0.97270E+43  0.10446E+44 -0.71870E+42      -7.3886989      7.1751963      0.0500000
  
 3      1.00000  0.56640E+44  0.57038E+44 -0.39794E+42      -0.7025730      0.3487158      0.0250000
 3      2.00000  0.56220E+44  0.56850E+44 -0.62966E+42      -1.1200017      0.3487158      0.0250000
 3      3.00000  0.55200E+44  0.55643E+44 -0.44293E+42      -0.8024128      0.3487158      0.0250000
 3      5.00000  0.49840E+44  0.49152E+44  0.68766E+42       1.3797373      0.3487158      0.0250000
 3     10.00000  0.32940E+44  0.32912E+44  0.27621E+41       0.0838519      0.3487158      0.0250000
 3     30.00000  0.97270E+43  0.10394E+44 -0.66705E+42      -6.8577115      0.3487158      0.0250000
  
 4      1.00000  0.56640E+44  0.56425E+44  0.21495E+42       0.3794997      0.2727819      0.0125000
 4      2.00000  0.56220E+44  0.56601E+44 -0.38078E+42      -0.6773035      0.2727819      0.0125000
 4      3.00000  0.55200E+44  0.55535E+44 -0.33535E+42      -0.6075186      0.2727819      0.0125000
 4      5.00000  0.49840E+44  0.49131E+44  0.70932E+42       1.4232001      0.2727819      0.0125000
 4     10.00000  0.32940E+44  0.32916E+44  0.24103E+41       0.0731730      0.2727819      0.0125000
 4     30.00000  0.97270E+43  0.10396E+44 -0.66877E+42      -6.8754368      0.2727819      0.0125000
  
