 1      1.00000  0.37850E+44  0.28838E+44  0.90121E+43      23.8099457     67.0813926      0.1000000
 1      2.00000  0.41080E+44  0.32906E+44  0.81736E+43      19.8968045     67.0813926      0.1000000
 1      3.00000  0.42470E+44  0.36877E+44  0.55932E+43      13.1698311     67.0813926      0.1000000
 1      5.00000  0.40060E+44  0.38785E+44  0.12747E+43       3.1820037     67.0813926      0.1000000
 1     10.00000  0.30720E+44  0.30126E+44  0.59406E+42       1.9337990     67.0813926      0.1000000
 1     30.00000  0.13380E+44  0.12307E+44  0.10727E+43       8.0169132     67.0813926      0.1000000
  
 2      1.00000  0.37850E+44  0.28838E+44  0.90121E+43      23.8099457     67.0813926      1.0000000
 2      2.00000  0.41080E+44  0.32906E+44  0.81736E+43      19.8968045     67.0813926      1.0000000
 2      3.00000  0.42470E+44  0.36877E+44  0.55932E+43      13.1698311     67.0813926      1.0000000
 2      5.00000  0.40060E+44  0.38785E+44  0.12747E+43       3.1820037     67.0813926      1.0000000
 2     10.00000  0.30720E+44  0.30126E+44  0.59406E+42       1.9337990     67.0813926      1.0000000
 2     30.00000  0.13380E+44  0.12307E+44  0.10727E+43       8.0169132     67.0813926      1.0000000
  
 3      1.00000  0.37850E+44  0.45923E+44 -0.80725E+43     -21.3277040     25.8512610      0.5000000
 3      2.00000  0.41080E+44  0.43386E+44 -0.23059E+43      -5.6131568     25.8512610      0.5000000
 3      3.00000  0.42470E+44  0.42815E+44 -0.34503E+42      -0.8124056     25.8512610      0.5000000
 3      5.00000  0.40060E+44  0.41012E+44 -0.95250E+42      -2.3776784     25.8512610      0.5000000
 3     10.00000  0.30720E+44  0.30729E+44 -0.90921E+40      -0.0295968     25.8512610      0.5000000
 3     30.00000  0.13380E+44  0.12286E+44  0.10936E+43       8.1735729     25.8512610      0.5000000
  
 4      1.00000  0.37850E+44  0.38943E+44 -0.10933E+43      -2.8886090      1.3469588      0.2500000
 4      2.00000  0.41080E+44  0.41023E+44  0.57479E+41       0.1399199      1.3469588      0.2500000
 4      3.00000  0.42470E+44  0.41957E+44  0.51283E+42       1.2075001      1.3469588      0.2500000
 4      5.00000  0.40060E+44  0.40901E+44 -0.84086E+42      -2.0990135      1.3469588      0.2500000
 4     10.00000  0.30720E+44  0.30773E+44 -0.52716E+41      -0.1716007      1.3469588      0.2500000
 4     30.00000  0.13380E+44  0.12323E+44  0.10569E+43       7.8990958      1.3469588      0.2500000
  
 5      1.00000  0.37850E+44  0.38057E+44 -0.20678E+42      -0.5463064      1.0107863      0.1250000
 5      2.00000  0.41080E+44  0.40810E+44  0.27005E+42       0.6573872      1.0107863      0.1250000
 5      3.00000  0.42470E+44  0.41919E+44  0.55121E+42       1.2978879      1.0107863      0.1250000
 5      5.00000  0.40060E+44  0.40922E+44 -0.86210E+42      -2.1520203      1.0107863      0.1250000
 5     10.00000  0.30720E+44  0.30792E+44 -0.72181E+41      -0.2349658      1.0107863      0.1250000
 5     30.00000  0.13380E+44  0.12331E+44  0.10490E+43       7.8400317      1.0107863      0.1250000
  
