 1      1.00000  0.29050E+44  0.21931E+44  0.71190E+43      24.5061145     54.4633918      0.1000000
 1      2.00000  0.28810E+44  0.23861E+44  0.49493E+43      17.1790284     54.4633918      0.1000000
 1      3.00000  0.29360E+44  0.25451E+44  0.39091E+43      13.3144102     54.4633918      0.1000000
 1      5.00000  0.28850E+44  0.25928E+44  0.29217E+43      10.1271817     54.4633918      0.1000000
 1     10.00000  0.20440E+44  0.20133E+44  0.30686E+42       1.5012488     54.4633918      0.1000000
 1     30.00000  0.52240E+43  0.45916E+43  0.63244E+42      12.1064705     54.4633918      0.1000000
  
 2      1.00000  0.29050E+44  0.22768E+44  0.62822E+43      21.6255178     36.2121586      0.0500000
 2      2.00000  0.28810E+44  0.24838E+44  0.39717E+43      13.7858813     36.2121586      0.0500000
 2      3.00000  0.29360E+44  0.26478E+44  0.28815E+43       9.8145347     36.2121586      0.0500000
 2      5.00000  0.28850E+44  0.26802E+44  0.20480E+43       7.0987755     36.2121586      0.0500000
 2     10.00000  0.20440E+44  0.20578E+44 -0.13775E+42      -0.6739444     36.2121586      0.0500000
 2     30.00000  0.52240E+43  0.46632E+43  0.56080E+42      10.7349818     36.2121586      0.0500000
  
 3      1.00000  0.29050E+44  0.30758E+44 -0.17084E+43      -5.8809740      2.4862759      0.0250000
 3      2.00000  0.28810E+44  0.29610E+44 -0.80027E+42      -2.7777468      2.4862759      0.0250000
 3      3.00000  0.29360E+44  0.29589E+44 -0.22870E+42      -0.7789528      2.4862759      0.0250000
 3      5.00000  0.28850E+44  0.28403E+44  0.44717E+42       1.5499826      2.4862759      0.0250000
 3     10.00000  0.20440E+44  0.21139E+44 -0.69857E+42      -3.4176648      2.4862759      0.0250000
 3     30.00000  0.52240E+43  0.47684E+43  0.45564E+42       8.7220946      2.4862759      0.0250000
  
 4      1.00000  0.29050E+44  0.29051E+44 -0.87901E+39      -0.0030259      0.8002777      0.0125000
 4      2.00000  0.28810E+44  0.28987E+44 -0.17700E+42      -0.6143825      0.8002777      0.0125000
 4      3.00000  0.29360E+44  0.29344E+44  0.15894E+41       0.0541365      0.8002777      0.0125000
 4      5.00000  0.28850E+44  0.28374E+44  0.47556E+42       1.6483779      0.8002777      0.0125000
 4     10.00000  0.20440E+44  0.21165E+44 -0.72520E+42      -3.5479324      0.8002777      0.0125000
 4     30.00000  0.52240E+43  0.47755E+43  0.44854E+42       8.5862155      0.8002777      0.0125000
  
 5      1.00000  0.29050E+44  0.28986E+44  0.63603E+41       0.2189417      0.7988133      0.0062500
 5      2.00000  0.28810E+44  0.28970E+44 -0.15970E+42      -0.5543375      0.7988133      0.0062500
 5      3.00000  0.29360E+44  0.29339E+44  0.21359E+41       0.0727473      0.7988133      0.0062500
 5      5.00000  0.28850E+44  0.28373E+44  0.47668E+42       1.6522859      0.7988133      0.0062500
 5     10.00000  0.20440E+44  0.21165E+44 -0.72535E+42      -3.5486788      0.7988133      0.0062500
 5     30.00000  0.52240E+43  0.47759E+43  0.44809E+42       8.5774397      0.7988133      0.0062500
  
 6      1.00000  0.29050E+44  0.28987E+44  0.63354E+41       0.2180874      0.7988073      0.0031250
 6      2.00000  0.28810E+44  0.28970E+44 -0.15979E+42      -0.5546320      0.7988073      0.0031250
 6      3.00000  0.29360E+44  0.29339E+44  0.21426E+41       0.0729760      0.7988073      0.0031250
 6      5.00000  0.28850E+44  0.28373E+44  0.47688E+42       1.6529587      0.7988073      0.0031250
 6     10.00000  0.20440E+44  0.21165E+44 -0.72525E+42      -3.5481770      0.7988073      0.0031250
 6     30.00000  0.52240E+43  0.47759E+43  0.44806E+42       8.5769456      0.7988073      0.0031250
  
 7      1.00000  0.29050E+44  0.28987E+44  0.63357E+41       0.2180955      0.7988067      0.0015625
 7      2.00000  0.28810E+44  0.28970E+44 -0.15980E+42      -0.5546770      0.7988067      0.0015625
 7      3.00000  0.29360E+44  0.29339E+44  0.21425E+41       0.0729741      0.7988067      0.0015625
 7      5.00000  0.28850E+44  0.28373E+44  0.47689E+42       1.6530010      0.7988067      0.0015625
 7     10.00000  0.20440E+44  0.21165E+44 -0.72524E+42      -3.5481267      0.7988067      0.0015625
 7     30.00000  0.52240E+43  0.47759E+43  0.44806E+42       8.5769644      0.7988067      0.0015625
  
