 1      1.00000  0.29070E+44  0.27215E+44  0.18546E+43       6.3796616      9.2250585      0.1000000
 1      2.00000  0.30180E+44  0.30766E+44 -0.58609E+42      -1.9419951      9.2250585      0.1000000
 1      3.00000  0.31590E+44  0.34151E+44 -0.25614E+43      -8.1081938      9.2250585      0.1000000
 1      5.00000  0.32880E+44  0.36125E+44 -0.32450E+43      -9.8692521      9.2250585      0.1000000
 1     10.00000  0.28430E+44  0.29162E+44 -0.73167E+42      -2.5735680      9.2250585      0.1000000
 1     30.00000  0.11990E+44  0.12183E+44 -0.19262E+42      -1.6064728      9.2250585      0.1000000
  
 2      1.00000  0.29070E+44  0.27215E+44  0.18546E+43       6.3796616      9.2250585      1.0000000
 2      2.00000  0.30180E+44  0.30766E+44 -0.58609E+42      -1.9419951      9.2250585      1.0000000
 2      3.00000  0.31590E+44  0.34151E+44 -0.25614E+43      -8.1081938      9.2250585      1.0000000
 2      5.00000  0.32880E+44  0.36125E+44 -0.32450E+43      -9.8692521      9.2250585      1.0000000
 2     10.00000  0.28430E+44  0.29162E+44 -0.73167E+42      -2.5735680      9.2250585      1.0000000
 2     30.00000  0.11990E+44  0.12183E+44 -0.19262E+42      -1.6064728      9.2250585      1.0000000
  
 3      1.00000  0.29070E+44  0.29656E+44 -0.58620E+42      -2.0165080      0.7416227      0.5000000
 3      2.00000  0.30180E+44  0.30626E+44 -0.44604E+42      -1.4779297      0.7416227      0.5000000
 3      3.00000  0.31590E+44  0.32212E+44 -0.62181E+42      -1.9683644      0.7416227      0.5000000
 3      5.00000  0.32880E+44  0.33536E+44 -0.65594E+42      -1.9949475      0.7416227      0.5000000
 3     10.00000  0.28430E+44  0.27871E+44  0.55913E+42       1.9666917      0.7416227      0.5000000
 3     30.00000  0.11990E+44  0.12003E+44 -0.12832E+41      -0.1070224      0.7416227      0.5000000
  
 4      1.00000  0.29070E+44  0.29102E+44 -0.31621E+41      -0.1087745      0.3058541      0.2500000
 4      2.00000  0.30180E+44  0.30012E+44  0.16791E+42       0.5563595      0.3058541      0.2500000
 4      3.00000  0.31590E+44  0.31711E+44 -0.12112E+42      -0.3834169      0.3058541      0.2500000
 4      5.00000  0.32880E+44  0.33251E+44 -0.37052E+42      -1.1268945      0.3058541      0.2500000
 4     10.00000  0.28430E+44  0.27769E+44  0.66111E+42       2.3253858      0.3058541      0.2500000
 4     30.00000  0.11990E+44  0.11998E+44 -0.75507E+40      -0.0629750      0.3058541      0.2500000
  
 5      1.00000  0.29070E+44  0.29087E+44 -0.16504E+41      -0.0567735      0.3057426      0.1250000
 5      2.00000  0.30180E+44  0.29999E+44  0.18089E+42       0.5993751      0.3057426      0.1250000
 5      3.00000  0.31590E+44  0.31704E+44 -0.11392E+42      -0.3606217      0.3057426      0.1250000
 5      5.00000  0.32880E+44  0.33248E+44 -0.36819E+42      -1.1197970      0.3057426      0.1250000
 5     10.00000  0.28430E+44  0.27769E+44  0.66090E+42       2.3246435      0.3057426      0.1250000
 5     30.00000  0.11990E+44  0.11998E+44 -0.78399E+40      -0.0653873      0.3057426      0.1250000
  
 6      1.00000  0.29070E+44  0.29087E+44 -0.16624E+41      -0.0571875      0.3057401      0.0625000
 6      2.00000  0.30180E+44  0.29999E+44  0.18061E+42       0.5984372      0.3057401      0.0625000
 6      3.00000  0.31590E+44  0.31704E+44 -0.11400E+42      -0.3608803      0.3057401      0.0625000
 6      5.00000  0.32880E+44  0.33248E+44 -0.36803E+42      -1.1193004      0.3057401      0.0625000
 6     10.00000  0.28430E+44  0.27769E+44  0.66102E+42       2.3250901      0.3057401      0.0625000
 6     30.00000  0.11990E+44  0.11998E+44 -0.78101E+40      -0.0651385      0.3057401      0.0625000
  
