 1      1.00000  0.52090E+44  0.34435E+44  0.17655E+44      33.8923919    187.8148311      0.1000000
 1      2.00000  0.51780E+44  0.35899E+44  0.15881E+44      30.6707275    187.8148311      0.1000000
 1      3.00000  0.50960E+44  0.36460E+44  0.14500E+44      28.4545742    187.8148311      0.1000000
 1      5.00000  0.44900E+44  0.34469E+44  0.10431E+44      23.2316745    187.8148311      0.1000000
 1     10.00000  0.30310E+44  0.25198E+44  0.51122E+43      16.8662532    187.8148311      0.1000000
 1     30.00000  0.88610E+43  0.84645E+43  0.39648E+42       4.4744084    187.8148311      0.1000000
  
 2      1.00000  0.52090E+44  0.50912E+44  0.11780E+43       2.2615389      0.6551483      0.0500000
 2      2.00000  0.51780E+44  0.52542E+44 -0.76219E+42      -1.4719705      0.6551483      0.0500000
 2      3.00000  0.50960E+44  0.51456E+44 -0.49552E+42      -0.9723734      0.6551483      0.0500000
 2      5.00000  0.44900E+44  0.44946E+44 -0.45600E+41      -0.1015583      0.6551483      0.0500000
 2     10.00000  0.30310E+44  0.29394E+44  0.91584E+42       3.0215647      0.6551483      0.0500000
 2     30.00000  0.88610E+43  0.86375E+43  0.22354E+42       2.5226966      0.6551483      0.0500000
  
 3      1.00000  0.52090E+44  0.51895E+44  0.19509E+42       0.3745331      0.3389897      0.0250000
 3      2.00000  0.51780E+44  0.52243E+44 -0.46264E+42      -0.8934686      0.3389897      0.0250000
 3      3.00000  0.50960E+44  0.51081E+44 -0.12080E+42      -0.2370537      0.3389897      0.0250000
 3      5.00000  0.44900E+44  0.44717E+44  0.18297E+42       0.4074986      0.3389897      0.0250000
 3     10.00000  0.30310E+44  0.29310E+44  0.10003E+43       3.3002387      0.3389897      0.0250000
 3     30.00000  0.88610E+43  0.86359E+43  0.22511E+42       2.5404331      0.3389897      0.0250000
  
