 1      1.00000  0.30780E+44  0.29856E+44  0.92400E+42       3.0019441     15.7006460      0.1000000
 1      2.00000  0.33380E+44  0.33771E+44 -0.39116E+42      -1.1718474     15.7006460      0.1000000
 1      3.00000  0.33730E+44  0.37543E+44 -0.38131E+43     -11.3048093     15.7006460      0.1000000
 1      5.00000  0.34570E+44  0.39010E+44 -0.44403E+43     -12.8442329     15.7006460      0.1000000
 1     10.00000  0.30090E+44  0.29571E+44  0.51917E+42       1.7253903     15.7006460      0.1000000
 1     30.00000  0.13420E+44  0.10954E+44  0.24664E+43      18.3782137     15.7006460      0.1000000
  
 2      1.00000  0.30780E+44  0.29856E+44  0.92400E+42       3.0019441     15.7006460      1.0000000
 2      2.00000  0.33380E+44  0.33771E+44 -0.39116E+42      -1.1718474     15.7006460      1.0000000
 2      3.00000  0.33730E+44  0.37543E+44 -0.38131E+43     -11.3048093     15.7006460      1.0000000
 2      5.00000  0.34570E+44  0.39010E+44 -0.44403E+43     -12.8442329     15.7006460      1.0000000
 2     10.00000  0.30090E+44  0.29571E+44  0.51917E+42       1.7253903     15.7006460      1.0000000
 2     30.00000  0.13420E+44  0.10954E+44  0.24664E+43      18.3782137     15.7006460      1.0000000
  
 3      1.00000  0.30780E+44  0.31805E+44 -0.10249E+43      -3.3298461      6.1087881      0.5000000
 3      2.00000  0.33380E+44  0.34117E+44 -0.73721E+42      -2.2085408      6.1087881      0.5000000
 3      3.00000  0.33730E+44  0.35441E+44 -0.17110E+43      -5.0725332      6.1087881      0.5000000
 3      5.00000  0.34570E+44  0.35892E+44 -0.13218E+43      -3.8236316      6.1087881      0.5000000
 3     10.00000  0.30090E+44  0.28368E+44  0.17224E+43       5.7240637      6.1087881      0.5000000
 3     30.00000  0.13420E+44  0.10962E+44  0.24576E+43      18.3128470      6.1087881      0.5000000
  
 4      1.00000  0.30780E+44  0.31067E+44 -0.28740E+42      -0.9337173      4.6803841      0.2500000
 4      2.00000  0.33380E+44  0.32807E+44  0.57272E+42       1.7157482      4.6803841      0.2500000
 4      3.00000  0.33730E+44  0.34397E+44 -0.66674E+42      -1.9767082      4.6803841      0.2500000
 4      5.00000  0.34570E+44  0.35393E+44 -0.82308E+42      -2.3809071      4.6803841      0.2500000
 4     10.00000  0.30090E+44  0.28186E+44  0.19042E+43       6.3282253      4.6803841      0.2500000
 4     30.00000  0.13420E+44  0.10929E+44  0.24908E+43      18.5604883      4.6803841      0.2500000
  
 5      1.00000  0.30780E+44  0.30930E+44 -0.15050E+42      -0.4889491      4.6642644      0.1250000
 5      2.00000  0.33380E+44  0.32695E+44  0.68458E+42       2.0508650      4.6642644      0.1250000
 5      3.00000  0.33730E+44  0.34323E+44 -0.59281E+42      -1.7575282      4.6642644      0.1250000
 5      5.00000  0.34570E+44  0.35356E+44 -0.78588E+42      -2.2733078      4.6642644      0.1250000
 5     10.00000  0.30090E+44  0.28178E+44  0.19120E+43       6.3541214      4.6642644      0.1250000
 5     30.00000  0.13420E+44  0.10931E+44  0.24889E+43      18.5465704      4.6642644      0.1250000
  
 6      1.00000  0.30780E+44  0.30930E+44 -0.15050E+42      -0.4889491      4.6642644      1.2500000
 6      2.00000  0.33380E+44  0.32695E+44  0.68458E+42       2.0508650      4.6642644      1.2500000
 6      3.00000  0.33730E+44  0.34323E+44 -0.59281E+42      -1.7575282      4.6642644      1.2500000
 6      5.00000  0.34570E+44  0.35356E+44 -0.78588E+42      -2.2733078      4.6642644      1.2500000
 6     10.00000  0.30090E+44  0.28178E+44  0.19120E+43       6.3541214      4.6642644      1.2500000
 6     30.00000  0.13420E+44  0.10931E+44  0.24889E+43      18.5465704      4.6642644      1.2500000
  
 7      1.00000  0.30780E+44  0.30930E+44 -0.15050E+42      -0.4889491      4.6642644     12.5000000
 7      2.00000  0.33380E+44  0.32695E+44  0.68458E+42       2.0508650      4.6642644     12.5000000
 7      3.00000  0.33730E+44  0.34323E+44 -0.59281E+42      -1.7575282      4.6642644     12.5000000
 7      5.00000  0.34570E+44  0.35356E+44 -0.78588E+42      -2.2733078      4.6642644     12.5000000
 7     10.00000  0.30090E+44  0.28178E+44  0.19120E+43       6.3541214      4.6642644     12.5000000
 7     30.00000  0.13420E+44  0.10931E+44  0.24889E+43      18.5465704      4.6642644     12.5000000
  
 8      1.00000  0.30780E+44  0.30930E+44 -0.15050E+42      -0.4889491      4.6642644    125.0000000
 8      2.00000  0.33380E+44  0.32695E+44  0.68458E+42       2.0508650      4.6642644    125.0000000
 8      3.00000  0.33730E+44  0.34323E+44 -0.59281E+42      -1.7575282      4.6642644    125.0000000
 8      5.00000  0.34570E+44  0.35356E+44 -0.78588E+42      -2.2733078      4.6642644    125.0000000
 8     10.00000  0.30090E+44  0.28178E+44  0.19120E+43       6.3541214      4.6642644    125.0000000
 8     30.00000  0.13420E+44  0.10931E+44  0.24889E+43      18.5465704      4.6642644    125.0000000
  
 9      1.00000  0.30780E+44  0.30930E+44 -0.15050E+42      -0.4889491      4.6642644   1250.0000000
 9      2.00000  0.33380E+44  0.32695E+44  0.68458E+42       2.0508650      4.6642644   1250.0000000
 9      3.00000  0.33730E+44  0.34323E+44 -0.59281E+42      -1.7575282      4.6642644   1250.0000000
 9      5.00000  0.34570E+44  0.35356E+44 -0.78588E+42      -2.2733078      4.6642644   1250.0000000
 9     10.00000  0.30090E+44  0.28178E+44  0.19120E+43       6.3541214      4.6642644   1250.0000000
 9     30.00000  0.13420E+44  0.10931E+44  0.24889E+43      18.5465704      4.6642644   1250.0000000
  
10      1.00000  0.30780E+44  0.30930E+44 -0.15050E+42      -0.4889491      4.6642644  12500.0000000
10      2.00000  0.33380E+44  0.32695E+44  0.68458E+42       2.0508650      4.6642644  12500.0000000
10      3.00000  0.33730E+44  0.34323E+44 -0.59281E+42      -1.7575282      4.6642644  12500.0000000
10      5.00000  0.34570E+44  0.35356E+44 -0.78588E+42      -2.2733078      4.6642644  12500.0000000
10     10.00000  0.30090E+44  0.28178E+44  0.19120E+43       6.3541214      4.6642644  12500.0000000
10     30.00000  0.13420E+44  0.10931E+44  0.24889E+43      18.5465704      4.6642644  12500.0000000
  
11      1.00000  0.30780E+44  0.30930E+44 -0.15050E+42      -0.4889491      4.6642644 125000.0000000
11      2.00000  0.33380E+44  0.32695E+44  0.68458E+42       2.0508650      4.6642644 125000.0000000
11      3.00000  0.33730E+44  0.34323E+44 -0.59281E+42      -1.7575282      4.6642644 125000.0000000
11      5.00000  0.34570E+44  0.35356E+44 -0.78588E+42      -2.2733078      4.6642644 125000.0000000
11     10.00000  0.30090E+44  0.28178E+44  0.19120E+43       6.3541214      4.6642644 125000.0000000
11     30.00000  0.13420E+44  0.10931E+44  0.24889E+43      18.5465704      4.6642644 125000.0000000
  
12      1.00000  0.30780E+44  0.30930E+44 -0.15050E+42      -0.4889491      4.6642644 **************
12      2.00000  0.33380E+44  0.32695E+44  0.68458E+42       2.0508650      4.6642644 **************
12      3.00000  0.33730E+44  0.34323E+44 -0.59281E+42      -1.7575282      4.6642644 **************
12      5.00000  0.34570E+44  0.35356E+44 -0.78588E+42      -2.2733078      4.6642644 **************
12     10.00000  0.30090E+44  0.28178E+44  0.19120E+43       6.3541214      4.6642644 **************
12     30.00000  0.13420E+44  0.10931E+44  0.24889E+43      18.5465704      4.6642644 **************
  
13      1.00000  0.30780E+44  0.30931E+44 -0.15053E+42      -0.4890360      4.6642612 625000.0000000
13      2.00000  0.33380E+44  0.32695E+44  0.68456E+42       2.0508167      4.6642612 625000.0000000
13      3.00000  0.33730E+44  0.34323E+44 -0.59283E+42      -1.7575680      4.6642612 625000.0000000
13      5.00000  0.34570E+44  0.35356E+44 -0.78589E+42      -2.2733378      4.6642612 625000.0000000
13     10.00000  0.30090E+44  0.28178E+44  0.19120E+43       6.3541070      4.6642612 625000.0000000
13     30.00000  0.13420E+44  0.10931E+44  0.24889E+43      18.5465598      4.6642612 625000.0000000
  
14      1.00000  0.30780E+44  0.30931E+44 -0.15051E+42      -0.4890024      4.6642560 312500.0000000
14      2.00000  0.33380E+44  0.32695E+44  0.68456E+42       2.0508148      4.6642560 312500.0000000
14      3.00000  0.33730E+44  0.34323E+44 -0.59284E+42      -1.7575921      4.6642560 312500.0000000
14      5.00000  0.34570E+44  0.35356E+44 -0.78590E+42      -2.2733718      4.6642560 312500.0000000
14     10.00000  0.30090E+44  0.28178E+44  0.19119E+43       6.3540890      4.6642560 312500.0000000
14     30.00000  0.13420E+44  0.10931E+44  0.24889E+43      18.5465405      4.6642560 312500.0000000
  
15      1.00000  0.30780E+44  0.30931E+44 -0.15051E+42      -0.4890024      4.6642560 **************
15      2.00000  0.33380E+44  0.32695E+44  0.68456E+42       2.0508148      4.6642560 **************
15      3.00000  0.33730E+44  0.34323E+44 -0.59284E+42      -1.7575921      4.6642560 **************
15      5.00000  0.34570E+44  0.35356E+44 -0.78590E+42      -2.2733718      4.6642560 **************
15     10.00000  0.30090E+44  0.28178E+44  0.19119E+43       6.3540890      4.6642560 **************
15     30.00000  0.13420E+44  0.10931E+44  0.24889E+43      18.5465405      4.6642560 **************
  
