 1      1.00000  0.34010E+44  0.27997E+44  0.60129E+43      17.6797567     33.9630682      0.1000000
 1      2.00000  0.32840E+44  0.31707E+44  0.11335E+43       3.4515327     33.9630682      0.1000000
 1      3.00000  0.33370E+44  0.35330E+44 -0.19599E+43      -5.8732269     33.9630682      0.1000000
 1      5.00000  0.32590E+44  0.37557E+44 -0.49666E+43     -15.2395075     33.9630682      0.1000000
 1     10.00000  0.28530E+44  0.30661E+44 -0.21310E+43      -7.4694712     33.9630682      0.1000000
 1     30.00000  0.12940E+44  0.13887E+44 -0.94744E+42      -7.3217951     33.9630682      0.1000000
  
 2      1.00000  0.34010E+44  0.27997E+44  0.60129E+43      17.6797567     33.9630682      1.0000000
 2      2.00000  0.32840E+44  0.31707E+44  0.11335E+43       3.4515327     33.9630682      1.0000000
 2      3.00000  0.33370E+44  0.35330E+44 -0.19599E+43      -5.8732269     33.9630682      1.0000000
 2      5.00000  0.32590E+44  0.37557E+44 -0.49666E+43     -15.2395075     33.9630682      1.0000000
 2     10.00000  0.28530E+44  0.30661E+44 -0.21310E+43      -7.4694712     33.9630682      1.0000000
 2     30.00000  0.12940E+44  0.13887E+44 -0.94744E+42      -7.3217951     33.9630682      1.0000000
  
 3      1.00000  0.34010E+44  0.37945E+44 -0.39355E+43     -11.5715368     12.9060955      0.5000000
 3      2.00000  0.32840E+44  0.35557E+44 -0.27174E+43      -8.2746815     12.9060955      0.5000000
 3      3.00000  0.33370E+44  0.34763E+44 -0.13930E+43      -4.1742758     12.9060955      0.5000000
 3      5.00000  0.32590E+44  0.34302E+44 -0.17115E+43      -5.2516857     12.9060955      0.5000000
 3     10.00000  0.28530E+44  0.28712E+44 -0.18232E+42      -0.6390409     12.9060955      0.5000000
 3     30.00000  0.12940E+44  0.13508E+44 -0.56834E+42      -4.3921289     12.9060955      0.5000000
  
 4      1.00000  0.34010E+44  0.34364E+44 -0.35387E+42      -1.0404861      0.6245908      0.2500000
 4      2.00000  0.32840E+44  0.33115E+44 -0.27458E+42      -0.8361193      0.6245908      0.2500000
 4      3.00000  0.33370E+44  0.32930E+44  0.43969E+42       1.3176208      0.6245908      0.2500000
 4      5.00000  0.32590E+44  0.33139E+44 -0.54942E+42      -1.6858654      0.6245908      0.2500000
 4     10.00000  0.28530E+44  0.28260E+44  0.26965E+42       0.9451464      0.6245908      0.2500000
 4     30.00000  0.12940E+44  0.13477E+44 -0.53711E+42      -4.1507621      0.6245908      0.2500000
  
 5      1.00000  0.34010E+44  0.34026E+44 -0.15805E+41      -0.0464723      0.5651668      0.1250000
 5      2.00000  0.32840E+44  0.32976E+44 -0.13630E+42      -0.4150332      0.5651668      0.1250000
 5      3.00000  0.33370E+44  0.32864E+44  0.50634E+42       1.5173383      0.5651668      0.1250000
 5      5.00000  0.32590E+44  0.33123E+44 -0.53307E+42      -1.6356848      0.5651668      0.1250000
 5     10.00000  0.28530E+44  0.28262E+44  0.26816E+42       0.9399120      0.5651668      0.1250000
 5     30.00000  0.12940E+44  0.13480E+44 -0.53982E+42      -4.1716774      0.5651668      0.1250000
  
