 1      1.00000  0.67390E+44  0.48382E+44  0.19008E+44      28.2066256    143.8471027      0.1000000
 1      2.00000  0.66700E+44  0.51446E+44  0.15254E+44      22.8700350    143.8471027      0.1000000
 1      3.00000  0.65410E+44  0.52935E+44  0.12475E+44      19.0720874    143.8471027      0.1000000
 1      5.00000  0.58810E+44  0.50250E+44  0.85600E+43      14.5553354    143.8471027      0.1000000
 1     10.00000  0.39410E+44  0.36514E+44  0.28959E+43       7.3480442    143.8471027      0.1000000
 1     30.00000  0.12450E+44  0.12993E+44 -0.54299E+42      -4.3613886    143.8471027      0.1000000
  
 2      1.00000  0.67390E+44  0.59914E+44  0.74760E+43      11.0936238     13.7952077      0.0500000
 2      2.00000  0.66700E+44  0.62973E+44  0.37270E+43       5.5877525     13.7952077      0.0500000
 2      3.00000  0.65410E+44  0.63078E+44  0.23316E+43       3.5646569     13.7952077      0.0500000
 2      5.00000  0.58810E+44  0.56642E+44  0.21684E+43       3.6870989     13.7952077      0.0500000
 2     10.00000  0.39410E+44  0.38345E+44  0.10646E+43       2.7014245     13.7952077      0.0500000
 2     30.00000  0.12450E+44  0.12577E+44 -0.12732E+42      -1.0226280     13.7952077      0.0500000
  
 3      1.00000  0.67390E+44  0.68456E+44 -0.10659E+43      -1.5817111      0.6705214      0.0250000
 3      2.00000  0.66700E+44  0.67547E+44 -0.84706E+42      -1.2699541      0.6705214      0.0250000
 3      3.00000  0.65410E+44  0.66000E+44 -0.59017E+42      -0.9022586      0.6705214      0.0250000
 3      5.00000  0.58810E+44  0.58038E+44  0.77163E+42       1.3120720      0.6705214      0.0250000
 3     10.00000  0.39410E+44  0.38626E+44  0.78361E+42       1.9883458      0.6705214      0.0250000
 3     30.00000  0.12450E+44  0.12445E+44  0.48949E+40       0.0393164      0.6705214      0.0250000
  
 4      1.00000  0.67390E+44  0.67155E+44  0.23534E+42       0.3492186      0.3580352      0.0125000
 4      2.00000  0.66700E+44  0.67114E+44 -0.41381E+42      -0.6203975      0.3580352      0.0125000
 4      3.00000  0.65410E+44  0.65851E+44 -0.44052E+42      -0.6734722      0.3580352      0.0125000
 4      5.00000  0.58810E+44  0.58029E+44  0.78082E+42       1.3276928      0.3580352      0.0125000
 4     10.00000  0.39410E+44  0.38639E+44  0.77146E+42       1.9575329      0.3580352      0.0125000
 4     30.00000  0.12450E+44  0.12444E+44  0.63121E+40       0.0506995      0.3580352      0.0125000
  
