 1      1.00000  0.33330E+44  0.19389E+44  0.13941E+44      41.8285906    272.8350302      0.1000000
 1      2.00000  0.32820E+44  0.20648E+44  0.12172E+44      37.0862782    272.8350302      0.1000000
 1      3.00000  0.32130E+44  0.21342E+44  0.10788E+44      33.5758316    272.8350302      0.1000000
 1      5.00000  0.28840E+44  0.20539E+44  0.83006E+43      28.7815912    272.8350302      0.1000000
 1     10.00000  0.19110E+44  0.14210E+44  0.49000E+43      25.6409904    272.8350302      0.1000000
 1     30.00000  0.47120E+43  0.55347E+42  0.41585E+43      88.2540843    272.8350302      0.1000000
  
 2      1.00000  0.33330E+44  0.25471E+44  0.78585E+43      23.5780054     65.2103387      0.0500000
 2      2.00000  0.32820E+44  0.27210E+44  0.56098E+43      17.0925963     65.2103387      0.0500000
 2      3.00000  0.32130E+44  0.27725E+44  0.44052E+43      13.7105546     65.2103387      0.0500000
 2      5.00000  0.28840E+44  0.25598E+44  0.32423E+43      11.2424033     65.2103387      0.0500000
 2     10.00000  0.19110E+44  0.16712E+44  0.23978E+43      12.5472658     65.2103387      0.0500000
 2     30.00000  0.47120E+43  0.88356E+42  0.38284E+43      81.2486505     65.2103387      0.0500000
  
 3      1.00000  0.33330E+44  0.35244E+44 -0.19144E+43      -5.7437337      5.6518233      0.0250000
 3      2.00000  0.32820E+44  0.33935E+44 -0.11146E+43      -3.3960865      5.6518233      0.0250000
 3      3.00000  0.32130E+44  0.33113E+44 -0.98253E+42      -3.0579693      5.6518233      0.0250000
 3      5.00000  0.28840E+44  0.29283E+44 -0.44338E+42      -1.5373618      5.6518233      0.0250000
 3     10.00000  0.19110E+44  0.18472E+44  0.63769E+42       3.3369179      5.6518233      0.0250000
 3     30.00000  0.47120E+43  0.12337E+43  0.34783E+43      73.8177247      5.6518233      0.0250000
  
 4      1.00000  0.33330E+44  0.33264E+44  0.65791E+41       0.1973928      2.9868060      0.0125000
 4      2.00000  0.32820E+44  0.32885E+44 -0.64685E+41      -0.1970895      2.9868060      0.0125000
 4      3.00000  0.32130E+44  0.32470E+44 -0.34015E+42      -1.0586757      2.9868060      0.0125000
 4      5.00000  0.28840E+44  0.28978E+44 -0.13783E+42      -0.4779120      2.9868060      0.0125000
 4     10.00000  0.19110E+44  0.18352E+44  0.75808E+42       3.9669270      2.9868060      0.0125000
 4     30.00000  0.47120E+43  0.11873E+43  0.35247E+43      74.8030955      2.9868060      0.0125000
  
 5      1.00000  0.33330E+44  0.33212E+44  0.11847E+42       0.3554555      2.9851920      0.0062500
 5      2.00000  0.32820E+44  0.32886E+44 -0.66348E+41      -0.2021585      2.9851920      0.0062500
 5      3.00000  0.32130E+44  0.32474E+44 -0.34422E+42      -1.0713454      2.9851920      0.0062500
 5      5.00000  0.28840E+44  0.28976E+44 -0.13591E+42      -0.4712523      2.9851920      0.0062500
 5     10.00000  0.19110E+44  0.18352E+44  0.75768E+42       3.9648502      2.9851920      0.0062500
 5     30.00000  0.47120E+43  0.11920E+43  0.35200E+43      74.7020770      2.9851920      0.0062500
  
 6      1.00000  0.33330E+44  0.33212E+44  0.11847E+42       0.3554555      2.9851920      0.0625000
 6      2.00000  0.32820E+44  0.32886E+44 -0.66348E+41      -0.2021585      2.9851920      0.0625000
 6      3.00000  0.32130E+44  0.32474E+44 -0.34422E+42      -1.0713454      2.9851920      0.0625000
 6      5.00000  0.28840E+44  0.28976E+44 -0.13591E+42      -0.4712523      2.9851920      0.0625000
 6     10.00000  0.19110E+44  0.18352E+44  0.75768E+42       3.9648502      2.9851920      0.0625000
 6     30.00000  0.47120E+43  0.11920E+43  0.35200E+43      74.7020770      2.9851920      0.0625000
  
 7      1.00000  0.33330E+44  0.33212E+44  0.11847E+42       0.3554555      2.9851920      0.6250000
 7      2.00000  0.32820E+44  0.32886E+44 -0.66348E+41      -0.2021585      2.9851920      0.6250000
 7      3.00000  0.32130E+44  0.32474E+44 -0.34422E+42      -1.0713454      2.9851920      0.6250000
 7      5.00000  0.28840E+44  0.28976E+44 -0.13591E+42      -0.4712523      2.9851920      0.6250000
 7     10.00000  0.19110E+44  0.18352E+44  0.75768E+42       3.9648502      2.9851920      0.6250000
 7     30.00000  0.47120E+43  0.11920E+43  0.35200E+43      74.7020770      2.9851920      0.6250000
  
 8      1.00000  0.33330E+44  0.33212E+44  0.11847E+42       0.3554555      2.9851920      6.2500000
 8      2.00000  0.32820E+44  0.32886E+44 -0.66348E+41      -0.2021585      2.9851920      6.2500000
 8      3.00000  0.32130E+44  0.32474E+44 -0.34422E+42      -1.0713454      2.9851920      6.2500000
 8      5.00000  0.28840E+44  0.28976E+44 -0.13591E+42      -0.4712523      2.9851920      6.2500000
 8     10.00000  0.19110E+44  0.18352E+44  0.75768E+42       3.9648502      2.9851920      6.2500000
 8     30.00000  0.47120E+43  0.11920E+43  0.35200E+43      74.7020770      2.9851920      6.2500000
  
 9      1.00000  0.33330E+44  0.33212E+44  0.11847E+42       0.3554555      2.9851920     62.5000000
 9      2.00000  0.32820E+44  0.32886E+44 -0.66348E+41      -0.2021585      2.9851920     62.5000000
 9      3.00000  0.32130E+44  0.32474E+44 -0.34422E+42      -1.0713454      2.9851920     62.5000000
 9      5.00000  0.28840E+44  0.28976E+44 -0.13591E+42      -0.4712523      2.9851920     62.5000000
 9     10.00000  0.19110E+44  0.18352E+44  0.75768E+42       3.9648502      2.9851920     62.5000000
 9     30.00000  0.47120E+43  0.11920E+43  0.35200E+43      74.7020770      2.9851920     62.5000000
  
10      1.00000  0.33330E+44  0.33212E+44  0.11847E+42       0.3554555      2.9851920    625.0000000
10      2.00000  0.32820E+44  0.32886E+44 -0.66348E+41      -0.2021585      2.9851920    625.0000000
10      3.00000  0.32130E+44  0.32474E+44 -0.34422E+42      -1.0713454      2.9851920    625.0000000
10      5.00000  0.28840E+44  0.28976E+44 -0.13591E+42      -0.4712523      2.9851920    625.0000000
10     10.00000  0.19110E+44  0.18352E+44  0.75768E+42       3.9648502      2.9851920    625.0000000
10     30.00000  0.47120E+43  0.11920E+43  0.35200E+43      74.7020770      2.9851920    625.0000000
  
11      1.00000  0.33330E+44  0.33212E+44  0.11847E+42       0.3554555      2.9851920   6250.0000000
11      2.00000  0.32820E+44  0.32886E+44 -0.66348E+41      -0.2021585      2.9851920   6250.0000000
11      3.00000  0.32130E+44  0.32474E+44 -0.34422E+42      -1.0713454      2.9851920   6250.0000000
11      5.00000  0.28840E+44  0.28976E+44 -0.13591E+42      -0.4712523      2.9851920   6250.0000000
11     10.00000  0.19110E+44  0.18352E+44  0.75768E+42       3.9648502      2.9851920   6250.0000000
11     30.00000  0.47120E+43  0.11920E+43  0.35200E+43      74.7020770      2.9851920   6250.0000000
  
12      1.00000  0.33330E+44  0.33212E+44  0.11847E+42       0.3554555      2.9851920  62500.0000000
12      2.00000  0.32820E+44  0.32886E+44 -0.66348E+41      -0.2021585      2.9851920  62500.0000000
12      3.00000  0.32130E+44  0.32474E+44 -0.34422E+42      -1.0713454      2.9851920  62500.0000000
12      5.00000  0.28840E+44  0.28976E+44 -0.13591E+42      -0.4712523      2.9851920  62500.0000000
12     10.00000  0.19110E+44  0.18352E+44  0.75768E+42       3.9648502      2.9851920  62500.0000000
12     30.00000  0.47120E+43  0.11920E+43  0.35200E+43      74.7020770      2.9851920  62500.0000000
  
13      1.00000  0.33330E+44  0.33212E+44  0.11847E+42       0.3554555      2.9851920 625000.0000000
13      2.00000  0.32820E+44  0.32886E+44 -0.66348E+41      -0.2021585      2.9851920 625000.0000000
13      3.00000  0.32130E+44  0.32474E+44 -0.34422E+42      -1.0713454      2.9851920 625000.0000000
13      5.00000  0.28840E+44  0.28976E+44 -0.13591E+42      -0.4712523      2.9851920 625000.0000000
13     10.00000  0.19110E+44  0.18352E+44  0.75768E+42       3.9648502      2.9851920 625000.0000000
13     30.00000  0.47120E+43  0.11920E+43  0.35200E+43      74.7020770      2.9851920 625000.0000000
  
14      1.00000  0.33330E+44  0.33211E+44  0.11858E+42       0.3557655      2.9851869 312500.0000000
14      2.00000  0.32820E+44  0.32886E+44 -0.66237E+41      -0.2018199      2.9851869 312500.0000000
14      3.00000  0.32130E+44  0.32474E+44 -0.34413E+42      -1.0710422      2.9851869 312500.0000000
14      5.00000  0.28840E+44  0.28976E+44 -0.13584E+42      -0.4710184      2.9851869 312500.0000000
14     10.00000  0.19110E+44  0.18352E+44  0.75772E+42       3.9650253      2.9851869 312500.0000000
14     30.00000  0.47120E+43  0.11920E+43  0.35200E+43      74.7021878      2.9851869 312500.0000000
  
15      1.00000  0.33330E+44  0.33211E+44  0.11858E+42       0.3557655      2.9851869 **************
15      2.00000  0.32820E+44  0.32886E+44 -0.66237E+41      -0.2018199      2.9851869 **************
15      3.00000  0.32130E+44  0.32474E+44 -0.34413E+42      -1.0710422      2.9851869 **************
15      5.00000  0.28840E+44  0.28976E+44 -0.13584E+42      -0.4710184      2.9851869 **************
15     10.00000  0.19110E+44  0.18352E+44  0.75772E+42       3.9650253      2.9851869 **************
15     30.00000  0.47120E+43  0.11920E+43  0.35200E+43      74.7021878      2.9851869 **************
  
