 1      1.00000  0.44220E+44  0.52894E+44 -0.86737E+43     -19.6148050     95.6813896      0.1000000
 1      2.00000  0.43560E+44  0.57542E+44 -0.13982E+44     -32.0993045     95.6813896      0.1000000
 1      3.00000  0.48460E+44  0.61155E+44 -0.12695E+44     -26.1977785     95.6813896      0.1000000
 1      5.00000  0.48230E+44  0.58532E+44 -0.10302E+44     -21.3600066     95.6813896      0.1000000
 1     10.00000  0.40310E+44  0.38919E+44  0.13910E+43       3.4506784     95.6813896      0.1000000
 1     30.00000  0.16180E+44  0.10192E+44  0.59883E+43      37.0103308     95.6813896      0.1000000
  
 2      1.00000  0.44220E+44  0.42031E+44  0.21890E+43       4.9501928     14.3803131      0.0500000
 2      2.00000  0.43560E+44  0.44583E+44 -0.10233E+43      -2.3492201     14.3803131      0.0500000
 2      3.00000  0.48460E+44  0.47810E+44  0.65004E+42       1.3414005     14.3803131      0.0500000
 2      5.00000  0.48230E+44  0.49459E+44 -0.12292E+43      -2.5485666     14.3803131      0.0500000
 2     10.00000  0.40310E+44  0.36280E+44  0.40298E+43       9.9969075     14.3803131      0.0500000
 2     30.00000  0.16180E+44  0.99609E+43  0.62191E+43      38.4367194     14.3803131      0.0500000
  
 3      1.00000  0.44220E+44  0.43631E+44  0.58907E+42       1.3321339     13.1798147      0.0250000
 3      2.00000  0.43560E+44  0.45076E+44 -0.15157E+43      -3.4796338     13.1798147      0.0250000
 3      3.00000  0.48460E+44  0.48203E+44  0.25747E+42       0.5312970     13.1798147      0.0250000
 3      5.00000  0.48230E+44  0.49868E+44 -0.16381E+43      -3.3965272     13.1798147      0.0250000
 3     10.00000  0.40310E+44  0.36658E+44  0.36519E+43       9.0595619     13.1798147      0.0250000
 3     30.00000  0.16180E+44  0.10079E+44  0.61013E+43      37.7089748     13.1798147      0.0250000
  
 4      1.00000  0.44220E+44  0.43631E+44  0.58907E+42       1.3321339     13.1798147      0.2500000
 4      2.00000  0.43560E+44  0.45076E+44 -0.15157E+43      -3.4796338     13.1798147      0.2500000
 4      3.00000  0.48460E+44  0.48203E+44  0.25747E+42       0.5312970     13.1798147      0.2500000
 4      5.00000  0.48230E+44  0.49868E+44 -0.16381E+43      -3.3965272     13.1798147      0.2500000
 4     10.00000  0.40310E+44  0.36658E+44  0.36519E+43       9.0595619     13.1798147      0.2500000
 4     30.00000  0.16180E+44  0.10079E+44  0.61013E+43      37.7089748     13.1798147      0.2500000
  
 5      1.00000  0.44220E+44  0.43631E+44  0.58907E+42       1.3321339     13.1798147      2.5000000
 5      2.00000  0.43560E+44  0.45076E+44 -0.15157E+43      -3.4796338     13.1798147      2.5000000
 5      3.00000  0.48460E+44  0.48203E+44  0.25747E+42       0.5312970     13.1798147      2.5000000
 5      5.00000  0.48230E+44  0.49868E+44 -0.16381E+43      -3.3965272     13.1798147      2.5000000
 5     10.00000  0.40310E+44  0.36658E+44  0.36519E+43       9.0595619     13.1798147      2.5000000
 5     30.00000  0.16180E+44  0.10079E+44  0.61013E+43      37.7089748     13.1798147      2.5000000
  
 6      1.00000  0.44220E+44  0.43631E+44  0.58907E+42       1.3321339     13.1798147     25.0000000
 6      2.00000  0.43560E+44  0.45076E+44 -0.15157E+43      -3.4796338     13.1798147     25.0000000
 6      3.00000  0.48460E+44  0.48203E+44  0.25747E+42       0.5312970     13.1798147     25.0000000
 6      5.00000  0.48230E+44  0.49868E+44 -0.16381E+43      -3.3965272     13.1798147     25.0000000
 6     10.00000  0.40310E+44  0.36658E+44  0.36519E+43       9.0595619     13.1798147     25.0000000
 6     30.00000  0.16180E+44  0.10079E+44  0.61013E+43      37.7089748     13.1798147     25.0000000
  
 7      1.00000  0.44220E+44  0.43631E+44  0.58907E+42       1.3321339     13.1798147    250.0000000
 7      2.00000  0.43560E+44  0.45076E+44 -0.15157E+43      -3.4796338     13.1798147    250.0000000
 7      3.00000  0.48460E+44  0.48203E+44  0.25747E+42       0.5312970     13.1798147    250.0000000
 7      5.00000  0.48230E+44  0.49868E+44 -0.16381E+43      -3.3965272     13.1798147    250.0000000
 7     10.00000  0.40310E+44  0.36658E+44  0.36519E+43       9.0595619     13.1798147    250.0000000
 7     30.00000  0.16180E+44  0.10079E+44  0.61013E+43      37.7089748     13.1798147    250.0000000
  
 8      1.00000  0.44220E+44  0.43631E+44  0.58907E+42       1.3321339     13.1798147   2500.0000000
 8      2.00000  0.43560E+44  0.45076E+44 -0.15157E+43      -3.4796338     13.1798147   2500.0000000
 8      3.00000  0.48460E+44  0.48203E+44  0.25747E+42       0.5312970     13.1798147   2500.0000000
 8      5.00000  0.48230E+44  0.49868E+44 -0.16381E+43      -3.3965272     13.1798147   2500.0000000
 8     10.00000  0.40310E+44  0.36658E+44  0.36519E+43       9.0595619     13.1798147   2500.0000000
 8     30.00000  0.16180E+44  0.10079E+44  0.61013E+43      37.7089748     13.1798147   2500.0000000
  
 9      1.00000  0.44220E+44  0.43631E+44  0.58907E+42       1.3321339     13.1798147  25000.0000000
 9      2.00000  0.43560E+44  0.45076E+44 -0.15157E+43      -3.4796338     13.1798147  25000.0000000
 9      3.00000  0.48460E+44  0.48203E+44  0.25747E+42       0.5312970     13.1798147  25000.0000000
 9      5.00000  0.48230E+44  0.49868E+44 -0.16381E+43      -3.3965272     13.1798147  25000.0000000
 9     10.00000  0.40310E+44  0.36658E+44  0.36519E+43       9.0595619     13.1798147  25000.0000000
 9     30.00000  0.16180E+44  0.10079E+44  0.61013E+43      37.7089748     13.1798147  25000.0000000
  
10      1.00000  0.44220E+44  0.43574E+44  0.64562E+42       1.4600280     13.1738053  12500.0000000
10      2.00000  0.43560E+44  0.45008E+44 -0.14476E+43      -3.3231727     13.1738053  12500.0000000
10      3.00000  0.48460E+44  0.48127E+44  0.33287E+42       0.6869033     13.1738053  12500.0000000
10      5.00000  0.48230E+44  0.49810E+44 -0.15800E+43      -3.2760193     13.1738053  12500.0000000
10     10.00000  0.40310E+44  0.36638E+44  0.36718E+43       9.1087973     13.1738053  12500.0000000
10     30.00000  0.16180E+44  0.10076E+44  0.61036E+43      37.7233010     13.1738053  12500.0000000
  
11      1.00000  0.44220E+44  0.43574E+44  0.64562E+42       1.4600280     13.1738053 125000.0000000
11      2.00000  0.43560E+44  0.45008E+44 -0.14476E+43      -3.3231727     13.1738053 125000.0000000
11      3.00000  0.48460E+44  0.48127E+44  0.33287E+42       0.6869033     13.1738053 125000.0000000
11      5.00000  0.48230E+44  0.49810E+44 -0.15800E+43      -3.2760193     13.1738053 125000.0000000
11     10.00000  0.40310E+44  0.36638E+44  0.36718E+43       9.1087973     13.1738053 125000.0000000
11     30.00000  0.16180E+44  0.10076E+44  0.61036E+43      37.7233010     13.1738053 125000.0000000
  
12      1.00000  0.44220E+44  0.43566E+44  0.65442E+42       1.4799104     13.1735037  62500.0000000
12      2.00000  0.43560E+44  0.44997E+44 -0.14371E+43      -3.2990812     13.1735037  62500.0000000
12      3.00000  0.48460E+44  0.48116E+44  0.34435E+42       0.7105787     13.1735037  62500.0000000
12      5.00000  0.48230E+44  0.49801E+44 -0.15712E+43      -3.2578225     13.1735037  62500.0000000
12     10.00000  0.40310E+44  0.36635E+44  0.36748E+43       9.1164498     13.1735037  62500.0000000
12     30.00000  0.16180E+44  0.10076E+44  0.61040E+43      37.7256915     13.1735037  62500.0000000
  
13      1.00000  0.44220E+44  0.43566E+44  0.65442E+42       1.4799104     13.1735037 625000.0000000
13      2.00000  0.43560E+44  0.44997E+44 -0.14371E+43      -3.2990812     13.1735037 625000.0000000
13      3.00000  0.48460E+44  0.48116E+44  0.34435E+42       0.7105787     13.1735037 625000.0000000
13      5.00000  0.48230E+44  0.49801E+44 -0.15712E+43      -3.2578225     13.1735037 625000.0000000
13     10.00000  0.40310E+44  0.36635E+44  0.36748E+43       9.1164498     13.1735037 625000.0000000
13     30.00000  0.16180E+44  0.10076E+44  0.61040E+43      37.7256915     13.1735037 625000.0000000
  
14      1.00000  0.44220E+44  0.43564E+44  0.65606E+42       1.4836202     13.1734648 312500.0000000
14      2.00000  0.43560E+44  0.44995E+44 -0.14351E+43      -3.2945876     13.1734648 312500.0000000
14      3.00000  0.48460E+44  0.48114E+44  0.34649E+42       0.7149947     13.1734648 312500.0000000
14      5.00000  0.48230E+44  0.49800E+44 -0.15696E+43      -3.2544306     13.1734648 312500.0000000
14     10.00000  0.40310E+44  0.36635E+44  0.36754E+43       9.1178812     13.1734648 312500.0000000
14     30.00000  0.16180E+44  0.10076E+44  0.61041E+43      37.7261488     13.1734648 312500.0000000
  
15      1.00000  0.44220E+44  0.43561E+44  0.65910E+42       1.4904971     13.1734644 156250.0000000
15      2.00000  0.43560E+44  0.44992E+44 -0.14315E+43      -3.2863016     13.1734644 156250.0000000
15      3.00000  0.48460E+44  0.48110E+44  0.35039E+42       0.7230538     13.1734644 156250.0000000
15      5.00000  0.48230E+44  0.49797E+44 -0.15666E+43      -3.2482714     13.1734644 156250.0000000
15     10.00000  0.40310E+44  0.36634E+44  0.36765E+43       9.1205508     13.1734644 156250.0000000
15     30.00000  0.16180E+44  0.10076E+44  0.61042E+43      37.7270580     13.1734644 156250.0000000
  
