 1      1.00000  0.35590E+44  0.29012E+44  0.65776E+43      18.4816695     45.4058670      0.1000000
 1      2.00000  0.40750E+44  0.33166E+44  0.75838E+43      18.6105649     45.4058670      0.1000000
 1      3.00000  0.42790E+44  0.37179E+44  0.56114E+43      13.1137914     45.4058670      0.1000000
 1      5.00000  0.40180E+44  0.38973E+44  0.12068E+43       3.0035596     45.4058670      0.1000000
 1     10.00000  0.30500E+44  0.29930E+44  0.57006E+42       1.8690450     45.4058670      0.1000000
 1     30.00000  0.11330E+44  0.11820E+44 -0.49038E+42      -4.3281741     45.4058670      0.1000000
  
 2      1.00000  0.35590E+44  0.29012E+44  0.65776E+43      18.4816695     45.4058670      1.0000000
 2      2.00000  0.40750E+44  0.33166E+44  0.75838E+43      18.6105649     45.4058670      1.0000000
 2      3.00000  0.42790E+44  0.37179E+44  0.56114E+43      13.1137914     45.4058670      1.0000000
 2      5.00000  0.40180E+44  0.38973E+44  0.12068E+43       3.0035596     45.4058670      1.0000000
 2     10.00000  0.30500E+44  0.29930E+44  0.57006E+42       1.8690450     45.4058670      1.0000000
 2     30.00000  0.11330E+44  0.11820E+44 -0.49038E+42      -4.3281741     45.4058670      1.0000000
  
 3      1.00000  0.35590E+44  0.42001E+44 -0.64114E+43     -18.0147430     14.1961631      0.5000000
 3      2.00000  0.40750E+44  0.42678E+44 -0.19284E+43      -4.7323704     14.1961631      0.5000000
 3      3.00000  0.42790E+44  0.43031E+44 -0.24112E+42      -0.5634938     14.1961631      0.5000000
 3      5.00000  0.40180E+44  0.41453E+44 -0.12731E+43      -3.1686044     14.1961631      0.5000000
 3     10.00000  0.30500E+44  0.30681E+44 -0.18136E+42      -0.5946363     14.1961631      0.5000000
 3     30.00000  0.11330E+44  0.11838E+44 -0.50772E+42      -4.4811817     14.1961631      0.5000000
  
 4      1.00000  0.35590E+44  0.36618E+44 -0.10275E+43      -2.8871296      1.1894762      0.2500000
 4      2.00000  0.40750E+44  0.40532E+44  0.21753E+42       0.5338113      1.1894762      0.2500000
 4      3.00000  0.42790E+44  0.42203E+44  0.58731E+42       1.3725415      1.1894762      0.2500000
 4      5.00000  0.40180E+44  0.41314E+44 -0.11337E+43      -2.8216698      1.1894762      0.2500000
 4     10.00000  0.30500E+44  0.30695E+44 -0.19532E+42      -0.6403887      1.1894762      0.2500000
 4     30.00000  0.11330E+44  0.11861E+44 -0.53057E+42      -4.6828401      1.1894762      0.2500000
  
 5      1.00000  0.35590E+44  0.35925E+44 -0.33462E+42      -0.9401940      1.0061375      0.1250000
 5      2.00000  0.40750E+44  0.40343E+44  0.40673E+42       0.9981149      1.0061375      0.1250000
 5      3.00000  0.42790E+44  0.42165E+44  0.62483E+42       1.4602344      1.0061375      0.1250000
 5      5.00000  0.40180E+44  0.41334E+44 -0.11539E+43      -2.8719220      1.0061375      0.1250000
 5     10.00000  0.30500E+44  0.30710E+44 -0.21036E+42      -0.6897154      1.0061375      0.1250000
 5     30.00000  0.11330E+44  0.11866E+44 -0.53561E+42      -4.7273653      1.0061375      0.1250000
  
