 1      1.00000  0.33110E+44  0.23920E+44  0.91904E+43      27.7570871     70.9276669      0.1000000
 1      2.00000  0.32010E+44  0.26303E+44  0.57069E+43      17.8286400     70.9276669      0.1000000
 1      3.00000  0.31640E+44  0.28418E+44  0.32224E+43      10.1846177     70.9276669      0.1000000
 1      5.00000  0.29780E+44  0.29496E+44  0.28384E+42       0.9531243     70.9276669      0.1000000
 1     10.00000  0.23150E+44  0.23756E+44 -0.60580E+42      -2.6168631     70.9276669      0.1000000
 1     30.00000  0.80570E+43  0.78037E+43  0.25328E+42       3.1435541     70.9276669      0.1000000
  
 2      1.00000  0.33110E+44  0.23920E+44  0.91904E+43      27.7570871     70.9276669      1.0000000
 2      2.00000  0.32010E+44  0.26303E+44  0.57069E+43      17.8286400     70.9276669      1.0000000
 2      3.00000  0.31640E+44  0.28418E+44  0.32224E+43      10.1846177     70.9276669      1.0000000
 2      5.00000  0.29780E+44  0.29496E+44  0.28384E+42       0.9531243     70.9276669      1.0000000
 2     10.00000  0.23150E+44  0.23756E+44 -0.60580E+42      -2.6168631     70.9276669      1.0000000
 2     30.00000  0.80570E+43  0.78037E+43  0.25328E+42       3.1435541     70.9276669      1.0000000
  
 3      1.00000  0.33110E+44  0.38610E+44 -0.54997E+43     -16.6105302     19.4292724      0.5000000
 3      2.00000  0.32010E+44  0.34112E+44 -0.21018E+43      -6.5660693     19.4292724      0.5000000
 3      3.00000  0.31640E+44  0.32284E+44 -0.64409E+42      -2.0356841     19.4292724      0.5000000
 3      5.00000  0.29780E+44  0.30179E+44 -0.39924E+42      -1.3406296     19.4292724      0.5000000
 3     10.00000  0.23150E+44  0.23404E+44 -0.25414E+42      -1.0977920     19.4292724      0.5000000
 3     30.00000  0.80570E+43  0.76854E+43  0.37160E+42       4.6120799     19.4292724      0.5000000
  
 4      1.00000  0.33110E+44  0.33604E+44 -0.49449E+42      -1.4934708      0.4025894      0.2500000
 4      2.00000  0.32010E+44  0.32180E+44 -0.16971E+42      -0.5301863      0.4025894      0.2500000
 4      3.00000  0.31640E+44  0.31377E+44  0.26271E+42       0.8302985      0.4025894      0.2500000
 4      5.00000  0.29780E+44  0.29902E+44 -0.12221E+42      -0.4103667      0.4025894      0.2500000
 4     10.00000  0.23150E+44  0.23379E+44 -0.22890E+42      -0.9887621      0.4025894      0.2500000
 4     30.00000  0.80570E+43  0.76924E+43  0.36459E+42       4.5251482      0.4025894      0.2500000
  
 5      1.00000  0.33110E+44  0.33134E+44 -0.23937E+41      -0.0722956      0.2680670      0.1250000
 5      2.00000  0.32010E+44  0.32075E+44 -0.64978E+41      -0.2029918      0.2680670      0.1250000
 5      3.00000  0.31640E+44  0.31359E+44  0.28061E+42       0.8868976      0.2680670      0.1250000
 5      5.00000  0.29780E+44  0.29909E+44 -0.12946E+42      -0.4347379      0.2680670      0.1250000
 5     10.00000  0.23150E+44  0.23384E+44 -0.23436E+42      -1.0123686      0.2680670      0.1250000
 5     30.00000  0.80570E+43  0.76938E+43  0.36322E+42       4.5081091      0.2680670      0.1250000
  
 6      1.00000  0.33110E+44  0.33130E+44 -0.19700E+41      -0.0594976      0.2680370      0.0625000
 6      2.00000  0.32010E+44  0.32072E+44 -0.62458E+41      -0.1951218      0.2680370      0.0625000
 6      3.00000  0.31640E+44  0.31358E+44  0.28192E+42       0.8910110      0.2680370      0.0625000
 6      5.00000  0.29780E+44  0.29909E+44 -0.12881E+42      -0.4325545      0.2680370      0.0625000
 6     10.00000  0.23150E+44  0.23384E+44 -0.23411E+42      -1.0112856      0.2680370      0.0625000
 6     30.00000  0.80570E+43  0.76938E+43  0.36324E+42       4.5083859      0.2680370      0.0625000
  
 7      1.00000  0.33110E+44  0.33130E+44 -0.19852E+41      -0.0599584      0.2680340      0.0312500
 7      2.00000  0.32010E+44  0.32073E+44 -0.62537E+41      -0.1953668      0.2680340      0.0312500
 7      3.00000  0.31640E+44  0.31358E+44  0.28187E+42       0.8908557      0.2680340      0.0312500
 7      5.00000  0.29780E+44  0.29909E+44 -0.12883E+42      -0.4326085      0.2680340      0.0312500
 7     10.00000  0.23150E+44  0.23384E+44 -0.23411E+42      -1.0112933      0.2680340      0.0312500
 7     30.00000  0.80570E+43  0.76938E+43  0.36324E+42       4.5083705      0.2680340      0.0312500
  
