 1      1.00000  0.37250E+44  0.25069E+44  0.12181E+44      32.7001171    136.8228242      0.1000000
 1      2.00000  0.36780E+44  0.27974E+44  0.88058E+43      23.9417387    136.8228242      0.1000000
 1      3.00000  0.37750E+44  0.30639E+44  0.71107E+43      18.8363660    136.8228242      0.1000000
 1      5.00000  0.35990E+44  0.32269E+44  0.37209E+43      10.3387269    136.8228242      0.1000000
 1     10.00000  0.28700E+44  0.26433E+44  0.22673E+43       7.9000354    136.8228242      0.1000000
 1     30.00000  0.10790E+44  0.10200E+44  0.59035E+42       5.4712405    136.8228242      0.1000000
  
 2      1.00000  0.37250E+44  0.26772E+44  0.10478E+44      28.1277153     85.9246214      0.0500000
 2      2.00000  0.36780E+44  0.30007E+44  0.67730E+43      18.4148474     85.9246214      0.0500000
 2      3.00000  0.37750E+44  0.32786E+44  0.49636E+43      13.1485299     85.9246214      0.0500000
 2      5.00000  0.35990E+44  0.34024E+44  0.19659E+43       5.4622873     85.9246214      0.0500000
 2     10.00000  0.28700E+44  0.27241E+44  0.14585E+43       5.0819045     85.9246214      0.0500000
 2     30.00000  0.10790E+44  0.10315E+44  0.47456E+42       4.3981784     85.9246214      0.0500000
  
 3      1.00000  0.37250E+44  0.42260E+44 -0.50104E+43     -13.4508586     13.2097880      0.0250000
 3      2.00000  0.36780E+44  0.38377E+44 -0.15973E+43      -4.3427859     13.2097880      0.0250000
 3      3.00000  0.37750E+44  0.38020E+44 -0.26974E+42      -0.7145418     13.2097880      0.0250000
 3      5.00000  0.35990E+44  0.36597E+44 -0.60697E+42      -1.6865093     13.2097880      0.0250000
 3     10.00000  0.28700E+44  0.28058E+44  0.64217E+42       2.2375307     13.2097880      0.0250000
 3     30.00000  0.10790E+44  0.10376E+44  0.41395E+42       3.8363933     13.2097880      0.0250000
  
 4      1.00000  0.37250E+44  0.37601E+44 -0.35112E+42      -0.9426115      0.5394996      0.0125000
 4      2.00000  0.36780E+44  0.36910E+44 -0.12977E+42      -0.3528235      0.5394996      0.0125000
 4      3.00000  0.37750E+44  0.37496E+44  0.25415E+42       0.6732506      0.5394996      0.0125000
 4      5.00000  0.35990E+44  0.36557E+44 -0.56685E+42      -1.5750169      0.5394996      0.0125000
 4     10.00000  0.28700E+44  0.28120E+44  0.58022E+42       2.0216868      0.5394996      0.0125000
 4     30.00000  0.10790E+44  0.10398E+44  0.39240E+42       3.6367253      0.5394996      0.0125000
  
 5      1.00000  0.37250E+44  0.37233E+44  0.16951E+41       0.0455057      0.4770613      0.0062500
 5      2.00000  0.36780E+44  0.36835E+44 -0.54683E+41      -0.1486763      0.4770613      0.0062500
 5      3.00000  0.37750E+44  0.37488E+44  0.26222E+42       0.6946094      0.4770613      0.0062500
 5      5.00000  0.35990E+44  0.36569E+44 -0.57870E+42      -1.6079510      0.4770613      0.0062500
 5     10.00000  0.28700E+44  0.28129E+44  0.57106E+42       1.9897450      0.4770613      0.0062500
 5     30.00000  0.10790E+44  0.10400E+44  0.39043E+42       3.6184758      0.4770613      0.0062500
  
