 1      1.00000  0.61030E+44  0.51404E+44  0.96259E+43      15.7724414     12.3972945      0.1000000
 1      2.00000  0.61110E+44  0.57533E+44  0.35770E+43       5.8534213     12.3972945      0.1000000
 1      3.00000  0.62000E+44  0.62554E+44 -0.55437E+42      -0.8941520     12.3972945      0.1000000
 1      5.00000  0.59200E+44  0.60576E+44 -0.13761E+43      -2.3244590     12.3972945      0.1000000
 1     10.00000  0.40330E+44  0.39466E+44  0.86401E+42       2.1423431     12.3972945      0.1000000
 1     30.00000  0.92230E+43  0.91922E+43  0.30844E+41       0.3344245     12.3972945      0.1000000
  
 2      1.00000  0.61030E+44  0.51404E+44  0.96259E+43      15.7724414     12.3972945      1.0000000
 2      2.00000  0.61110E+44  0.57533E+44  0.35770E+43       5.8534213     12.3972945      1.0000000
 2      3.00000  0.62000E+44  0.62554E+44 -0.55437E+42      -0.8941520     12.3972945      1.0000000
 2      5.00000  0.59200E+44  0.60576E+44 -0.13761E+43      -2.3244590     12.3972945      1.0000000
 2     10.00000  0.40330E+44  0.39466E+44  0.86401E+42       2.1423431     12.3972945      1.0000000
 2     30.00000  0.92230E+43  0.91922E+43  0.30844E+41       0.3344245     12.3972945      1.0000000
  
 3      1.00000  0.61030E+44  0.67721E+44 -0.66908E+43     -10.9630523      5.9143698      0.5000000
 3      2.00000  0.61110E+44  0.62983E+44 -0.18728E+43      -3.0646533      5.9143698      0.5000000
 3      3.00000  0.62000E+44  0.63105E+44 -0.11048E+43      -1.7818692      5.9143698      0.5000000
 3      5.00000  0.59200E+44  0.59431E+44 -0.23143E+42      -0.3909225      5.9143698      0.5000000
 3     10.00000  0.40330E+44  0.39126E+44  0.12043E+43       2.9860934      5.9143698      0.5000000
 3     30.00000  0.92230E+43  0.91558E+43  0.67206E+41       0.7286790      5.9143698      0.5000000
  
 4      1.00000  0.61030E+44  0.61627E+44 -0.59663E+42      -0.9776040      0.3353779      0.2500000
 4      2.00000  0.61110E+44  0.60924E+44  0.18625E+42       0.3047761      0.3353779      0.2500000
 4      3.00000  0.62000E+44  0.62437E+44 -0.43687E+42      -0.7046252      0.3353779      0.2500000
 4      5.00000  0.59200E+44  0.59433E+44 -0.23264E+42      -0.3929691      0.3353779      0.2500000
 4     10.00000  0.40330E+44  0.39171E+44  0.11593E+43       2.8746402      0.3353779      0.2500000
 4     30.00000  0.92230E+43  0.91675E+43  0.55537E+41       0.6021563      0.3353779      0.2500000
  
 5      1.00000  0.61030E+44  0.61037E+44 -0.66633E+40      -0.0109180      0.2974880      0.1250000
 5      2.00000  0.61110E+44  0.60781E+44  0.32920E+42       0.5387011      0.2974880      0.1250000
 5      3.00000  0.62000E+44  0.62423E+44 -0.42341E+42      -0.6829177      0.2974880      0.1250000
 5      5.00000  0.59200E+44  0.59461E+44 -0.26082E+42      -0.4405722      0.2974880      0.1250000
 5     10.00000  0.40330E+44  0.39186E+44  0.11436E+43       2.8354888      0.2974880      0.1250000
 5     30.00000  0.92230E+43  0.91706E+43  0.52366E+41       0.5677782      0.2974880      0.1250000
  
