 1      1.00000  0.37050E+44  0.29504E+44  0.75458E+43      20.3664602     70.5241835      0.1000000
 1      2.00000  0.43690E+44  0.33757E+44  0.99326E+43      22.7342835     70.5241835      0.1000000
 1      3.00000  0.44180E+44  0.37794E+44  0.63862E+43      14.4549122     70.5241835      0.1000000
 1      5.00000  0.42030E+44  0.39337E+44  0.26934E+43       6.4083539     70.5241835      0.1000000
 1     10.00000  0.31380E+44  0.29618E+44  0.17617E+43       5.6141650     70.5241835      0.1000000
 1     30.00000  0.12330E+44  0.10941E+44  0.13893E+43      11.2677603     70.5241835      0.1000000
  
 2      1.00000  0.37050E+44  0.29504E+44  0.75458E+43      20.3664602     70.5241835      1.0000000
 2      2.00000  0.43690E+44  0.33757E+44  0.99326E+43      22.7342835     70.5241835      1.0000000
 2      3.00000  0.44180E+44  0.37794E+44  0.63862E+43      14.4549122     70.5241835      1.0000000
 2      5.00000  0.42030E+44  0.39337E+44  0.26934E+43       6.4083539     70.5241835      1.0000000
 2     10.00000  0.31380E+44  0.29618E+44  0.17617E+43       5.6141650     70.5241835      1.0000000
 2     30.00000  0.12330E+44  0.10941E+44  0.13893E+43      11.2677603     70.5241835      1.0000000
  
 3      1.00000  0.37050E+44  0.43414E+44 -0.63640E+43     -17.1768622     13.1487282      0.5000000
 3      2.00000  0.43690E+44  0.43960E+44 -0.26979E+42      -0.6175093     13.1487282      0.5000000
 3      3.00000  0.44180E+44  0.43976E+44  0.20367E+42       0.4610082     13.1487282      0.5000000
 3      5.00000  0.42030E+44  0.41898E+44  0.13196E+42       0.3139667     13.1487282      0.5000000
 3     10.00000  0.31380E+44  0.30449E+44  0.93085E+42       2.9663945     13.1487282      0.5000000
 3     30.00000  0.12330E+44  0.11016E+44  0.13140E+43      10.6573238     13.1487282      0.5000000
  
 4      1.00000  0.37050E+44  0.37577E+44 -0.52667E+42      -1.4215055      1.6620107      0.2500000
 4      2.00000  0.43690E+44  0.42482E+44  0.12075E+43       2.7638578      1.6620107      0.2500000
 4      3.00000  0.44180E+44  0.44063E+44  0.11727E+42       0.2654383      1.6620107      0.2500000
 4      5.00000  0.42030E+44  0.42475E+44 -0.44525E+42      -1.0593578      1.6620107      0.2500000
 4     10.00000  0.31380E+44  0.30699E+44  0.68105E+42       2.1703213      1.6620107      0.2500000
 4     30.00000  0.12330E+44  0.11037E+44  0.12930E+43      10.4865945      1.6620107      0.2500000
  
