 1      1.00000  0.22690E+44  0.20327E+44  0.23634E+43      10.4158257     17.8018148      0.1000000
 1      2.00000  0.23860E+44  0.21751E+44  0.21094E+43       8.8405563     17.8018148      0.1000000
 1      3.00000  0.25370E+44  0.22706E+44  0.26635E+43      10.4988039     17.8018148      0.1000000
 1      5.00000  0.24240E+44  0.22302E+44  0.19375E+43       7.9930175     17.8018148      0.1000000
 1     10.00000  0.18680E+44  0.16128E+44  0.25523E+43      13.6630805     17.8018148      0.1000000
 1     30.00000  0.33790E+43  0.16565E+43  0.17225E+43      50.9759115     17.8018148      0.1000000
  
 2      1.00000  0.22690E+44  0.21354E+44  0.13360E+43       5.8882030      8.1629166      0.0500000
 2      2.00000  0.23860E+44  0.22911E+44  0.94926E+42       3.9784637      8.1629166      0.0500000
 2      3.00000  0.25370E+44  0.23890E+44  0.14805E+43       5.8356126      8.1629166      0.0500000
 2      5.00000  0.24240E+44  0.23289E+44  0.95148E+42       3.9252319      8.1629166      0.0500000
 2     10.00000  0.18680E+44  0.16627E+44  0.20531E+43      10.9907628      8.1629166      0.0500000
 2     30.00000  0.33790E+43  0.17190E+43  0.16600E+43      49.1280027      8.1629166      0.0500000
  
 3      1.00000  0.22690E+44  0.22599E+44  0.90689E+41       0.3996892      2.9459202      0.0250000
 3      2.00000  0.23860E+44  0.24286E+44 -0.42597E+42      -1.7852977      2.9459202      0.0250000
 3      3.00000  0.25370E+44  0.25611E+44 -0.24128E+42      -0.9510622      2.9459202      0.0250000
 3      5.00000  0.24240E+44  0.24976E+44 -0.73612E+42      -3.0368059      2.9459202      0.0250000
 3     10.00000  0.18680E+44  0.17659E+44  0.10211E+43       5.4665217      2.9459202      0.0250000
 3     30.00000  0.33790E+43  0.19750E+43  0.14040E+43      41.5511953      2.9459202      0.0250000
  
 4      1.00000  0.22690E+44  0.22599E+44  0.90689E+41       0.3996892      2.9459202      0.2500000
 4      2.00000  0.23860E+44  0.24286E+44 -0.42597E+42      -1.7852977      2.9459202      0.2500000
 4      3.00000  0.25370E+44  0.25611E+44 -0.24128E+42      -0.9510622      2.9459202      0.2500000
 4      5.00000  0.24240E+44  0.24976E+44 -0.73612E+42      -3.0368059      2.9459202      0.2500000
 4     10.00000  0.18680E+44  0.17659E+44  0.10211E+43       5.4665217      2.9459202      0.2500000
 4     30.00000  0.33790E+43  0.19750E+43  0.14040E+43      41.5511953      2.9459202      0.2500000
  
 5      1.00000  0.22690E+44  0.22599E+44  0.90689E+41       0.3996892      2.9459202      2.5000000
 5      2.00000  0.23860E+44  0.24286E+44 -0.42597E+42      -1.7852977      2.9459202      2.5000000
 5      3.00000  0.25370E+44  0.25611E+44 -0.24128E+42      -0.9510622      2.9459202      2.5000000
 5      5.00000  0.24240E+44  0.24976E+44 -0.73612E+42      -3.0368059      2.9459202      2.5000000
 5     10.00000  0.18680E+44  0.17659E+44  0.10211E+43       5.4665217      2.9459202      2.5000000
 5     30.00000  0.33790E+43  0.19750E+43  0.14040E+43      41.5511953      2.9459202      2.5000000
  
 6      1.00000  0.22690E+44  0.22599E+44  0.90689E+41       0.3996892      2.9459202     25.0000000
 6      2.00000  0.23860E+44  0.24286E+44 -0.42597E+42      -1.7852977      2.9459202     25.0000000
 6      3.00000  0.25370E+44  0.25611E+44 -0.24128E+42      -0.9510622      2.9459202     25.0000000
 6      5.00000  0.24240E+44  0.24976E+44 -0.73612E+42      -3.0368059      2.9459202     25.0000000
 6     10.00000  0.18680E+44  0.17659E+44  0.10211E+43       5.4665217      2.9459202     25.0000000
 6     30.00000  0.33790E+43  0.19750E+43  0.14040E+43      41.5511953      2.9459202     25.0000000
  
 7      1.00000  0.22690E+44  0.22599E+44  0.90689E+41       0.3996892      2.9459202    250.0000000
 7      2.00000  0.23860E+44  0.24286E+44 -0.42597E+42      -1.7852977      2.9459202    250.0000000
 7      3.00000  0.25370E+44  0.25611E+44 -0.24128E+42      -0.9510622      2.9459202    250.0000000
 7      5.00000  0.24240E+44  0.24976E+44 -0.73612E+42      -3.0368059      2.9459202    250.0000000
 7     10.00000  0.18680E+44  0.17659E+44  0.10211E+43       5.4665217      2.9459202    250.0000000
 7     30.00000  0.33790E+43  0.19750E+43  0.14040E+43      41.5511953      2.9459202    250.0000000
  
 8      1.00000  0.22690E+44  0.22509E+44  0.18098E+42       0.7976114      2.9339237    125.0000000
 8      2.00000  0.23860E+44  0.24117E+44 -0.25707E+42      -1.0774142      2.9339237    125.0000000
 8      3.00000  0.25370E+44  0.25439E+44 -0.68606E+41      -0.2704207      2.9339237    125.0000000
 8      5.00000  0.24240E+44  0.24849E+44 -0.60908E+42      -2.5126873      2.9339237    125.0000000
 8     10.00000  0.18680E+44  0.17584E+44  0.10960E+43       5.8672718      2.9339237    125.0000000
 8     30.00000  0.33790E+43  0.19390E+43  0.14400E+43      42.6161131      2.9339237    125.0000000
  
 9      1.00000  0.22690E+44  0.22509E+44  0.18098E+42       0.7976114      2.9339237   1250.0000000
 9      2.00000  0.23860E+44  0.24117E+44 -0.25707E+42      -1.0774142      2.9339237   1250.0000000
 9      3.00000  0.25370E+44  0.25439E+44 -0.68606E+41      -0.2704207      2.9339237   1250.0000000
 9      5.00000  0.24240E+44  0.24849E+44 -0.60908E+42      -2.5126873      2.9339237   1250.0000000
 9     10.00000  0.18680E+44  0.17584E+44  0.10960E+43       5.8672718      2.9339237   1250.0000000
 9     30.00000  0.33790E+43  0.19390E+43  0.14400E+43      42.6161131      2.9339237   1250.0000000
  
10      1.00000  0.22690E+44  0.22506E+44  0.18381E+42       0.8101079      2.9336889    625.0000000
10      2.00000  0.23860E+44  0.24115E+44 -0.25467E+42      -1.0673645      2.9336889    625.0000000
10      3.00000  0.25370E+44  0.25436E+44 -0.65573E+41      -0.2584675      2.9336889    625.0000000
10      5.00000  0.24240E+44  0.24847E+44 -0.60672E+42      -2.5029843      2.9336889    625.0000000
10     10.00000  0.18680E+44  0.17583E+44  0.10969E+43       5.8721392      2.9336889    625.0000000
10     30.00000  0.33790E+43  0.19388E+43  0.14402E+43      42.6209426      2.9336889    625.0000000
  
11      1.00000  0.22690E+44  0.22506E+44  0.18381E+42       0.8101079      2.9336889   6250.0000000
11      2.00000  0.23860E+44  0.24115E+44 -0.25467E+42      -1.0673645      2.9336889   6250.0000000
11      3.00000  0.25370E+44  0.25436E+44 -0.65573E+41      -0.2584675      2.9336889   6250.0000000
11      5.00000  0.24240E+44  0.24847E+44 -0.60672E+42      -2.5029843      2.9336889   6250.0000000
11     10.00000  0.18680E+44  0.17583E+44  0.10969E+43       5.8721392      2.9336889   6250.0000000
11     30.00000  0.33790E+43  0.19388E+43  0.14402E+43      42.6209426      2.9336889   6250.0000000
  
12      1.00000  0.22690E+44  0.22506E+44  0.18381E+42       0.8101079      2.9336889  62500.0000000
12      2.00000  0.23860E+44  0.24115E+44 -0.25467E+42      -1.0673645      2.9336889  62500.0000000
12      3.00000  0.25370E+44  0.25436E+44 -0.65573E+41      -0.2584675      2.9336889  62500.0000000
12      5.00000  0.24240E+44  0.24847E+44 -0.60672E+42      -2.5029843      2.9336889  62500.0000000
12     10.00000  0.18680E+44  0.17583E+44  0.10969E+43       5.8721392      2.9336889  62500.0000000
12     30.00000  0.33790E+43  0.19388E+43  0.14402E+43      42.6209426      2.9336889  62500.0000000
  
13      1.00000  0.22690E+44  0.22506E+44  0.18385E+42       0.8102535      2.9336708  31250.0000000
13      2.00000  0.23860E+44  0.24115E+44 -0.25467E+42      -1.0673404      2.9336708  31250.0000000
13      3.00000  0.25370E+44  0.25436E+44 -0.65558E+41      -0.2584063      2.9336708  31250.0000000
13      5.00000  0.24240E+44  0.24847E+44 -0.60671E+42      -2.5029366      2.9336708  31250.0000000
13     10.00000  0.18680E+44  0.17583E+44  0.10969E+43       5.8721408      2.9336708  31250.0000000
13     30.00000  0.33790E+43  0.19388E+43  0.14402E+43      42.6207988      2.9336708  31250.0000000
  
14      1.00000  0.22690E+44  0.22506E+44  0.18385E+42       0.8102535      2.9336708 312500.0000000
14      2.00000  0.23860E+44  0.24115E+44 -0.25467E+42      -1.0673404      2.9336708 312500.0000000
14      3.00000  0.25370E+44  0.25436E+44 -0.65558E+41      -0.2584063      2.9336708 312500.0000000
14      5.00000  0.24240E+44  0.24847E+44 -0.60671E+42      -2.5029366      2.9336708 312500.0000000
14     10.00000  0.18680E+44  0.17583E+44  0.10969E+43       5.8721408      2.9336708 312500.0000000
14     30.00000  0.33790E+43  0.19388E+43  0.14402E+43      42.6207988      2.9336708 312500.0000000
  
15      1.00000  0.22690E+44  0.22506E+44  0.18385E+42       0.8102535      2.9336708 **************
15      2.00000  0.23860E+44  0.24115E+44 -0.25467E+42      -1.0673404      2.9336708 **************
15      3.00000  0.25370E+44  0.25436E+44 -0.65558E+41      -0.2584063      2.9336708 **************
15      5.00000  0.24240E+44  0.24847E+44 -0.60671E+42      -2.5029366      2.9336708 **************
15     10.00000  0.18680E+44  0.17583E+44  0.10969E+43       5.8721408      2.9336708 **************
15     30.00000  0.33790E+43  0.19388E+43  0.14402E+43      42.6207988      2.9336708 **************
  
