 1      1.00000  0.25250E+44  0.23295E+44  0.19549E+43       7.7420791      6.4920354      0.1000000
 1      2.00000  0.28520E+44  0.25615E+44  0.29054E+43      10.1872571      6.4920354      0.1000000
 1      3.00000  0.28700E+44  0.27632E+44  0.10676E+43       3.7199074      6.4920354      0.1000000
 1      5.00000  0.28160E+44  0.28534E+44 -0.37380E+42      -1.3274131      6.4920354      0.1000000
 1     10.00000  0.22750E+44  0.22584E+44  0.16581E+42       0.7288507      6.4920354      0.1000000
 1     30.00000  0.78870E+43  0.69648E+43  0.92220E+42      11.6926181      6.4920354      0.1000000
  
 2      1.00000  0.25250E+44  0.23295E+44  0.19549E+43       7.7420791      6.4920354      1.0000000
 2      2.00000  0.28520E+44  0.25615E+44  0.29054E+43      10.1872571      6.4920354      1.0000000
 2      3.00000  0.28700E+44  0.27632E+44  0.10676E+43       3.7199074      6.4920354      1.0000000
 2      5.00000  0.28160E+44  0.28534E+44 -0.37380E+42      -1.3274131      6.4920354      1.0000000
 2     10.00000  0.22750E+44  0.22584E+44  0.16581E+42       0.7288507      6.4920354      1.0000000
 2     30.00000  0.78870E+43  0.69648E+43  0.92220E+42      11.6926181      6.4920354      1.0000000
  
 3      1.00000  0.25250E+44  0.26267E+44 -0.10167E+43      -4.0264739      1.5395720      0.5000000
 3      2.00000  0.28520E+44  0.28533E+44 -0.13446E+41      -0.0471457      1.5395720      0.5000000
 3      3.00000  0.28700E+44  0.29315E+44 -0.61489E+42      -2.1424624      1.5395720      0.5000000
 3      5.00000  0.28160E+44  0.28798E+44 -0.63795E+42      -2.2654444      1.5395720      0.5000000
 3     10.00000  0.22750E+44  0.22402E+44  0.34803E+42       1.5298159      1.5395720      0.5000000
 3     30.00000  0.78870E+43  0.69237E+43  0.96329E+42      12.2136627      1.5395720      0.5000000
  
 4      1.00000  0.25250E+44  0.25495E+44 -0.24454E+42      -0.9684798      1.0804686      0.2500000
 4      2.00000  0.28520E+44  0.27939E+44  0.58146E+42       2.0387818      1.0804686      0.2500000
 4      3.00000  0.28700E+44  0.28937E+44 -0.23724E+42      -0.8266131      1.0804686      0.2500000
 4      5.00000  0.28160E+44  0.28659E+44 -0.49906E+42      -1.7722331      1.0804686      0.2500000
 4     10.00000  0.22750E+44  0.22381E+44  0.36918E+42       1.6227895      1.0804686      0.2500000
 4     30.00000  0.78870E+43  0.69214E+43  0.96561E+42      12.2430302      1.0804686      0.2500000
  
 5      1.00000  0.25250E+44  0.25490E+44 -0.23956E+42      -0.9487339      1.0799050      0.1250000
 5      2.00000  0.28520E+44  0.27934E+44  0.58640E+42       2.0560888      1.0799050      0.1250000
 5      3.00000  0.28700E+44  0.28934E+44 -0.23365E+42      -0.8141129      1.0799050      0.1250000
 5      5.00000  0.28160E+44  0.28656E+44 -0.49559E+42      -1.7598915      1.0799050      0.1250000
 5     10.00000  0.22750E+44  0.22380E+44  0.37042E+42       1.6282130      1.0799050      0.1250000
 5     30.00000  0.78870E+43  0.69217E+43  0.96531E+42      12.2392081      1.0799050      0.1250000
  
