 1      1.00000  0.30450E+44  0.29055E+44  0.13948E+43       4.5807556     20.9759220      0.1000000
 1      2.00000  0.31740E+44  0.33018E+44 -0.12776E+43      -4.0253130     20.9759220      0.1000000
 1      3.00000  0.33010E+44  0.36868E+44 -0.38584E+43     -11.6885737     20.9759220      0.1000000
 1      5.00000  0.32980E+44  0.38659E+44 -0.56793E+43     -17.2205076     20.9759220      0.1000000
 1     10.00000  0.28640E+44  0.29939E+44 -0.12991E+43      -4.5360479     20.9759220      0.1000000
 1     30.00000  0.13640E+44  0.12010E+44  0.16303E+43      11.9526737     20.9759220      0.1000000
  
 2      1.00000  0.30450E+44  0.29055E+44  0.13948E+43       4.5807556     20.9759220      1.0000000
 2      2.00000  0.31740E+44  0.33018E+44 -0.12776E+43      -4.0253130     20.9759220      1.0000000
 2      3.00000  0.33010E+44  0.36868E+44 -0.38584E+43     -11.6885737     20.9759220      1.0000000
 2      5.00000  0.32980E+44  0.38659E+44 -0.56793E+43     -17.2205076     20.9759220      1.0000000
 2     10.00000  0.28640E+44  0.29939E+44 -0.12991E+43      -4.5360479     20.9759220      1.0000000
 2     30.00000  0.13640E+44  0.12010E+44  0.16303E+43      11.9526737     20.9759220      1.0000000
  
 3      1.00000  0.30450E+44  0.31758E+44 -0.13080E+43      -4.2955053      4.6298813      0.5000000
 3      2.00000  0.31740E+44  0.33353E+44 -0.16126E+43      -5.0807480      4.6298813      0.5000000
 3      3.00000  0.33010E+44  0.34245E+44 -0.12353E+43      -3.7420843      4.6298813      0.5000000
 3      5.00000  0.32980E+44  0.34777E+44 -0.17975E+43      -5.4502608      4.6298813      0.5000000
 3     10.00000  0.28640E+44  0.28325E+44  0.31510E+42       1.1002095      4.6298813      0.5000000
 3     30.00000  0.13640E+44  0.11976E+44  0.16640E+43      12.1993679      4.6298813      0.5000000
  
 4      1.00000  0.30450E+44  0.30719E+44 -0.26920E+42      -0.8840863      1.7646443      0.2500000
 4      2.00000  0.31740E+44  0.31735E+44  0.51969E+40       0.0163735      1.7646443      0.2500000
 4      3.00000  0.33010E+44  0.32775E+44  0.23484E+42       0.7114284      1.7646443      0.2500000
 4      5.00000  0.32980E+44  0.33801E+44 -0.82135E+42      -2.4904495      1.7646443      0.2500000
 4     10.00000  0.28640E+44  0.27953E+44  0.68743E+42       2.4002568      1.7646443      0.2500000
 4     30.00000  0.13640E+44  0.11950E+44  0.16897E+43      12.3875360      1.7646443      0.2500000
  
 5      1.00000  0.30450E+44  0.30531E+44 -0.81086E+41      -0.2662920      1.7530133      0.1250000
 5      2.00000  0.31740E+44  0.31585E+44  0.15520E+42       0.4889705      1.7530133      0.1250000
 5      3.00000  0.33010E+44  0.32690E+44  0.32046E+42       0.9708025      1.7530133      0.1250000
 5      5.00000  0.32980E+44  0.33792E+44 -0.81204E+42      -2.4622303      1.7530133      0.1250000
 5     10.00000  0.28640E+44  0.27958E+44  0.68228E+42       2.3822699      1.7530133      0.1250000
 5     30.00000  0.13640E+44  0.11950E+44  0.16900E+43      12.3900205      1.7530133      0.1250000
  
 6      1.00000  0.30450E+44  0.30526E+44 -0.76261E+41      -0.2504472      1.7490152      0.0625000
 6      2.00000  0.31740E+44  0.31596E+44  0.14393E+42       0.4534662      1.7490152      0.0625000
 6      3.00000  0.33010E+44  0.32693E+44  0.31668E+42       0.9593562      1.7490152      0.0625000
 6      5.00000  0.32980E+44  0.33781E+44 -0.80053E+42      -2.4273301      1.7490152      0.0625000
 6     10.00000  0.28640E+44  0.27951E+44  0.68925E+42       2.4066098      1.7490152      0.0625000
 6     30.00000  0.13640E+44  0.11950E+44  0.16896E+43      12.3868460      1.7490152      0.0625000
  
