 1      1.00000  0.31020E+44  0.28277E+44  0.27429E+43       8.8423134     34.7099636      0.1000000
 1      2.00000  0.30930E+44  0.32007E+44 -0.10768E+43      -3.4812879     34.7099636      0.1000000
 1      3.00000  0.31560E+44  0.35723E+44 -0.41631E+43     -13.1912063     34.7099636      0.1000000
 1      5.00000  0.30900E+44  0.37912E+44 -0.70118E+43     -22.6918096     34.7099636      0.1000000
 1     10.00000  0.28200E+44  0.30588E+44 -0.23881E+43      -8.4684620     34.7099636      0.1000000
 1     30.00000  0.13440E+44  0.13622E+44 -0.18197E+42      -1.3539157     34.7099636      0.1000000
  
 2      1.00000  0.31020E+44  0.28277E+44  0.27429E+43       8.8423134     34.7099636      1.0000000
 2      2.00000  0.30930E+44  0.32007E+44 -0.10768E+43      -3.4812879     34.7099636      1.0000000
 2      3.00000  0.31560E+44  0.35723E+44 -0.41631E+43     -13.1912063     34.7099636      1.0000000
 2      5.00000  0.30900E+44  0.37912E+44 -0.70118E+43     -22.6918096     34.7099636      1.0000000
 2     10.00000  0.28200E+44  0.30588E+44 -0.23881E+43      -8.4684620     34.7099636      1.0000000
 2     30.00000  0.13440E+44  0.13622E+44 -0.18197E+42      -1.3539157     34.7099636      1.0000000
  
 3      1.00000  0.31020E+44  0.32807E+44 -0.17872E+43      -5.7615317      7.4588756      0.5000000
 3      2.00000  0.30930E+44  0.33320E+44 -0.23898E+43      -7.7265279      7.4588756      0.5000000
 3      3.00000  0.31560E+44  0.33272E+44 -0.17123E+43      -5.4256916      7.4588756      0.5000000
 3      5.00000  0.30900E+44  0.33290E+44 -0.23904E+43      -7.7360751      7.4588756      0.5000000
 3     10.00000  0.28200E+44  0.28193E+44  0.66627E+40       0.0236265      7.4588756      0.5000000
 3     30.00000  0.13440E+44  0.13253E+44  0.18670E+42       1.3891368      7.4588756      0.5000000
  
 4      1.00000  0.31020E+44  0.31527E+44 -0.50681E+42      -1.6338152      0.8484369      0.2500000
 4      2.00000  0.30930E+44  0.31203E+44 -0.27315E+42      -0.8831194      0.8484369      0.2500000
 4      3.00000  0.31560E+44  0.31276E+44  0.28429E+42       0.9007893      0.8484369      0.2500000
 4      5.00000  0.30900E+44  0.31848E+44 -0.94830E+42      -3.0689339      0.8484369      0.2500000
 4     10.00000  0.28200E+44  0.27588E+44  0.61169E+42       2.1691122      0.8484369      0.2500000
 4     30.00000  0.13440E+44  0.13197E+44  0.24252E+42       1.8044967      0.8484369      0.2500000
  
 5      1.00000  0.31020E+44  0.31088E+44 -0.67834E+41      -0.2186774      0.7262395      0.1250000
 5      2.00000  0.30930E+44  0.30891E+44  0.39323E+41       0.1271348      0.7262395      0.1250000
 5      3.00000  0.31560E+44  0.31081E+44  0.47920E+42       1.5183624      0.7262395      0.1250000
 5      5.00000  0.30900E+44  0.31791E+44 -0.89123E+42      -2.8842424      0.7262395      0.1250000
 5     10.00000  0.28200E+44  0.27591E+44  0.60906E+42       2.1597792      0.7262395      0.1250000
 5     30.00000  0.13440E+44  0.13206E+44  0.23414E+42       1.7421057      0.7262395      0.1250000
  
 6      1.00000  0.31020E+44  0.31086E+44 -0.66099E+41      -0.2130860      0.7262380      0.0625000
 6      2.00000  0.30930E+44  0.30889E+44  0.41365E+41       0.1337361      0.7262380      0.0625000
 6      3.00000  0.31560E+44  0.31078E+44  0.48166E+42       1.5261751      0.7262380      0.0625000
 6      5.00000  0.30900E+44  0.31789E+44 -0.88913E+42      -2.8774494      0.7262380      0.0625000
 6     10.00000  0.28200E+44  0.27590E+44  0.61002E+42       2.1632035      0.7262380      0.0625000
 6     30.00000  0.13440E+44  0.13206E+44  0.23424E+42       1.7428353      0.7262380      0.0625000
  
