 1      1.00000  0.36960E+44  0.27124E+44  0.98362E+43      26.6131596     54.4826191      0.1000000
 1      2.00000  0.35100E+44  0.30457E+44  0.46432E+43      13.2286194     54.4826191      0.1000000
 1      3.00000  0.34590E+44  0.33649E+44  0.94120E+42       2.7210049     54.4826191      0.1000000
 1      5.00000  0.34230E+44  0.35685E+44 -0.14549E+43      -4.2504051     54.4826191      0.1000000
 1     10.00000  0.30110E+44  0.29440E+44  0.66996E+42       2.2250288     54.4826191      0.1000000
 1     30.00000  0.12820E+44  0.12852E+44 -0.31512E+41      -0.2457998     54.4826191      0.1000000
  
 2      1.00000  0.36960E+44  0.27124E+44  0.98362E+43      26.6131596     54.4826191      1.0000000
 2      2.00000  0.35100E+44  0.30457E+44  0.46432E+43      13.2286194     54.4826191      1.0000000
 2      3.00000  0.34590E+44  0.33649E+44  0.94120E+42       2.7210049     54.4826191      1.0000000
 2      5.00000  0.34230E+44  0.35685E+44 -0.14549E+43      -4.2504051     54.4826191      1.0000000
 2     10.00000  0.30110E+44  0.29440E+44  0.66996E+42       2.2250288     54.4826191      1.0000000
 2     30.00000  0.12820E+44  0.12852E+44 -0.31512E+41      -0.2457998     54.4826191      1.0000000
  
 3      1.00000  0.36960E+44  0.39638E+44 -0.26778E+43      -7.2451956      4.7677398      0.5000000
 3      2.00000  0.35100E+44  0.35130E+44 -0.30130E+41      -0.0858406      4.7677398      0.5000000
 3      3.00000  0.34590E+44  0.34634E+44 -0.43581E+41      -0.1259922      4.7677398      0.5000000
 3      5.00000  0.34230E+44  0.34507E+44 -0.27706E+42      -0.8094008      4.7677398      0.5000000
 3     10.00000  0.30110E+44  0.28493E+44  0.16169E+43       5.3701129      4.7677398      0.5000000
 3     30.00000  0.12820E+44  0.12629E+44  0.19053E+42       1.4862103      4.7677398      0.5000000
  
 4      1.00000  0.36960E+44  0.37149E+44 -0.18851E+42      -0.5100453      1.4312666      0.2500000
 4      2.00000  0.35100E+44  0.34753E+44  0.34697E+42       0.9885319      1.4312666      0.2500000
 4      3.00000  0.34590E+44  0.34900E+44 -0.30995E+42      -0.8960738      1.4312666      0.2500000
 4      5.00000  0.34230E+44  0.35008E+44 -0.77845E+42      -2.2741777      1.4312666      0.2500000
 4     10.00000  0.30110E+44  0.28781E+44  0.13286E+43       4.4126081      1.4312666      0.2500000
 4     30.00000  0.12820E+44  0.12679E+44  0.14081E+42       1.0983679      1.4312666      0.2500000
  
 5      1.00000  0.36960E+44  0.36996E+44 -0.36498E+41      -0.0987513      1.4209001      0.1250000
 5      2.00000  0.35100E+44  0.34711E+44  0.38851E+42       1.1068703      1.4209001      0.1250000
 5      3.00000  0.34590E+44  0.34874E+44 -0.28352E+42      -0.8196638      1.4209001      0.1250000
 5      5.00000  0.34230E+44  0.34983E+44 -0.75273E+42      -2.1990252      1.4209001      0.1250000
 5     10.00000  0.30110E+44  0.28768E+44  0.13415E+43       4.4554067      1.4209001      0.1250000
 5     30.00000  0.12820E+44  0.12677E+44  0.14325E+42       1.1173657      1.4209001      0.1250000
  
