 1      1.00000  0.30090E+44  0.27573E+44  0.25166E+43       8.3634269     25.3042683      0.1000000
 1      2.00000  0.36770E+44  0.31125E+44  0.56451E+43      15.3524169     25.3042683      0.1000000
 1      3.00000  0.37850E+44  0.34556E+44  0.32944E+43       8.7037268     25.3042683      0.1000000
 1      5.00000  0.37860E+44  0.36727E+44  0.11325E+43       2.9913000     25.3042683      0.1000000
 1     10.00000  0.29640E+44  0.30205E+44 -0.56503E+42      -1.9063149     25.3042683      0.1000000
 1     30.00000  0.12360E+44  0.13539E+44 -0.11789E+43      -9.5376951     25.3042683      0.1000000
  
 2      1.00000  0.30090E+44  0.27573E+44  0.25166E+43       8.3634269     25.3042683      1.0000000
 2      2.00000  0.36770E+44  0.31125E+44  0.56451E+43      15.3524169     25.3042683      1.0000000
 2      3.00000  0.37850E+44  0.34556E+44  0.32944E+43       8.7037268     25.3042683      1.0000000
 2      5.00000  0.37860E+44  0.36727E+44  0.11325E+43       2.9913000     25.3042683      1.0000000
 2     10.00000  0.29640E+44  0.30205E+44 -0.56503E+42      -1.9063149     25.3042683      1.0000000
 2     30.00000  0.12360E+44  0.13539E+44 -0.11789E+43      -9.5376951     25.3042683      1.0000000
  
 3      1.00000  0.30090E+44  0.32562E+44 -0.24716E+43      -8.2139220      5.2728897      0.5000000
 3      2.00000  0.36770E+44  0.36032E+44  0.73778E+42       2.0064707      5.2728897      0.5000000
 3      3.00000  0.37850E+44  0.36706E+44  0.11438E+43       3.0218120      5.2728897      0.5000000
 3      5.00000  0.37860E+44  0.36309E+44  0.15505E+43       4.0953719      5.2728897      0.5000000
 3     10.00000  0.29640E+44  0.29575E+44  0.64891E+41       0.2189296      5.2728897      0.5000000
 3     30.00000  0.12360E+44  0.13336E+44 -0.97571E+42      -7.8940866      5.2728897      0.5000000
  
 4      1.00000  0.30090E+44  0.32562E+44 -0.24716E+43      -8.2139220      5.2728897      5.0000000
 4      2.00000  0.36770E+44  0.36032E+44  0.73778E+42       2.0064707      5.2728897      5.0000000
 4      3.00000  0.37850E+44  0.36706E+44  0.11438E+43       3.0218120      5.2728897      5.0000000
 4      5.00000  0.37860E+44  0.36309E+44  0.15505E+43       4.0953719      5.2728897      5.0000000
 4     10.00000  0.29640E+44  0.29575E+44  0.64891E+41       0.2189296      5.2728897      5.0000000
 4     30.00000  0.12360E+44  0.13336E+44 -0.97571E+42      -7.8940866      5.2728897      5.0000000
  
 5      1.00000  0.30090E+44  0.32562E+44 -0.24716E+43      -8.2139220      5.2728897     50.0000000
 5      2.00000  0.36770E+44  0.36032E+44  0.73778E+42       2.0064707      5.2728897     50.0000000
 5      3.00000  0.37850E+44  0.36706E+44  0.11438E+43       3.0218120      5.2728897     50.0000000
 5      5.00000  0.37860E+44  0.36309E+44  0.15505E+43       4.0953719      5.2728897     50.0000000
 5     10.00000  0.29640E+44  0.29575E+44  0.64891E+41       0.2189296      5.2728897     50.0000000
 5     30.00000  0.12360E+44  0.13336E+44 -0.97571E+42      -7.8940866      5.2728897     50.0000000
  
 6      1.00000  0.30090E+44  0.32562E+44 -0.24716E+43      -8.2139220      5.2728897    500.0000000
 6      2.00000  0.36770E+44  0.36032E+44  0.73778E+42       2.0064707      5.2728897    500.0000000
 6      3.00000  0.37850E+44  0.36706E+44  0.11438E+43       3.0218120      5.2728897    500.0000000
 6      5.00000  0.37860E+44  0.36309E+44  0.15505E+43       4.0953719      5.2728897    500.0000000
 6     10.00000  0.29640E+44  0.29575E+44  0.64891E+41       0.2189296      5.2728897    500.0000000
 6     30.00000  0.12360E+44  0.13336E+44 -0.97571E+42      -7.8940866      5.2728897    500.0000000
  
 7      1.00000  0.30090E+44  0.29833E+44  0.25736E+42       0.8552924      3.4343019    250.0000000
 7      2.00000  0.36770E+44  0.35030E+44  0.17400E+43       4.7321488      3.4343019    250.0000000
 7      3.00000  0.37850E+44  0.36822E+44  0.10276E+43       2.7150577      3.4343019    250.0000000
 7      5.00000  0.37860E+44  0.37060E+44  0.80015E+42       2.1134516      3.4343019    250.0000000
 7     10.00000  0.29640E+44  0.30064E+44 -0.42441E+42      -1.4318899      3.4343019    250.0000000
 7     30.00000  0.12360E+44  0.13434E+44 -0.10737E+43      -8.6872061      3.4343019    250.0000000
  
 8      1.00000  0.30090E+44  0.29833E+44  0.25736E+42       0.8552924      3.4343019   2500.0000000
 8      2.00000  0.36770E+44  0.35030E+44  0.17400E+43       4.7321488      3.4343019   2500.0000000
 8      3.00000  0.37850E+44  0.36822E+44  0.10276E+43       2.7150577      3.4343019   2500.0000000
 8      5.00000  0.37860E+44  0.37060E+44  0.80015E+42       2.1134516      3.4343019   2500.0000000
 8     10.00000  0.29640E+44  0.30064E+44 -0.42441E+42      -1.4318899      3.4343019   2500.0000000
 8     30.00000  0.12360E+44  0.13434E+44 -0.10737E+43      -8.6872061      3.4343019   2500.0000000
  
 9      1.00000  0.30090E+44  0.30212E+44 -0.12210E+42      -0.4057760      2.2296072   1250.0000000
 9      2.00000  0.36770E+44  0.35484E+44  0.12860E+43       3.4975406      2.2296072   1250.0000000
 9      3.00000  0.37850E+44  0.37282E+44  0.56787E+42       1.5003165      2.2296072   1250.0000000
 9      5.00000  0.37860E+44  0.37430E+44  0.43045E+42       1.1369450      2.2296072   1250.0000000
 9     10.00000  0.29640E+44  0.30228E+44 -0.58807E+42      -1.9840340      2.2296072   1250.0000000
 9     30.00000  0.12360E+44  0.13453E+44 -0.10929E+43      -8.8420314      2.2296072   1250.0000000
  
