 1      1.00000  0.28810E+44  0.23801E+44  0.50089E+43      17.3860817     19.5184553      0.1000000
 1      2.00000  0.29760E+44  0.26309E+44  0.34506E+43      11.5947928     19.5184553      0.1000000
 1      3.00000  0.30300E+44  0.28534E+44  0.17664E+43       5.8297942     19.5184553      0.1000000
 1      5.00000  0.29790E+44  0.29678E+44  0.11152E+42       0.3743503     19.5184553      0.1000000
 1     10.00000  0.23560E+44  0.23787E+44 -0.22712E+42      -0.9640138     19.5184553      0.1000000
 1     30.00000  0.93490E+43  0.79268E+43  0.14222E+43      15.2125774     19.5184553      0.1000000
  
 2      1.00000  0.28810E+44  0.23801E+44  0.50089E+43      17.3860817     19.5184553      1.0000000
 2      2.00000  0.29760E+44  0.26309E+44  0.34506E+43      11.5947928     19.5184553      1.0000000
 2      3.00000  0.30300E+44  0.28534E+44  0.17664E+43       5.8297942     19.5184553      1.0000000
 2      5.00000  0.29790E+44  0.29678E+44  0.11152E+42       0.3743503     19.5184553      1.0000000
 2     10.00000  0.23560E+44  0.23787E+44 -0.22712E+42      -0.9640138     19.5184553      1.0000000
 2     30.00000  0.93490E+43  0.79268E+43  0.14222E+43      15.2125774     19.5184553      1.0000000
  
 3      1.00000  0.28810E+44  0.30290E+44 -0.14804E+43      -5.1385323      2.4335657      0.5000000
 3      2.00000  0.29760E+44  0.30242E+44 -0.48175E+42      -1.6187837      2.4335657      0.5000000
 3      3.00000  0.30300E+44  0.30573E+44 -0.27281E+42      -0.9003731      2.4335657      0.5000000
 3      5.00000  0.29790E+44  0.30076E+44 -0.28603E+42      -0.9601706      2.4335657      0.5000000
 3     10.00000  0.23560E+44  0.23654E+44 -0.94263E+41      -0.4000976      2.4335657      0.5000000
 3     30.00000  0.93490E+43  0.78813E+43  0.14677E+43      15.6993500      2.4335657      0.5000000
  
 4      1.00000  0.28810E+44  0.28899E+44 -0.89024E+41      -0.3090022      1.3179756      0.2500000
 4      2.00000  0.29760E+44  0.29629E+44  0.13127E+42       0.4411044      1.3179756      0.2500000
 4      3.00000  0.30300E+44  0.30279E+44  0.21033E+41       0.0694153      1.3179756      0.2500000
 4      5.00000  0.29790E+44  0.30002E+44 -0.21189E+42      -0.7112689      1.3179756      0.2500000
 4     10.00000  0.23560E+44  0.23658E+44 -0.98137E+41      -0.4165403      1.3179756      0.2500000
 4     30.00000  0.93490E+43  0.78854E+43  0.14636E+43      15.6556790      1.3179756      0.2500000
  
 5      1.00000  0.28810E+44  0.28861E+44 -0.51112E+41      -0.1774110      1.3166355      0.1250000
 5      2.00000  0.29760E+44  0.29620E+44  0.13966E+42       0.4692877      1.3166355      0.1250000
 5      3.00000  0.30300E+44  0.30277E+44  0.22996E+41       0.0758930      1.3166355      0.1250000
 5      5.00000  0.29790E+44  0.29999E+44 -0.20903E+42      -0.7016655      1.3166355      0.1250000
 5     10.00000  0.23560E+44  0.23656E+44 -0.95960E+41      -0.4072994      1.3166355      0.1250000
 5     30.00000  0.93490E+43  0.78852E+43  0.14638E+43      15.6578135      1.3166355      0.1250000
  
