 1      1.00000  0.44350E+44  0.29497E+44  0.14853E+44      33.4911081    381.8387942      0.1000000
 1      2.00000  0.47460E+44  0.30070E+44  0.17390E+44      36.6423128    381.8387942      0.1000000
 1      3.00000  0.47550E+44  0.29792E+44  0.17758E+44      37.3459663    381.8387942      0.1000000
 1      5.00000  0.42240E+44  0.27261E+44  0.14979E+44      35.4617511    381.8387942      0.1000000
 1     10.00000  0.32850E+44  0.19280E+44  0.13570E+44      41.3077113    381.8387942      0.1000000
 1     30.00000  0.54280E+43  0.61910E+43 -0.76298E+42     -14.0563615    381.8387942      0.1000000
  
 2      1.00000  0.44350E+44  0.47872E+44 -0.35224E+43      -7.9422392     37.1045289      0.0500000
 2      2.00000  0.47460E+44  0.47431E+44  0.29075E+41       0.0612612     37.1045289      0.0500000
 2      3.00000  0.47550E+44  0.45086E+44  0.24638E+43       5.1814809     37.1045289      0.0500000
 2      5.00000  0.42240E+44  0.38337E+44  0.39035E+43       9.2411529     37.1045289      0.0500000
 2     10.00000  0.32850E+44  0.24576E+44  0.82744E+43      25.1884546     37.1045289      0.0500000
 2     30.00000  0.54280E+43  0.71328E+43 -0.17048E+43     -31.4074556     37.1045289      0.0500000
  
 3      1.00000  0.44350E+44  0.43595E+44  0.75512E+42       1.7026418     28.2352463      0.0250000
 3      2.00000  0.47460E+44  0.45256E+44  0.22039E+43       4.6437794     28.2352463      0.0250000
 3      3.00000  0.47550E+44  0.44921E+44  0.26287E+43       5.5283749     28.2352463      0.0250000
 3      5.00000  0.42240E+44  0.39492E+44  0.27485E+43       6.5068109     28.2352463      0.0250000
 3     10.00000  0.32850E+44  0.25568E+44  0.72820E+43      22.1674890     28.2352463      0.0250000
 3     30.00000  0.54280E+43  0.74156E+43 -0.19876E+43     -36.6182382     28.2352463      0.0250000
  
 4      1.00000  0.44350E+44  0.44244E+44  0.10596E+42       0.2389269     22.1252938      0.0125000
 4      2.00000  0.47460E+44  0.46221E+44  0.12393E+43       2.6112848     22.1252938      0.0125000
 4      3.00000  0.47550E+44  0.45979E+44  0.15711E+43       3.3040595     22.1252938      0.0125000
 4      5.00000  0.42240E+44  0.40390E+44  0.18505E+43       4.3808176     22.1252938      0.0125000
 4     10.00000  0.32850E+44  0.26029E+44  0.68215E+43      20.7655153     22.1252938      0.0125000
 4     30.00000  0.54280E+43  0.74891E+43 -0.20611E+43     -37.9724136     22.1252938      0.0125000
  
 5      1.00000  0.44350E+44  0.44244E+44  0.10596E+42       0.2389269     22.1252938      0.1250000
 5      2.00000  0.47460E+44  0.46221E+44  0.12393E+43       2.6112848     22.1252938      0.1250000
 5      3.00000  0.47550E+44  0.45979E+44  0.15711E+43       3.3040595     22.1252938      0.1250000
 5      5.00000  0.42240E+44  0.40390E+44  0.18505E+43       4.3808176     22.1252938      0.1250000
 5     10.00000  0.32850E+44  0.26029E+44  0.68215E+43      20.7655153     22.1252938      0.1250000
 5     30.00000  0.54280E+43  0.74891E+43 -0.20611E+43     -37.9724136     22.1252938      0.1250000
  
 6      1.00000  0.44350E+44  0.44244E+44  0.10596E+42       0.2389269     22.1252938      1.2500000
 6      2.00000  0.47460E+44  0.46221E+44  0.12393E+43       2.6112848     22.1252938      1.2500000
 6      3.00000  0.47550E+44  0.45979E+44  0.15711E+43       3.3040595     22.1252938      1.2500000
 6      5.00000  0.42240E+44  0.40390E+44  0.18505E+43       4.3808176     22.1252938      1.2500000
 6     10.00000  0.32850E+44  0.26029E+44  0.68215E+43      20.7655153     22.1252938      1.2500000
 6     30.00000  0.54280E+43  0.74891E+43 -0.20611E+43     -37.9724136     22.1252938      1.2500000
  
 7      1.00000  0.44350E+44  0.44244E+44  0.10596E+42       0.2389269     22.1252938     12.5000000
 7      2.00000  0.47460E+44  0.46221E+44  0.12393E+43       2.6112848     22.1252938     12.5000000
 7      3.00000  0.47550E+44  0.45979E+44  0.15711E+43       3.3040595     22.1252938     12.5000000
 7      5.00000  0.42240E+44  0.40390E+44  0.18505E+43       4.3808176     22.1252938     12.5000000
 7     10.00000  0.32850E+44  0.26029E+44  0.68215E+43      20.7655153     22.1252938     12.5000000
 7     30.00000  0.54280E+43  0.74891E+43 -0.20611E+43     -37.9724136     22.1252938     12.5000000
  
 8      1.00000  0.44350E+44  0.44244E+44  0.10596E+42       0.2389269     22.1252938    125.0000000
 8      2.00000  0.47460E+44  0.46221E+44  0.12393E+43       2.6112848     22.1252938    125.0000000
 8      3.00000  0.47550E+44  0.45979E+44  0.15711E+43       3.3040595     22.1252938    125.0000000
 8      5.00000  0.42240E+44  0.40390E+44  0.18505E+43       4.3808176     22.1252938    125.0000000
 8     10.00000  0.32850E+44  0.26029E+44  0.68215E+43      20.7655153     22.1252938    125.0000000
 8     30.00000  0.54280E+43  0.74891E+43 -0.20611E+43     -37.9724136     22.1252938    125.0000000
  
 9      1.00000  0.44350E+44  0.44530E+44 -0.17996E+42      -0.4057746     21.5003159     62.5000000
 9      2.00000  0.47460E+44  0.46411E+44  0.10492E+43       2.2106338     21.5003159     62.5000000
 9      3.00000  0.47550E+44  0.46130E+44  0.14204E+43       2.9872319     21.5003159     62.5000000
 9      5.00000  0.42240E+44  0.40497E+44  0.17433E+43       4.1271033     21.5003159     62.5000000
 9     10.00000  0.32850E+44  0.26081E+44  0.67690E+43      20.6058663     21.5003159     62.5000000
 9     30.00000  0.54280E+43  0.75001E+43 -0.20721E+43     -38.1746868     21.5003159     62.5000000
  
10      1.00000  0.44350E+44  0.44530E+44 -0.17996E+42      -0.4057746     21.5003159    625.0000000
10      2.00000  0.47460E+44  0.46411E+44  0.10492E+43       2.2106338     21.5003159    625.0000000
10      3.00000  0.47550E+44  0.46130E+44  0.14204E+43       2.9872319     21.5003159    625.0000000
10      5.00000  0.42240E+44  0.40497E+44  0.17433E+43       4.1271033     21.5003159    625.0000000
10     10.00000  0.32850E+44  0.26081E+44  0.67690E+43      20.6058663     21.5003159    625.0000000
10     30.00000  0.54280E+43  0.75001E+43 -0.20721E+43     -38.1746868     21.5003159    625.0000000
  
11      1.00000  0.44350E+44  0.44514E+44 -0.16351E+42      -0.3686844     19.9417724    312.5000000
11      2.00000  0.47460E+44  0.46731E+44  0.72893E+42       1.5358754     19.9417724    312.5000000
11      3.00000  0.47550E+44  0.46526E+44  0.10239E+43       2.1532597     19.9417724    312.5000000
11      5.00000  0.42240E+44  0.40828E+44  0.14118E+43       3.3423730     19.9417724    312.5000000
11     10.00000  0.32850E+44  0.26240E+44  0.66097E+43      20.1207787     19.9417724    312.5000000
11     30.00000  0.54280E+43  0.75126E+43 -0.20846E+43     -38.4047938     19.9417724    312.5000000
  
12      1.00000  0.44350E+44  0.44514E+44 -0.16351E+42      -0.3686844     19.9417724   3125.0000000
12      2.00000  0.47460E+44  0.46731E+44  0.72893E+42       1.5358754     19.9417724   3125.0000000
12      3.00000  0.47550E+44  0.46526E+44  0.10239E+43       2.1532597     19.9417724   3125.0000000
12      5.00000  0.42240E+44  0.40828E+44  0.14118E+43       3.3423730     19.9417724   3125.0000000
12     10.00000  0.32850E+44  0.26240E+44  0.66097E+43      20.1207787     19.9417724   3125.0000000
12     30.00000  0.54280E+43  0.75126E+43 -0.20846E+43     -38.4047938     19.9417724   3125.0000000
  
13      1.00000  0.44350E+44  0.44490E+44 -0.13966E+42      -0.3149033     17.8798724   1562.5000000
13      2.00000  0.47460E+44  0.47276E+44  0.18373E+42       0.3871158     17.8798724   1562.5000000
13      3.00000  0.47550E+44  0.47198E+44  0.35202E+42       0.7403227     17.8798724   1562.5000000
13      5.00000  0.42240E+44  0.41386E+44  0.85379E+42       2.0212910     17.8798724   1562.5000000
13     10.00000  0.32850E+44  0.26506E+44  0.63436E+43      19.3107009     17.8798724   1562.5000000
13     30.00000  0.54280E+43  0.75320E+43 -0.21040E+43     -38.7612944     17.8798724   1562.5000000
  
14      1.00000  0.44350E+44  0.44490E+44 -0.13966E+42      -0.3149033     17.8798724  15625.0000000
14      2.00000  0.47460E+44  0.47276E+44  0.18373E+42       0.3871158     17.8798724  15625.0000000
14      3.00000  0.47550E+44  0.47198E+44  0.35202E+42       0.7403227     17.8798724  15625.0000000
14      5.00000  0.42240E+44  0.41386E+44  0.85379E+42       2.0212910     17.8798724  15625.0000000
14     10.00000  0.32850E+44  0.26506E+44  0.63436E+43      19.3107009     17.8798724  15625.0000000
14     30.00000  0.54280E+43  0.75320E+43 -0.21040E+43     -38.7612944     17.8798724  15625.0000000
  
15      1.00000  0.44350E+44  0.44556E+44 -0.20646E+42      -0.4655256     16.7335265   7812.5000000
15      2.00000  0.47460E+44  0.47768E+44 -0.30829E+42      -0.6495828     16.7335265   7812.5000000
15      3.00000  0.47550E+44  0.47771E+44 -0.22098E+42      -0.4647356     16.7335265   7812.5000000
15      5.00000  0.42240E+44  0.41848E+44  0.39245E+42       0.9290879     16.7335265   7812.5000000
15     10.00000  0.32850E+44  0.26722E+44  0.61285E+43      18.6558839     16.7335265   7812.5000000
15     30.00000  0.54280E+43  0.75453E+43 -0.21173E+43     -39.0072506     16.7335265   7812.5000000
  
