 1      1.00000  0.29770E+44  0.27764E+44  0.20065E+43       6.7398859      9.9433559      0.1000000
 1      2.00000  0.30280E+44  0.31375E+44 -0.10954E+43      -3.6175301      9.9433559      0.1000000
 1      3.00000  0.32000E+44  0.34852E+44 -0.28515E+43      -8.9109599      9.9433559      0.1000000
 1      5.00000  0.33540E+44  0.36774E+44 -0.32337E+43      -9.6414512      9.9433559      0.1000000
 1     10.00000  0.29060E+44  0.29382E+44 -0.32157E+42      -1.1065684      9.9433559      0.1000000
 1     30.00000  0.13260E+44  0.12158E+44  0.11021E+43       8.3111017      9.9433559      0.1000000
  
 2      1.00000  0.29770E+44  0.27764E+44  0.20065E+43       6.7398859      9.9433559      1.0000000
 2      2.00000  0.30280E+44  0.31375E+44 -0.10954E+43      -3.6175301      9.9433559      1.0000000
 2      3.00000  0.32000E+44  0.34852E+44 -0.28515E+43      -8.9109599      9.9433559      1.0000000
 2      5.00000  0.33540E+44  0.36774E+44 -0.32337E+43      -9.6414512      9.9433559      1.0000000
 2     10.00000  0.29060E+44  0.29382E+44 -0.32157E+42      -1.1065684      9.9433559      1.0000000
 2     30.00000  0.13260E+44  0.12158E+44  0.11021E+43       8.3111017      9.9433559      1.0000000
  
 3      1.00000  0.29770E+44  0.30233E+44 -0.46283E+42      -1.5546813      1.4371136      0.5000000
 3      2.00000  0.30280E+44  0.30760E+44 -0.47965E+42      -1.5840574      1.4371136      0.5000000
 3      3.00000  0.32000E+44  0.32565E+44 -0.56513E+42      -1.7660322      1.4371136      0.5000000
 3      5.00000  0.33540E+44  0.34150E+44 -0.60998E+42      -1.8186730      1.4371136      0.5000000
 3     10.00000  0.29060E+44  0.28188E+44  0.87172E+42       2.9997156      1.4371136      0.5000000
 3     30.00000  0.13260E+44  0.12027E+44  0.12327E+43       9.2962968      1.4371136      0.5000000
  
 4      1.00000  0.29770E+44  0.29723E+44  0.46897E+41       0.1575301      1.1308506      0.2500000
 4      2.00000  0.30280E+44  0.30212E+44  0.68357E+41       0.2257491      1.1308506      0.2500000
 4      3.00000  0.32000E+44  0.32171E+44 -0.17100E+42      -0.5343787      1.1308506      0.2500000
 4      5.00000  0.33540E+44  0.33984E+44 -0.44357E+42      -1.3225067      1.1308506      0.2500000
 4     10.00000  0.29060E+44  0.28140E+44  0.91988E+42       3.1654602      1.1308506      0.2500000
 4     30.00000  0.13260E+44  0.12027E+44  0.12328E+43       9.2974364      1.1308506      0.2500000
  
 5      1.00000  0.29770E+44  0.29702E+44  0.68482E+41       0.2300358      1.1307143      0.1250000
 5      2.00000  0.30280E+44  0.30205E+44  0.75359E+41       0.2488727      1.1307143      0.1250000
 5      3.00000  0.32000E+44  0.32162E+44 -0.16169E+42      -0.5052707      1.1307143      0.1250000
 5      5.00000  0.33540E+44  0.33971E+44 -0.43135E+42      -1.2860838      1.1307143      0.1250000
 5     10.00000  0.29060E+44  0.28135E+44  0.92489E+42       3.1826951      1.1307143      0.1250000
 5     30.00000  0.13260E+44  0.12027E+44  0.12331E+43       9.2997575      1.1307143      0.1250000
  
