 1      1.00000  0.32780E+44  0.19438E+44  0.13342E+44      40.7030248    277.7132513      0.1000000
 1      2.00000  0.32600E+44  0.20747E+44  0.11853E+44      36.3573755    277.7132513      0.1000000
 1      3.00000  0.31980E+44  0.21543E+44  0.10437E+44      32.6356087    277.7132513      0.1000000
 1      5.00000  0.28630E+44  0.20928E+44  0.77022E+43      26.9025946    277.7132513      0.1000000
 1     10.00000  0.19820E+44  0.14734E+44  0.50865E+43      25.6634132    277.7132513      0.1000000
 1     30.00000 -0.11360E+43  0.84609E+42 -0.19821E+43     174.4797790    277.7132513      0.1000000
  
 2      1.00000  0.32780E+44  0.30366E+44  0.24137E+43       7.3633851      6.8279083      0.0500000
 2      2.00000  0.32600E+44  0.32526E+44  0.73578E+41       0.2256981      6.8279083      0.0500000
 2      3.00000  0.31980E+44  0.32885E+44 -0.90525E+42      -2.8306758      6.8279083      0.0500000
 2      5.00000  0.28630E+44  0.29768E+44 -0.11385E+43      -3.9764523      6.8279083      0.0500000
 2     10.00000  0.19820E+44  0.19073E+44  0.74676E+42       3.7677166      6.8279083      0.0500000
 2     30.00000 -0.11360E+43  0.14680E+43 -0.26040E+43     229.2296963      6.8279083      0.0500000
  
 3      1.00000  0.32780E+44  0.33037E+44 -0.25716E+42      -0.7844939      3.0997744      0.0250000
 3      2.00000  0.32600E+44  0.32605E+44 -0.46674E+40      -0.0143171      3.0997744      0.0250000
 3      3.00000  0.31980E+44  0.32258E+44 -0.27764E+42      -0.8681657      3.0997744      0.0250000
 3      5.00000  0.28630E+44  0.29019E+44 -0.38892E+42      -1.3584207      3.0997744      0.0250000
 3     10.00000  0.19820E+44  0.18629E+44  0.11911E+43       6.0094544      3.0997744      0.0250000
 3     30.00000 -0.11360E+43  0.13688E+43 -0.25048E+43     220.4939296      3.0997744      0.0250000
  
 4      1.00000  0.32780E+44  0.32733E+44  0.46919E+41       0.1431334      3.0489798      0.0125000
 4      2.00000  0.32600E+44  0.32493E+44  0.10678E+42       0.3275333      3.0489798      0.0125000
 4      3.00000  0.31980E+44  0.32218E+44 -0.23825E+42      -0.7449851      3.0489798      0.0125000
 4      5.00000  0.28630E+44  0.29020E+44 -0.38977E+42      -1.3614181      3.0489798      0.0125000
 4     10.00000  0.19820E+44  0.18637E+44  0.11825E+43       5.9663327      3.0489798      0.0125000
 4     30.00000 -0.11360E+43  0.13706E+43 -0.25066E+43     220.6500396      3.0489798      0.0125000
  
 5      1.00000  0.32780E+44  0.32735E+44  0.45196E+41       0.1378759      3.0488996      0.0062500
 5      2.00000  0.32600E+44  0.32494E+44  0.10645E+42       0.3265392      3.0488996      0.0062500
 5      3.00000  0.31980E+44  0.32218E+44 -0.23807E+42      -0.7444293      3.0488996      0.0062500
 5      5.00000  0.28630E+44  0.29019E+44 -0.38943E+42      -1.3602091      3.0488996      0.0062500
 5     10.00000  0.19820E+44  0.18637E+44  0.11828E+43       5.9678374      3.0488996      0.0062500
 5     30.00000 -0.11360E+43  0.13704E+43 -0.25064E+43     220.6375097      3.0488996      0.0062500
  
 6      1.00000  0.32780E+44  0.32735E+44  0.45206E+41       0.1379074      3.0488910      0.0031250
 6      2.00000  0.32600E+44  0.32494E+44  0.10648E+42       0.3266129      3.0488910      0.0031250
 6      3.00000  0.31980E+44  0.32218E+44 -0.23807E+42      -0.7444236      3.0488910      0.0031250
 6      5.00000  0.28630E+44  0.29019E+44 -0.38945E+42      -1.3602753      3.0488910      0.0031250
 6     10.00000  0.19820E+44  0.18637E+44  0.11828E+43       5.9677689      3.0488910      0.0031250
 6     30.00000 -0.11360E+43  0.13704E+43 -0.25064E+43     220.6372835      3.0488910      0.0031250
  
 7      1.00000  0.32780E+44  0.32735E+44  0.45218E+41       0.1379448      3.0488882      0.0015625
 7      2.00000  0.32600E+44  0.32494E+44  0.10649E+42       0.3266543      3.0488882      0.0015625
 7      3.00000  0.31980E+44  0.32218E+44 -0.23807E+42      -0.7444337      3.0488882      0.0015625
 7      5.00000  0.28630E+44  0.29019E+44 -0.38946E+42      -1.3603201      3.0488882      0.0015625
 7     10.00000  0.19820E+44  0.18637E+44  0.11828E+43       5.9677433      3.0488882      0.0015625
 7     30.00000 -0.11360E+43  0.13704E+43 -0.25064E+43     220.6369586      3.0488882      0.0015625
  
 8      1.00000  0.32780E+44  0.32735E+44  0.45218E+41       0.1379448      3.0488882      0.0156250
 8      2.00000  0.32600E+44  0.32494E+44  0.10649E+42       0.3266543      3.0488882      0.0156250
 8      3.00000  0.31980E+44  0.32218E+44 -0.23807E+42      -0.7444337      3.0488882      0.0156250
 8      5.00000  0.28630E+44  0.29019E+44 -0.38946E+42      -1.3603201      3.0488882      0.0156250
 8     10.00000  0.19820E+44  0.18637E+44  0.11828E+43       5.9677433      3.0488882      0.0156250
 8     30.00000 -0.11360E+43  0.13704E+43 -0.25064E+43     220.6369586      3.0488882      0.0156250
  
 9      1.00000  0.32780E+44  0.32735E+44  0.45218E+41       0.1379448      3.0488882      0.1562500
 9      2.00000  0.32600E+44  0.32494E+44  0.10649E+42       0.3266543      3.0488882      0.1562500
 9      3.00000  0.31980E+44  0.32218E+44 -0.23807E+42      -0.7444337      3.0488882      0.1562500
 9      5.00000  0.28630E+44  0.29019E+44 -0.38946E+42      -1.3603201      3.0488882      0.1562500
 9     10.00000  0.19820E+44  0.18637E+44  0.11828E+43       5.9677433      3.0488882      0.1562500
 9     30.00000 -0.11360E+43  0.13704E+43 -0.25064E+43     220.6369586      3.0488882      0.1562500
  
10      1.00000  0.32780E+44  0.32735E+44  0.45218E+41       0.1379448      3.0488882      1.5625000
10      2.00000  0.32600E+44  0.32494E+44  0.10649E+42       0.3266543      3.0488882      1.5625000
10      3.00000  0.31980E+44  0.32218E+44 -0.23807E+42      -0.7444337      3.0488882      1.5625000
10      5.00000  0.28630E+44  0.29019E+44 -0.38946E+42      -1.3603201      3.0488882      1.5625000
10     10.00000  0.19820E+44  0.18637E+44  0.11828E+43       5.9677433      3.0488882      1.5625000
10     30.00000 -0.11360E+43  0.13704E+43 -0.25064E+43     220.6369586      3.0488882      1.5625000
  
11      1.00000  0.32780E+44  0.32735E+44  0.45218E+41       0.1379448      3.0488882     15.6250000
11      2.00000  0.32600E+44  0.32494E+44  0.10649E+42       0.3266543      3.0488882     15.6250000
11      3.00000  0.31980E+44  0.32218E+44 -0.23807E+42      -0.7444337      3.0488882     15.6250000
11      5.00000  0.28630E+44  0.29019E+44 -0.38946E+42      -1.3603201      3.0488882     15.6250000
11     10.00000  0.19820E+44  0.18637E+44  0.11828E+43       5.9677433      3.0488882     15.6250000
11     30.00000 -0.11360E+43  0.13704E+43 -0.25064E+43     220.6369586      3.0488882     15.6250000
  
12      1.00000  0.32780E+44  0.32735E+44  0.45218E+41       0.1379448      3.0488882    156.2500000
12      2.00000  0.32600E+44  0.32494E+44  0.10649E+42       0.3266543      3.0488882    156.2500000
12      3.00000  0.31980E+44  0.32218E+44 -0.23807E+42      -0.7444337      3.0488882    156.2500000
12      5.00000  0.28630E+44  0.29019E+44 -0.38946E+42      -1.3603201      3.0488882    156.2500000
12     10.00000  0.19820E+44  0.18637E+44  0.11828E+43       5.9677433      3.0488882    156.2500000
12     30.00000 -0.11360E+43  0.13704E+43 -0.25064E+43     220.6369586      3.0488882    156.2500000
  
13      1.00000  0.32780E+44  0.32735E+44  0.45218E+41       0.1379448      3.0488882   1562.5000000
13      2.00000  0.32600E+44  0.32494E+44  0.10649E+42       0.3266543      3.0488882   1562.5000000
13      3.00000  0.31980E+44  0.32218E+44 -0.23807E+42      -0.7444337      3.0488882   1562.5000000
13      5.00000  0.28630E+44  0.29019E+44 -0.38946E+42      -1.3603201      3.0488882   1562.5000000
13     10.00000  0.19820E+44  0.18637E+44  0.11828E+43       5.9677433      3.0488882   1562.5000000
13     30.00000 -0.11360E+43  0.13704E+43 -0.25064E+43     220.6369586      3.0488882   1562.5000000
  
14      1.00000  0.32780E+44  0.32735E+44  0.45208E+41       0.1379120      3.0488881    781.2500000
14      2.00000  0.32600E+44  0.32494E+44  0.10648E+42       0.3266309      3.0488881    781.2500000
14      3.00000  0.31980E+44  0.32218E+44 -0.23808E+42      -0.7444612      3.0488881    781.2500000
14      5.00000  0.28630E+44  0.29019E+44 -0.38947E+42      -1.3603506      3.0488881    781.2500000
14     10.00000  0.19820E+44  0.18637E+44  0.11828E+43       5.9677171      3.0488881    781.2500000
14     30.00000 -0.11360E+43  0.13704E+43 -0.25064E+43     220.6370739      3.0488881    781.2500000
  
15      1.00000  0.32780E+44  0.32735E+44  0.45208E+41       0.1379120      3.0488881   7812.5000000
15      2.00000  0.32600E+44  0.32494E+44  0.10648E+42       0.3266309      3.0488881   7812.5000000
15      3.00000  0.31980E+44  0.32218E+44 -0.23808E+42      -0.7444612      3.0488881   7812.5000000
15      5.00000  0.28630E+44  0.29019E+44 -0.38947E+42      -1.3603506      3.0488881   7812.5000000
15     10.00000  0.19820E+44  0.18637E+44  0.11828E+43       5.9677171      3.0488881   7812.5000000
15     30.00000 -0.11360E+43  0.13704E+43 -0.25064E+43     220.6370739      3.0488881   7812.5000000
  
