 1      1.00000  0.38050E+44  0.25081E+44  0.12969E+44      34.0846387    135.4368367      0.1000000
 1      2.00000  0.37970E+44  0.28072E+44  0.98977E+43      26.0670576    135.4368367      0.1000000
 1      3.00000  0.38220E+44  0.30796E+44  0.74237E+43      19.4235506    135.4368367      0.1000000
 1      5.00000  0.35920E+44  0.32424E+44  0.34957E+43       9.7317956    135.4368367      0.1000000
 1     10.00000  0.28010E+44  0.26436E+44  0.15744E+43       5.6207569    135.4368367      0.1000000
 1     30.00000  0.10720E+44  0.10121E+44  0.59909E+42       5.5885220    135.4368367      0.1000000
  
 2      1.00000  0.38050E+44  0.25643E+44  0.12407E+44      32.6072209    118.6457129      0.0500000
 2      2.00000  0.37970E+44  0.28732E+44  0.92376E+43      24.3285570    118.6457129      0.0500000
 2      3.00000  0.38220E+44  0.31493E+44  0.67272E+43      17.6013723    118.6457129      0.0500000
 2      5.00000  0.35920E+44  0.32996E+44  0.29243E+43       8.1410956    118.6457129      0.0500000
 2     10.00000  0.28010E+44  0.26700E+44  0.13103E+43       4.6779951    118.6457129      0.0500000
 2     30.00000  0.10720E+44  0.10158E+44  0.56165E+42       5.2392693    118.6457129      0.0500000
  
 3      1.00000  0.38050E+44  0.47325E+44 -0.92753E+43     -24.3764999     37.9514356      0.0250000
 3      2.00000  0.37970E+44  0.40903E+44 -0.29326E+43      -7.7235360     37.9514356      0.0250000
 3      3.00000  0.38220E+44  0.39075E+44 -0.85519E+42      -2.2375493     37.9514356      0.0250000
 3      5.00000  0.35920E+44  0.36591E+44 -0.67081E+42      -1.8675212     37.9514356      0.0250000
 3     10.00000  0.28010E+44  0.27780E+44  0.23034E+42       0.8223413     37.9514356      0.0250000
 3     30.00000  0.10720E+44  0.10223E+44  0.49695E+42       4.6357211     37.9514356      0.0250000
  
 4      1.00000  0.38050E+44  0.39145E+44 -0.10954E+43      -2.8787681      0.7718542      0.0125000
 4      2.00000  0.37970E+44  0.38108E+44 -0.13802E+42      -0.3635050      0.7718542      0.0125000
 4      3.00000  0.38220E+44  0.37959E+44  0.26093E+42       0.6827011      0.7718542      0.0125000
 4      5.00000  0.35920E+44  0.36413E+44 -0.49326E+42      -1.3732075      0.7718542      0.0125000
 4     10.00000  0.28010E+44  0.27854E+44  0.15564E+42       0.5556486      0.7718542      0.0125000
 4     30.00000  0.10720E+44  0.10259E+44  0.46106E+42       4.3009473      0.7718542      0.0125000
  
 5      1.00000  0.38050E+44  0.38128E+44 -0.78498E+41      -0.2063025      0.3167410      0.0062500
 5      2.00000  0.37970E+44  0.37894E+44  0.76278E+41       0.2008907      0.3167410      0.0062500
 5      3.00000  0.38220E+44  0.37935E+44  0.28477E+42       0.7450710      0.3167410      0.0062500
 5      5.00000  0.35920E+44  0.36449E+44 -0.52888E+42      -1.4723842      0.3167410      0.0062500
 5     10.00000  0.28010E+44  0.27881E+44  0.12900E+42       0.4605432      0.3167410      0.0062500
 5     30.00000  0.10720E+44  0.10264E+44  0.45558E+42       4.2497882      0.3167410      0.0062500
  
 6      1.00000  0.38050E+44  0.38106E+44 -0.55948E+41      -0.1470372      0.3165302      0.0031250
 6      2.00000  0.37970E+44  0.37886E+44  0.84098E+41       0.2214865      0.3165302      0.0031250
 6      3.00000  0.38220E+44  0.37932E+44  0.28760E+42       0.7524759      0.3165302      0.0031250
 6      5.00000  0.35920E+44  0.36449E+44 -0.52860E+42      -1.4716101      0.3165302      0.0031250
 6     10.00000  0.28010E+44  0.27881E+44  0.12873E+42       0.4595815      0.3165302      0.0031250
 6     30.00000  0.10720E+44  0.10265E+44  0.45549E+42       4.2489898      0.3165302      0.0031250
  
