 1      1.00000  0.22940E+44  0.21659E+44  0.12815E+43       5.5862405     15.5245868      0.1000000
 1      2.00000  0.26660E+44  0.23301E+44  0.33594E+43      12.6008601     15.5245868      0.1000000
 1      3.00000  0.27340E+44  0.24486E+44  0.28535E+43      10.4372618     15.5245868      0.1000000
 1      5.00000  0.26910E+44  0.24308E+44  0.26022E+43       9.6700960     15.5245868      0.1000000
 1     10.00000  0.20560E+44  0.18071E+44  0.24894E+43      12.1081255     15.5245868      0.1000000
 1     30.00000  0.49440E+43  0.40880E+43  0.85598E+42      17.3134854     15.5245868      0.1000000
  
 2      1.00000  0.22940E+44  0.24749E+44 -0.18094E+43      -7.8875437      2.1495431      0.0500000
 2      2.00000  0.26660E+44  0.26750E+44 -0.90265E+41      -0.3385788      2.1495431      0.0500000
 2      3.00000  0.27340E+44  0.27968E+44 -0.62768E+42      -2.2958455      2.1495431      0.0500000
 2      5.00000  0.26910E+44  0.27159E+44 -0.24910E+42      -0.9256617      2.1495431      0.0500000
 2     10.00000  0.20560E+44  0.19513E+44  0.10474E+43       5.0942183      2.1495431      0.0500000
 2     30.00000  0.49440E+43  0.43803E+43  0.56365E+42      11.4007170      2.1495431      0.0500000
  
 3      1.00000  0.22940E+44  0.23166E+44 -0.22609E+42      -0.9855867      0.8598633      0.0250000
 3      2.00000  0.26660E+44  0.26148E+44  0.51207E+42       1.9207278      0.8598633      0.0250000
 3      3.00000  0.27340E+44  0.27870E+44 -0.53020E+42      -1.9392817      0.8598633      0.0250000
 3      5.00000  0.26910E+44  0.27358E+44 -0.44784E+42      -1.6642314      0.8598633      0.0250000
 3     10.00000  0.20560E+44  0.19697E+44  0.86323E+42       4.1985796      0.8598633      0.0250000
 3     30.00000  0.49440E+43  0.44280E+43  0.51604E+42      10.4376106      0.8598633      0.0250000
  
 4      1.00000  0.22940E+44  0.23089E+44 -0.14949E+42      -0.6516700      0.8565238      0.0125000
 4      2.00000  0.26660E+44  0.26110E+44  0.55050E+42       2.0648873      0.8565238      0.0125000
 4      3.00000  0.27340E+44  0.27849E+44 -0.50862E+42      -1.8603378      0.8565238      0.0125000
 4      5.00000  0.26910E+44  0.27348E+44 -0.43816E+42      -1.6282419      0.8565238      0.0125000
 4     10.00000  0.20560E+44  0.19693E+44  0.86691E+42       4.2165120      0.8565238      0.0125000
 4     30.00000  0.49440E+43  0.44274E+43  0.51664E+42      10.4498983      0.8565238      0.0125000
  
