 1      1.00000  0.47300E+44  0.32127E+44  0.15173E+44      32.0780699    142.4186618      0.1000000
 1      2.00000  0.46730E+44  0.33524E+44  0.13206E+44      28.2594077    142.4186618      0.1000000
 1      3.00000  0.45610E+44  0.34001E+44  0.11609E+44      25.4533154    142.4186618      0.1000000
 1      5.00000  0.41230E+44  0.32087E+44  0.91429E+43      22.1753856    142.4186618      0.1000000
 1     10.00000  0.27760E+44  0.23439E+44  0.43213E+43      15.5666091    142.4186618      0.1000000
 1     30.00000  0.83110E+43  0.77981E+43  0.51294E+42       6.1717994    142.4186618      0.1000000
  
 2      1.00000  0.47300E+44  0.45872E+44  0.14282E+43       3.0194988      0.7829986      0.0500000
 2      2.00000  0.46730E+44  0.47334E+44 -0.60389E+42      -1.2923034      0.7829986      0.0500000
 2      3.00000  0.45610E+44  0.46543E+44 -0.93296E+42      -2.0455120      0.7829986      0.0500000
 2      5.00000  0.41230E+44  0.41096E+44  0.13400E+42       0.3250027      0.7829986      0.0500000
 2     10.00000  0.27760E+44  0.27302E+44  0.45797E+42       1.6497550      0.7829986      0.0500000
 2     30.00000  0.83110E+43  0.81412E+43  0.16984E+42       2.0435786      0.7829986      0.0500000
  
 3      1.00000  0.47300E+44  0.47187E+44  0.11340E+42       0.2397545      0.2426803      0.0250000
 3      2.00000  0.46730E+44  0.47019E+44 -0.28882E+42      -0.6180542      0.2426803      0.0250000
 3      3.00000  0.45610E+44  0.46054E+44 -0.44388E+42      -0.9732090      0.2426803      0.0250000
 3      5.00000  0.41230E+44  0.40759E+44  0.47092E+42       1.1421822      0.2426803      0.0250000
 3     10.00000  0.27760E+44  0.27173E+44  0.58738E+42       2.1159215      0.2426803      0.0250000
 3     30.00000  0.83110E+43  0.81448E+43  0.16619E+42       1.9996126      0.2426803      0.0250000
  
