 1      1.00000  0.35730E+44  0.25402E+44  0.10328E+44      28.9050025     78.4693812      0.1000000
 1      2.00000  0.35800E+44  0.28458E+44  0.73419E+43      20.5081179     78.4693812      0.1000000
 1      3.00000  0.34820E+44  0.31249E+44  0.35711E+43      10.2560002     78.4693812      0.1000000
 1      5.00000  0.33970E+44  0.32929E+44  0.10410E+43       3.0645276     78.4693812      0.1000000
 1     10.00000  0.25900E+44  0.26908E+44 -0.10084E+43      -3.8933315     78.4693812      0.1000000
 1     30.00000  0.88120E+43  0.10528E+44 -0.17165E+43     -19.4790176     78.4693812      0.1000000
  
 2      1.00000  0.35730E+44  0.25402E+44  0.10328E+44      28.9050025     78.4693812      1.0000000
 2      2.00000  0.35800E+44  0.28458E+44  0.73419E+43      20.5081179     78.4693812      1.0000000
 2      3.00000  0.34820E+44  0.31249E+44  0.35711E+43      10.2560002     78.4693812      1.0000000
 2      5.00000  0.33970E+44  0.32929E+44  0.10410E+43       3.0645276     78.4693812      1.0000000
 2     10.00000  0.25900E+44  0.26908E+44 -0.10084E+43      -3.8933315     78.4693812      1.0000000
 2     30.00000  0.88120E+43  0.10528E+44 -0.17165E+43     -19.4790176     78.4693812      1.0000000
  
 3      1.00000  0.35730E+44  0.45227E+44 -0.94972E+43     -26.5804139     47.6737717      0.5000000
 3      2.00000  0.35800E+44  0.39119E+44 -0.33187E+43      -9.2701723     47.6737717      0.5000000
 3      3.00000  0.34820E+44  0.36602E+44 -0.17816E+43      -5.1166441     47.6737717      0.5000000
 3      5.00000  0.33970E+44  0.34056E+44 -0.86043E+41      -0.2532913     47.6737717      0.5000000
 3     10.00000  0.25900E+44  0.26620E+44 -0.71973E+42      -2.7788751     47.6737717      0.5000000
 3     30.00000  0.88120E+43  0.10355E+44 -0.15425E+43     -17.5050663     47.6737717      0.5000000
  
 4      1.00000  0.35730E+44  0.36950E+44 -0.12201E+43      -3.4148092      2.2276544      0.2500000
 4      2.00000  0.35800E+44  0.35828E+44 -0.27569E+41      -0.0770072      2.2276544      0.2500000
 4      3.00000  0.34820E+44  0.34980E+44 -0.15989E+42      -0.4591911      2.2276544      0.2500000
 4      5.00000  0.33970E+44  0.33478E+44  0.49225E+42       1.4490874      2.2276544      0.2500000
 4     10.00000  0.25900E+44  0.26517E+44 -0.61699E+42      -2.3821923      2.2276544      0.2500000
 4     30.00000  0.88120E+43  0.10367E+44 -0.15551E+43     -17.6479741      2.2276544      0.2500000
  
 5      1.00000  0.35730E+44  0.35862E+44 -0.13179E+42      -0.3688529      1.6092268      0.1250000
 5      2.00000  0.35800E+44  0.35601E+44  0.19897E+42       0.5557787      1.6092268      0.1250000
 5      3.00000  0.34820E+44  0.34955E+44 -0.13496E+42      -0.3875912      1.6092268      0.1250000
 5      5.00000  0.33970E+44  0.33511E+44  0.45922E+42       1.3518511      1.6092268      0.1250000
 5     10.00000  0.25900E+44  0.26540E+44 -0.64021E+42      -2.4718656      1.6092268      0.1250000
 5     30.00000  0.88120E+43  0.10372E+44 -0.15597E+43     -17.6992985      1.6092268      0.1250000
  
 6      1.00000  0.35730E+44  0.35825E+44 -0.95285E+41      -0.2666798      1.6085096      0.0625000
 6      2.00000  0.35800E+44  0.35585E+44  0.21466E+42       0.5996062      1.6085096      0.0625000
 6      3.00000  0.34820E+44  0.34950E+44 -0.12980E+42      -0.3727614      1.6085096      0.0625000
 6      5.00000  0.33970E+44  0.33510E+44  0.46018E+42       1.3546676      1.6085096      0.0625000
 6     10.00000  0.25900E+44  0.26541E+44 -0.64064E+42      -2.4735218      1.6085096      0.0625000
 6     30.00000  0.88120E+43  0.10372E+44 -0.15598E+43     -17.7009114      1.6085096      0.0625000
  
