 1      1.00000  0.41130E+44  0.23803E+44  0.17327E+44      42.1272945    251.6040608      0.1000000
 1      2.00000  0.40800E+44  0.25156E+44  0.15644E+44      38.3441203    251.6040608      0.1000000
 1      3.00000  0.38590E+44  0.25626E+44  0.12964E+44      33.5935525    251.6040608      0.1000000
 1      5.00000  0.34260E+44  0.24187E+44  0.10073E+44      29.4024607    251.6040608      0.1000000
 1     10.00000  0.23550E+44  0.17168E+44  0.63822E+43      27.1007275    251.6040608      0.1000000
 1     30.00000  0.44090E+43  0.45183E+43 -0.10935E+42      -2.4801531    251.6040608      0.1000000
  
 2      1.00000  0.41130E+44  0.36668E+44  0.44620E+43      10.8485728     10.6240028      0.0500000
 2      2.00000  0.40800E+44  0.37987E+44  0.28132E+43       6.8950878     10.6240028      0.0500000
 2      3.00000  0.38590E+44  0.37367E+44  0.12227E+43       3.1685608     10.6240028      0.0500000
 2      5.00000  0.34260E+44  0.32990E+44  0.12701E+43       3.7073681     10.6240028      0.0500000
 2     10.00000  0.23550E+44  0.21515E+44  0.20351E+43       8.6417307     10.6240028      0.0500000
 2     30.00000  0.44090E+43  0.54809E+43 -0.10719E+43     -24.3114455     10.6240028      0.0500000
  
 3      1.00000  0.41130E+44  0.41521E+44 -0.39114E+42      -0.9509861      1.4999080      0.0250000
 3      2.00000  0.40800E+44  0.40784E+44  0.15537E+41       0.0380810      1.4999080      0.0250000
 3      3.00000  0.38590E+44  0.39449E+44 -0.85879E+42      -2.2254243      1.4999080      0.0250000
 3      5.00000  0.34260E+44  0.34359E+44 -0.99396E+41      -0.2901234      1.4999080      0.0250000
 3     10.00000  0.23550E+44  0.22143E+44  0.14070E+43       5.9743928      1.4999080      0.0250000
 3     30.00000  0.44090E+43  0.56044E+43 -0.11954E+43     -27.1131418      1.4999080      0.0250000
  
 4      1.00000  0.41130E+44  0.41039E+44  0.91377E+41       0.2221664      1.4274043      0.0125000
 4      2.00000  0.40800E+44  0.40586E+44  0.21354E+42       0.5233720      1.4274043      0.0125000
 4      3.00000  0.38590E+44  0.39340E+44 -0.74997E+42      -1.9434263      1.4274043      0.0125000
 4      5.00000  0.34260E+44  0.34309E+44 -0.49476E+41      -0.1444126      1.4274043      0.0125000
 4     10.00000  0.23550E+44  0.22127E+44  0.14232E+43       6.0433959      1.4274043      0.0125000
 4     30.00000  0.44090E+43  0.56036E+43 -0.11946E+43     -27.0942744      1.4274043      0.0125000
  
 5      1.00000  0.41130E+44  0.41039E+44  0.91235E+41       0.2218213      1.4273192      0.0062500
 5      2.00000  0.40800E+44  0.40586E+44  0.21353E+42       0.5233496      1.4273192      0.0062500
 5      3.00000  0.38590E+44  0.39340E+44 -0.75025E+42      -1.9441505      1.4273192      0.0062500
 5      5.00000  0.34260E+44  0.34310E+44 -0.49953E+41      -0.1458047      1.4273192      0.0062500
 5     10.00000  0.23550E+44  0.22127E+44  0.14229E+43       6.0419634      1.4273192      0.0062500
 5     30.00000  0.44090E+43  0.56037E+43 -0.11947E+43     -27.0963352      1.4273192      0.0062500
  
