 1      1.00000  0.35520E+44  0.27498E+44  0.80219E+43      22.5841893     41.1756481      0.1000000
 1      2.00000  0.35400E+44  0.30938E+44  0.44622E+43      12.6051114     41.1756481      0.1000000
 1      3.00000  0.35150E+44  0.34246E+44  0.90381E+42       2.5712842     41.1756481      0.1000000
 1      5.00000  0.34140E+44  0.36343E+44 -0.22035E+43      -6.4542402     41.1756481      0.1000000
 1     10.00000  0.28430E+44  0.29956E+44 -0.15259E+43      -5.3672586     41.1756481      0.1000000
 1     30.00000  0.12740E+44  0.13318E+44 -0.57809E+42      -4.5375928     41.1756481      0.1000000
  
 2      1.00000  0.35520E+44  0.27498E+44  0.80219E+43      22.5841893     41.1756481      1.0000000
 2      2.00000  0.35400E+44  0.30938E+44  0.44622E+43      12.6051114     41.1756481      1.0000000
 2      3.00000  0.35150E+44  0.34246E+44  0.90381E+42       2.5712842     41.1756481      1.0000000
 2      5.00000  0.34140E+44  0.36343E+44 -0.22035E+43      -6.4542402     41.1756481      1.0000000
 2     10.00000  0.28430E+44  0.29956E+44 -0.15259E+43      -5.3672586     41.1756481      1.0000000
 2     30.00000  0.12740E+44  0.13318E+44 -0.57809E+42      -4.5375928     41.1756481      1.0000000
  
 3      1.00000  0.35520E+44  0.41808E+44 -0.62883E+43     -17.7034720     22.3050037      0.5000000
 3      2.00000  0.35400E+44  0.38106E+44 -0.27062E+43      -7.6446261     22.3050037      0.5000000
 3      3.00000  0.35150E+44  0.36582E+44 -0.14324E+43      -4.0750664     22.3050037      0.5000000
 3      5.00000  0.34140E+44  0.35187E+44 -0.10470E+43      -3.0667165     22.3050037      0.5000000
 3     10.00000  0.28430E+44  0.28748E+44 -0.31754E+42      -1.1169244     22.3050037      0.5000000
 3     30.00000  0.12740E+44  0.12983E+44 -0.24307E+42      -1.9079038     22.3050037      0.5000000
  
 4      1.00000  0.35520E+44  0.36149E+44 -0.62866E+42      -1.7698880      0.3642910      0.2500000
 4      2.00000  0.35400E+44  0.35395E+44  0.54236E+40       0.0153209      0.3642910      0.2500000
 4      3.00000  0.35150E+44  0.34970E+44  0.18020E+42       0.5126547      0.3642910      0.2500000
 4      5.00000  0.34140E+44  0.34389E+44 -0.24909E+42      -0.7296264      0.3642910      0.2500000
 4     10.00000  0.28430E+44  0.28495E+44 -0.65405E+41      -0.2300580      0.3642910      0.2500000
 4     30.00000  0.12740E+44  0.12978E+44 -0.23761E+42      -1.8650568      0.3642910      0.2500000
  
 5      1.00000  0.35520E+44  0.35615E+44 -0.94772E+41      -0.2668126      0.2162135      0.1250000
 5      2.00000  0.35400E+44  0.35262E+44  0.13770E+42       0.3889951      0.2162135      0.1250000
 5      3.00000  0.35150E+44  0.34940E+44  0.21016E+42       0.5978866      0.2162135      0.1250000
 5      5.00000  0.34140E+44  0.34399E+44 -0.25854E+42      -0.7572804      0.2162135      0.1250000
 5     10.00000  0.28430E+44  0.28506E+44 -0.76082E+41      -0.2676102      0.2162135      0.1250000
 5     30.00000  0.12740E+44  0.12980E+44 -0.24031E+42      -1.8862574      0.2162135      0.1250000
  
