 1      1.00000  0.30990E+44  0.28229E+44  0.27613E+43       8.9104334     43.1160845      0.1000000
 1      2.00000  0.30790E+44  0.31958E+44 -0.11682E+43      -3.7940899     43.1160845      0.1000000
 1      3.00000  0.30810E+44  0.35656E+44 -0.48456E+43     -15.7274102     43.1160845      0.1000000
 1      5.00000  0.30400E+44  0.37855E+44 -0.74549E+43     -24.5228387     43.1160845      0.1000000
 1     10.00000  0.27730E+44  0.30637E+44 -0.29066E+43     -10.4816904     43.1160845      0.1000000
 1     30.00000  0.13660E+44  0.13726E+44 -0.66414E+41      -0.4861949     43.1160845      0.1000000
  
 2      1.00000  0.30990E+44  0.28229E+44  0.27613E+43       8.9104334     43.1160845      1.0000000
 2      2.00000  0.30790E+44  0.31958E+44 -0.11682E+43      -3.7940899     43.1160845      1.0000000
 2      3.00000  0.30810E+44  0.35656E+44 -0.48456E+43     -15.7274102     43.1160845      1.0000000
 2      5.00000  0.30400E+44  0.37855E+44 -0.74549E+43     -24.5228387     43.1160845      1.0000000
 2     10.00000  0.27730E+44  0.30637E+44 -0.29066E+43     -10.4816904     43.1160845      1.0000000
 2     30.00000  0.13660E+44  0.13726E+44 -0.66414E+41      -0.4861949     43.1160845      1.0000000
  
 3      1.00000  0.30990E+44  0.31249E+44 -0.25868E+42      -0.8347083      5.9703722      0.5000000
 3      2.00000  0.30790E+44  0.33088E+44 -0.22981E+43      -7.4638472      5.9703722      0.5000000
 3      3.00000  0.30810E+44  0.32813E+44 -0.20030E+43      -6.5009981      5.9703722      0.5000000
 3      5.00000  0.30400E+44  0.32211E+44 -0.18108E+43      -5.9566230      5.9703722      0.5000000
 3     10.00000  0.27730E+44  0.27473E+44  0.25673E+42       0.9258251      5.9703722      0.5000000
 3     30.00000  0.13660E+44  0.13186E+44  0.47358E+42       3.4668891      5.9703722      0.5000000
  
 4      1.00000  0.30990E+44  0.32814E+44 -0.18241E+43      -5.8861982      2.3884012      0.2500000
 4      2.00000  0.30790E+44  0.31680E+44 -0.89006E+42      -2.8907571      2.3884012      0.2500000
 4      3.00000  0.30810E+44  0.31200E+44 -0.38995E+42      -1.2656537      2.3884012      0.2500000
 4      5.00000  0.30400E+44  0.31331E+44 -0.93073E+42      -3.0616186      2.3884012      0.2500000
 4     10.00000  0.27730E+44  0.27248E+44  0.48178E+42       1.7374030      2.3884012      0.2500000
 4     30.00000  0.13660E+44  0.13206E+44  0.45398E+42       3.3234059      2.3884012      0.2500000
  
 5      1.00000  0.30990E+44  0.31147E+44 -0.15739E+42      -0.5078720      0.5670189      0.1250000
 5      2.00000  0.30790E+44  0.30644E+44  0.14626E+42       0.4750289      0.5670189      0.1250000
 5      3.00000  0.30810E+44  0.30576E+44  0.23361E+42       0.7582400      0.5670189      0.1250000
 5      5.00000  0.30400E+44  0.31118E+44 -0.71761E+42      -2.3605693      0.5670189      0.1250000
 5     10.00000  0.27730E+44  0.27235E+44  0.49531E+42       1.7861853      0.5670189      0.1250000
 5     30.00000  0.13660E+44  0.13225E+44  0.43468E+42       3.1821580      0.5670189      0.1250000
  
 6      1.00000  0.30990E+44  0.31076E+44 -0.85831E+41      -0.2769632      0.5646300      0.0625000
 6      2.00000  0.30790E+44  0.30609E+44  0.18136E+42       0.5890144      0.5646300      0.0625000
 6      3.00000  0.30810E+44  0.30557E+44  0.25331E+42       0.8221635      0.5646300      0.0625000
 6      5.00000  0.30400E+44  0.31110E+44 -0.70954E+42      -2.3340268      0.5646300      0.0625000
 6     10.00000  0.27730E+44  0.27233E+44  0.49695E+42       1.7921048      0.5646300      0.0625000
 6     30.00000  0.13660E+44  0.13226E+44  0.43449E+42       3.1807476      0.5646300      0.0625000
  
