 1      1.00000  0.40230E+44  0.23149E+44  0.17081E+44      42.4572837    257.2221148      0.1000000
 1      2.00000  0.38870E+44  0.25286E+44  0.13584E+44      34.9473727    257.2221148      0.1000000
 1      3.00000  0.38830E+44  0.27040E+44  0.11790E+44      30.3638595    257.2221148      0.1000000
 1      5.00000  0.36090E+44  0.27476E+44  0.86143E+43      23.8689764    257.2221148      0.1000000
 1     10.00000  0.25260E+44  0.21117E+44  0.41427E+43      16.4003593    257.2221148      0.1000000
 1     30.00000  0.71090E+43  0.60279E+43  0.10811E+43      15.2074717    257.2221148      0.1000000
  
 2      1.00000  0.40230E+44  0.29679E+44  0.10551E+44      26.2276038     62.6663030      0.0500000
 2      2.00000  0.38870E+44  0.32776E+44  0.60941E+43      15.6780714     62.6663030      0.0500000
 2      3.00000  0.38830E+44  0.34588E+44  0.42423E+43      10.9252299     62.6663030      0.0500000
 2      5.00000  0.36090E+44  0.33452E+44  0.26383E+43       7.3104656     62.6663030      0.0500000
 2     10.00000  0.25260E+44  0.23942E+44  0.13180E+43       5.2176187     62.6663030      0.0500000
 2     30.00000  0.71090E+43  0.65187E+43  0.59025E+42       8.3029004     62.6663030      0.0500000
  
 3      1.00000  0.40230E+44  0.43592E+44 -0.33618E+43      -8.3564901      4.7569839      0.0250000
 3      2.00000  0.38870E+44  0.40021E+44 -0.11511E+43      -2.9614547      4.7569839      0.0250000
 3      3.00000  0.38830E+44  0.39317E+44 -0.48732E+42      -1.2550038      4.7569839      0.0250000
 3      5.00000  0.36090E+44  0.36026E+44  0.64440E+41       0.1785529      4.7569839      0.0250000
 3     10.00000  0.25260E+44  0.24883E+44  0.37746E+42       1.4942962      4.7569839      0.0250000
 3     30.00000  0.71090E+43  0.66539E+43  0.45514E+42       6.4023120      4.7569839      0.0250000
  
 4      1.00000  0.40230E+44  0.40293E+44 -0.63307E+41      -0.1573622      0.1953203      0.0125000
 4      2.00000  0.38870E+44  0.39039E+44 -0.16923E+42      -0.4353862      0.1953203      0.0125000
 4      3.00000  0.38830E+44  0.38998E+44 -0.16796E+42      -0.4325629      0.1953203      0.0125000
 4      5.00000  0.36090E+44  0.36030E+44  0.59726E+41       0.1654914      0.1953203      0.0125000
 4     10.00000  0.25260E+44  0.24941E+44  0.31861E+42       1.2613072      0.1953203      0.0125000
 4     30.00000  0.71090E+43  0.66714E+43  0.43758E+42       6.1553624      0.1953203      0.0125000
  
 5      1.00000  0.40230E+44  0.40120E+44  0.11036E+42       0.2743110      0.1894207      0.0062500
 5      2.00000  0.38870E+44  0.39006E+44 -0.13625E+42      -0.3505241      0.1894207      0.0062500
 5      3.00000  0.38830E+44  0.38993E+44 -0.16311E+42      -0.4200720      0.1894207      0.0062500
 5      5.00000  0.36090E+44  0.36034E+44  0.56114E+41       0.1554828      0.1894207      0.0062500
 5     10.00000  0.25260E+44  0.24945E+44  0.31512E+42       1.2474911      0.1894207      0.0062500
 5     30.00000  0.71090E+43  0.66722E+43  0.43680E+42       6.1442704      0.1894207      0.0062500
  
 6      1.00000  0.40230E+44  0.40120E+44  0.11050E+42       0.2746700      0.1893834      0.0031250
 6      2.00000  0.38870E+44  0.39006E+44 -0.13571E+42      -0.3491434      0.1893834      0.0031250
 6      3.00000  0.38830E+44  0.38993E+44 -0.16272E+42      -0.4190653      0.1893834      0.0031250
 6      5.00000  0.36090E+44  0.36034E+44  0.56253E+41       0.1558685      0.1893834      0.0031250
 6     10.00000  0.25260E+44  0.24945E+44  0.31518E+42       1.2477585      0.1893834      0.0031250
 6     30.00000  0.71090E+43  0.66722E+43  0.43681E+42       6.1444335      0.1893834      0.0031250
  
