 1      1.00000  0.30440E+44  0.31063E+44 -0.62329E+42      -2.0476089     26.8128066      0.1000000
 1      2.00000  0.33550E+44  0.34905E+44 -0.13550E+43      -4.0387255     26.8128066      0.1000000
 1      3.00000  0.33660E+44  0.38578E+44 -0.49175E+43     -14.6093438     26.8128066      0.1000000
 1      5.00000  0.34410E+44  0.39745E+44 -0.53351E+43     -15.5046209     26.8128066      0.1000000
 1     10.00000  0.30840E+44  0.29712E+44  0.11285E+43       3.6590857     26.8128066      0.1000000
 1     30.00000  0.12670E+44  0.10497E+44  0.21725E+43      17.1470569     26.8128066      0.1000000
  
 2      1.00000  0.30440E+44  0.31063E+44 -0.62329E+42      -2.0476089     26.8128066      1.0000000
 2      2.00000  0.33550E+44  0.34905E+44 -0.13550E+43      -4.0387255     26.8128066      1.0000000
 2      3.00000  0.33660E+44  0.38578E+44 -0.49175E+43     -14.6093438     26.8128066      1.0000000
 2      5.00000  0.34410E+44  0.39745E+44 -0.53351E+43     -15.5046209     26.8128066      1.0000000
 2     10.00000  0.30840E+44  0.29712E+44  0.11285E+43       3.6590857     26.8128066      1.0000000
 2     30.00000  0.12670E+44  0.10497E+44  0.21725E+43      17.1470569     26.8128066      1.0000000
  
 3      1.00000  0.30440E+44  0.31195E+44 -0.75534E+42      -2.4813903      9.2920722      0.5000000
 3      2.00000  0.33550E+44  0.34389E+44 -0.83874E+42      -2.4999848      9.2920722      0.5000000
 3      3.00000  0.33660E+44  0.35811E+44 -0.21514E+43      -6.3915996      9.2920722      0.5000000
 3      5.00000  0.34410E+44  0.36099E+44 -0.16891E+43      -4.9087899      9.2920722      0.5000000
 3     10.00000  0.30840E+44  0.28368E+44  0.24716E+43       8.0142457      9.2920722      0.5000000
 3     30.00000  0.12670E+44  0.10532E+44  0.21375E+43      16.8709459      9.2920722      0.5000000
  
 4      1.00000  0.30440E+44  0.30953E+44 -0.51269E+42      -1.6842755      7.2992371      0.2500000
 4      2.00000  0.33550E+44  0.32922E+44  0.62794E+42       1.8716676      7.2992371      0.2500000
 4      3.00000  0.33660E+44  0.34629E+44 -0.96859E+42      -2.8775776      7.2992371      0.2500000
 4      5.00000  0.34410E+44  0.35654E+44 -0.12442E+43      -3.6158358      7.2992371      0.2500000
 4     10.00000  0.30840E+44  0.28203E+44  0.26366E+43       8.5494270      7.2992371      0.2500000
 4     30.00000  0.12670E+44  0.10473E+44  0.21972E+43      17.3419500      7.2992371      0.2500000
  
 5      1.00000  0.30440E+44  0.30953E+44 -0.51269E+42      -1.6842755      7.2992371      2.5000000
 5      2.00000  0.33550E+44  0.32922E+44  0.62794E+42       1.8716676      7.2992371      2.5000000
 5      3.00000  0.33660E+44  0.34629E+44 -0.96859E+42      -2.8775776      7.2992371      2.5000000
 5      5.00000  0.34410E+44  0.35654E+44 -0.12442E+43      -3.6158358      7.2992371      2.5000000
 5     10.00000  0.30840E+44  0.28203E+44  0.26366E+43       8.5494270      7.2992371      2.5000000
 5     30.00000  0.12670E+44  0.10473E+44  0.21972E+43      17.3419500      7.2992371      2.5000000
  
 6      1.00000  0.30440E+44  0.30953E+44 -0.51269E+42      -1.6842755      7.2992371     25.0000000
 6      2.00000  0.33550E+44  0.32922E+44  0.62794E+42       1.8716676      7.2992371     25.0000000
 6      3.00000  0.33660E+44  0.34629E+44 -0.96859E+42      -2.8775776      7.2992371     25.0000000
 6      5.00000  0.34410E+44  0.35654E+44 -0.12442E+43      -3.6158358      7.2992371     25.0000000
 6     10.00000  0.30840E+44  0.28203E+44  0.26366E+43       8.5494270      7.2992371     25.0000000
 6     30.00000  0.12670E+44  0.10473E+44  0.21972E+43      17.3419500      7.2992371     25.0000000
  
 7      1.00000  0.30440E+44  0.30953E+44 -0.51269E+42      -1.6842755      7.2992371    250.0000000
 7      2.00000  0.33550E+44  0.32922E+44  0.62794E+42       1.8716676      7.2992371    250.0000000
 7      3.00000  0.33660E+44  0.34629E+44 -0.96859E+42      -2.8775776      7.2992371    250.0000000
 7      5.00000  0.34410E+44  0.35654E+44 -0.12442E+43      -3.6158358      7.2992371    250.0000000
 7     10.00000  0.30840E+44  0.28203E+44  0.26366E+43       8.5494270      7.2992371    250.0000000
 7     30.00000  0.12670E+44  0.10473E+44  0.21972E+43      17.3419500      7.2992371    250.0000000
  
 8      1.00000  0.30440E+44  0.30953E+44 -0.51269E+42      -1.6842755      7.2992371   2500.0000000
 8      2.00000  0.33550E+44  0.32922E+44  0.62794E+42       1.8716676      7.2992371   2500.0000000
 8      3.00000  0.33660E+44  0.34629E+44 -0.96859E+42      -2.8775776      7.2992371   2500.0000000
 8      5.00000  0.34410E+44  0.35654E+44 -0.12442E+43      -3.6158358      7.2992371   2500.0000000
 8     10.00000  0.30840E+44  0.28203E+44  0.26366E+43       8.5494270      7.2992371   2500.0000000
 8     30.00000  0.12670E+44  0.10473E+44  0.21972E+43      17.3419500      7.2992371   2500.0000000
  
 9      1.00000  0.30440E+44  0.30953E+44 -0.51269E+42      -1.6842755      7.2992371  25000.0000000
 9      2.00000  0.33550E+44  0.32922E+44  0.62794E+42       1.8716676      7.2992371  25000.0000000
 9      3.00000  0.33660E+44  0.34629E+44 -0.96859E+42      -2.8775776      7.2992371  25000.0000000
 9      5.00000  0.34410E+44  0.35654E+44 -0.12442E+43      -3.6158358      7.2992371  25000.0000000
 9     10.00000  0.30840E+44  0.28203E+44  0.26366E+43       8.5494270      7.2992371  25000.0000000
 9     30.00000  0.12670E+44  0.10473E+44  0.21972E+43      17.3419500      7.2992371  25000.0000000
  
10      1.00000  0.30440E+44  0.30674E+44 -0.23433E+42      -0.7698165      7.2684452  12500.0000000
10      2.00000  0.33550E+44  0.32544E+44  0.10062E+43       2.9990627      7.2684452  12500.0000000
10      3.00000  0.33660E+44  0.34136E+44 -0.47577E+42      -1.4134519      7.2684452  12500.0000000
10      5.00000  0.34410E+44  0.35172E+44 -0.76152E+42      -2.2130750      7.2684452  12500.0000000
10     10.00000  0.30840E+44  0.28012E+44  0.28283E+43       9.1707201      7.2684452  12500.0000000
10     30.00000  0.12670E+44  0.10466E+44  0.22040E+43      17.3953623      7.2684452  12500.0000000
  
11      1.00000  0.30440E+44  0.30747E+44 -0.30727E+42      -1.0094193      7.1952386   6250.0000000
11      2.00000  0.33550E+44  0.32688E+44  0.86185E+42       2.5688464      7.1952386   6250.0000000
11      3.00000  0.33660E+44  0.34335E+44 -0.67533E+42      -2.0063304      7.1952386   6250.0000000
11      5.00000  0.34410E+44  0.35369E+44 -0.95942E+42      -2.7882022      7.1952386   6250.0000000
11     10.00000  0.30840E+44  0.28093E+44  0.27473E+43       8.9082618      7.1952386   6250.0000000
11     30.00000  0.12670E+44  0.10470E+44  0.21999E+43      17.3632357      7.1952386   6250.0000000
  
12      1.00000  0.30440E+44  0.30686E+44 -0.24613E+42      -0.8085759      7.1845740   3125.0000000
12      2.00000  0.33550E+44  0.32691E+44  0.85929E+42       2.5612363      7.1845740   3125.0000000
12      3.00000  0.33660E+44  0.34389E+44 -0.72874E+42      -2.1650013      7.1845740   3125.0000000
12      5.00000  0.34410E+44  0.35446E+44 -0.10355E+43      -3.0093792      7.1845740   3125.0000000
12     10.00000  0.30840E+44  0.28126E+44  0.27143E+43       8.8011710      7.1845740   3125.0000000
12     30.00000  0.12670E+44  0.10472E+44  0.21985E+43      17.3518317      7.1845740   3125.0000000
  
13      1.00000  0.30440E+44  0.30626E+44 -0.18568E+42      -0.6099721      7.1819095   1562.5000000
13      2.00000  0.33550E+44  0.32676E+44  0.87433E+42       2.6060510      7.1819095   1562.5000000
13      3.00000  0.33660E+44  0.34410E+44 -0.75021E+42      -2.2287818      7.1819095   1562.5000000
13      5.00000  0.34410E+44  0.35486E+44 -0.10760E+43      -3.1269517      7.1819095   1562.5000000
13     10.00000  0.30840E+44  0.28144E+44  0.26956E+43       8.7406481      7.1819095   1562.5000000
13     30.00000  0.12670E+44  0.10473E+44  0.21974E+43      17.3431463      7.1819095   1562.5000000
  
14      1.00000  0.30440E+44  0.30596E+44 -0.15633E+42      -0.5135820      7.1799723    781.2500000
14      2.00000  0.33550E+44  0.32668E+44  0.88168E+42       2.6279545      7.1799723    781.2500000
14      3.00000  0.33660E+44  0.34420E+44 -0.75998E+42      -2.2578008      7.1799723    781.2500000
14      5.00000  0.34410E+44  0.35504E+44 -0.10937E+43      -3.1784438      7.1799723    781.2500000
14     10.00000  0.30840E+44  0.28153E+44  0.26865E+43       8.7111449      7.1799723    781.2500000
14     30.00000  0.12670E+44  0.10474E+44  0.21963E+43      17.3342621      7.1799723    781.2500000
  
15      1.00000  0.30440E+44  0.30589E+44 -0.14867E+42      -0.4884063      7.1762779    390.6250000
15      2.00000  0.33550E+44  0.32667E+44  0.88307E+42       2.6321050      7.1762779    390.6250000
15      3.00000  0.33660E+44  0.34423E+44 -0.76289E+42      -2.2664577      7.1762779    390.6250000
15      5.00000  0.34410E+44  0.35507E+44 -0.10970E+43      -3.1879983      7.1762779    390.6250000
15     10.00000  0.30840E+44  0.28156E+44  0.26835E+43       8.7015134      7.1762779    390.6250000
15     30.00000  0.12670E+44  0.10475E+44  0.21951E+43      17.3251481      7.1762779    390.6250000
  
