 1      1.00000  0.31110E+44  0.25474E+44  0.56363E+43      18.1173063     28.4532823      0.1000000
 1      2.00000  0.30800E+44  0.28304E+44  0.24959E+43       8.1037098     28.4532823      0.1000000
 1      3.00000  0.31320E+44  0.30929E+44  0.39051E+42       1.2468407     28.4532823      0.1000000
 1      5.00000  0.29470E+44  0.32535E+44 -0.30646E+43     -10.3990930     28.4532823      0.1000000
 1     10.00000  0.23970E+44  0.26709E+44 -0.27391E+43     -11.4272818     28.4532823      0.1000000
 1     30.00000  0.10640E+44  0.10433E+44  0.20674E+42       1.9430558     28.4532823      0.1000000
  
 2      1.00000  0.31110E+44  0.25474E+44  0.56363E+43      18.1173063     28.4532823      1.0000000
 2      2.00000  0.30800E+44  0.28304E+44  0.24959E+43       8.1037098     28.4532823      1.0000000
 2      3.00000  0.31320E+44  0.30929E+44  0.39051E+42       1.2468407     28.4532823      1.0000000
 2      5.00000  0.29470E+44  0.32535E+44 -0.30646E+43     -10.3990930     28.4532823      1.0000000
 2     10.00000  0.23970E+44  0.26709E+44 -0.27391E+43     -11.4272818     28.4532823      1.0000000
 2     30.00000  0.10640E+44  0.10433E+44  0.20674E+42       1.9430558     28.4532823      1.0000000
  
 3      1.00000  0.31110E+44  0.34779E+44 -0.36694E+43     -11.7950221     12.5719034      0.5000000
 3      2.00000  0.30800E+44  0.33498E+44 -0.26984E+43      -8.7609465     12.5719034      0.5000000
 3      3.00000  0.31320E+44  0.32292E+44 -0.97239E+42      -3.1046793     12.5719034      0.5000000
 3      5.00000  0.29470E+44  0.30749E+44 -0.12786E+43      -4.3386075     12.5719034      0.5000000
 3     10.00000  0.23970E+44  0.24972E+44 -0.10017E+43      -4.1790681     12.5719034      0.5000000
 3     30.00000  0.10640E+44  0.10021E+44  0.61851E+42       5.8131039     12.5719034      0.5000000
  
 4      1.00000  0.31110E+44  0.31416E+44 -0.30629E+42      -0.9845236      0.9886000      0.2500000
 4      2.00000  0.30800E+44  0.31226E+44 -0.42619E+42      -1.3837318      0.9886000      0.2500000
 4      3.00000  0.31320E+44  0.30645E+44  0.67478E+42       2.1544822      0.9886000      0.2500000
 4      5.00000  0.29470E+44  0.29694E+44 -0.22438E+42      -0.7613694      0.9886000      0.2500000
 4     10.00000  0.23970E+44  0.24515E+44 -0.54521E+42      -2.2745462      0.9886000      0.2500000
 4     30.00000  0.10640E+44  0.99579E+43  0.68215E+42       6.4111638      0.9886000      0.2500000
  
 5      1.00000  0.31110E+44  0.31119E+44 -0.86361E+40      -0.0277598      0.9335989      0.1250000
 5      2.00000  0.30800E+44  0.31117E+44 -0.31686E+42      -1.0287677      0.9335989      0.1250000
 5      3.00000  0.31320E+44  0.30592E+44  0.72791E+42       2.3240927      0.9335989      0.1250000
 5      5.00000  0.29470E+44  0.29674E+44 -0.20404E+42      -0.6923523      0.9335989      0.1250000
 5     10.00000  0.23970E+44  0.24510E+44 -0.54008E+42      -2.2531602      0.9335989      0.1250000
 5     30.00000  0.10640E+44  0.99577E+43  0.68225E+42       6.4121360      0.9335989      0.1250000
  
