 1      1.00000  0.39270E+44  0.23967E+44  0.15303E+44      38.9697531    186.5835968      0.1000000
 1      2.00000  0.38790E+44  0.26493E+44  0.12297E+44      31.7014848    186.5835968      0.1000000
 1      3.00000  0.38020E+44  0.28710E+44  0.93098E+43      24.4865014    186.5835968      0.1000000
 1      5.00000  0.36720E+44  0.29748E+44  0.69719E+43      18.9865771    186.5835968      0.1000000
 1     10.00000  0.25960E+44  0.23597E+44  0.23626E+43       9.1010779    186.5835968      0.1000000
 1     30.00000  0.85560E+43  0.77084E+43  0.84763E+42       9.9068150    186.5835968      0.1000000
  
 2      1.00000  0.39270E+44  0.27071E+44  0.12199E+44      31.0633435     94.5115427      0.0500000
 2      2.00000  0.38790E+44  0.30170E+44  0.86201E+43      22.2225446     94.5115427      0.0500000
 2      3.00000  0.38020E+44  0.32536E+44  0.54841E+43      14.4243299     94.5115427      0.0500000
 2      5.00000  0.36720E+44  0.32849E+44  0.38714E+43      10.5431460     94.5115427      0.0500000
 2     10.00000  0.25960E+44  0.25044E+44  0.91585E+42       3.5279211     94.5115427      0.0500000
 2     30.00000  0.85560E+43  0.79403E+43  0.61568E+42       7.1959383     94.5115427      0.0500000
  
 3      1.00000  0.39270E+44  0.45919E+44 -0.66491E+43     -16.9316758     17.2468834      0.0250000
 3      2.00000  0.38790E+44  0.40532E+44 -0.17423E+43      -4.4917310     17.2468834      0.0250000
 3      3.00000  0.38020E+44  0.39208E+44 -0.11883E+43      -3.1255549     17.2468834      0.0250000
 3      5.00000  0.36720E+44  0.36298E+44  0.42193E+42       1.1490474     17.2468834      0.0250000
 3     10.00000  0.25960E+44  0.26218E+44 -0.25767E+42      -0.9925629     17.2468834      0.0250000
 3     30.00000  0.85560E+43  0.80813E+43  0.47466E+42       5.5477287     17.2468834      0.0250000
  
 4      1.00000  0.39270E+44  0.39864E+44 -0.59389E+42      -1.5123286      0.4757174      0.0125000
 4      2.00000  0.38790E+44  0.38620E+44  0.16951E+42       0.4370021      0.4757174      0.0125000
 4      3.00000  0.38020E+44  0.38518E+44 -0.49768E+42      -1.3089874      0.4757174      0.0125000
 4      5.00000  0.36720E+44  0.36241E+44  0.47887E+42       1.3041132      0.4757174      0.0125000
 4     10.00000  0.25960E+44  0.26297E+44 -0.33733E+42      -1.2994374      0.4757174      0.0125000
 4     30.00000  0.85560E+43  0.81084E+43  0.44756E+42       5.2309149      0.4757174      0.0125000
  
 5      1.00000  0.39270E+44  0.39296E+44 -0.26028E+41      -0.0662795      0.3595224      0.0062500
 5      2.00000  0.38790E+44  0.38499E+44  0.29095E+42       0.7500769      0.3595224      0.0062500
 5      3.00000  0.38020E+44  0.38503E+44 -0.48340E+42      -1.2714320      0.3595224      0.0062500
 5      5.00000  0.36720E+44  0.36263E+44  0.45715E+42       1.2449686      0.3595224      0.0062500
 5     10.00000  0.25960E+44  0.26315E+44 -0.35486E+42      -1.3669571      0.3595224      0.0062500
 5     30.00000  0.85560E+43  0.81126E+43  0.44340E+42       5.1823157      0.3595224      0.0062500
  
