 1      1.00000  0.30830E+44  0.25493E+44  0.53368E+43      17.3104708     41.2337547      0.1000000
 1      2.00000  0.34240E+44  0.28445E+44  0.57953E+43      16.9256045     41.2337547      0.1000000
 1      3.00000  0.35400E+44  0.31176E+44  0.42240E+43      11.9322209     41.2337547      0.1000000
 1      5.00000  0.33100E+44  0.32869E+44  0.23081E+42       0.6973164     41.2337547      0.1000000
 1     10.00000  0.26730E+44  0.27000E+44 -0.26984E+42      -1.0094871     41.2337547      0.1000000
 1     30.00000  0.11230E+44  0.10691E+44  0.53915E+42       4.8009822     41.2337547      0.1000000
  
 2      1.00000  0.30830E+44  0.25493E+44  0.53368E+43      17.3104708     41.2337547      1.0000000
 2      2.00000  0.34240E+44  0.28445E+44  0.57953E+43      16.9256045     41.2337547      1.0000000
 2      3.00000  0.35400E+44  0.31176E+44  0.42240E+43      11.9322209     41.2337547      1.0000000
 2      5.00000  0.33100E+44  0.32869E+44  0.23081E+42       0.6973164     41.2337547      1.0000000
 2     10.00000  0.26730E+44  0.27000E+44 -0.26984E+42      -1.0094871     41.2337547      1.0000000
 2     30.00000  0.11230E+44  0.10691E+44  0.53915E+42       4.8009822     41.2337547      1.0000000
  
 3      1.00000  0.30830E+44  0.35931E+44 -0.51013E+43     -16.5465286     15.6604257      0.5000000
 3      2.00000  0.34240E+44  0.36662E+44 -0.24221E+43      -7.0738568     15.6604257      0.5000000
 3      3.00000  0.35400E+44  0.35750E+44 -0.35029E+42      -0.9895072     15.6604257      0.5000000
 3      5.00000  0.33100E+44  0.33827E+44 -0.72722E+42      -2.1970265     15.6604257      0.5000000
 3     10.00000  0.26730E+44  0.26688E+44  0.41874E+41       0.1566570     15.6604257      0.5000000
 3     30.00000  0.11230E+44  0.10518E+44  0.71214E+42       6.3414414     15.6604257      0.5000000
  
 4      1.00000  0.30830E+44  0.31535E+44 -0.70522E+42      -2.2874575      1.1923822      0.2500000
 4      2.00000  0.34240E+44  0.34443E+44 -0.20314E+42      -0.5932822      1.1923822      0.2500000
 4      3.00000  0.35400E+44  0.34763E+44  0.63696E+42       1.7993149      1.1923822      0.2500000
 4      5.00000  0.33100E+44  0.33712E+44 -0.61210E+42      -1.8492437      1.1923822      0.2500000
 4     10.00000  0.26730E+44  0.26819E+44 -0.89030E+41      -0.3330719      1.1923822      0.2500000
 4     30.00000  0.11230E+44  0.10567E+44  0.66289E+42       5.9028659      1.1923822      0.2500000
  
 5      1.00000  0.30830E+44  0.30918E+44 -0.87674E+41      -0.2843804      1.0298939      0.1250000
 5      2.00000  0.34240E+44  0.34183E+44  0.56905E+41       0.1661946      1.0298939      0.1250000
 5      3.00000  0.35400E+44  0.34633E+44  0.76702E+42       2.1667287      1.0298939      0.1250000
 5      5.00000  0.33100E+44  0.33661E+44 -0.56080E+42      -1.6942659      1.0298939      0.1250000
 5     10.00000  0.26730E+44  0.26806E+44 -0.76405E+41      -0.2858395      1.0298939      0.1250000
 5     30.00000  0.11230E+44  0.10567E+44  0.66271E+42       5.9012231      1.0298939      0.1250000
  
 6      1.00000  0.30830E+44  0.30956E+44 -0.12585E+42      -0.4082170      1.0222243      0.0625000
 6      2.00000  0.34240E+44  0.34221E+44  0.19498E+41       0.0569459      1.0222243      0.0625000
 6      3.00000  0.35400E+44  0.34668E+44  0.73244E+42       2.0690533      1.0222243      0.0625000
 6      5.00000  0.33100E+44  0.33688E+44 -0.58778E+42      -1.7757571      1.0222243      0.0625000
 6     10.00000  0.26730E+44  0.26819E+44 -0.89282E+41      -0.3340134      1.0222243      0.0625000
 6     30.00000  0.11230E+44  0.10569E+44  0.66076E+42       5.8838962      1.0222243      0.0625000
  
 7      1.00000  0.30830E+44  0.30959E+44 -0.12856E+42      -0.4169843      1.0216177      0.0312500
 7      2.00000  0.34240E+44  0.34224E+44  0.15976E+41       0.0466584      1.0216177      0.0312500
 7      3.00000  0.35400E+44  0.34671E+44  0.72910E+42       2.0596094      1.0216177      0.0312500
 7      5.00000  0.33100E+44  0.33690E+44 -0.59017E+42      -1.7829844      1.0216177      0.0312500
 7     10.00000  0.26730E+44  0.26820E+44 -0.90339E+41      -0.3379670      1.0216177      0.0312500
 7     30.00000  0.11230E+44  0.10569E+44  0.66061E+42       5.8825894      1.0216177      0.0312500
  
 8      1.00000  0.30830E+44  0.30959E+44 -0.12891E+42      -0.4181387      1.0215524      0.0156250
 8      2.00000  0.34240E+44  0.34224E+44  0.15575E+41       0.0454885      1.0215524      0.0156250
 8      3.00000  0.35400E+44  0.34671E+44  0.72875E+42       2.0586101      1.0215524      0.0156250
 8      5.00000  0.33100E+44  0.33690E+44 -0.59040E+42      -1.7836959      1.0215524      0.0156250
 8     10.00000  0.26730E+44  0.26820E+44 -0.90434E+41      -0.3383223      1.0215524      0.0156250
 8     30.00000  0.11230E+44  0.10569E+44  0.66060E+42       5.8824916      1.0215524      0.0156250
  
