 1      1.00000  0.33420E+44  0.28330E+44  0.50897E+43      15.2294167     34.3365473      0.1000000
 1      2.00000  0.38960E+44  0.32151E+44  0.68088E+43      17.4763199     34.3365473      0.1000000
 1      3.00000  0.39450E+44  0.35940E+44  0.35098E+43       8.8968223     34.3365473      0.1000000
 1      5.00000  0.39230E+44  0.38076E+44  0.11541E+43       2.9419464     34.3365473      0.1000000
 1     10.00000  0.30180E+44  0.30463E+44 -0.28289E+42      -0.9373425     34.3365473      0.1000000
 1     30.00000  0.12740E+44  0.13331E+44 -0.59062E+42      -4.6359781     34.3365473      0.1000000
  
 2      1.00000  0.33420E+44  0.28330E+44  0.50897E+43      15.2294167     34.3365473      1.0000000
 2      2.00000  0.38960E+44  0.32151E+44  0.68088E+43      17.4763199     34.3365473      1.0000000
 2      3.00000  0.39450E+44  0.35940E+44  0.35098E+43       8.8968223     34.3365473      1.0000000
 2      5.00000  0.39230E+44  0.38076E+44  0.11541E+43       2.9419464     34.3365473      1.0000000
 2     10.00000  0.30180E+44  0.30463E+44 -0.28289E+42      -0.9373425     34.3365473      1.0000000
 2     30.00000  0.12740E+44  0.13331E+44 -0.59062E+42      -4.6359781     34.3365473      1.0000000
  
 3      1.00000  0.33420E+44  0.37454E+44 -0.40336E+43     -12.0694880      6.4772850      0.5000000
 3      2.00000  0.38960E+44  0.38994E+44 -0.34490E+41      -0.0885272      6.4772850      0.5000000
 3      3.00000  0.39450E+44  0.39374E+44  0.75992E+41       0.1926291      6.4772850      0.5000000
 3      5.00000  0.39230E+44  0.38678E+44  0.55164E+42       1.4061652      6.4772850      0.5000000
 3     10.00000  0.30180E+44  0.30447E+44 -0.26694E+42      -0.8844842      6.4772850      0.5000000
 3     30.00000  0.12740E+44  0.13255E+44 -0.51500E+42      -4.0423716      6.4772850      0.5000000
  
 4      1.00000  0.33420E+44  0.33365E+44  0.55150E+41       0.1650216      1.3377156      0.2500000
 4      2.00000  0.38960E+44  0.37580E+44  0.13804E+43       3.5431946      1.3377156      0.2500000
 4      3.00000  0.39450E+44  0.39050E+44  0.39965E+42       1.0130478      1.3377156      0.2500000
 4      5.00000  0.39230E+44  0.38872E+44  0.35762E+42       0.9115957      1.3377156      0.2500000
 4     10.00000  0.30180E+44  0.30615E+44 -0.43480E+42      -1.4406877      1.3377156      0.2500000
 4     30.00000  0.12740E+44  0.13302E+44 -0.56236E+42      -4.4141416      1.3377156      0.2500000
  
