 1      1.00000  0.26710E+44  0.20853E+44  0.58566E+43      21.9265241    108.4596883      0.1000000
 1      2.00000  0.27700E+44  0.22428E+44  0.52722E+43      19.0332949    108.4596883      0.1000000
 1      3.00000  0.29500E+44  0.23583E+44  0.59170E+43      20.0577171    108.4596883      0.1000000
 1      5.00000  0.28410E+44  0.23460E+44  0.49498E+43      17.4226826    108.4596883      0.1000000
 1     10.00000  0.21840E+44  0.17396E+44  0.44443E+43      20.3491822    108.4596883      0.1000000
 1     30.00000  0.69140E+43  0.23899E+43  0.45241E+43      65.4345062    108.4596883      0.1000000
  
 2      1.00000  0.26710E+44  0.21253E+44  0.54570E+43      20.4303976     95.3408787      0.0500000
 2      2.00000  0.27700E+44  0.22888E+44  0.48119E+43      17.3713500     95.3408787      0.0500000
 2      3.00000  0.29500E+44  0.24061E+44  0.54393E+43      18.4384633     95.3408787      0.0500000
 2      5.00000  0.28410E+44  0.23864E+44  0.45456E+43      16.0000216     95.3408787      0.0500000
 2     10.00000  0.21840E+44  0.17602E+44  0.42383E+43      19.4061361     95.3408787      0.0500000
 2     30.00000  0.69140E+43  0.24156E+43  0.44984E+43      65.0623513     95.3408787      0.0500000
  
 3      1.00000  0.26710E+44  0.27405E+44 -0.69529E+42      -2.6030901     16.8884355      0.0250000
 3      2.00000  0.27700E+44  0.28856E+44 -0.11564E+43      -4.1747748     16.8884355      0.0250000
 3      3.00000  0.29500E+44  0.29946E+44 -0.44585E+42      -1.5113513     16.8884355      0.0250000
 3      5.00000  0.28410E+44  0.28544E+44 -0.13413E+42      -0.4721186     16.8884355      0.0250000
 3     10.00000  0.21840E+44  0.20086E+44  0.17540E+43       8.0309132     16.8884355      0.0250000
 3     30.00000  0.69140E+43  0.30424E+43  0.38716E+43      55.9967680     16.8884355      0.0250000
  
 4      1.00000  0.26710E+44  0.26523E+44  0.18732E+42       0.7013256     16.0081942      0.0125000
 4      2.00000  0.27700E+44  0.28067E+44 -0.36733E+42      -1.3261092     16.0081942      0.0125000
 4      3.00000  0.29500E+44  0.29749E+44 -0.24915E+42      -0.8445725     16.0081942      0.0125000
 4      5.00000  0.28410E+44  0.28907E+44 -0.49672E+42      -1.7483834     16.0081942      0.0125000
 4     10.00000  0.21840E+44  0.20311E+44  0.15285E+43       6.9988005     16.0081942      0.0125000
 4     30.00000  0.69140E+43  0.28856E+43  0.40284E+43      58.2645443     16.0081942      0.0125000
  
 5      1.00000  0.26710E+44  0.26523E+44  0.18732E+42       0.7013256     16.0081942      0.1250000
 5      2.00000  0.27700E+44  0.28067E+44 -0.36733E+42      -1.3261092     16.0081942      0.1250000
 5      3.00000  0.29500E+44  0.29749E+44 -0.24915E+42      -0.8445725     16.0081942      0.1250000
 5      5.00000  0.28410E+44  0.28907E+44 -0.49672E+42      -1.7483834     16.0081942      0.1250000
 5     10.00000  0.21840E+44  0.20311E+44  0.15285E+43       6.9988005     16.0081942      0.1250000
 5     30.00000  0.69140E+43  0.28856E+43  0.40284E+43      58.2645443     16.0081942      0.1250000
  
 6      1.00000  0.26710E+44  0.26523E+44  0.18732E+42       0.7013256     16.0081942      1.2500000
 6      2.00000  0.27700E+44  0.28067E+44 -0.36733E+42      -1.3261092     16.0081942      1.2500000
 6      3.00000  0.29500E+44  0.29749E+44 -0.24915E+42      -0.8445725     16.0081942      1.2500000
 6      5.00000  0.28410E+44  0.28907E+44 -0.49672E+42      -1.7483834     16.0081942      1.2500000
 6     10.00000  0.21840E+44  0.20311E+44  0.15285E+43       6.9988005     16.0081942      1.2500000
 6     30.00000  0.69140E+43  0.28856E+43  0.40284E+43      58.2645443     16.0081942      1.2500000
  
 7      1.00000  0.26710E+44  0.26523E+44  0.18732E+42       0.7013256     16.0081942     12.5000000
 7      2.00000  0.27700E+44  0.28067E+44 -0.36733E+42      -1.3261092     16.0081942     12.5000000
 7      3.00000  0.29500E+44  0.29749E+44 -0.24915E+42      -0.8445725     16.0081942     12.5000000
 7      5.00000  0.28410E+44  0.28907E+44 -0.49672E+42      -1.7483834     16.0081942     12.5000000
 7     10.00000  0.21840E+44  0.20311E+44  0.15285E+43       6.9988005     16.0081942     12.5000000
 7     30.00000  0.69140E+43  0.28856E+43  0.40284E+43      58.2645443     16.0081942     12.5000000
  
 8      1.00000  0.26710E+44  0.26263E+44  0.44735E+42       1.6748280     15.9998536      6.2500000
 8      2.00000  0.27700E+44  0.28159E+44 -0.45936E+42      -1.6583353     15.9998536      6.2500000
 8      3.00000  0.29500E+44  0.29591E+44 -0.90955E+41      -0.3083232     15.9998536      6.2500000
 8      5.00000  0.28410E+44  0.28499E+44 -0.88997E+41      -0.3132597     15.9998536      6.2500000
 8     10.00000  0.21840E+44  0.20103E+44  0.17375E+43       7.9554576     15.9998536      6.2500000
 8     30.00000  0.69140E+43  0.29837E+43  0.39303E+43      56.8449307     15.9998536      6.2500000
  
 9      1.00000  0.26710E+44  0.26461E+44  0.24922E+42       0.9330629     15.9786825      3.1250000
 9      2.00000  0.27700E+44  0.27912E+44 -0.21191E+42      -0.7650026     15.9786825      3.1250000
 9      3.00000  0.29500E+44  0.29524E+44 -0.24217E+41      -0.0820916     15.9786825      3.1250000
 9      5.00000  0.28410E+44  0.28683E+44 -0.27257E+42      -0.9594068     15.9786825      3.1250000
 9     10.00000  0.21840E+44  0.20214E+44  0.16255E+43       7.4428756     15.9786825      3.1250000
 9     30.00000  0.69140E+43  0.29033E+43  0.40107E+43      58.0090026     15.9786825      3.1250000
  
10      1.00000  0.26710E+44  0.26311E+44  0.39905E+42       1.4940202     15.8584278      1.5625000
10      2.00000  0.27700E+44  0.28112E+44 -0.41233E+42      -1.4885580     15.8584278      1.5625000
10      3.00000  0.29500E+44  0.29621E+44 -0.12093E+42      -0.4099297     15.8584278      1.5625000
10      5.00000  0.28410E+44  0.28608E+44 -0.19815E+42      -0.6974720     15.8584278      1.5625000
10     10.00000  0.21840E+44  0.20169E+44  0.16708E+43       7.6499935     15.8584278      1.5625000
10     30.00000  0.69140E+43  0.29661E+43  0.39479E+43      57.1005811     15.8584278      1.5625000
  
11      1.00000  0.26710E+44  0.26311E+44  0.39905E+42       1.4940202     15.8584278     15.6250000
11      2.00000  0.27700E+44  0.28112E+44 -0.41233E+42      -1.4885580     15.8584278     15.6250000
11      3.00000  0.29500E+44  0.29621E+44 -0.12093E+42      -0.4099297     15.8584278     15.6250000
11      5.00000  0.28410E+44  0.28608E+44 -0.19815E+42      -0.6974720     15.8584278     15.6250000
11     10.00000  0.21840E+44  0.20169E+44  0.16708E+43       7.6499935     15.8584278     15.6250000
11     30.00000  0.69140E+43  0.29661E+43  0.39479E+43      57.1005811     15.8584278     15.6250000
  
12      1.00000  0.26710E+44  0.26311E+44  0.39905E+42       1.4940202     15.8584278    156.2500000
12      2.00000  0.27700E+44  0.28112E+44 -0.41233E+42      -1.4885580     15.8584278    156.2500000
12      3.00000  0.29500E+44  0.29621E+44 -0.12093E+42      -0.4099297     15.8584278    156.2500000
12      5.00000  0.28410E+44  0.28608E+44 -0.19815E+42      -0.6974720     15.8584278    156.2500000
12     10.00000  0.21840E+44  0.20169E+44  0.16708E+43       7.6499935     15.8584278    156.2500000
12     30.00000  0.69140E+43  0.29661E+43  0.39479E+43      57.1005811     15.8584278    156.2500000
  
13      1.00000  0.26710E+44  0.26377E+44  0.33288E+42       1.2462887     15.7865605     78.1250000
13      2.00000  0.27700E+44  0.28027E+44 -0.32676E+42      -1.1796502     15.7865605     78.1250000
13      3.00000  0.29500E+44  0.29663E+44 -0.16346E+42      -0.5541063     15.7865605     78.1250000
13      5.00000  0.28410E+44  0.28777E+44 -0.36720E+42      -1.2924936     15.7865605     78.1250000
13     10.00000  0.21840E+44  0.20266E+44  0.15739E+43       7.2066674     15.7865605     78.1250000
13     30.00000  0.69140E+43  0.29318E+43  0.39822E+43      57.5958354     15.7865605     78.1250000
  
14      1.00000  0.26710E+44  0.26361E+44  0.34949E+42       1.3084770     15.7371566     39.0625000
14      2.00000  0.27700E+44  0.28130E+44 -0.42976E+42      -1.5514661     15.7371566     39.0625000
14      3.00000  0.29500E+44  0.29732E+44 -0.23188E+42      -0.7860243     15.7371566     39.0625000
14      5.00000  0.28410E+44  0.28788E+44 -0.37822E+42      -1.3312882     15.7371566     39.0625000
14     10.00000  0.21840E+44  0.20270E+44  0.15704E+43       7.1904611     15.7371566     39.0625000
14     30.00000  0.69140E+43  0.29517E+43  0.39623E+43      57.3086494     15.7371566     39.0625000
  
15      1.00000  0.26710E+44  0.26361E+44  0.34949E+42       1.3084770     15.7371566    390.6250000
15      2.00000  0.27700E+44  0.28130E+44 -0.42976E+42      -1.5514661     15.7371566    390.6250000
15      3.00000  0.29500E+44  0.29732E+44 -0.23188E+42      -0.7860243     15.7371566    390.6250000
15      5.00000  0.28410E+44  0.28788E+44 -0.37822E+42      -1.3312882     15.7371566    390.6250000
15     10.00000  0.21840E+44  0.20270E+44  0.15704E+43       7.1904611     15.7371566    390.6250000
15     30.00000  0.69140E+43  0.29517E+43  0.39623E+43      57.3086494     15.7371566    390.6250000
  
