 1      1.00000  0.33030E+44  0.22148E+44  0.10882E+44      32.9451478    133.0858590      0.1000000
 1      2.00000  0.32280E+44  0.24127E+44  0.81534E+43      25.2583448    133.0858590      0.1000000
 1      3.00000  0.31400E+44  0.25762E+44  0.56384E+43      17.9565561    133.0858590      0.1000000
 1      5.00000  0.29410E+44  0.26267E+44  0.31431E+43      10.6870629    133.0858590      0.1000000
 1     10.00000  0.22150E+44  0.20427E+44  0.17226E+43       7.7767716    133.0858590      0.1000000
 1     30.00000  0.62470E+43  0.48825E+43  0.13645E+43      21.8422307    133.0858590      0.1000000
  
 2      1.00000  0.33030E+44  0.22180E+44  0.10850E+44      32.8500845    131.9275489      0.0500000
 2      2.00000  0.32280E+44  0.24163E+44  0.81166E+43      25.1442340    131.9275489      0.0500000
 2      3.00000  0.31400E+44  0.25801E+44  0.55994E+43      17.8325181    131.9275489      0.0500000
 2      5.00000  0.29410E+44  0.26300E+44  0.31097E+43      10.5737444    131.9275489      0.0500000
 2     10.00000  0.22150E+44  0.20444E+44  0.17056E+43       7.7001050    131.9275489      0.0500000
 2     30.00000  0.62470E+43  0.48853E+43  0.13617E+43      21.7976570    131.9275489      0.0500000
  
 3      1.00000  0.33030E+44  0.39875E+44 -0.68451E+43     -20.7237576     31.2977082      0.0250000
 3      2.00000  0.32280E+44  0.34414E+44 -0.21342E+43      -6.6115795     31.2977082      0.0250000
 3      3.00000  0.31400E+44  0.32554E+44 -0.11540E+43      -3.6752172     31.2977082      0.0250000
 3      5.00000  0.29410E+44  0.29876E+44 -0.46634E+42      -1.5856670     31.2977082      0.0250000
 3     10.00000  0.22150E+44  0.21769E+44  0.38071E+42       1.7187687     31.2977082      0.0250000
 3     30.00000  0.62470E+43  0.51529E+43  0.10941E+43      17.5138807     31.2977082      0.0250000
  
 4      1.00000  0.33030E+44  0.33740E+44 -0.70966E+42      -2.1485340      1.3966272      0.0125000
 4      2.00000  0.32280E+44  0.32192E+44  0.87935E+41       0.2724137      1.3966272      0.0125000
 4      3.00000  0.31400E+44  0.31615E+44 -0.21486E+42      -0.6842761      1.3966272      0.0125000
 4      5.00000  0.29410E+44  0.29710E+44 -0.30029E+42      -1.0210325      1.3966272      0.0125000
 4     10.00000  0.22150E+44  0.21824E+44  0.32579E+42       1.4708293      1.3966272      0.0125000
 4     30.00000  0.62470E+43  0.51591E+43  0.10879E+43      17.4144293      1.3966272      0.0125000
  
 5      1.00000  0.33030E+44  0.33073E+44 -0.43092E+41      -0.1304619      1.1214009      0.0062500
 5      2.00000  0.32280E+44  0.32052E+44  0.22780E+42       0.7057064      1.1214009      0.0062500
 5      3.00000  0.31400E+44  0.31591E+44 -0.19050E+42      -0.6066959      1.1214009      0.0062500
 5      5.00000  0.29410E+44  0.29716E+44 -0.30638E+42      -1.0417677      1.1214009      0.0062500
 5     10.00000  0.22150E+44  0.21831E+44  0.31876E+42       1.4390780      1.1214009      0.0062500
 5     30.00000  0.62470E+43  0.51639E+43  0.10831E+43      17.3378470      1.1214009      0.0062500
  
