 1      1.00000  0.27230E+44  0.21047E+44  0.61830E+43      22.7064284     63.6313869      0.1000000
 1      2.00000  0.27570E+44  0.22684E+44  0.48856E+43      17.7205471     63.6313869      0.1000000
 1      3.00000  0.28430E+44  0.23920E+44  0.45098E+43      15.8629198     63.6313869      0.1000000
 1      5.00000  0.27990E+44  0.23911E+44  0.40788E+43      14.5722329     63.6313869      0.1000000
 1     10.00000  0.19540E+44  0.17899E+44  0.16411E+43       8.3987472     63.6313869      0.1000000
 1     30.00000  0.51430E+43  0.27504E+43  0.23926E+43      46.5206671     63.6313869      0.1000000
  
 2      1.00000  0.27230E+44  0.22320E+44  0.49104E+43      18.0330291     35.3227490      0.0500000
 2      2.00000  0.27570E+44  0.24151E+44  0.34192E+43      12.4018195     35.3227490      0.0500000
 2      3.00000  0.28430E+44  0.25438E+44  0.29919E+43      10.5235991     35.3227490      0.0500000
 2      5.00000  0.27990E+44  0.25187E+44  0.28027E+43      10.0131282     35.3227490      0.0500000
 2     10.00000  0.19540E+44  0.18546E+44  0.99416E+42       5.0878422     35.3227490      0.0500000
 2     30.00000  0.51430E+43  0.28364E+43  0.23066E+43      44.8494431     35.3227490      0.0500000
  
 3      1.00000  0.27230E+44  0.27832E+44 -0.60241E+42      -2.2123075      4.5374364      0.0250000
 3      2.00000  0.27570E+44  0.28307E+44 -0.73659E+42      -2.6717255      4.5374364      0.0250000
 3      3.00000  0.28430E+44  0.28992E+44 -0.56231E+42      -1.9778843      4.5374364      0.0250000
 3      5.00000  0.27990E+44  0.27764E+44  0.22603E+42       0.8075547      4.5374364      0.0250000
 3     10.00000  0.19540E+44  0.19842E+44 -0.30214E+42      -1.5462893      4.5374364      0.0250000
 3     30.00000  0.51430E+43  0.31463E+43  0.19967E+43      38.8245199      4.5374364      0.0250000
  
 4      1.00000  0.27230E+44  0.27081E+44  0.14927E+42       0.5481835      4.0622787      0.0125000
 4      2.00000  0.27570E+44  0.27801E+44 -0.23106E+42      -0.8380725      4.0622787      0.0125000
 4      3.00000  0.28430E+44  0.28688E+44 -0.25757E+42      -0.9059931      4.0622787      0.0125000
 4      5.00000  0.27990E+44  0.27660E+44  0.32966E+42       1.1777835      4.0622787      0.0125000
 4     10.00000  0.19540E+44  0.19812E+44 -0.27191E+42      -1.3915780      4.0622787      0.0125000
 4     30.00000  0.51430E+43  0.31081E+43  0.20349E+43      39.5670229      4.0622787      0.0125000
  
 5      1.00000  0.27230E+44  0.27068E+44  0.16160E+42       0.5934528      4.0518350      0.0062500
 5      2.00000  0.27570E+44  0.27812E+44 -0.24215E+42      -0.8783144      4.0518350      0.0062500
 5      3.00000  0.28430E+44  0.28688E+44 -0.25776E+42      -0.9066531      4.0518350      0.0062500
 5      5.00000  0.27990E+44  0.27646E+44  0.34449E+42       1.2307519      4.0518350      0.0062500
 5     10.00000  0.19540E+44  0.19804E+44 -0.26434E+42      -1.3528137      4.0518350      0.0062500
 5     30.00000  0.51430E+43  0.31147E+43  0.20283E+43      39.4387439      4.0518350      0.0062500
  
 6      1.00000  0.27230E+44  0.27068E+44  0.16160E+42       0.5934528      4.0518350      0.0625000
 6      2.00000  0.27570E+44  0.27812E+44 -0.24215E+42      -0.8783144      4.0518350      0.0625000
 6      3.00000  0.28430E+44  0.28688E+44 -0.25776E+42      -0.9066531      4.0518350      0.0625000
 6      5.00000  0.27990E+44  0.27646E+44  0.34449E+42       1.2307519      4.0518350      0.0625000
 6     10.00000  0.19540E+44  0.19804E+44 -0.26434E+42      -1.3528137      4.0518350      0.0625000
 6     30.00000  0.51430E+43  0.31147E+43  0.20283E+43      39.4387439      4.0518350      0.0625000
  
 7      1.00000  0.27230E+44  0.27068E+44  0.16160E+42       0.5934528      4.0518350      0.6250000
 7      2.00000  0.27570E+44  0.27812E+44 -0.24215E+42      -0.8783144      4.0518350      0.6250000
 7      3.00000  0.28430E+44  0.28688E+44 -0.25776E+42      -0.9066531      4.0518350      0.6250000
 7      5.00000  0.27990E+44  0.27646E+44  0.34449E+42       1.2307519      4.0518350      0.6250000
 7     10.00000  0.19540E+44  0.19804E+44 -0.26434E+42      -1.3528137      4.0518350      0.6250000
 7     30.00000  0.51430E+43  0.31147E+43  0.20283E+43      39.4387439      4.0518350      0.6250000
  
 8      1.00000  0.27230E+44  0.27068E+44  0.16160E+42       0.5934528      4.0518350      6.2500000
 8      2.00000  0.27570E+44  0.27812E+44 -0.24215E+42      -0.8783144      4.0518350      6.2500000
 8      3.00000  0.28430E+44  0.28688E+44 -0.25776E+42      -0.9066531      4.0518350      6.2500000
 8      5.00000  0.27990E+44  0.27646E+44  0.34449E+42       1.2307519      4.0518350      6.2500000
 8     10.00000  0.19540E+44  0.19804E+44 -0.26434E+42      -1.3528137      4.0518350      6.2500000
 8     30.00000  0.51430E+43  0.31147E+43  0.20283E+43      39.4387439      4.0518350      6.2500000
  
 9      1.00000  0.27230E+44  0.27068E+44  0.16160E+42       0.5934528      4.0518350     62.5000000
 9      2.00000  0.27570E+44  0.27812E+44 -0.24215E+42      -0.8783144      4.0518350     62.5000000
 9      3.00000  0.28430E+44  0.28688E+44 -0.25776E+42      -0.9066531      4.0518350     62.5000000
 9      5.00000  0.27990E+44  0.27646E+44  0.34449E+42       1.2307519      4.0518350     62.5000000
 9     10.00000  0.19540E+44  0.19804E+44 -0.26434E+42      -1.3528137      4.0518350     62.5000000
 9     30.00000  0.51430E+43  0.31147E+43  0.20283E+43      39.4387439      4.0518350     62.5000000
  
10      1.00000  0.27230E+44  0.27068E+44  0.16160E+42       0.5934528      4.0518350    625.0000000
10      2.00000  0.27570E+44  0.27812E+44 -0.24215E+42      -0.8783144      4.0518350    625.0000000
10      3.00000  0.28430E+44  0.28688E+44 -0.25776E+42      -0.9066531      4.0518350    625.0000000
10      5.00000  0.27990E+44  0.27646E+44  0.34449E+42       1.2307519      4.0518350    625.0000000
10     10.00000  0.19540E+44  0.19804E+44 -0.26434E+42      -1.3528137      4.0518350    625.0000000
10     30.00000  0.51430E+43  0.31147E+43  0.20283E+43      39.4387439      4.0518350    625.0000000
  
11      1.00000  0.27230E+44  0.27068E+44  0.16160E+42       0.5934528      4.0518350   6250.0000000
11      2.00000  0.27570E+44  0.27812E+44 -0.24215E+42      -0.8783144      4.0518350   6250.0000000
11      3.00000  0.28430E+44  0.28688E+44 -0.25776E+42      -0.9066531      4.0518350   6250.0000000
11      5.00000  0.27990E+44  0.27646E+44  0.34449E+42       1.2307519      4.0518350   6250.0000000
11     10.00000  0.19540E+44  0.19804E+44 -0.26434E+42      -1.3528137      4.0518350   6250.0000000
11     30.00000  0.51430E+43  0.31147E+43  0.20283E+43      39.4387439      4.0518350   6250.0000000
  
12      1.00000  0.27230E+44  0.27068E+44  0.16160E+42       0.5934528      4.0518350  62500.0000000
12      2.00000  0.27570E+44  0.27812E+44 -0.24215E+42      -0.8783144      4.0518350  62500.0000000
12      3.00000  0.28430E+44  0.28688E+44 -0.25776E+42      -0.9066531      4.0518350  62500.0000000
12      5.00000  0.27990E+44  0.27646E+44  0.34449E+42       1.2307519      4.0518350  62500.0000000
12     10.00000  0.19540E+44  0.19804E+44 -0.26434E+42      -1.3528137      4.0518350  62500.0000000
12     30.00000  0.51430E+43  0.31147E+43  0.20283E+43      39.4387439      4.0518350  62500.0000000
  
13      1.00000  0.27230E+44  0.27068E+44  0.16160E+42       0.5934528      4.0518350 625000.0000000
13      2.00000  0.27570E+44  0.27812E+44 -0.24215E+42      -0.8783144      4.0518350 625000.0000000
13      3.00000  0.28430E+44  0.28688E+44 -0.25776E+42      -0.9066531      4.0518350 625000.0000000
13      5.00000  0.27990E+44  0.27646E+44  0.34449E+42       1.2307519      4.0518350 625000.0000000
13     10.00000  0.19540E+44  0.19804E+44 -0.26434E+42      -1.3528137      4.0518350 625000.0000000
13     30.00000  0.51430E+43  0.31147E+43  0.20283E+43      39.4387439      4.0518350 625000.0000000
  
14      1.00000  0.27230E+44  0.27068E+44  0.16160E+42       0.5934528      4.0518350 **************
14      2.00000  0.27570E+44  0.27812E+44 -0.24215E+42      -0.8783144      4.0518350 **************
14      3.00000  0.28430E+44  0.28688E+44 -0.25776E+42      -0.9066531      4.0518350 **************
14      5.00000  0.27990E+44  0.27646E+44  0.34449E+42       1.2307519      4.0518350 **************
14     10.00000  0.19540E+44  0.19804E+44 -0.26434E+42      -1.3528137      4.0518350 **************
14     30.00000  0.51430E+43  0.31147E+43  0.20283E+43      39.4387439      4.0518350 **************
  
15      1.00000  0.27230E+44  0.27068E+44  0.16160E+42       0.5934528      4.0518350 **************
15      2.00000  0.27570E+44  0.27812E+44 -0.24215E+42      -0.8783144      4.0518350 **************
15      3.00000  0.28430E+44  0.28688E+44 -0.25776E+42      -0.9066531      4.0518350 **************
15      5.00000  0.27990E+44  0.27646E+44  0.34449E+42       1.2307519      4.0518350 **************
15     10.00000  0.19540E+44  0.19804E+44 -0.26434E+42      -1.3528137      4.0518350 **************
15     30.00000  0.51430E+43  0.31147E+43  0.20283E+43      39.4387439      4.0518350 **************
  
