 1      1.00000  0.31970E+44  0.25816E+44  0.61544E+43      19.2504841    138.6765256      0.1000000
 1      2.00000  0.34440E+44  0.27375E+44  0.70648E+43      20.5133051    138.6765256      0.1000000
 1      3.00000  0.35360E+44  0.28384E+44  0.69760E+43      19.7285262    138.6765256      0.1000000
 1      5.00000  0.35350E+44  0.27672E+44  0.76779E+43      21.7197844    138.6765256      0.1000000
 1     10.00000  0.25960E+44  0.20378E+44  0.55820E+43      21.5022178    138.6765256      0.1000000
 1     30.00000  0.96610E+43  0.56114E+43  0.40496E+43      41.9164938    138.6765256      0.1000000
  
 2      1.00000  0.31970E+44  0.37008E+44 -0.50377E+43     -15.7574840     47.1699677      0.0500000
 2      2.00000  0.34440E+44  0.39418E+44 -0.49782E+43     -14.4547770     47.1699677      0.0500000
 2      3.00000  0.35360E+44  0.39899E+44 -0.45386E+43     -12.8353676     47.1699677      0.0500000
 2      5.00000  0.35350E+44  0.36407E+44 -0.10569E+43      -2.9897852     47.1699677      0.0500000
 2     10.00000  0.25960E+44  0.24472E+44  0.14879E+43       5.7314907     47.1699677      0.0500000
 2     30.00000  0.96610E+43  0.63463E+43  0.33147E+43      34.3100983     47.1699677      0.0500000
  
 3      1.00000  0.31970E+44  0.32754E+44 -0.78379E+42      -2.4516528     15.9452120      0.0250000
 3      2.00000  0.34440E+44  0.33815E+44  0.62549E+42       1.8161783     15.9452120      0.0250000
 3      3.00000  0.35360E+44  0.35298E+44  0.61711E+41       0.1745224     15.9452120      0.0250000
 3      5.00000  0.35350E+44  0.33615E+44  0.17350E+43       4.9080399     15.9452120      0.0250000
 3     10.00000  0.25960E+44  0.23308E+44  0.26522E+43      10.2164837     15.9452120      0.0250000
 3     30.00000  0.96610E+43  0.62105E+43  0.34505E+43      35.7154059     15.9452120      0.0250000
  
 4      1.00000  0.31970E+44  0.31667E+44  0.30348E+42       0.9492537     12.2017261      0.0125000
 4      2.00000  0.34440E+44  0.34827E+44 -0.38657E+42      -1.1224351     12.2017261      0.0125000
 4      3.00000  0.35360E+44  0.36855E+44 -0.14948E+43      -4.2272960     12.2017261      0.0125000
 4      5.00000  0.35350E+44  0.34991E+44  0.35862E+42       1.0144967     12.2017261      0.0125000
 4     10.00000  0.25960E+44  0.24039E+44  0.19207E+43       7.3986087     12.2017261      0.0125000
 4     30.00000  0.96610E+43  0.63253E+43  0.33357E+43      34.5277934     12.2017261      0.0125000
  
 5      1.00000  0.31970E+44  0.31667E+44  0.30348E+42       0.9492537     12.2017261      0.1250000
 5      2.00000  0.34440E+44  0.34827E+44 -0.38657E+42      -1.1224351     12.2017261      0.1250000
 5      3.00000  0.35360E+44  0.36855E+44 -0.14948E+43      -4.2272960     12.2017261      0.1250000
 5      5.00000  0.35350E+44  0.34991E+44  0.35862E+42       1.0144967     12.2017261      0.1250000
 5     10.00000  0.25960E+44  0.24039E+44  0.19207E+43       7.3986087     12.2017261      0.1250000
 5     30.00000  0.96610E+43  0.63253E+43  0.33357E+43      34.5277934     12.2017261      0.1250000
  
 6      1.00000  0.31970E+44  0.31667E+44  0.30348E+42       0.9492537     12.2017261      1.2500000
 6      2.00000  0.34440E+44  0.34827E+44 -0.38657E+42      -1.1224351     12.2017261      1.2500000
 6      3.00000  0.35360E+44  0.36855E+44 -0.14948E+43      -4.2272960     12.2017261      1.2500000
 6      5.00000  0.35350E+44  0.34991E+44  0.35862E+42       1.0144967     12.2017261      1.2500000
 6     10.00000  0.25960E+44  0.24039E+44  0.19207E+43       7.3986087     12.2017261      1.2500000
 6     30.00000  0.96610E+43  0.63253E+43  0.33357E+43      34.5277934     12.2017261      1.2500000
  
 7      1.00000  0.31970E+44  0.31667E+44  0.30348E+42       0.9492537     12.2017261     12.5000000
 7      2.00000  0.34440E+44  0.34827E+44 -0.38657E+42      -1.1224351     12.2017261     12.5000000
 7      3.00000  0.35360E+44  0.36855E+44 -0.14948E+43      -4.2272960     12.2017261     12.5000000
 7      5.00000  0.35350E+44  0.34991E+44  0.35862E+42       1.0144967     12.2017261     12.5000000
 7     10.00000  0.25960E+44  0.24039E+44  0.19207E+43       7.3986087     12.2017261     12.5000000
 7     30.00000  0.96610E+43  0.63253E+43  0.33357E+43      34.5277934     12.2017261     12.5000000
  
 8      1.00000  0.31970E+44  0.31667E+44  0.30348E+42       0.9492537     12.2017261    125.0000000
 8      2.00000  0.34440E+44  0.34827E+44 -0.38657E+42      -1.1224351     12.2017261    125.0000000
 8      3.00000  0.35360E+44  0.36855E+44 -0.14948E+43      -4.2272960     12.2017261    125.0000000
 8      5.00000  0.35350E+44  0.34991E+44  0.35862E+42       1.0144967     12.2017261    125.0000000
 8     10.00000  0.25960E+44  0.24039E+44  0.19207E+43       7.3986087     12.2017261    125.0000000
 8     30.00000  0.96610E+43  0.63253E+43  0.33357E+43      34.5277934     12.2017261    125.0000000
  
 9      1.00000  0.31970E+44  0.31463E+44  0.50717E+42       1.5863867     12.1551849     62.5000000
 9      2.00000  0.34440E+44  0.34391E+44  0.48540E+41       0.1409395     12.1551849     62.5000000
 9      3.00000  0.35360E+44  0.36504E+44 -0.11438E+43      -3.2347270     12.1551849     62.5000000
 9      5.00000  0.35350E+44  0.34792E+44  0.55830E+42       1.5793497     12.1551849     62.5000000
 9     10.00000  0.25960E+44  0.23915E+44  0.20454E+43       7.8790958     12.1551849     62.5000000
 9     30.00000  0.96610E+43  0.63252E+43  0.33358E+43      34.5285004     12.1551849     62.5000000
  
10      1.00000  0.31970E+44  0.31463E+44  0.50717E+42       1.5863867     12.1551849    625.0000000
10      2.00000  0.34440E+44  0.34391E+44  0.48540E+41       0.1409395     12.1551849    625.0000000
10      3.00000  0.35360E+44  0.36504E+44 -0.11438E+43      -3.2347270     12.1551849    625.0000000
10      5.00000  0.35350E+44  0.34792E+44  0.55830E+42       1.5793497     12.1551849    625.0000000
10     10.00000  0.25960E+44  0.23915E+44  0.20454E+43       7.8790958     12.1551849    625.0000000
10     30.00000  0.96610E+43  0.63252E+43  0.33358E+43      34.5285004     12.1551849    625.0000000
  
11      1.00000  0.31970E+44  0.31507E+44  0.46306E+42       1.4484350     12.0736354    312.5000000
11      2.00000  0.34440E+44  0.34677E+44 -0.23657E+42      -0.6869109     12.0736354    312.5000000
11      3.00000  0.35360E+44  0.36768E+44 -0.14080E+43      -3.9819947     12.0736354    312.5000000
11      5.00000  0.35350E+44  0.34968E+44  0.38170E+42       1.0797634     12.0736354    312.5000000
11     10.00000  0.25960E+44  0.24021E+44  0.19393E+43       7.4702072     12.0736354    312.5000000
11     30.00000  0.96610E+43  0.63335E+43  0.33275E+43      34.4423052     12.0736354    312.5000000
  
12      1.00000  0.31970E+44  0.31479E+44  0.49090E+42       1.5355163     12.0425194    156.2500000
12      2.00000  0.34440E+44  0.34635E+44 -0.19539E+42      -0.5673214     12.0425194    156.2500000
12      3.00000  0.35360E+44  0.36770E+44 -0.14104E+43      -3.9885482     12.0425194    156.2500000
12      5.00000  0.35350E+44  0.34996E+44  0.35403E+42       1.0014913     12.0425194    156.2500000
12     10.00000  0.25960E+44  0.24026E+44  0.19341E+43       7.4501185     12.0425194    156.2500000
12     30.00000  0.96610E+43  0.63398E+43  0.33212E+43      34.3772238     12.0425194    156.2500000
  
13      1.00000  0.31970E+44  0.31479E+44  0.49090E+42       1.5355163     12.0425194   1562.5000000
13      2.00000  0.34440E+44  0.34635E+44 -0.19539E+42      -0.5673214     12.0425194   1562.5000000
13      3.00000  0.35360E+44  0.36770E+44 -0.14104E+43      -3.9885482     12.0425194   1562.5000000
13      5.00000  0.35350E+44  0.34996E+44  0.35403E+42       1.0014913     12.0425194   1562.5000000
13     10.00000  0.25960E+44  0.24026E+44  0.19341E+43       7.4501185     12.0425194   1562.5000000
13     30.00000  0.96610E+43  0.63398E+43  0.33212E+43      34.3772238     12.0425194   1562.5000000
  
14      1.00000  0.31970E+44  0.31479E+44  0.49090E+42       1.5355163     12.0425194  15625.0000000
14      2.00000  0.34440E+44  0.34635E+44 -0.19539E+42      -0.5673214     12.0425194  15625.0000000
14      3.00000  0.35360E+44  0.36770E+44 -0.14104E+43      -3.9885482     12.0425194  15625.0000000
14      5.00000  0.35350E+44  0.34996E+44  0.35403E+42       1.0014913     12.0425194  15625.0000000
14     10.00000  0.25960E+44  0.24026E+44  0.19341E+43       7.4501185     12.0425194  15625.0000000
14     30.00000  0.96610E+43  0.63398E+43  0.33212E+43      34.3772238     12.0425194  15625.0000000
  
15      1.00000  0.31970E+44  0.31479E+44  0.49090E+42       1.5355163     12.0425194 156250.0000000
15      2.00000  0.34440E+44  0.34635E+44 -0.19539E+42      -0.5673214     12.0425194 156250.0000000
15      3.00000  0.35360E+44  0.36770E+44 -0.14104E+43      -3.9885482     12.0425194 156250.0000000
15      5.00000  0.35350E+44  0.34996E+44  0.35403E+42       1.0014913     12.0425194 156250.0000000
15     10.00000  0.25960E+44  0.24026E+44  0.19341E+43       7.4501185     12.0425194 156250.0000000
15     30.00000  0.96610E+43  0.63398E+43  0.33212E+43      34.3772238     12.0425194 156250.0000000
  
