 1      1.00000  0.39300E+44  0.31641E+44  0.76594E+43      19.4895916     42.2593686      0.1000000
 1      2.00000  0.45040E+44  0.35951E+44  0.90888E+43      20.1793630     42.2593686      0.1000000
 1      3.00000  0.44200E+44  0.39951E+44  0.42485E+43       9.6120883     42.2593686      0.1000000
 1      5.00000  0.42800E+44  0.40958E+44  0.18421E+43       4.3039765     42.2593686      0.1000000
 1     10.00000  0.31010E+44  0.29896E+44  0.11136E+43       3.5909447     42.2593686      0.1000000
 1     30.00000  0.94360E+43  0.98603E+43 -0.42429E+42      -4.4964940     42.2593686      0.1000000
  
 2      1.00000  0.39300E+44  0.31641E+44  0.76594E+43      19.4895916     42.2593686      1.0000000
 2      2.00000  0.45040E+44  0.35951E+44  0.90888E+43      20.1793630     42.2593686      1.0000000
 2      3.00000  0.44200E+44  0.39951E+44  0.42485E+43       9.6120883     42.2593686      1.0000000
 2      5.00000  0.42800E+44  0.40958E+44  0.18421E+43       4.3039765     42.2593686      1.0000000
 2     10.00000  0.31010E+44  0.29896E+44  0.11136E+43       3.5909447     42.2593686      1.0000000
 2     30.00000  0.94360E+43  0.98603E+43 -0.42429E+42      -4.4964940     42.2593686      1.0000000
  
 3      1.00000  0.39300E+44  0.47121E+44 -0.78214E+43     -19.9017360     15.9713380      0.5000000
 3      2.00000  0.45040E+44  0.46227E+44 -0.11873E+43      -2.6360439     15.9713380      0.5000000
 3      3.00000  0.44200E+44  0.45951E+44 -0.17512E+43      -3.9620306     15.9713380      0.5000000
 3      5.00000  0.42800E+44  0.43391E+44 -0.59091E+42      -1.3806259     15.9713380      0.5000000
 3     10.00000  0.31010E+44  0.30698E+44  0.31191E+42       1.0058431     15.9713380      0.5000000
 3     30.00000  0.94360E+43  0.99805E+43 -0.54448E+42      -5.7701890     15.9713380      0.5000000
  
 4      1.00000  0.39300E+44  0.40643E+44 -0.13427E+43      -3.4165898      1.3221193      0.2500000
 4      2.00000  0.45040E+44  0.43918E+44  0.11219E+43       2.4908709      1.3221193      0.2500000
 4      3.00000  0.44200E+44  0.45078E+44 -0.87822E+42      -1.9869274      1.3221193      0.2500000
 4      5.00000  0.42800E+44  0.43223E+44 -0.42292E+42      -0.9881366      1.3221193      0.2500000
 4     10.00000  0.31010E+44  0.30692E+44  0.31824E+42       1.0262388      1.3221193      0.2500000
 4     30.00000  0.94360E+43  0.99903E+43 -0.55426E+42      -5.8738833      1.3221193      0.2500000
  
 5      1.00000  0.39300E+44  0.39798E+44 -0.49759E+42      -1.2661368      1.1097276      0.1250000
 5      2.00000  0.45040E+44  0.43676E+44  0.13638E+43       3.0279295      1.1097276      0.1250000
 5      3.00000  0.44200E+44  0.45028E+44 -0.82801E+42      -1.8733214      1.1097276      0.1250000
 5      5.00000  0.42800E+44  0.43245E+44 -0.44530E+42      -1.0404167      1.1097276      0.1250000
 5     10.00000  0.31010E+44  0.30707E+44  0.30325E+42       0.9778976      1.1097276      0.1250000
 5     30.00000  0.94360E+43  0.99934E+43 -0.55741E+42      -5.9072288      1.1097276      0.1250000
  
