 1      1.00000  0.43490E+44  0.30289E+44  0.13201E+44      30.3542084     92.1171435      0.1000000
 1      2.00000  0.43710E+44  0.34117E+44  0.95929E+43      21.9466294     92.1171435      0.1000000
 1      3.00000  0.44500E+44  0.37719E+44  0.67810E+43      15.2383085     92.1171435      0.1000000
 1      5.00000  0.43080E+44  0.39002E+44  0.40778E+43       9.4655347     92.1171435      0.1000000
 1     10.00000  0.31090E+44  0.29530E+44  0.15599E+43       5.0174000     92.1171435      0.1000000
 1     30.00000  0.94610E+43  0.10660E+44 -0.11994E+43     -12.6773426     92.1171435      0.1000000
  
 2      1.00000  0.43490E+44  0.32159E+44  0.11331E+44      26.0553565     57.0242428      0.0500000
 2      2.00000  0.43710E+44  0.36512E+44  0.71981E+43      16.4678796     57.0242428      0.0500000
 2      3.00000  0.44500E+44  0.40218E+44  0.42824E+43       9.6233310     57.0242428      0.0500000
 2      5.00000  0.43080E+44  0.40798E+44  0.22817E+43       5.2964581     57.0242428      0.0500000
 2     10.00000  0.31090E+44  0.30147E+44  0.94263E+42       3.0319373     57.0242428      0.0500000
 2     30.00000  0.94610E+43  0.10684E+44 -0.12228E+43     -12.9249355     57.0242428      0.0500000
  
 3      1.00000  0.43490E+44  0.48782E+44 -0.52924E+43     -12.1692950      8.8163384      0.0250000
 3      2.00000  0.43710E+44  0.44839E+44 -0.11286E+43      -2.5821099      8.8163384      0.0250000
 3      3.00000  0.44500E+44  0.45028E+44 -0.52810E+42      -1.1867368      8.8163384      0.0250000
 3      5.00000  0.43080E+44  0.42913E+44  0.16676E+42       0.3870957      8.8163384      0.0250000
 3     10.00000  0.31090E+44  0.30735E+44  0.35548E+42       1.1433859      8.8163384      0.0250000
 3     30.00000  0.94610E+43  0.10680E+44 -0.12187E+43     -12.8814676      8.8163384      0.0250000
  
 4      1.00000  0.43490E+44  0.43827E+44 -0.33699E+42      -0.7748754      0.5662306      0.0125000
 4      2.00000  0.43710E+44  0.43578E+44  0.13183E+42       0.3016015      0.5662306      0.0125000
 4      3.00000  0.44500E+44  0.44770E+44 -0.27047E+42      -0.6077878      0.5662306      0.0125000
 4      5.00000  0.43080E+44  0.43031E+44  0.48837E+41       0.1133627      0.5662306      0.0125000
 4     10.00000  0.31090E+44  0.30825E+44  0.26550E+42       0.8539663      0.5662306      0.0125000
 4     30.00000  0.94610E+43  0.10699E+44 -0.12382E+43     -13.0878951      0.5662306      0.0125000
  
 5      1.00000  0.43490E+44  0.43493E+44 -0.34446E+40      -0.0079204      0.5371498      0.0062500
 5      2.00000  0.43710E+44  0.43513E+44  0.19664E+42       0.4498731      0.5371498      0.0062500
 5      3.00000  0.44500E+44  0.44770E+44 -0.27023E+42      -0.6072640      0.5371498      0.0062500
 5      5.00000  0.43080E+44  0.43048E+44  0.32402E+41       0.0752142      0.5371498      0.0062500
 5     10.00000  0.31090E+44  0.30834E+44  0.25575E+42       0.8226233      0.5371498      0.0062500
 5     30.00000  0.94610E+43  0.10701E+44 -0.12402E+43     -13.1088836      0.5371498      0.0062500
  
 6      1.00000  0.43490E+44  0.43492E+44 -0.20803E+40      -0.0047835      0.5371480      0.0031250
 6      2.00000  0.43710E+44  0.43513E+44  0.19715E+42       0.4510393      0.5371480      0.0031250
 6      3.00000  0.44500E+44  0.44770E+44 -0.26967E+42      -0.6059903      0.5371480      0.0031250
 6      5.00000  0.43080E+44  0.43047E+44  0.32889E+41       0.0763434      0.5371480      0.0031250
 6     10.00000  0.31090E+44  0.30834E+44  0.25591E+42       0.8231154      0.5371480      0.0031250
 6     30.00000  0.94610E+43  0.10701E+44 -0.12402E+43     -13.1089188      0.5371480      0.0031250
  
 7      1.00000  0.43490E+44  0.43492E+44 -0.21007E+40      -0.0048303      0.5371476      0.0015625
 7      2.00000  0.43710E+44  0.43513E+44  0.19712E+42       0.4509642      0.5371476      0.0015625
 7      3.00000  0.44500E+44  0.44770E+44 -0.26968E+42      -0.6060180      0.5371476      0.0015625
 7      5.00000  0.43080E+44  0.43047E+44  0.32890E+41       0.0763462      0.5371476      0.0015625
 7     10.00000  0.31090E+44  0.30834E+44  0.25591E+42       0.8231126      0.5371476      0.0015625
 7     30.00000  0.94610E+43  0.10701E+44 -0.12402E+43     -13.1089316      0.5371476      0.0015625
  
