 1      1.00000  0.30770E+44  0.21525E+44  0.92452E+43      30.0462252     84.3130969      0.1000000
 1      2.00000  0.29970E+44  0.23324E+44  0.66457E+43      22.1744466     84.3130969      0.1000000
 1      3.00000  0.29440E+44  0.24739E+44  0.47010E+43      15.9679259     84.3130969      0.1000000
 1      5.00000  0.27450E+44  0.24946E+44  0.25041E+43       9.1222637     84.3130969      0.1000000
 1     10.00000  0.20190E+44  0.18988E+44  0.12024E+43       5.9552875     84.3130969      0.1000000
 1     30.00000  0.22870E+43  0.36655E+43 -0.13785E+43     -60.2760949     84.3130969      0.1000000
  
 2      1.00000  0.30770E+44  0.22485E+44  0.82848E+43      26.9247937     60.7510066      0.0500000
 2      2.00000  0.29970E+44  0.24442E+44  0.55283E+43      18.4462564     60.7510066      0.0500000
 2      3.00000  0.29440E+44  0.25904E+44  0.35356E+43      12.0094504     60.7510066      0.0500000
 2      5.00000  0.27450E+44  0.25930E+44  0.15204E+43       5.5387825     60.7510066      0.0500000
 2     10.00000  0.20190E+44  0.19486E+44  0.70402E+42       3.4869871     60.7510066      0.0500000
 2     30.00000  0.22870E+43  0.37406E+43 -0.14536E+43     -63.5576686     60.7510066      0.0500000
  
 3      1.00000  0.30770E+44  0.34598E+44 -0.38276E+43     -12.4393365      9.7892344      0.0250000
 3      2.00000  0.29970E+44  0.31091E+44 -0.11206E+43      -3.7389137      9.7892344      0.0250000
 3      3.00000  0.29440E+44  0.29846E+44 -0.40573E+42      -1.3781588      9.7892344      0.0250000
 3      5.00000  0.27450E+44  0.27643E+44 -0.19286E+42      -0.7025951      9.7892344      0.0250000
 3     10.00000  0.20190E+44  0.19932E+44  0.25841E+42       1.2798913      9.7892344      0.0250000
 3     30.00000  0.22870E+43  0.38074E+43 -0.15204E+43     -66.4788505      9.7892344      0.0250000
  
 4      1.00000  0.30770E+44  0.31075E+44 -0.30521E+42      -0.9919021      1.6963652      0.0125000
 4      2.00000  0.29970E+44  0.29917E+44  0.53166E+41       0.1773961      1.6963652      0.0125000
 4      3.00000  0.29440E+44  0.29398E+44  0.42229E+41       0.1434407      1.6963652      0.0125000
 4      5.00000  0.27450E+44  0.27585E+44 -0.13513E+42      -0.4922783      1.6963652      0.0125000
 4     10.00000  0.20190E+44  0.19974E+44  0.21635E+42       1.0715670      1.6963652      0.0125000
 4     30.00000  0.22870E+43  0.38184E+43 -0.15314E+43     -66.9618780      1.6963652      0.0125000
  
 5      1.00000  0.30770E+44  0.30818E+44 -0.48364E+41      -0.1571775      1.6613613      0.0062500
 5      2.00000  0.29970E+44  0.29851E+44  0.11858E+42       0.3956493      1.6613613      0.0062500
 5      3.00000  0.29440E+44  0.29382E+44  0.58494E+41       0.1986885      1.6613613      0.0062500
 5      5.00000  0.27450E+44  0.27587E+44 -0.13665E+42      -0.4978144      1.6613613      0.0062500
 5     10.00000  0.20190E+44  0.19978E+44  0.21238E+42       1.0519023      1.6613613      0.0062500
 5     30.00000  0.22870E+43  0.38208E+43 -0.15338E+43     -67.0672125      1.6613613      0.0062500
  
 6      1.00000  0.30770E+44  0.30818E+44 -0.48364E+41      -0.1571775      1.6613613      0.0625000
 6      2.00000  0.29970E+44  0.29851E+44  0.11858E+42       0.3956493      1.6613613      0.0625000
 6      3.00000  0.29440E+44  0.29382E+44  0.58494E+41       0.1986885      1.6613613      0.0625000
 6      5.00000  0.27450E+44  0.27587E+44 -0.13665E+42      -0.4978144      1.6613613      0.0625000
 6     10.00000  0.20190E+44  0.19978E+44  0.21238E+42       1.0519023      1.6613613      0.0625000
 6     30.00000  0.22870E+43  0.38208E+43 -0.15338E+43     -67.0672125      1.6613613      0.0625000
  
 7      1.00000  0.30770E+44  0.30818E+44 -0.48364E+41      -0.1571775      1.6613613      0.6250000
 7      2.00000  0.29970E+44  0.29851E+44  0.11858E+42       0.3956493      1.6613613      0.6250000
 7      3.00000  0.29440E+44  0.29382E+44  0.58494E+41       0.1986885      1.6613613      0.6250000
 7      5.00000  0.27450E+44  0.27587E+44 -0.13665E+42      -0.4978144      1.6613613      0.6250000
 7     10.00000  0.20190E+44  0.19978E+44  0.21238E+42       1.0519023      1.6613613      0.6250000
 7     30.00000  0.22870E+43  0.38208E+43 -0.15338E+43     -67.0672125      1.6613613      0.6250000
  
 8      1.00000  0.30770E+44  0.30818E+44 -0.48364E+41      -0.1571775      1.6613613      6.2500000
 8      2.00000  0.29970E+44  0.29851E+44  0.11858E+42       0.3956493      1.6613613      6.2500000
 8      3.00000  0.29440E+44  0.29382E+44  0.58494E+41       0.1986885      1.6613613      6.2500000
 8      5.00000  0.27450E+44  0.27587E+44 -0.13665E+42      -0.4978144      1.6613613      6.2500000
 8     10.00000  0.20190E+44  0.19978E+44  0.21238E+42       1.0519023      1.6613613      6.2500000
 8     30.00000  0.22870E+43  0.38208E+43 -0.15338E+43     -67.0672125      1.6613613      6.2500000
  
 9      1.00000  0.30770E+44  0.30818E+44 -0.48364E+41      -0.1571775      1.6613613     62.5000000
 9      2.00000  0.29970E+44  0.29851E+44  0.11858E+42       0.3956493      1.6613613     62.5000000
 9      3.00000  0.29440E+44  0.29382E+44  0.58494E+41       0.1986885      1.6613613     62.5000000
 9      5.00000  0.27450E+44  0.27587E+44 -0.13665E+42      -0.4978144      1.6613613     62.5000000
 9     10.00000  0.20190E+44  0.19978E+44  0.21238E+42       1.0519023      1.6613613     62.5000000
 9     30.00000  0.22870E+43  0.38208E+43 -0.15338E+43     -67.0672125      1.6613613     62.5000000
  
10      1.00000  0.30770E+44  0.30818E+44 -0.48364E+41      -0.1571775      1.6613613    625.0000000
10      2.00000  0.29970E+44  0.29851E+44  0.11858E+42       0.3956493      1.6613613    625.0000000
10      3.00000  0.29440E+44  0.29382E+44  0.58494E+41       0.1986885      1.6613613    625.0000000
10      5.00000  0.27450E+44  0.27587E+44 -0.13665E+42      -0.4978144      1.6613613    625.0000000
10     10.00000  0.20190E+44  0.19978E+44  0.21238E+42       1.0519023      1.6613613    625.0000000
10     30.00000  0.22870E+43  0.38208E+43 -0.15338E+43     -67.0672125      1.6613613    625.0000000
  
11      1.00000  0.30770E+44  0.30818E+44 -0.48364E+41      -0.1571775      1.6613613   6250.0000000
11      2.00000  0.29970E+44  0.29851E+44  0.11858E+42       0.3956493      1.6613613   6250.0000000
11      3.00000  0.29440E+44  0.29382E+44  0.58494E+41       0.1986885      1.6613613   6250.0000000
11      5.00000  0.27450E+44  0.27587E+44 -0.13665E+42      -0.4978144      1.6613613   6250.0000000
11     10.00000  0.20190E+44  0.19978E+44  0.21238E+42       1.0519023      1.6613613   6250.0000000
11     30.00000  0.22870E+43  0.38208E+43 -0.15338E+43     -67.0672125      1.6613613   6250.0000000
  
12      1.00000  0.30770E+44  0.30818E+44 -0.48364E+41      -0.1571775      1.6613613  62500.0000000
12      2.00000  0.29970E+44  0.29851E+44  0.11858E+42       0.3956493      1.6613613  62500.0000000
12      3.00000  0.29440E+44  0.29382E+44  0.58494E+41       0.1986885      1.6613613  62500.0000000
12      5.00000  0.27450E+44  0.27587E+44 -0.13665E+42      -0.4978144      1.6613613  62500.0000000
12     10.00000  0.20190E+44  0.19978E+44  0.21238E+42       1.0519023      1.6613613  62500.0000000
12     30.00000  0.22870E+43  0.38208E+43 -0.15338E+43     -67.0672125      1.6613613  62500.0000000
  
13      1.00000  0.30770E+44  0.30818E+44 -0.48475E+41      -0.1575393      1.6613610  31250.0000000
13      2.00000  0.29970E+44  0.29851E+44  0.11854E+42       0.3955223      1.6613610  31250.0000000
13      3.00000  0.29440E+44  0.29382E+44  0.58486E+41       0.1986616      1.6613610  31250.0000000
13      5.00000  0.27450E+44  0.27587E+44 -0.13664E+42      -0.4977781      1.6613610  31250.0000000
13     10.00000  0.20190E+44  0.19978E+44  0.21239E+42       1.0519462      1.6613610  31250.0000000
13     30.00000  0.22870E+43  0.38208E+43 -0.15338E+43     -67.0671911      1.6613610  31250.0000000
  
14      1.00000  0.30770E+44  0.30818E+44 -0.48475E+41      -0.1575393      1.6613610 312500.0000000
14      2.00000  0.29970E+44  0.29851E+44  0.11854E+42       0.3955223      1.6613610 312500.0000000
14      3.00000  0.29440E+44  0.29382E+44  0.58486E+41       0.1986616      1.6613610 312500.0000000
14      5.00000  0.27450E+44  0.27587E+44 -0.13664E+42      -0.4977781      1.6613610 312500.0000000
14     10.00000  0.20190E+44  0.19978E+44  0.21239E+42       1.0519462      1.6613610 312500.0000000
14     30.00000  0.22870E+43  0.38208E+43 -0.15338E+43     -67.0671911      1.6613610 312500.0000000
  
15      1.00000  0.30770E+44  0.30818E+44 -0.48475E+41      -0.1575393      1.6613610 **************
15      2.00000  0.29970E+44  0.29851E+44  0.11854E+42       0.3955223      1.6613610 **************
15      3.00000  0.29440E+44  0.29382E+44  0.58486E+41       0.1986616      1.6613610 **************
15      5.00000  0.27450E+44  0.27587E+44 -0.13664E+42      -0.4977781      1.6613610 **************
15     10.00000  0.20190E+44  0.19978E+44  0.21239E+42       1.0519462      1.6613610 **************
15     30.00000  0.22870E+43  0.38208E+43 -0.15338E+43     -67.0671911      1.6613610 **************
  
