 1      1.00000  0.33560E+44  0.34864E+44 -0.13041E+43      -3.8860076     22.1146385      0.1000000
 1      2.00000  0.36330E+44  0.38879E+44 -0.25490E+43      -7.0163748     22.1146385      0.1000000
 1      3.00000  0.38730E+44  0.42638E+44 -0.39085E+43     -10.0915859     22.1146385      0.1000000
 1      5.00000  0.40760E+44  0.42970E+44 -0.22096E+43      -5.4209211     22.1146385      0.1000000
 1     10.00000  0.34000E+44  0.30559E+44  0.34414E+43      10.1218543     22.1146385      0.1000000
 1     30.00000  0.13960E+44  0.92847E+43  0.46753E+43      33.4908284     22.1146385      0.1000000
  
 2      1.00000  0.33560E+44  0.31219E+44  0.23406E+43       6.9744611     20.8243861      0.0500000
 2      2.00000  0.36330E+44  0.34172E+44  0.21582E+43       5.9405981     20.8243861      0.0500000
 2      3.00000  0.38730E+44  0.37558E+44  0.11717E+43       3.0254230     20.8243861      0.0500000
 2      5.00000  0.40760E+44  0.39304E+44  0.14555E+43       3.5709515     20.8243861      0.0500000
 2     10.00000  0.34000E+44  0.29404E+44  0.45958E+43      13.5169473     20.8243861      0.0500000
 2     30.00000  0.13960E+44  0.92633E+43  0.46967E+43      33.6441304     20.8243861      0.0500000
  
 3      1.00000  0.33560E+44  0.33386E+44  0.17427E+42       0.5192678     14.9904247      0.0250000
 3      2.00000  0.36330E+44  0.36867E+44 -0.53735E+42      -1.4790939     14.9904247      0.0250000
 3      3.00000  0.38730E+44  0.40131E+44 -0.14005E+43      -3.6160759     14.9904247      0.0250000
 3      5.00000  0.40760E+44  0.40968E+44 -0.20775E+42      -0.5096817     14.9904247      0.0250000
 3     10.00000  0.34000E+44  0.30180E+44  0.38195E+43      11.2338740     14.9904247      0.0250000
 3     30.00000  0.13960E+44  0.94561E+43  0.45039E+43      32.2630415     14.9904247      0.0250000
  
 4      1.00000  0.33560E+44  0.33386E+44  0.17427E+42       0.5192678     14.9904247      0.2500000
 4      2.00000  0.36330E+44  0.36867E+44 -0.53735E+42      -1.4790939     14.9904247      0.2500000
 4      3.00000  0.38730E+44  0.40131E+44 -0.14005E+43      -3.6160759     14.9904247      0.2500000
 4      5.00000  0.40760E+44  0.40968E+44 -0.20775E+42      -0.5096817     14.9904247      0.2500000
 4     10.00000  0.34000E+44  0.30180E+44  0.38195E+43      11.2338740     14.9904247      0.2500000
 4     30.00000  0.13960E+44  0.94561E+43  0.45039E+43      32.2630415     14.9904247      0.2500000
  
 5      1.00000  0.33560E+44  0.33386E+44  0.17427E+42       0.5192678     14.9904247      2.5000000
 5      2.00000  0.36330E+44  0.36867E+44 -0.53735E+42      -1.4790939     14.9904247      2.5000000
 5      3.00000  0.38730E+44  0.40131E+44 -0.14005E+43      -3.6160759     14.9904247      2.5000000
 5      5.00000  0.40760E+44  0.40968E+44 -0.20775E+42      -0.5096817     14.9904247      2.5000000
 5     10.00000  0.34000E+44  0.30180E+44  0.38195E+43      11.2338740     14.9904247      2.5000000
 5     30.00000  0.13960E+44  0.94561E+43  0.45039E+43      32.2630415     14.9904247      2.5000000
  
 6      1.00000  0.33560E+44  0.33386E+44  0.17427E+42       0.5192678     14.9904247     25.0000000
 6      2.00000  0.36330E+44  0.36867E+44 -0.53735E+42      -1.4790939     14.9904247     25.0000000
 6      3.00000  0.38730E+44  0.40131E+44 -0.14005E+43      -3.6160759     14.9904247     25.0000000
 6      5.00000  0.40760E+44  0.40968E+44 -0.20775E+42      -0.5096817     14.9904247     25.0000000
 6     10.00000  0.34000E+44  0.30180E+44  0.38195E+43      11.2338740     14.9904247     25.0000000
 6     30.00000  0.13960E+44  0.94561E+43  0.45039E+43      32.2630415     14.9904247     25.0000000
  
 7      1.00000  0.33560E+44  0.33386E+44  0.17427E+42       0.5192678     14.9904247    250.0000000
 7      2.00000  0.36330E+44  0.36867E+44 -0.53735E+42      -1.4790939     14.9904247    250.0000000
 7      3.00000  0.38730E+44  0.40131E+44 -0.14005E+43      -3.6160759     14.9904247    250.0000000
 7      5.00000  0.40760E+44  0.40968E+44 -0.20775E+42      -0.5096817     14.9904247    250.0000000
 7     10.00000  0.34000E+44  0.30180E+44  0.38195E+43      11.2338740     14.9904247    250.0000000
 7     30.00000  0.13960E+44  0.94561E+43  0.45039E+43      32.2630415     14.9904247    250.0000000
  
 8      1.00000  0.33560E+44  0.33191E+44  0.36934E+42       1.1005398     14.9846505    125.0000000
 8      2.00000  0.36330E+44  0.36484E+44 -0.15409E+42      -0.4241489     14.9846505    125.0000000
 8      3.00000  0.38730E+44  0.39885E+44 -0.11550E+43      -2.9822788     14.9846505    125.0000000
 8      5.00000  0.40760E+44  0.40903E+44 -0.14287E+42      -0.3505247     14.9846505    125.0000000
 8     10.00000  0.34000E+44  0.30123E+44  0.38773E+43      11.4038109     14.9846505    125.0000000
 8     30.00000  0.13960E+44  0.94214E+43  0.45386E+43      32.5112267     14.9846505    125.0000000
  
 9      1.00000  0.33560E+44  0.33227E+44  0.33302E+42       0.9923132     14.9687087     62.5000000
 9      2.00000  0.36330E+44  0.36450E+44 -0.12006E+42      -0.3304833     14.9687087     62.5000000
 9      3.00000  0.38730E+44  0.39860E+44 -0.11299E+43      -2.9173886     14.9687087     62.5000000
 9      5.00000  0.40760E+44  0.40899E+44 -0.13887E+42      -0.3407098     14.9687087     62.5000000
 9     10.00000  0.34000E+44  0.30122E+44  0.38778E+43      11.4052404     14.9687087     62.5000000
 9     30.00000  0.13960E+44  0.94211E+43  0.45389E+43      32.5136082     14.9687087     62.5000000
  
10      1.00000  0.33560E+44  0.33241E+44  0.31884E+42       0.9500456     14.9611329     31.2500000
10      2.00000  0.36330E+44  0.36438E+44 -0.10773E+42      -0.2965208     14.9611329     31.2500000
10      3.00000  0.38730E+44  0.39857E+44 -0.11267E+43      -2.9091595     14.9611329     31.2500000
10      5.00000  0.40760E+44  0.40905E+44 -0.14523E+42      -0.3562972     14.9611329     31.2500000
10     10.00000  0.34000E+44  0.30125E+44  0.38751E+43      11.3974271     14.9611329     31.2500000
10     30.00000  0.13960E+44  0.94211E+43  0.45389E+43      32.5132656     14.9611329     31.2500000
  
11      1.00000  0.33560E+44  0.33245E+44  0.31496E+42       0.9384878     14.9572393     15.6250000
11      2.00000  0.36330E+44  0.36435E+44 -0.10494E+42      -0.2888386     14.9572393     15.6250000
11      3.00000  0.38730E+44  0.39856E+44 -0.11256E+43      -2.9062103     14.9572393     15.6250000
11      5.00000  0.40760E+44  0.40906E+44 -0.14591E+42      -0.3579803     14.9572393     15.6250000
11     10.00000  0.34000E+44  0.30126E+44  0.38741E+43      11.3944877     14.9572393     15.6250000
11     30.00000  0.13960E+44  0.94217E+43  0.45383E+43      32.5095234     14.9572393     15.6250000
  
12      1.00000  0.33560E+44  0.33245E+44  0.31456E+42       0.9373123     14.9572170      7.8125000
12      2.00000  0.36330E+44  0.36435E+44 -0.10545E+42      -0.2902532     14.9572170      7.8125000
12      3.00000  0.38730E+44  0.39855E+44 -0.11254E+43      -2.9056521     14.9572170      7.8125000
12      5.00000  0.40760E+44  0.40905E+44 -0.14526E+42      -0.3563729     14.9572170      7.8125000
12     10.00000  0.34000E+44  0.30126E+44  0.38743E+43      11.3949767     14.9572170      7.8125000
12     30.00000  0.13960E+44  0.94217E+43  0.45383E+43      32.5091135     14.9572170      7.8125000
  
13      1.00000  0.33560E+44  0.33245E+44  0.31456E+42       0.9373123     14.9572170     78.1250000
13      2.00000  0.36330E+44  0.36435E+44 -0.10545E+42      -0.2902532     14.9572170     78.1250000
13      3.00000  0.38730E+44  0.39855E+44 -0.11254E+43      -2.9056521     14.9572170     78.1250000
13      5.00000  0.40760E+44  0.40905E+44 -0.14526E+42      -0.3563729     14.9572170     78.1250000
13     10.00000  0.34000E+44  0.30126E+44  0.38743E+43      11.3949767     14.9572170     78.1250000
13     30.00000  0.13960E+44  0.94217E+43  0.45383E+43      32.5091135     14.9572170     78.1250000
  
14      1.00000  0.33560E+44  0.33245E+44  0.31485E+42       0.9381720     14.9571848     39.0625000
14      2.00000  0.36330E+44  0.36435E+44 -0.10546E+42      -0.2902812     14.9571848     39.0625000
14      3.00000  0.38730E+44  0.39855E+44 -0.11254E+43      -2.9057332     14.9571848     39.0625000
14      5.00000  0.40760E+44  0.40905E+44 -0.14526E+42      -0.3563732     14.9571848     39.0625000
14     10.00000  0.34000E+44  0.30126E+44  0.38743E+43      11.3949236     14.9571848     39.0625000
14     30.00000  0.13960E+44  0.94217E+43  0.45383E+43      32.5090077     14.9571848     39.0625000
  
15      1.00000  0.33560E+44  0.33245E+44  0.31471E+42       0.9377648     14.9571841     19.5312500
15      2.00000  0.36330E+44  0.36435E+44 -0.10538E+42      -0.2900593     14.9571841     19.5312500
15      3.00000  0.38730E+44  0.39855E+44 -0.11254E+43      -2.9058303     14.9571841     19.5312500
15      5.00000  0.40760E+44  0.40905E+44 -0.14540E+42      -0.3567157     14.9571841     19.5312500
15     10.00000  0.34000E+44  0.30126E+44  0.38742E+43      11.3948290     14.9571841     19.5312500
15     30.00000  0.13960E+44  0.94217E+43  0.45383E+43      32.5091120     14.9571841     19.5312500
  
