 1      1.00000  0.43750E+44  0.37900E+44  0.58495E+43      13.3703562     75.1218850      0.1000000
 1      2.00000  0.47220E+44  0.39213E+44  0.80071E+43      16.9571073     75.1218850      0.1000000
 1      3.00000  0.48680E+44  0.40033E+44  0.86474E+43      17.7637736     75.1218850      0.1000000
 1      5.00000  0.46860E+44  0.38250E+44  0.86095E+43      18.3728284     75.1218850      0.1000000
 1     10.00000  0.35890E+44  0.27858E+44  0.80325E+43      22.3808516     75.1218850      0.1000000
 1     30.00000  0.12480E+44  0.88494E+43  0.36306E+43      29.0917165     75.1218850      0.1000000
  
 2      1.00000  0.43750E+44  0.50309E+44 -0.65586E+43     -14.9911559     28.9929280      0.0500000
 2      2.00000  0.47220E+44  0.52854E+44 -0.56336E+43     -11.9305248     28.9929280      0.0500000
 2      3.00000  0.48680E+44  0.52790E+44 -0.41098E+43      -8.4424372     28.9929280      0.0500000
 2      5.00000  0.46860E+44  0.47129E+44 -0.26942E+42      -0.5749382     28.9929280      0.0500000
 2     10.00000  0.35890E+44  0.31179E+44  0.47113E+43      13.1271173     28.9929280      0.0500000
 2     30.00000  0.12480E+44  0.89665E+43  0.35135E+43      28.1530799     28.9929280      0.0500000
  
 3      1.00000  0.43750E+44  0.44262E+44 -0.51196E+42      -1.1701944     11.3971257      0.0250000
 3      2.00000  0.47220E+44  0.47804E+44 -0.58420E+42      -1.2371867     11.3971257      0.0250000
 3      3.00000  0.48680E+44  0.49497E+44 -0.81746E+42      -1.6792588     11.3971257      0.0250000
 3      5.00000  0.46860E+44  0.45616E+44  0.12445E+43       2.6557286     11.3971257      0.0250000
 3     10.00000  0.35890E+44  0.30705E+44  0.51846E+43      14.4457831     11.3971257      0.0250000
 3     30.00000  0.12480E+44  0.89341E+43  0.35459E+43      28.4124216     11.3971257      0.0250000
  
 4      1.00000  0.43750E+44  0.43260E+44  0.49002E+42       1.1200401     11.1020940      0.0125000
 4      2.00000  0.47220E+44  0.48474E+44 -0.12545E+43      -2.6566515     11.1020940      0.0125000
 4      3.00000  0.48680E+44  0.50065E+44 -0.13852E+43      -2.8454457     11.1020940      0.0125000
 4      5.00000  0.46860E+44  0.45885E+44  0.97457E+42       2.0797408     11.1020940      0.0125000
 4     10.00000  0.35890E+44  0.30880E+44  0.50096E+43      13.9582208     11.1020940      0.0125000
 4     30.00000  0.12480E+44  0.89876E+43  0.34924E+43      27.9840176     11.1020940      0.0125000
  
 5      1.00000  0.43750E+44  0.43260E+44  0.49002E+42       1.1200401     11.1020940      0.1250000
 5      2.00000  0.47220E+44  0.48474E+44 -0.12545E+43      -2.6566515     11.1020940      0.1250000
 5      3.00000  0.48680E+44  0.50065E+44 -0.13852E+43      -2.8454457     11.1020940      0.1250000
 5      5.00000  0.46860E+44  0.45885E+44  0.97457E+42       2.0797408     11.1020940      0.1250000
 5     10.00000  0.35890E+44  0.30880E+44  0.50096E+43      13.9582208     11.1020940      0.1250000
 5     30.00000  0.12480E+44  0.89876E+43  0.34924E+43      27.9840176     11.1020940      0.1250000
  
 6      1.00000  0.43750E+44  0.43260E+44  0.49002E+42       1.1200401     11.1020940      1.2500000
 6      2.00000  0.47220E+44  0.48474E+44 -0.12545E+43      -2.6566515     11.1020940      1.2500000
 6      3.00000  0.48680E+44  0.50065E+44 -0.13852E+43      -2.8454457     11.1020940      1.2500000
 6      5.00000  0.46860E+44  0.45885E+44  0.97457E+42       2.0797408     11.1020940      1.2500000
 6     10.00000  0.35890E+44  0.30880E+44  0.50096E+43      13.9582208     11.1020940      1.2500000
 6     30.00000  0.12480E+44  0.89876E+43  0.34924E+43      27.9840176     11.1020940      1.2500000
  
 7      1.00000  0.43750E+44  0.43260E+44  0.49002E+42       1.1200401     11.1020940     12.5000000
 7      2.00000  0.47220E+44  0.48474E+44 -0.12545E+43      -2.6566515     11.1020940     12.5000000
 7      3.00000  0.48680E+44  0.50065E+44 -0.13852E+43      -2.8454457     11.1020940     12.5000000
 7      5.00000  0.46860E+44  0.45885E+44  0.97457E+42       2.0797408     11.1020940     12.5000000
 7     10.00000  0.35890E+44  0.30880E+44  0.50096E+43      13.9582208     11.1020940     12.5000000
 7     30.00000  0.12480E+44  0.89876E+43  0.34924E+43      27.9840176     11.1020940     12.5000000
  
 8      1.00000  0.43750E+44  0.43260E+44  0.49002E+42       1.1200401     11.1020940    125.0000000
 8      2.00000  0.47220E+44  0.48474E+44 -0.12545E+43      -2.6566515     11.1020940    125.0000000
 8      3.00000  0.48680E+44  0.50065E+44 -0.13852E+43      -2.8454457     11.1020940    125.0000000
 8      5.00000  0.46860E+44  0.45885E+44  0.97457E+42       2.0797408     11.1020940    125.0000000
 8     10.00000  0.35890E+44  0.30880E+44  0.50096E+43      13.9582208     11.1020940    125.0000000
 8     30.00000  0.12480E+44  0.89876E+43  0.34924E+43      27.9840176     11.1020940    125.0000000
  
 9      1.00000  0.43750E+44  0.42929E+44  0.82071E+42       1.8758998     10.9277738     62.5000000
 9      2.00000  0.47220E+44  0.47907E+44 -0.68650E+42      -1.4538404     10.9277738     62.5000000
 9      3.00000  0.48680E+44  0.50016E+44 -0.13361E+43      -2.7447558     10.9277738     62.5000000
 9      5.00000  0.46860E+44  0.46110E+44  0.75008E+42       1.6006877     10.9277738     62.5000000
 9     10.00000  0.35890E+44  0.30904E+44  0.49855E+43      13.8911261     10.9277738     62.5000000
 9     30.00000  0.12480E+44  0.89407E+43  0.35393E+43      28.3601442     10.9277738     62.5000000
  
10      1.00000  0.43750E+44  0.42929E+44  0.82071E+42       1.8758998     10.9277738    625.0000000
10      2.00000  0.47220E+44  0.47907E+44 -0.68650E+42      -1.4538404     10.9277738    625.0000000
10      3.00000  0.48680E+44  0.50016E+44 -0.13361E+43      -2.7447558     10.9277738    625.0000000
10      5.00000  0.46860E+44  0.46110E+44  0.75008E+42       1.6006877     10.9277738    625.0000000
10     10.00000  0.35890E+44  0.30904E+44  0.49855E+43      13.8911261     10.9277738    625.0000000
10     30.00000  0.12480E+44  0.89407E+43  0.35393E+43      28.3601442     10.9277738    625.0000000
  
11      1.00000  0.43750E+44  0.43099E+44  0.65109E+42       1.4882015     10.8115751    312.5000000
11      2.00000  0.47220E+44  0.48145E+44 -0.92520E+42      -1.9593441     10.8115751    312.5000000
11      3.00000  0.48680E+44  0.49985E+44 -0.13049E+43      -2.6806351     10.8115751    312.5000000
11      5.00000  0.46860E+44  0.45977E+44  0.88305E+42       1.8844370     10.8115751    312.5000000
11     10.00000  0.35890E+44  0.30922E+44  0.49681E+43      13.8424793     10.8115751    312.5000000
11     30.00000  0.12480E+44  0.89804E+43  0.34996E+43      28.0416353     10.8115751    312.5000000
  
12      1.00000  0.43750E+44  0.43099E+44  0.65109E+42       1.4882015     10.8115751   3125.0000000
12      2.00000  0.47220E+44  0.48145E+44 -0.92520E+42      -1.9593441     10.8115751   3125.0000000
12      3.00000  0.48680E+44  0.49985E+44 -0.13049E+43      -2.6806351     10.8115751   3125.0000000
12      5.00000  0.46860E+44  0.45977E+44  0.88305E+42       1.8844370     10.8115751   3125.0000000
12     10.00000  0.35890E+44  0.30922E+44  0.49681E+43      13.8424793     10.8115751   3125.0000000
12     30.00000  0.12480E+44  0.89804E+43  0.34996E+43      28.0416353     10.8115751   3125.0000000
  
13      1.00000  0.43750E+44  0.43099E+44  0.65109E+42       1.4882015     10.8115751  31250.0000000
13      2.00000  0.47220E+44  0.48145E+44 -0.92520E+42      -1.9593441     10.8115751  31250.0000000
13      3.00000  0.48680E+44  0.49985E+44 -0.13049E+43      -2.6806351     10.8115751  31250.0000000
13      5.00000  0.46860E+44  0.45977E+44  0.88305E+42       1.8844370     10.8115751  31250.0000000
13     10.00000  0.35890E+44  0.30922E+44  0.49681E+43      13.8424793     10.8115751  31250.0000000
13     30.00000  0.12480E+44  0.89804E+43  0.34996E+43      28.0416353     10.8115751  31250.0000000
  
14      1.00000  0.43750E+44  0.43099E+44  0.65109E+42       1.4882015     10.8115751 312500.0000000
14      2.00000  0.47220E+44  0.48145E+44 -0.92520E+42      -1.9593441     10.8115751 312500.0000000
14      3.00000  0.48680E+44  0.49985E+44 -0.13049E+43      -2.6806351     10.8115751 312500.0000000
14      5.00000  0.46860E+44  0.45977E+44  0.88305E+42       1.8844370     10.8115751 312500.0000000
14     10.00000  0.35890E+44  0.30922E+44  0.49681E+43      13.8424793     10.8115751 312500.0000000
14     30.00000  0.12480E+44  0.89804E+43  0.34996E+43      28.0416353     10.8115751 312500.0000000
  
15      1.00000  0.43750E+44  0.43099E+44  0.65109E+42       1.4882015     10.8115751 **************
15      2.00000  0.47220E+44  0.48145E+44 -0.92520E+42      -1.9593441     10.8115751 **************
15      3.00000  0.48680E+44  0.49985E+44 -0.13049E+43      -2.6806351     10.8115751 **************
15      5.00000  0.46860E+44  0.45977E+44  0.88305E+42       1.8844370     10.8115751 **************
15     10.00000  0.35890E+44  0.30922E+44  0.49681E+43      13.8424793     10.8115751 **************
15     30.00000  0.12480E+44  0.89804E+43  0.34996E+43      28.0416353     10.8115751 **************
  
