 1      1.00000  0.37790E+44  0.28639E+44  0.91509E+43      24.2152287     70.3779137      0.1000000
 1      2.00000  0.40420E+44  0.32566E+44  0.78542E+43      19.4315086     70.3779137      0.1000000
 1      3.00000  0.41260E+44  0.36445E+44  0.48148E+43      11.6695173     70.3779137      0.1000000
 1      5.00000  0.40770E+44  0.38472E+44  0.22975E+43       5.6352993     70.3779137      0.1000000
 1     10.00000  0.30750E+44  0.30342E+44  0.40783E+42       1.3262605     70.3779137      0.1000000
 1     30.00000  0.12950E+44  0.12896E+44  0.53650E+41       0.4142856     70.3779137      0.1000000
  
 2      1.00000  0.37790E+44  0.28870E+44  0.89201E+43      23.6044428     64.7145311      0.0500000
 2      2.00000  0.40420E+44  0.32893E+44  0.75270E+43      18.6218743     64.7145311      0.0500000
 2      3.00000  0.41260E+44  0.36806E+44  0.44535E+43      10.7938219     64.7145311      0.0500000
 2      5.00000  0.40770E+44  0.38743E+44  0.20270E+43       4.9717033     64.7145311      0.0500000
 2     10.00000  0.30750E+44  0.30433E+44  0.31682E+42       1.0303018     64.7145311      0.0500000
 2     30.00000  0.12950E+44  0.12896E+44  0.53564E+41       0.4136244     64.7145311      0.0500000
  
 3      1.00000  0.37790E+44  0.43445E+44 -0.56552E+43     -14.9647845     13.5645666      0.0250000
 3      2.00000  0.40420E+44  0.41611E+44 -0.11915E+43      -2.9477899     13.5645666      0.0250000
 3      3.00000  0.41260E+44  0.41903E+44 -0.64345E+42      -1.5594961     13.5645666      0.0250000
 3      5.00000  0.40770E+44  0.40825E+44 -0.54553E+41      -0.1338057     13.5645666      0.0250000
 3     10.00000  0.30750E+44  0.30990E+44 -0.23967E+42      -0.7794238     13.5645666      0.0250000
 3     30.00000  0.12950E+44  0.12842E+44  0.10765E+42       0.8312584     13.5645666      0.0250000
  
 4      1.00000  0.37790E+44  0.38421E+44 -0.63126E+42      -1.6704345      0.3559377      0.0125000
 4      2.00000  0.40420E+44  0.40101E+44  0.31875E+42       0.7885889      0.3559377      0.0125000
 4      3.00000  0.41260E+44  0.41460E+44 -0.20044E+42      -0.4857896      0.3559377      0.0125000
 4      5.00000  0.40770E+44  0.40854E+44 -0.83770E+41      -0.2054709      0.3559377      0.0125000
 4     10.00000  0.30750E+44  0.31065E+44 -0.31472E+42      -1.0234696      0.3559377      0.0125000
 4     30.00000  0.12950E+44  0.12875E+44  0.74899E+41       0.5783730      0.3559377      0.0125000
  
 5      1.00000  0.37790E+44  0.37940E+44 -0.14963E+42      -0.3959553      0.2487805      0.0062500
 5      2.00000  0.40420E+44  0.39969E+44  0.45123E+42       1.1163412      0.2487805      0.0062500
 5      3.00000  0.41260E+44  0.41429E+44 -0.16869E+42      -0.4088418      0.2487805      0.0062500
 5      5.00000  0.40770E+44  0.40861E+44 -0.91254E+41      -0.2238274      0.2487805      0.0062500
 5     10.00000  0.30750E+44  0.31075E+44 -0.32451E+42      -1.0553086      0.2487805      0.0062500
 5     30.00000  0.12950E+44  0.12879E+44  0.70819E+41       0.5468632      0.2487805      0.0062500
  
