 1      1.00000  0.30100E+44  0.27851E+44  0.22486E+43       7.4704219     33.4185447      0.1000000
 1      2.00000  0.37930E+44  0.31564E+44  0.63656E+43      16.7825311     33.4185447      0.1000000
 1      3.00000  0.39970E+44  0.35173E+44  0.47971E+43      12.0018141     33.4185447      0.1000000
 1      5.00000  0.39070E+44  0.37377E+44  0.16930E+43       4.3333075     33.4185447      0.1000000
 1     10.00000  0.30370E+44  0.30486E+44 -0.11556E+42      -0.3805136     33.4185447      0.1000000
 1     30.00000  0.13890E+44  0.13698E+44  0.19222E+42       1.3838555     33.4185447      0.1000000
  
 2      1.00000  0.30100E+44  0.27851E+44  0.22486E+43       7.4704219     33.4185447      1.0000000
 2      2.00000  0.37930E+44  0.31564E+44  0.63656E+43      16.7825311     33.4185447      1.0000000
 2      3.00000  0.39970E+44  0.35173E+44  0.47971E+43      12.0018141     33.4185447      1.0000000
 2      5.00000  0.39070E+44  0.37377E+44  0.16930E+43       4.3333075     33.4185447      1.0000000
 2     10.00000  0.30370E+44  0.30486E+44 -0.11556E+42      -0.3805136     33.4185447      1.0000000
 2     30.00000  0.13890E+44  0.13698E+44  0.19222E+42       1.3838555     33.4185447      1.0000000
  
 3      1.00000  0.30100E+44  0.31903E+44 -0.18032E+43      -5.9907394      7.6975319      0.5000000
 3      2.00000  0.37930E+44  0.36323E+44  0.16074E+43       4.2378518      7.6975319      0.5000000
 3      3.00000  0.39970E+44  0.37511E+44  0.24595E+43       6.1533263      7.6975319      0.5000000
 3      5.00000  0.39070E+44  0.37361E+44  0.17087E+43       4.3733521      7.6975319      0.5000000
 3     10.00000  0.30370E+44  0.30166E+44  0.20422E+42       0.6724542      7.6975319      0.5000000
 3     30.00000  0.13890E+44  0.13565E+44  0.32458E+42       2.3368039      7.6975319      0.5000000
  
 4      1.00000  0.30100E+44  0.31903E+44 -0.18032E+43      -5.9907394      7.6975319      5.0000000
 4      2.00000  0.37930E+44  0.36323E+44  0.16074E+43       4.2378518      7.6975319      5.0000000
 4      3.00000  0.39970E+44  0.37511E+44  0.24595E+43       6.1533263      7.6975319      5.0000000
 4      5.00000  0.39070E+44  0.37361E+44  0.17087E+43       4.3733521      7.6975319      5.0000000
 4     10.00000  0.30370E+44  0.30166E+44  0.20422E+42       0.6724542      7.6975319      5.0000000
 4     30.00000  0.13890E+44  0.13565E+44  0.32458E+42       2.3368039      7.6975319      5.0000000
  
 5      1.00000  0.30100E+44  0.31903E+44 -0.18032E+43      -5.9907394      7.6975319     50.0000000
 5      2.00000  0.37930E+44  0.36323E+44  0.16074E+43       4.2378518      7.6975319     50.0000000
 5      3.00000  0.39970E+44  0.37511E+44  0.24595E+43       6.1533263      7.6975319     50.0000000
 5      5.00000  0.39070E+44  0.37361E+44  0.17087E+43       4.3733521      7.6975319     50.0000000
 5     10.00000  0.30370E+44  0.30166E+44  0.20422E+42       0.6724542      7.6975319     50.0000000
 5     30.00000  0.13890E+44  0.13565E+44  0.32458E+42       2.3368039      7.6975319     50.0000000
  
 6      1.00000  0.30100E+44  0.31903E+44 -0.18032E+43      -5.9907394      7.6975319    500.0000000
 6      2.00000  0.37930E+44  0.36323E+44  0.16074E+43       4.2378518      7.6975319    500.0000000
 6      3.00000  0.39970E+44  0.37511E+44  0.24595E+43       6.1533263      7.6975319    500.0000000
 6      5.00000  0.39070E+44  0.37361E+44  0.17087E+43       4.3733521      7.6975319    500.0000000
 6     10.00000  0.30370E+44  0.30166E+44  0.20422E+42       0.6724542      7.6975319    500.0000000
 6     30.00000  0.13890E+44  0.13565E+44  0.32458E+42       2.3368039      7.6975319    500.0000000
  
 7      1.00000  0.30100E+44  0.29303E+44  0.79686E+42       2.6473678      5.1934991    250.0000000
 7      2.00000  0.37930E+44  0.35603E+44  0.23269E+43       6.1347541      5.1934991    250.0000000
 7      3.00000  0.39970E+44  0.38044E+44  0.19264E+43       4.8196729      5.1934991    250.0000000
 7      5.00000  0.39070E+44  0.38471E+44  0.59855E+42       1.5320013      5.1934991    250.0000000
 7     10.00000  0.30370E+44  0.30778E+44 -0.40772E+42      -1.3425149      5.1934991    250.0000000
 7     30.00000  0.13890E+44  0.13672E+44  0.21761E+42       1.5666780      5.1934991    250.0000000
  
 8      1.00000  0.30100E+44  0.29303E+44  0.79686E+42       2.6473678      5.1934991   2500.0000000
 8      2.00000  0.37930E+44  0.35603E+44  0.23269E+43       6.1347541      5.1934991   2500.0000000
 8      3.00000  0.39970E+44  0.38044E+44  0.19264E+43       4.8196729      5.1934991   2500.0000000
 8      5.00000  0.39070E+44  0.38471E+44  0.59855E+42       1.5320013      5.1934991   2500.0000000
 8     10.00000  0.30370E+44  0.30778E+44 -0.40772E+42      -1.3425149      5.1934991   2500.0000000
 8     30.00000  0.13890E+44  0.13672E+44  0.21761E+42       1.5666780      5.1934991   2500.0000000
  
 9      1.00000  0.30100E+44  0.29968E+44  0.13182E+42       0.4379250      2.3459481   1250.0000000
 9      2.00000  0.37930E+44  0.36374E+44  0.15562E+43       4.1028936      2.3459481   1250.0000000
 9      3.00000  0.39970E+44  0.38786E+44  0.11838E+43       2.9617137      2.3459481   1250.0000000
 9      5.00000  0.39070E+44  0.39027E+44  0.43037E+41       0.1101534      2.3459481   1250.0000000
 9     10.00000  0.30370E+44  0.31003E+44 -0.63290E+42      -2.0839496      2.3459481   1250.0000000
 9     30.00000  0.13890E+44  0.13693E+44  0.19652E+42       1.4148001      2.3459481   1250.0000000
  
