 1      1.00000  0.36420E+44  0.28762E+44  0.76585E+43      21.0282113     56.6640811      0.1000000
 1      2.00000  0.40880E+44  0.32777E+44  0.81034E+43      19.8224790     56.6640811      0.1000000
 1      3.00000  0.41510E+44  0.36719E+44  0.47909E+43      11.5414866     56.6640811      0.1000000
 1      5.00000  0.39080E+44  0.38674E+44  0.40589E+42       1.0386179     56.6640811      0.1000000
 1     10.00000  0.31140E+44  0.30204E+44  0.93647E+42       3.0072941     56.6640811      0.1000000
 1     30.00000  0.12030E+44  0.12519E+44 -0.48863E+42      -4.0617354     56.6640811      0.1000000
  
 2      1.00000  0.36420E+44  0.28762E+44  0.76585E+43      21.0282113     56.6640811      1.0000000
 2      2.00000  0.40880E+44  0.32777E+44  0.81034E+43      19.8224790     56.6640811      1.0000000
 2      3.00000  0.41510E+44  0.36719E+44  0.47909E+43      11.5414866     56.6640811      1.0000000
 2      5.00000  0.39080E+44  0.38674E+44  0.40589E+42       1.0386179     56.6640811      1.0000000
 2     10.00000  0.31140E+44  0.30204E+44  0.93647E+42       3.0072941     56.6640811      1.0000000
 2     30.00000  0.12030E+44  0.12519E+44 -0.48863E+42      -4.0617354     56.6640811      1.0000000
  
 3      1.00000  0.36420E+44  0.43220E+44 -0.68004E+43     -18.6720780     17.7496547      0.5000000
 3      2.00000  0.40880E+44  0.41769E+44 -0.88932E+42      -2.1754353     17.7496547      0.5000000
 3      3.00000  0.41510E+44  0.40889E+44  0.62070E+42       1.4953075     17.7496547      0.5000000
 3      5.00000  0.39080E+44  0.39261E+44 -0.18110E+42      -0.4634188     17.7496547      0.5000000
 3     10.00000  0.31140E+44  0.30194E+44  0.94551E+42       3.0363121     17.7496547      0.5000000
 3     30.00000  0.12030E+44  0.12503E+44 -0.47287E+42      -3.9307574     17.7496547      0.5000000
  
 4      1.00000  0.36420E+44  0.36351E+44  0.68758E+41       0.1887914      1.9194345      0.2500000
 4      2.00000  0.40880E+44  0.39573E+44  0.13066E+43       3.1960722      1.9194345      0.2500000
 4      3.00000  0.41510E+44  0.40367E+44  0.11431E+43       2.7537998      1.9194345      0.2500000
 4      5.00000  0.39080E+44  0.39520E+44 -0.43955E+42      -1.1247337      1.9194345      0.2500000
 4     10.00000  0.31140E+44  0.30402E+44  0.73840E+42       2.3712179      1.9194345      0.2500000
 4     30.00000  0.12030E+44  0.12552E+44 -0.52239E+42      -4.3424076      1.9194345      0.2500000
  
