 1      1.00000  0.32860E+44  0.27978E+44  0.48819E+43      14.8567897     38.7372667      0.1000000
 1      2.00000  0.38550E+44  0.31735E+44  0.68152E+43      17.6787726     38.7372667      0.1000000
 1      3.00000  0.38750E+44  0.35427E+44  0.33226E+43       8.5743424     38.7372667      0.1000000
 1      5.00000  0.38040E+44  0.37637E+44  0.40277E+42       1.0588081     38.7372667      0.1000000
 1     10.00000  0.29520E+44  0.30499E+44 -0.97853E+42      -3.3148147     38.7372667      0.1000000
 1     30.00000  0.12300E+44  0.13610E+44 -0.13095E+43     -10.6463992     38.7372667      0.1000000
  
 2      1.00000  0.32860E+44  0.27978E+44  0.48819E+43      14.8567897     38.7372667      1.0000000
 2      2.00000  0.38550E+44  0.31735E+44  0.68152E+43      17.6787726     38.7372667      1.0000000
 2      3.00000  0.38750E+44  0.35427E+44  0.33226E+43       8.5743424     38.7372667      1.0000000
 2      5.00000  0.38040E+44  0.37637E+44  0.40277E+42       1.0588081     38.7372667      1.0000000
 2     10.00000  0.29520E+44  0.30499E+44 -0.97853E+42      -3.3148147     38.7372667      1.0000000
 2     30.00000  0.12300E+44  0.13610E+44 -0.13095E+43     -10.6463992     38.7372667      1.0000000
  
 3      1.00000  0.32860E+44  0.36782E+44 -0.39220E+43     -11.9353415      9.4910269      0.5000000
 3      2.00000  0.38550E+44  0.38008E+44  0.54187E+42       1.4056252      9.4910269      0.5000000
 3      3.00000  0.38750E+44  0.37532E+44  0.12185E+43       3.1444580      9.4910269      0.5000000
 3      5.00000  0.38040E+44  0.36488E+44  0.15525E+43       4.0811410      9.4910269      0.5000000
 3     10.00000  0.29520E+44  0.29540E+44 -0.20037E+41      -0.0678754      9.4910269      0.5000000
 3     30.00000  0.12300E+44  0.13377E+44 -0.10773E+43      -8.7585266      9.4910269      0.5000000
  
 4      1.00000  0.32860E+44  0.36782E+44 -0.39220E+43     -11.9353415      9.4910269      5.0000000
 4      2.00000  0.38550E+44  0.38008E+44  0.54187E+42       1.4056252      9.4910269      5.0000000
 4      3.00000  0.38750E+44  0.37532E+44  0.12185E+43       3.1444580      9.4910269      5.0000000
 4      5.00000  0.38040E+44  0.36488E+44  0.15525E+43       4.0811410      9.4910269      5.0000000
 4     10.00000  0.29520E+44  0.29540E+44 -0.20037E+41      -0.0678754      9.4910269      5.0000000
 4     30.00000  0.12300E+44  0.13377E+44 -0.10773E+43      -8.7585266      9.4910269      5.0000000
  
 5      1.00000  0.32860E+44  0.36782E+44 -0.39220E+43     -11.9353415      9.4910269     50.0000000
 5      2.00000  0.38550E+44  0.38008E+44  0.54187E+42       1.4056252      9.4910269     50.0000000
 5      3.00000  0.38750E+44  0.37532E+44  0.12185E+43       3.1444580      9.4910269     50.0000000
 5      5.00000  0.38040E+44  0.36488E+44  0.15525E+43       4.0811410      9.4910269     50.0000000
 5     10.00000  0.29520E+44  0.29540E+44 -0.20037E+41      -0.0678754      9.4910269     50.0000000
 5     30.00000  0.12300E+44  0.13377E+44 -0.10773E+43      -8.7585266      9.4910269     50.0000000
  
 6      1.00000  0.32860E+44  0.36782E+44 -0.39220E+43     -11.9353415      9.4910269    500.0000000
 6      2.00000  0.38550E+44  0.38008E+44  0.54187E+42       1.4056252      9.4910269    500.0000000
 6      3.00000  0.38750E+44  0.37532E+44  0.12185E+43       3.1444580      9.4910269    500.0000000
 6      5.00000  0.38040E+44  0.36488E+44  0.15525E+43       4.0811410      9.4910269    500.0000000
 6     10.00000  0.29520E+44  0.29540E+44 -0.20037E+41      -0.0678754      9.4910269    500.0000000
 6     30.00000  0.12300E+44  0.13377E+44 -0.10773E+43      -8.7585266      9.4910269    500.0000000
  
 7      1.00000  0.32860E+44  0.32193E+44  0.66716E+42       2.0303055      4.6733208    250.0000000
 7      2.00000  0.38550E+44  0.36378E+44  0.21721E+43       5.6344001      4.6733208    250.0000000
 7      3.00000  0.38750E+44  0.37452E+44  0.12976E+43       3.3487037      4.6733208    250.0000000
 7      5.00000  0.38040E+44  0.37277E+44  0.76330E+42       2.0065648      4.6733208    250.0000000
 7     10.00000  0.29520E+44  0.30063E+44 -0.54285E+42      -1.8389174      4.6733208    250.0000000
 7     30.00000  0.12300E+44  0.13481E+44 -0.11809E+43      -9.6008581      4.6733208    250.0000000
  
 8      1.00000  0.32860E+44  0.32193E+44  0.66716E+42       2.0303055      4.6733208   2500.0000000
 8      2.00000  0.38550E+44  0.36378E+44  0.21721E+43       5.6344001      4.6733208   2500.0000000
 8      3.00000  0.38750E+44  0.37452E+44  0.12976E+43       3.3487037      4.6733208   2500.0000000
 8      5.00000  0.38040E+44  0.37277E+44  0.76330E+42       2.0065648      4.6733208   2500.0000000
 8     10.00000  0.29520E+44  0.30063E+44 -0.54285E+42      -1.8389174      4.6733208   2500.0000000
 8     30.00000  0.12300E+44  0.13481E+44 -0.11809E+43      -9.6008581      4.6733208   2500.0000000
  
 9      1.00000  0.32860E+44  0.32671E+44  0.18903E+42       0.5752617      2.8599388   1250.0000000
 9      2.00000  0.38550E+44  0.36913E+44  0.16374E+43       4.2473905      2.8599388   1250.0000000
 9      3.00000  0.38750E+44  0.37978E+44  0.77245E+42       1.9934073      2.8599388   1250.0000000
 9      5.00000  0.38040E+44  0.37690E+44  0.34994E+42       0.9199302      2.8599388   1250.0000000
 9     10.00000  0.29520E+44  0.30239E+44 -0.71852E+42      -2.4340016      2.8599388   1250.0000000
 9     30.00000  0.12300E+44  0.13499E+44 -0.11989E+43      -9.7473723      2.8599388   1250.0000000
  
