 1      1.00000  0.33840E+44  0.27925E+44  0.59153E+43      17.4800782     43.3924787      0.1000000
 1      2.00000  0.38330E+44  0.31666E+44  0.66636E+43      17.3849416     43.3924787      0.1000000
 1      3.00000  0.39680E+44  0.35319E+44  0.43610E+43      10.9903819     43.3924787      0.1000000
 1      5.00000  0.39850E+44  0.37526E+44  0.23244E+43       5.8329475     43.3924787      0.1000000
 1     10.00000  0.30940E+44  0.30507E+44  0.43297E+42       1.3993845     43.3924787      0.1000000
 1     30.00000  0.13660E+44  0.13670E+44 -0.10465E+41      -0.0766097     43.3924787      0.1000000
  
 2      1.00000  0.33840E+44  0.28049E+44  0.57914E+43      17.1141792     40.8761702      0.0500000
 2      2.00000  0.38330E+44  0.31831E+44  0.64989E+43      16.9551050     40.8761702      0.0500000
 2      3.00000  0.39680E+44  0.35499E+44  0.41806E+43      10.5356968     40.8761702      0.0500000
 2      5.00000  0.39850E+44  0.37666E+44  0.21836E+43       5.4794688     40.8761702      0.0500000
 2     10.00000  0.30940E+44  0.30561E+44  0.37868E+42       1.2239125     40.8761702      0.0500000
 2     30.00000  0.13660E+44  0.13675E+44 -0.14578E+41      -0.1067198     40.8761702      0.0500000
  
 3      1.00000  0.33840E+44  0.37573E+44 -0.37327E+43     -11.0305275      5.9706841      0.0250000
 3      2.00000  0.38330E+44  0.39313E+44 -0.98280E+42      -2.5640372      5.9706841      0.0250000
 3      3.00000  0.39680E+44  0.40475E+44 -0.79452E+42      -2.0023065      5.9706841      0.0250000
 3      5.00000  0.39850E+44  0.40008E+44 -0.15808E+42      -0.3966984      5.9706841      0.0250000
 3     10.00000  0.30940E+44  0.31259E+44 -0.31886E+42      -1.0305789      5.9706841      0.0250000
 3     30.00000  0.13660E+44  0.13643E+44  0.17395E+41       0.1273455      5.9706841      0.0250000
  
 4      1.00000  0.33840E+44  0.34311E+44 -0.47065E+42      -1.3907991      0.3228832      0.0125000
 4      2.00000  0.38330E+44  0.37913E+44  0.41739E+42       1.0889372      0.3228832      0.0125000
 4      3.00000  0.39680E+44  0.39880E+44 -0.19983E+42      -0.5036080      0.3228832      0.0125000
 4      5.00000  0.39850E+44  0.39888E+44 -0.37598E+41      -0.0943492      0.3228832      0.0125000
 4     10.00000  0.30940E+44  0.31275E+44 -0.33540E+42      -1.0840354      0.3228832      0.0125000
 4     30.00000  0.13660E+44  0.13667E+44 -0.65771E+40      -0.0481487      0.3228832      0.0125000
  
 5      1.00000  0.33840E+44  0.34062E+44 -0.22244E+42      -0.6573201      0.2924405      0.0062500
 5      2.00000  0.38330E+44  0.37830E+44  0.50030E+42       1.3052373      0.2924405      0.0062500
 5      3.00000  0.39680E+44  0.39856E+44 -0.17620E+42      -0.4440524      0.2924405      0.0062500
 5      5.00000  0.39850E+44  0.39892E+44 -0.42006E+41      -0.1054109      0.2924405      0.0062500
 5     10.00000  0.30940E+44  0.31282E+44 -0.34172E+42      -1.1044536      0.2924405      0.0062500
 5     30.00000  0.13660E+44  0.13669E+44 -0.88165E+40      -0.0645428      0.2924405      0.0062500
  
