 1      1.00000  0.35780E+44  0.28736E+44  0.70441E+43      19.6871916     57.4550710      0.1000000
 1      2.00000  0.40970E+44  0.32712E+44  0.82580E+43      20.1561266     57.4550710      0.1000000
 1      3.00000  0.42090E+44  0.36623E+44  0.54672E+43      12.9893427     57.4550710      0.1000000
 1      5.00000  0.40080E+44  0.38606E+44  0.14743E+43       3.6783924     57.4550710      0.1000000
 1     10.00000  0.30800E+44  0.30290E+44  0.51004E+42       1.6559741     57.4550710      0.1000000
 1     30.00000  0.12930E+44  0.12723E+44  0.20651E+42       1.5971618     57.4550710      0.1000000
  
 2      1.00000  0.35780E+44  0.28736E+44  0.70441E+43      19.6871916     57.4550710      1.0000000
 2      2.00000  0.40970E+44  0.32712E+44  0.82580E+43      20.1561266     57.4550710      1.0000000
 2      3.00000  0.42090E+44  0.36623E+44  0.54672E+43      12.9893427     57.4550710      1.0000000
 2      5.00000  0.40080E+44  0.38606E+44  0.14743E+43       3.6783924     57.4550710      1.0000000
 2     10.00000  0.30800E+44  0.30290E+44  0.51004E+42       1.6559741     57.4550710      1.0000000
 2     30.00000  0.12930E+44  0.12723E+44  0.20651E+42       1.5971618     57.4550710      1.0000000
  
 3      1.00000  0.35780E+44  0.41680E+44 -0.59002E+43     -16.4902113     13.4546671      0.5000000
 3      2.00000  0.40970E+44  0.41673E+44 -0.70325E+42      -1.7165018     13.4546671      0.5000000
 3      3.00000  0.42090E+44  0.41519E+44  0.57121E+42       1.3571146     13.4546671      0.5000000
 3      5.00000  0.40080E+44  0.40125E+44 -0.44690E+41      -0.1115022     13.4546671      0.5000000
 3     10.00000  0.30800E+44  0.30650E+44  0.14981E+42       0.4864069     13.4546671      0.5000000
 3     30.00000  0.12930E+44  0.12703E+44  0.22670E+42       1.7532786     13.4546671      0.5000000
  
 4      1.00000  0.35780E+44  0.36131E+44 -0.35050E+42      -0.9795980      0.9107589      0.2500000
 4      2.00000  0.40970E+44  0.40072E+44  0.89809E+42       2.1920720      0.9107589      0.2500000
 4      3.00000  0.42090E+44  0.41345E+44  0.74504E+42       1.7701088      0.9107589      0.2500000
 4      5.00000  0.40080E+44  0.40523E+44 -0.44264E+42      -1.1043826      0.9107589      0.2500000
 4     10.00000  0.30800E+44  0.30891E+44 -0.90639E+41      -0.2942821      0.9107589      0.2500000
 4     30.00000  0.12930E+44  0.12754E+44  0.17641E+42       1.3643203      0.9107589      0.2500000
  
