 1      1.00000  0.47340E+44  0.33168E+44  0.14172E+44      29.9358970     89.1704555      0.1000000
 1      2.00000  0.47390E+44  0.37214E+44  0.10176E+44      21.4732402     89.1704555      0.1000000
 1      3.00000  0.47290E+44  0.40922E+44  0.63681E+43      13.4659935     89.1704555      0.1000000
 1      5.00000  0.46240E+44  0.41609E+44  0.46310E+43      10.0152404     89.1704555      0.1000000
 1     10.00000  0.33030E+44  0.30361E+44  0.26694E+43       8.0817207     89.1704555      0.1000000
 1     30.00000  0.11340E+44  0.99366E+43  0.14034E+43      12.3752426     89.1704555      0.1000000
  
 2      1.00000  0.47340E+44  0.34791E+44  0.12549E+44      26.5090966     60.7085292      0.0500000
 2      2.00000  0.47390E+44  0.39289E+44  0.81013E+43      17.0949717     60.7085292      0.0500000
 2      3.00000  0.47290E+44  0.43056E+44  0.42338E+43       8.9528677     60.7085292      0.0500000
 2      5.00000  0.46240E+44  0.43079E+44  0.31613E+43       6.8367473     60.7085292      0.0500000
 2     10.00000  0.33030E+44  0.30828E+44  0.22024E+43       6.6679636     60.7085292      0.0500000
 2     30.00000  0.11340E+44  0.99483E+43  0.13917E+43      12.2724542     60.7085292      0.0500000
  
 3      1.00000  0.47340E+44  0.50234E+44 -0.28942E+43      -6.1136606      3.6004635      0.0250000
 3      2.00000  0.47390E+44  0.47107E+44  0.28262E+42       0.5963716      3.6004635      0.0250000
 3      3.00000  0.47290E+44  0.47522E+44 -0.23185E+42      -0.4902832      3.6004635      0.0250000
 3      5.00000  0.46240E+44  0.45011E+44  0.12291E+43       2.6579933      3.6004635      0.0250000
 3     10.00000  0.33030E+44  0.31414E+44  0.16156E+43       4.8913611      3.6004635      0.0250000
 3     30.00000  0.11340E+44  0.99944E+43  0.13456E+43      11.8655704      3.6004635      0.0250000
  
 4      1.00000  0.47340E+44  0.47488E+44 -0.14806E+42      -0.3127497      1.3794948      0.0125000
 4      2.00000  0.47390E+44  0.47173E+44  0.21733E+42       0.4586025      1.3794948      0.0125000
 4      3.00000  0.47290E+44  0.48329E+44 -0.10391E+43      -2.1973728      1.3794948      0.0125000
 4      5.00000  0.46240E+44  0.45760E+44  0.48047E+42       1.0390818      1.3794948      0.0125000
 4     10.00000  0.33030E+44  0.31674E+44  0.13564E+43       4.1065203      1.3794948      0.0125000
 4     30.00000  0.11340E+44  0.10005E+44  0.13349E+43      11.7712933      1.3794948      0.0125000
  
 5      1.00000  0.47340E+44  0.47281E+44  0.59132E+41       0.1249097      1.3663022      0.0062500
 5      2.00000  0.47390E+44  0.47100E+44  0.29018E+42       0.6123181      1.3663022      0.0062500
 5      3.00000  0.47290E+44  0.48262E+44 -0.97154E+42      -2.0544359      1.3663022      0.0062500
 5      5.00000  0.46240E+44  0.45710E+44  0.52953E+42       1.1451700      1.3663022      0.0062500
 5     10.00000  0.33030E+44  0.31663E+44  0.13666E+43       4.1373688      1.3663022      0.0062500
 5     30.00000  0.11340E+44  0.10008E+44  0.13320E+43      11.7460929      1.3663022      0.0062500
  
