 1      1.00000  0.25000E+44  0.23034E+44  0.19662E+43       7.8646714      9.3767263      0.1000000
 1      2.00000  0.29040E+44  0.25255E+44  0.37852E+43      13.0344985      9.3767263      0.1000000
 1      3.00000  0.28850E+44  0.27164E+44  0.16862E+43       5.8446011      9.3767263      0.1000000
 1      5.00000  0.28070E+44  0.27935E+44  0.13506E+42       0.4811452      9.3767263      0.1000000
 1     10.00000  0.22480E+44  0.21955E+44  0.52512E+42       2.3359514      9.3767263      0.1000000
 1     30.00000  0.70260E+43  0.64885E+43  0.53746E+42       7.6495569      9.3767263      0.1000000
  
 2      1.00000  0.25000E+44  0.23034E+44  0.19662E+43       7.8646714      9.3767263      1.0000000
 2      2.00000  0.29040E+44  0.25255E+44  0.37852E+43      13.0344985      9.3767263      1.0000000
 2      3.00000  0.28850E+44  0.27164E+44  0.16862E+43       5.8446011      9.3767263      1.0000000
 2      5.00000  0.28070E+44  0.27935E+44  0.13506E+42       0.4811452      9.3767263      1.0000000
 2     10.00000  0.22480E+44  0.21955E+44  0.52512E+42       2.3359514      9.3767263      1.0000000
 2     30.00000  0.70260E+43  0.64885E+43  0.53746E+42       7.6495569      9.3767263      1.0000000
  
 3      1.00000  0.25000E+44  0.26505E+44 -0.15050E+43      -6.0200065      1.9439359      0.5000000
 3      2.00000  0.29040E+44  0.29167E+44 -0.12726E+42      -0.4382389      1.9439359      0.5000000
 3      3.00000  0.28850E+44  0.29728E+44 -0.87816E+42      -3.0438780      1.9439359      0.5000000
 3      5.00000  0.28070E+44  0.28759E+44 -0.68905E+42      -2.4547603      1.9439359      0.5000000
 3     10.00000  0.22480E+44  0.21986E+44  0.49358E+42       2.1956368      1.9439359      0.5000000
 3     30.00000  0.70260E+43  0.64785E+43  0.54753E+42       7.7928595      1.9439359      0.5000000
  
 4      1.00000  0.25000E+44  0.25314E+44 -0.31389E+42      -1.2555559      0.8660294      0.2500000
 4      2.00000  0.29040E+44  0.28298E+44  0.74197E+42       2.5549962      0.8660294      0.2500000
 4      3.00000  0.28850E+44  0.29208E+44 -0.35815E+42      -1.2414095      0.8660294      0.2500000
 4      5.00000  0.28070E+44  0.28584E+44 -0.51376E+42      -1.8302932      0.8660294      0.2500000
 4     10.00000  0.22480E+44  0.21971E+44  0.50928E+42       2.2654669      0.8660294      0.2500000
 4     30.00000  0.70260E+43  0.64796E+43  0.54641E+42       7.7770097      0.8660294      0.2500000
  
 5      1.00000  0.25000E+44  0.25288E+44 -0.28831E+42      -1.1532482      0.8657093      0.1250000
 5      2.00000  0.29040E+44  0.28278E+44  0.76155E+42       2.6224117      0.8657093      0.1250000
 5      3.00000  0.28850E+44  0.29196E+44 -0.34635E+42      -1.2005302      0.8657093      0.1250000
 5      5.00000  0.28070E+44  0.28579E+44 -0.50944E+42      -1.8148997      0.8657093      0.1250000
 5     10.00000  0.22480E+44  0.21971E+44  0.50913E+42       2.2648072      0.8657093      0.1250000
 5     30.00000  0.70260E+43  0.64801E+43  0.54586E+42       7.7690724      0.8657093      0.1250000
  
