 1      1.00000  0.53340E+44  0.37518E+44  0.15822E+44      29.6616389    353.3513352      0.1000000
 1      2.00000  0.57300E+44  0.37807E+44  0.19493E+44      34.0191421    353.3513352      0.1000000
 1      3.00000  0.56100E+44  0.37006E+44  0.19094E+44      34.0351322    353.3513352      0.1000000
 1      5.00000  0.50790E+44  0.33433E+44  0.17357E+44      34.1735021    353.3513352      0.1000000
 1     10.00000  0.37200E+44  0.24106E+44  0.13094E+44      35.2002676    353.3513352      0.1000000
 1     30.00000  0.13240E+44  0.93739E+43  0.38661E+43      29.2002708    353.3513352      0.1000000
  
 2      1.00000  0.53340E+44  0.71249E+44 -0.17909E+44     -33.5756589    114.8579541      0.0500000
 2      2.00000  0.57300E+44  0.67193E+44 -0.98933E+43     -17.2658406    114.8579541      0.0500000
 2      3.00000  0.56100E+44  0.61578E+44 -0.54781E+43      -9.7648999    114.8579541      0.0500000
 2      5.00000  0.50790E+44  0.50107E+44  0.68337E+42       1.3454734    114.8579541      0.0500000
 2     10.00000  0.37200E+44  0.31126E+44  0.60739E+43      16.3276658    114.8579541      0.0500000
 2     30.00000  0.13240E+44  0.92259E+43  0.40141E+43      30.3178169    114.8579541      0.0500000
  
 3      1.00000  0.53340E+44  0.56933E+44 -0.35932E+43      -6.7363318     24.1298064      0.0250000
 3      2.00000  0.57300E+44  0.57096E+44  0.20354E+42       0.3552179     24.1298064      0.0250000
 3      3.00000  0.56100E+44  0.55203E+44  0.89654E+42       1.5981099     24.1298064      0.0250000
 3      5.00000  0.50790E+44  0.47388E+44  0.34024E+43       6.6989968     24.1298064      0.0250000
 3     10.00000  0.37200E+44  0.30654E+44  0.65463E+43      17.5976809     24.1298064      0.0250000
 3     30.00000  0.13240E+44  0.94370E+43  0.38030E+43      28.7234219     24.1298064      0.0250000
  
 4      1.00000  0.53340E+44  0.54410E+44 -0.10696E+43      -2.0053127     18.1581310      0.0125000
 4      2.00000  0.57300E+44  0.57286E+44  0.14125E+41       0.0246510     18.1581310      0.0125000
 4      3.00000  0.56100E+44  0.56321E+44 -0.22084E+42      -0.3936520     18.1581310      0.0125000
 4      5.00000  0.50790E+44  0.48595E+44  0.21948E+43       4.3212958     18.1581310      0.0125000
 4     10.00000  0.37200E+44  0.31202E+44  0.59984E+43      16.1248285     18.1581310      0.0125000
 4     30.00000  0.13240E+44  0.93248E+43  0.39152E+43      29.5712912     18.1581310      0.0125000
  
 5      1.00000  0.53340E+44  0.54410E+44 -0.10696E+43      -2.0053127     18.1581310      0.1250000
 5      2.00000  0.57300E+44  0.57286E+44  0.14125E+41       0.0246510     18.1581310      0.1250000
 5      3.00000  0.56100E+44  0.56321E+44 -0.22084E+42      -0.3936520     18.1581310      0.1250000
 5      5.00000  0.50790E+44  0.48595E+44  0.21948E+43       4.3212958     18.1581310      0.1250000
 5     10.00000  0.37200E+44  0.31202E+44  0.59984E+43      16.1248285     18.1581310      0.1250000
 5     30.00000  0.13240E+44  0.93248E+43  0.39152E+43      29.5712912     18.1581310      0.1250000
  
 6      1.00000  0.53340E+44  0.54410E+44 -0.10696E+43      -2.0053127     18.1581310      1.2500000
 6      2.00000  0.57300E+44  0.57286E+44  0.14125E+41       0.0246510     18.1581310      1.2500000
 6      3.00000  0.56100E+44  0.56321E+44 -0.22084E+42      -0.3936520     18.1581310      1.2500000
 6      5.00000  0.50790E+44  0.48595E+44  0.21948E+43       4.3212958     18.1581310      1.2500000
 6     10.00000  0.37200E+44  0.31202E+44  0.59984E+43      16.1248285     18.1581310      1.2500000
 6     30.00000  0.13240E+44  0.93248E+43  0.39152E+43      29.5712912     18.1581310      1.2500000
  
 7      1.00000  0.53340E+44  0.54410E+44 -0.10696E+43      -2.0053127     18.1581310     12.5000000
 7      2.00000  0.57300E+44  0.57286E+44  0.14125E+41       0.0246510     18.1581310     12.5000000
 7      3.00000  0.56100E+44  0.56321E+44 -0.22084E+42      -0.3936520     18.1581310     12.5000000
 7      5.00000  0.50790E+44  0.48595E+44  0.21948E+43       4.3212958     18.1581310     12.5000000
 7     10.00000  0.37200E+44  0.31202E+44  0.59984E+43      16.1248285     18.1581310     12.5000000
 7     30.00000  0.13240E+44  0.93248E+43  0.39152E+43      29.5712912     18.1581310     12.5000000
  
 8      1.00000  0.53340E+44  0.54410E+44 -0.10696E+43      -2.0053127     18.1581310    125.0000000
 8      2.00000  0.57300E+44  0.57286E+44  0.14125E+41       0.0246510     18.1581310    125.0000000
 8      3.00000  0.56100E+44  0.56321E+44 -0.22084E+42      -0.3936520     18.1581310    125.0000000
 8      5.00000  0.50790E+44  0.48595E+44  0.21948E+43       4.3212958     18.1581310    125.0000000
 8     10.00000  0.37200E+44  0.31202E+44  0.59984E+43      16.1248285     18.1581310    125.0000000
 8     30.00000  0.13240E+44  0.93248E+43  0.39152E+43      29.5712912     18.1581310    125.0000000
  
 9      1.00000  0.53340E+44  0.54410E+44 -0.10696E+43      -2.0053127     18.1581310   1250.0000000
 9      2.00000  0.57300E+44  0.57286E+44  0.14125E+41       0.0246510     18.1581310   1250.0000000
 9      3.00000  0.56100E+44  0.56321E+44 -0.22084E+42      -0.3936520     18.1581310   1250.0000000
 9      5.00000  0.50790E+44  0.48595E+44  0.21948E+43       4.3212958     18.1581310   1250.0000000
 9     10.00000  0.37200E+44  0.31202E+44  0.59984E+43      16.1248285     18.1581310   1250.0000000
 9     30.00000  0.13240E+44  0.93248E+43  0.39152E+43      29.5712912     18.1581310   1250.0000000
  
10      1.00000  0.53340E+44  0.54773E+44 -0.14333E+43      -2.6871154     18.0262029    625.0000000
10      2.00000  0.57300E+44  0.57614E+44 -0.31442E+42      -0.5487273     18.0262029    625.0000000
10      3.00000  0.56100E+44  0.56588E+44 -0.48752E+42      -0.8690165     18.0262029    625.0000000
10      5.00000  0.50790E+44  0.48764E+44  0.20262E+43       3.9894538     18.0262029    625.0000000
10     10.00000  0.37200E+44  0.31261E+44  0.59388E+43      15.9645948     18.0262029    625.0000000
10     30.00000  0.13240E+44  0.93132E+43  0.39268E+43      29.6586535     18.0262029    625.0000000
  
11      1.00000  0.53340E+44  0.54773E+44 -0.14333E+43      -2.6871154     18.0262029   6250.0000000
11      2.00000  0.57300E+44  0.57614E+44 -0.31442E+42      -0.5487273     18.0262029   6250.0000000
11      3.00000  0.56100E+44  0.56588E+44 -0.48752E+42      -0.8690165     18.0262029   6250.0000000
11      5.00000  0.50790E+44  0.48764E+44  0.20262E+43       3.9894538     18.0262029   6250.0000000
11     10.00000  0.37200E+44  0.31261E+44  0.59388E+43      15.9645948     18.0262029   6250.0000000
11     30.00000  0.13240E+44  0.93132E+43  0.39268E+43      29.6586535     18.0262029   6250.0000000
  
12      1.00000  0.53340E+44  0.54588E+44 -0.12482E+43      -2.3401175     17.6129063   3125.0000000
12      2.00000  0.57300E+44  0.57759E+44 -0.45887E+42      -0.8008256     17.6129063   3125.0000000
12      3.00000  0.56100E+44  0.56822E+44 -0.72151E+42      -1.2861068     17.6129063   3125.0000000
12      5.00000  0.50790E+44  0.48966E+44  0.18237E+43       3.5906774     17.6129063   3125.0000000
12     10.00000  0.37200E+44  0.31342E+44  0.58576E+43      15.7461322     17.6129063   3125.0000000
12     30.00000  0.13240E+44  0.92938E+43  0.39462E+43      29.8052323     17.6129063   3125.0000000
  
13      1.00000  0.53340E+44  0.54588E+44 -0.12482E+43      -2.3401175     17.6129063  31250.0000000
13      2.00000  0.57300E+44  0.57759E+44 -0.45887E+42      -0.8008256     17.6129063  31250.0000000
13      3.00000  0.56100E+44  0.56822E+44 -0.72151E+42      -1.2861068     17.6129063  31250.0000000
13      5.00000  0.50790E+44  0.48966E+44  0.18237E+43       3.5906774     17.6129063  31250.0000000
13     10.00000  0.37200E+44  0.31342E+44  0.58576E+43      15.7461322     17.6129063  31250.0000000
13     30.00000  0.13240E+44  0.92938E+43  0.39462E+43      29.8052323     17.6129063  31250.0000000
  
14      1.00000  0.53340E+44  0.54447E+44 -0.11068E+43      -2.0750586     17.3382378  15625.0000000
14      2.00000  0.57300E+44  0.57883E+44 -0.58288E+42      -1.0172429     17.3382378  15625.0000000
14      3.00000  0.56100E+44  0.57016E+44 -0.91590E+42      -1.6326146     17.3382378  15625.0000000
14      5.00000  0.50790E+44  0.49132E+44  0.16579E+43       3.2642420     17.3382378  15625.0000000
14     10.00000  0.37200E+44  0.31408E+44  0.57920E+43      15.5699559     17.3382378  15625.0000000
14     30.00000  0.13240E+44  0.92776E+43  0.39624E+43      29.9273890     17.3382378  15625.0000000
  
15      1.00000  0.53340E+44  0.54323E+44 -0.98284E+42      -1.8426022     17.2123128   7812.5000000
15      2.00000  0.57300E+44  0.57892E+44 -0.59238E+42      -1.0338263     17.2123128   7812.5000000
15      3.00000  0.56100E+44  0.57065E+44 -0.96469E+42      -1.7195947     17.2123128   7812.5000000
15      5.00000  0.50790E+44  0.49181E+44  0.16086E+43       3.1672054     17.2123128   7812.5000000
15     10.00000  0.37200E+44  0.31429E+44  0.57715E+43      15.5146654     17.2123128   7812.5000000
15     30.00000  0.13240E+44  0.92725E+43  0.39675E+43      29.9662769     17.2123128   7812.5000000
  
