 1      1.00000  0.42520E+44  0.25791E+44  0.16729E+44      39.3438620    216.5856790      0.1000000
 1      2.00000  0.41540E+44  0.27176E+44  0.14364E+44      34.5792063    216.5856790      0.1000000
 1      3.00000  0.40290E+44  0.27671E+44  0.12619E+44      31.3198982    216.5856790      0.1000000
 1      5.00000  0.36480E+44  0.26151E+44  0.10329E+44      28.3139548    216.5856790      0.1000000
 1     10.00000  0.24540E+44  0.18789E+44  0.57506E+43      23.4336291    216.5856790      0.1000000
 1     30.00000  0.61470E+43  0.54518E+43  0.69522E+42      11.3099764    216.5856790      0.1000000
  
 2      1.00000  0.42520E+44  0.42442E+44  0.77577E+41       0.1824483      2.9168388      0.0500000
 2      2.00000  0.41540E+44  0.43644E+44 -0.21044E+43      -5.0659896      2.9168388      0.0500000
 2      3.00000  0.40290E+44  0.42588E+44 -0.22981E+43      -5.7039326      2.9168388      0.0500000
 2      5.00000  0.36480E+44  0.37128E+44 -0.64807E+42      -1.7765177      2.9168388      0.0500000
 2     10.00000  0.24540E+44  0.24014E+44  0.52586E+42       2.1428632      2.9168388      0.0500000
 2     30.00000  0.61470E+43  0.64277E+43 -0.28067E+42      -4.5660390      2.9168388      0.0500000
  
 3      1.00000  0.42520E+44  0.42487E+44  0.32929E+41       0.0774427      0.5670956      0.0250000
 3      2.00000  0.41540E+44  0.41901E+44 -0.36082E+42      -0.8686063      0.5670956      0.0250000
 3      3.00000  0.40290E+44  0.40922E+44 -0.63157E+42      -1.5675533      0.5670956      0.0250000
 3      5.00000  0.36480E+44  0.36052E+44  0.42825E+42       1.1739300      0.5670956      0.0250000
 3     10.00000  0.24540E+44  0.23588E+44  0.95193E+42       3.8791048      0.5670956      0.0250000
 3     30.00000  0.61470E+43  0.64218E+43 -0.27483E+42      -4.4708918      0.5670956      0.0250000
  
 4      1.00000  0.42520E+44  0.42252E+44  0.26799E+42       0.6302656      0.5565321      0.0125000
 4      2.00000  0.41540E+44  0.41829E+44 -0.28916E+42      -0.6961101      0.5565321      0.0125000
 4      3.00000  0.40290E+44  0.40907E+44 -0.61696E+42      -1.5313001      0.5565321      0.0125000
 4      5.00000  0.36480E+44  0.36061E+44  0.41856E+42       1.1473687      0.5565321      0.0125000
 4     10.00000  0.24540E+44  0.23598E+44  0.94239E+42       3.8402226      0.5565321      0.0125000
 4     30.00000  0.61470E+43  0.64219E+43 -0.27495E+42      -4.4728577      0.5565321      0.0125000
  
 5      1.00000  0.42520E+44  0.42254E+44  0.26645E+42       0.6266579      0.5562675      0.0062500
 5      2.00000  0.41540E+44  0.41829E+44 -0.28871E+42      -0.6950158      0.5562675      0.0062500
 5      3.00000  0.40290E+44  0.40906E+44 -0.61625E+42      -1.5295345      0.5562675      0.0062500
 5      5.00000  0.36480E+44  0.36061E+44  0.41884E+42       1.1481414      0.5562675      0.0062500
 5     10.00000  0.24540E+44  0.23598E+44  0.94239E+42       3.8402023      0.5562675      0.0062500
 5     30.00000  0.61470E+43  0.64222E+43 -0.27520E+42      -4.4770441      0.5562675      0.0062500
  
