 1      1.00000  0.36850E+44  0.25499E+44  0.11351E+44      30.8029418    120.9446593      0.1000000
 1      2.00000  0.38400E+44  0.28661E+44  0.97391E+43      25.3623693    120.9446593      0.1000000
 1      3.00000  0.38700E+44  0.31571E+44  0.71289E+43      18.4210383    120.9446593      0.1000000
 1      5.00000  0.36740E+44  0.33370E+44  0.33701E+43       9.1728437    120.9446593      0.1000000
 1     10.00000  0.28810E+44  0.27314E+44  0.14963E+43       5.1937991    120.9446593      0.1000000
 1     30.00000  0.10520E+44  0.10884E+44 -0.36364E+42      -3.4566563    120.9446593      0.1000000
  
 2      1.00000  0.36850E+44  0.25640E+44  0.11210E+44      30.4211214    116.7049614      0.0500000
 2      2.00000  0.38400E+44  0.28827E+44  0.95732E+43      24.9302727    116.7049614      0.0500000
 2      3.00000  0.38700E+44  0.31747E+44  0.69535E+43      17.9675794    116.7049614      0.0500000
 2      5.00000  0.36740E+44  0.33513E+44  0.32267E+43       8.7824039    116.7049614      0.0500000
 2     10.00000  0.28810E+44  0.27379E+44  0.14310E+43       4.9671802    116.7049614      0.0500000
 2     30.00000  0.10520E+44  0.10893E+44 -0.37255E+42      -3.5413090    116.7049614      0.0500000
  
 3      1.00000  0.36850E+44  0.46252E+44 -0.94025E+43     -25.5155661     41.7322468      0.0250000
 3      2.00000  0.38400E+44  0.41609E+44 -0.32090E+43      -8.3568824     41.7322468      0.0250000
 3      3.00000  0.38700E+44  0.39955E+44 -0.12551E+43      -3.2430829     41.7322468      0.0250000
 3      5.00000  0.36740E+44  0.37460E+44 -0.72037E+42      -1.9607359     41.7322468      0.0250000
 3     10.00000  0.28810E+44  0.28568E+44  0.24182E+42       0.8393657     41.7322468      0.0250000
 3     30.00000  0.10520E+44  0.10945E+44 -0.42525E+42      -4.0423119     41.7322468      0.0250000
  
 4      1.00000  0.36850E+44  0.38079E+44 -0.12291E+43      -3.3354783      0.8988739      0.0125000
 4      2.00000  0.38400E+44  0.38446E+44 -0.46015E+41      -0.1198318      0.8988739      0.0125000
 4      3.00000  0.38700E+44  0.38571E+44  0.12857E+42       0.3322148      0.8988739      0.0125000
 4      5.00000  0.36740E+44  0.37153E+44 -0.41296E+42      -1.1239931      0.8988739      0.0125000
 4     10.00000  0.28810E+44  0.28603E+44  0.20696E+42       0.7183717      0.8988739      0.0125000
 4     30.00000  0.10520E+44  0.10981E+44 -0.46061E+42      -4.3784422      0.8988739      0.0125000
  
 5      1.00000  0.36850E+44  0.36993E+44 -0.14309E+42      -0.3882969      0.3313197      0.0062500
 5      2.00000  0.38400E+44  0.38186E+44  0.21380E+42       0.5567781      0.3313197      0.0062500
 5      3.00000  0.38700E+44  0.38526E+44  0.17387E+42       0.4492642      0.3313197      0.0062500
 5      5.00000  0.36740E+44  0.37185E+44 -0.44488E+42      -1.2108832      0.3313197      0.0062500
 5     10.00000  0.28810E+44  0.28631E+44  0.17933E+42       0.6224472      0.3313197      0.0062500
 5     30.00000  0.10520E+44  0.10987E+44 -0.46677E+42      -4.4369540      0.3313197      0.0062500
  
 6      1.00000  0.36850E+44  0.36963E+44 -0.11302E+42      -0.3066943      0.3310965      0.0031250
 6      2.00000  0.38400E+44  0.38172E+44  0.22778E+42       0.5931760      0.3310965      0.0031250
 6      3.00000  0.38700E+44  0.38521E+44  0.17915E+42       0.4629281      0.3310965      0.0031250
 6      5.00000  0.36740E+44  0.37184E+44 -0.44425E+42      -1.2091791      0.3310965      0.0031250
 6     10.00000  0.28810E+44  0.28631E+44  0.17867E+42       0.6201800      0.3310965      0.0031250
 6     30.00000  0.10520E+44  0.10987E+44 -0.46699E+42      -4.4391029      0.3310965      0.0031250
  
