 1      1.00000  0.39960E+44  0.22237E+44  0.17723E+44      44.3509696    271.6015934      0.1000000
 1      2.00000  0.39520E+44  0.23541E+44  0.15979E+44      40.4321688    271.6015934      0.1000000
 1      3.00000  0.37170E+44  0.24011E+44  0.13159E+44      35.4008666    271.6015934      0.1000000
 1      5.00000  0.33520E+44  0.22637E+44  0.10883E+44      32.4678394    271.6015934      0.1000000
 1     10.00000  0.23100E+44  0.15868E+44  0.72322E+43      31.3084376    271.6015934      0.1000000
 1     30.00000  0.51100E+43  0.37088E+43  0.14012E+43      27.4209732    271.6015934      0.1000000
  
 2      1.00000  0.39960E+44  0.41838E+44 -0.18776E+43      -4.6986463     10.2868094      0.0500000
 2      2.00000  0.39520E+44  0.42696E+44 -0.31760E+43      -8.0364623     10.2868094      0.0500000
 2      3.00000  0.37170E+44  0.41280E+44 -0.41100E+43     -11.0573405     10.2868094      0.0500000
 2      5.00000  0.33520E+44  0.35423E+44 -0.19034E+43      -5.6782638     10.2868094      0.0500000
 2     10.00000  0.23100E+44  0.22182E+44  0.91844E+42       3.9759513     10.2868094      0.0500000
 2     30.00000  0.51100E+43  0.51682E+43 -0.58170E+41      -1.1383618     10.2868094      0.0500000
  
 3      1.00000  0.39960E+44  0.40160E+44 -0.19960E+42      -0.4994875      1.5548799      0.0250000
 3      2.00000  0.39520E+44  0.39510E+44  0.96809E+40       0.0244962      1.5548799      0.0250000
 3      3.00000  0.37170E+44  0.38419E+44 -0.12490E+43      -3.3602324      1.5548799      0.0250000
 3      5.00000  0.33520E+44  0.33533E+44 -0.13191E+41      -0.0393535      1.5548799      0.0250000
 3     10.00000  0.23100E+44  0.21371E+44  0.17292E+43       7.4858206      1.5548799      0.0250000
 3     30.00000  0.51100E+43  0.50997E+43  0.10322E+41       0.2019900      1.5548799      0.0250000
  
 4      1.00000  0.39960E+44  0.39774E+44  0.18613E+42       0.4658006      1.4997042      0.0125000
 4      2.00000  0.39520E+44  0.39317E+44  0.20294E+42       0.5135189      1.4997042      0.0125000
 4      3.00000  0.37170E+44  0.38323E+44 -0.11529E+43      -3.1016802      1.4997042      0.0125000
 4      5.00000  0.33520E+44  0.33503E+44  0.17135E+41       0.0511184      1.4997042      0.0125000
 4     10.00000  0.23100E+44  0.21368E+44  0.17323E+43       7.4992559      1.4997042      0.0125000
 4     30.00000  0.51100E+43  0.50989E+43  0.11131E+41       0.2178205      1.4997042      0.0125000
  
 5      1.00000  0.39960E+44  0.39776E+44  0.18370E+42       0.4597092      1.4996889      0.0062500
 5      2.00000  0.39520E+44  0.39318E+44  0.20150E+42       0.5098766      1.4996889      0.0062500
 5      3.00000  0.37170E+44  0.38323E+44 -0.11532E+43      -3.1024847      1.4996889      0.0062500
 5      5.00000  0.33520E+44  0.33503E+44  0.17333E+41       0.0517100      1.4996889      0.0062500
 5     10.00000  0.23100E+44  0.21367E+44  0.17325E+43       7.5000060      1.4996889      0.0062500
 5     30.00000  0.51100E+43  0.50991E+43  0.10888E+41       0.2130712      1.4996889      0.0062500
  
 6      1.00000  0.39960E+44  0.39776E+44  0.18383E+42       0.4600245      1.4996785      0.0031250
 6      2.00000  0.39520E+44  0.39318E+44  0.20155E+42       0.5099968      1.4996785      0.0031250
 6      3.00000  0.37170E+44  0.38323E+44 -0.11533E+43      -3.1026453      1.4996785      0.0031250
 6      5.00000  0.33520E+44  0.33503E+44  0.17235E+41       0.0514165      1.4996785      0.0031250
 6     10.00000  0.23100E+44  0.21368E+44  0.17324E+43       7.4997351      1.4996785      0.0031250
 6     30.00000  0.51100E+43  0.50991E+43  0.10886E+41       0.2130429      1.4996785      0.0031250
  
