 1      1.00000  0.32370E+44  0.27359E+44  0.50106E+43      15.4790122     46.3049948      0.1000000
 1      2.00000  0.37660E+44  0.30721E+44  0.69391E+43      18.4257168     46.3049948      0.1000000
 1      3.00000  0.38380E+44  0.33937E+44  0.44430E+43      11.5764447     46.3049948      0.1000000
 1      5.00000  0.37320E+44  0.35973E+44  0.13472E+43       3.6097393     46.3049948      0.1000000
 1     10.00000  0.29490E+44  0.29682E+44 -0.19199E+42      -0.6510465     46.3049948      0.1000000
 1     30.00000  0.13100E+44  0.13072E+44  0.27740E+41       0.2117565     46.3049948      0.1000000
  
 2      1.00000  0.32370E+44  0.27359E+44  0.50106E+43      15.4790122     46.3049948      1.0000000
 2      2.00000  0.37660E+44  0.30721E+44  0.69391E+43      18.4257168     46.3049948      1.0000000
 2      3.00000  0.38380E+44  0.33937E+44  0.44430E+43      11.5764447     46.3049948      1.0000000
 2      5.00000  0.37320E+44  0.35973E+44  0.13472E+43       3.6097393     46.3049948      1.0000000
 2     10.00000  0.29490E+44  0.29682E+44 -0.19199E+42      -0.6510465     46.3049948      1.0000000
 2     30.00000  0.13100E+44  0.13072E+44  0.27740E+41       0.2117565     46.3049948      1.0000000
  
 3      1.00000  0.32370E+44  0.36864E+44 -0.44944E+43     -13.8844759      9.2499719      0.5000000
 3      2.00000  0.37660E+44  0.38299E+44 -0.63938E+42      -1.6977819      9.2499719      0.5000000
 3      3.00000  0.38380E+44  0.37908E+44  0.47234E+42       1.2306825      9.2499719      0.5000000
 3      5.00000  0.37320E+44  0.36564E+44  0.75561E+42       2.0246897      9.2499719      0.5000000
 3     10.00000  0.29490E+44  0.29341E+44  0.14887E+42       0.5048090      9.2499719      0.5000000
 3     30.00000  0.13100E+44  0.12869E+44  0.23113E+42       1.7643711      9.2499719      0.5000000
  
 4      1.00000  0.32370E+44  0.31713E+44  0.65653E+42       2.0281958      3.0516472      0.2500000
 4      2.00000  0.37660E+44  0.35995E+44  0.16647E+43       4.4204608      3.0516472      0.2500000
 4      3.00000  0.38380E+44  0.37069E+44  0.13115E+43       3.4170485      3.0516472      0.2500000
 4      5.00000  0.37320E+44  0.36642E+44  0.67773E+42       1.8159990      3.0516472      0.2500000
 4     10.00000  0.29490E+44  0.29562E+44 -0.71510E+41      -0.2424878      3.0516472      0.2500000
 4     30.00000  0.13100E+44  0.12940E+44  0.16001E+42       1.2214135      3.0516472      0.2500000
  
