 1      1.00000  0.43160E+44  0.28695E+44  0.14465E+44      33.5158294    132.6264741      0.1000000
 1      2.00000  0.43510E+44  0.32390E+44  0.11120E+44      25.5571217    132.6264741      0.1000000
 1      3.00000  0.45510E+44  0.35881E+44  0.96293E+43      21.1586666    132.6264741      0.1000000
 1      5.00000  0.42680E+44  0.37467E+44  0.52134E+43      12.2151382    132.6264741      0.1000000
 1     10.00000  0.32300E+44  0.29155E+44  0.31454E+43       9.7379882    132.6264741      0.1000000
 1     30.00000  0.12580E+44  0.11246E+44  0.13336E+43      10.6012900    132.6264741      0.1000000
  
 2      1.00000  0.43160E+44  0.32387E+44  0.10773E+44      24.9608325     53.6978591      0.0500000
 2      2.00000  0.43510E+44  0.37049E+44  0.64606E+43      14.8485288     53.6978591      0.0500000
 2      3.00000  0.45510E+44  0.40688E+44  0.48215E+43      10.5944544     53.6978591      0.0500000
 2      5.00000  0.42680E+44  0.40955E+44  0.17253E+43       4.0423112     53.6978591      0.0500000
 2     10.00000  0.32300E+44  0.30419E+44  0.18805E+43       5.8221203     53.6978591      0.0500000
 2     30.00000  0.12580E+44  0.11315E+44  0.12646E+43      10.0525763     53.6978591      0.0500000
  
 3      1.00000  0.43160E+44  0.46862E+44 -0.37023E+43      -8.5780930      5.3785123      0.0250000
 3      2.00000  0.43510E+44  0.44739E+44 -0.12290E+43      -2.8246161      5.3785123      0.0250000
 3      3.00000  0.45510E+44  0.45447E+44  0.62742E+41       0.1378643      5.3785123      0.0250000
 3      5.00000  0.42680E+44  0.43247E+44 -0.56695E+42      -1.3283640      5.3785123      0.0250000
 3     10.00000  0.32300E+44  0.31109E+44  0.11910E+43       3.6872285      5.3785123      0.0250000
 3     30.00000  0.12580E+44  0.11316E+44  0.12640E+43      10.0473919      5.3785123      0.0250000
  
 4      1.00000  0.43160E+44  0.43246E+44 -0.86063E+41      -0.1994048      1.0872760      0.0125000
 4      2.00000  0.43510E+44  0.43779E+44 -0.26944E+42      -0.6192696      1.0872760      0.0125000
 4      3.00000  0.45510E+44  0.45254E+44  0.25647E+42       0.5635371      1.0872760      0.0125000
 4      5.00000  0.42680E+44  0.43346E+44 -0.66634E+42      -1.5612530      1.0872760      0.0125000
 4     10.00000  0.32300E+44  0.31180E+44  0.11195E+43       3.4659459      1.0872760      0.0125000
 4     30.00000  0.12580E+44  0.11332E+44  0.12484E+43       9.9237164      1.0872760      0.0125000
  
 5      1.00000  0.43160E+44  0.43058E+44  0.10213E+42       0.2366253      1.0796606      0.0062500
 5      2.00000  0.43510E+44  0.43745E+44 -0.23498E+42      -0.5400584      1.0796606      0.0062500
 5      3.00000  0.45510E+44  0.45248E+44  0.26247E+42       0.5767207      1.0796606      0.0062500
 5      5.00000  0.42680E+44  0.43348E+44 -0.66786E+42      -1.5648106      1.0796606      0.0062500
 5     10.00000  0.32300E+44  0.31184E+44  0.11164E+43       3.4564982      1.0796606      0.0062500
 5     30.00000  0.12580E+44  0.11333E+44  0.12472E+43       9.9140808      1.0796606      0.0062500
  
