 1      1.00000  0.37480E+44  0.29785E+44  0.76946E+43      20.5299504     80.0035998      0.1000000
 1      2.00000  0.44450E+44  0.34059E+44  0.10391E+44      23.3775203     80.0035998      0.1000000
 1      3.00000  0.45700E+44  0.38103E+44  0.75969E+43      16.6234500     80.0035998      0.1000000
 1      5.00000  0.44270E+44  0.39559E+44  0.47112E+43      10.6419376     80.0035998      0.1000000
 1     10.00000  0.32920E+44  0.29588E+44  0.33321E+43      10.1216814     80.0035998      0.1000000
 1     30.00000  0.13220E+44  0.10648E+44  0.25719E+43      19.4543784     80.0035998      0.1000000
  
 2      1.00000  0.37480E+44  0.33343E+44  0.41369E+43      11.0377442     22.5454332      0.0500000
 2      2.00000  0.44450E+44  0.38642E+44  0.58085E+43      13.0674605     22.5454332      0.0500000
 2      3.00000  0.45700E+44  0.42758E+44  0.29417E+43       6.4370162     22.5454332      0.0500000
 2      5.00000  0.44270E+44  0.42706E+44  0.15645E+43       3.5339869     22.5454332      0.0500000
 2     10.00000  0.32920E+44  0.30564E+44  0.23557E+43       7.1558758     22.5454332      0.0500000
 2     30.00000  0.13220E+44  0.10639E+44  0.25814E+43      19.5267899     22.5454332      0.0500000
  
 3      1.00000  0.37480E+44  0.39506E+44 -0.20260E+43      -5.4054399      4.6294591      0.0250000
 3      2.00000  0.44450E+44  0.44486E+44 -0.35765E+41      -0.0804611      4.6294591      0.0250000
 3      3.00000  0.45700E+44  0.46777E+44 -0.10769E+43      -2.3565442      4.6294591      0.0250000
 3      5.00000  0.44270E+44  0.44664E+44 -0.39400E+42      -0.8900004      4.6294591      0.0250000
 3     10.00000  0.32920E+44  0.31246E+44  0.16744E+43       5.0862032      4.6294591      0.0250000
 3     30.00000  0.13220E+44  0.10705E+44  0.25149E+43      19.0235461      4.6294591      0.0250000
  
 4      1.00000  0.37480E+44  0.37754E+44 -0.27352E+42      -0.7297674      3.5153429      0.0125000
 4      2.00000  0.44450E+44  0.43735E+44  0.71525E+42       1.6091035      3.5153429      0.0125000
 4      3.00000  0.45700E+44  0.46503E+44 -0.80309E+42      -1.7573174      3.5153429      0.0125000
 4      5.00000  0.44270E+44  0.44623E+44 -0.35287E+42      -0.7970949      3.5153429      0.0125000
 4     10.00000  0.32920E+44  0.31238E+44  0.16824E+43       5.1105284      3.5153429      0.0125000
 4     30.00000  0.13220E+44  0.10707E+44  0.25129E+43      19.0085766      3.5153429      0.0125000
  
 5      1.00000  0.37480E+44  0.37692E+44 -0.21151E+42      -0.5643252      3.5086332      0.0062500
 5      2.00000  0.44450E+44  0.43716E+44  0.73434E+42       1.6520488      3.5086332      0.0062500
 5      3.00000  0.45700E+44  0.46486E+44 -0.78591E+42      -1.7197063      3.5086332      0.0062500
 5      5.00000  0.44270E+44  0.44611E+44 -0.34055E+42      -0.7692472      3.5086332      0.0062500
 5     10.00000  0.32920E+44  0.31235E+44  0.16848E+43       5.1178096      3.5086332      0.0062500
 5     30.00000  0.13220E+44  0.10708E+44  0.25118E+43      18.9997862      3.5086332      0.0062500
  
 6      1.00000  0.37480E+44  0.37691E+44 -0.21088E+42      -0.5626411      3.5083029      0.0031250
 6      2.00000  0.44450E+44  0.43716E+44  0.73407E+42       1.6514428      3.5083029      0.0031250
 6      3.00000  0.45700E+44  0.46486E+44 -0.78575E+42      -1.7193729      3.5083029      0.0031250
 6      5.00000  0.44270E+44  0.44610E+44 -0.34017E+42      -0.7684086      3.5083029      0.0031250
 6     10.00000  0.32920E+44  0.31235E+44  0.16848E+43       5.1178077      3.5083029      0.0031250
 6     30.00000  0.13220E+44  0.10708E+44  0.25117E+43      18.9989885      3.5083029      0.0031250
  
 7      1.00000  0.37480E+44  0.37691E+44 -0.21088E+42      -0.5626411      3.5083029      0.0312500
 7      2.00000  0.44450E+44  0.43716E+44  0.73407E+42       1.6514428      3.5083029      0.0312500
 7      3.00000  0.45700E+44  0.46486E+44 -0.78575E+42      -1.7193729      3.5083029      0.0312500
 7      5.00000  0.44270E+44  0.44610E+44 -0.34017E+42      -0.7684086      3.5083029      0.0312500
 7     10.00000  0.32920E+44  0.31235E+44  0.16848E+43       5.1178077      3.5083029      0.0312500
 7     30.00000  0.13220E+44  0.10708E+44  0.25117E+43      18.9989885      3.5083029      0.0312500
  
 8      1.00000  0.37480E+44  0.37691E+44 -0.21088E+42      -0.5626411      3.5083029      0.3125000
 8      2.00000  0.44450E+44  0.43716E+44  0.73407E+42       1.6514428      3.5083029      0.3125000
 8      3.00000  0.45700E+44  0.46486E+44 -0.78575E+42      -1.7193729      3.5083029      0.3125000
 8      5.00000  0.44270E+44  0.44610E+44 -0.34017E+42      -0.7684086      3.5083029      0.3125000
 8     10.00000  0.32920E+44  0.31235E+44  0.16848E+43       5.1178077      3.5083029      0.3125000
 8     30.00000  0.13220E+44  0.10708E+44  0.25117E+43      18.9989885      3.5083029      0.3125000
  
 9      1.00000  0.37480E+44  0.37691E+44 -0.21088E+42      -0.5626411      3.5083029      3.1250000
 9      2.00000  0.44450E+44  0.43716E+44  0.73407E+42       1.6514428      3.5083029      3.1250000
 9      3.00000  0.45700E+44  0.46486E+44 -0.78575E+42      -1.7193729      3.5083029      3.1250000
 9      5.00000  0.44270E+44  0.44610E+44 -0.34017E+42      -0.7684086      3.5083029      3.1250000
 9     10.00000  0.32920E+44  0.31235E+44  0.16848E+43       5.1178077      3.5083029      3.1250000
 9     30.00000  0.13220E+44  0.10708E+44  0.25117E+43      18.9989885      3.5083029      3.1250000
  
10      1.00000  0.37480E+44  0.37691E+44 -0.21088E+42      -0.5626411      3.5083029     31.2500000
10      2.00000  0.44450E+44  0.43716E+44  0.73407E+42       1.6514428      3.5083029     31.2500000
10      3.00000  0.45700E+44  0.46486E+44 -0.78575E+42      -1.7193729      3.5083029     31.2500000
10      5.00000  0.44270E+44  0.44610E+44 -0.34017E+42      -0.7684086      3.5083029     31.2500000
10     10.00000  0.32920E+44  0.31235E+44  0.16848E+43       5.1178077      3.5083029     31.2500000
10     30.00000  0.13220E+44  0.10708E+44  0.25117E+43      18.9989885      3.5083029     31.2500000
  
11      1.00000  0.37480E+44  0.37691E+44 -0.21088E+42      -0.5626411      3.5083029    312.5000000
11      2.00000  0.44450E+44  0.43716E+44  0.73407E+42       1.6514428      3.5083029    312.5000000
11      3.00000  0.45700E+44  0.46486E+44 -0.78575E+42      -1.7193729      3.5083029    312.5000000
11      5.00000  0.44270E+44  0.44610E+44 -0.34017E+42      -0.7684086      3.5083029    312.5000000
11     10.00000  0.32920E+44  0.31235E+44  0.16848E+43       5.1178077      3.5083029    312.5000000
11     30.00000  0.13220E+44  0.10708E+44  0.25117E+43      18.9989885      3.5083029    312.5000000
  
12      1.00000  0.37480E+44  0.37691E+44 -0.21088E+42      -0.5626411      3.5083029   3125.0000000
12      2.00000  0.44450E+44  0.43716E+44  0.73407E+42       1.6514428      3.5083029   3125.0000000
12      3.00000  0.45700E+44  0.46486E+44 -0.78575E+42      -1.7193729      3.5083029   3125.0000000
12      5.00000  0.44270E+44  0.44610E+44 -0.34017E+42      -0.7684086      3.5083029   3125.0000000
12     10.00000  0.32920E+44  0.31235E+44  0.16848E+43       5.1178077      3.5083029   3125.0000000
12     30.00000  0.13220E+44  0.10708E+44  0.25117E+43      18.9989885      3.5083029   3125.0000000
  
13      1.00000  0.37480E+44  0.37691E+44 -0.21088E+42      -0.5626411      3.5083029  31250.0000000
13      2.00000  0.44450E+44  0.43716E+44  0.73407E+42       1.6514428      3.5083029  31250.0000000
13      3.00000  0.45700E+44  0.46486E+44 -0.78575E+42      -1.7193729      3.5083029  31250.0000000
13      5.00000  0.44270E+44  0.44610E+44 -0.34017E+42      -0.7684086      3.5083029  31250.0000000
13     10.00000  0.32920E+44  0.31235E+44  0.16848E+43       5.1178077      3.5083029  31250.0000000
13     30.00000  0.13220E+44  0.10708E+44  0.25117E+43      18.9989885      3.5083029  31250.0000000
  
14      1.00000  0.37480E+44  0.37691E+44 -0.21092E+42      -0.5627579      3.5083023  15625.0000000
14      2.00000  0.44450E+44  0.43716E+44  0.73403E+42       1.6513516      3.5083023  15625.0000000
14      3.00000  0.45700E+44  0.46486E+44 -0.78579E+42      -1.7194449      3.5083023  15625.0000000
14      5.00000  0.44270E+44  0.44610E+44 -0.34019E+42      -0.7684521      3.5083023  15625.0000000
14     10.00000  0.32920E+44  0.31235E+44  0.16848E+43       5.1177888      3.5083023  15625.0000000
14     30.00000  0.13220E+44  0.10708E+44  0.25117E+43      18.9989875      3.5083023  15625.0000000
  
15      1.00000  0.37480E+44  0.37691E+44 -0.21092E+42      -0.5627579      3.5083023 156250.0000000
15      2.00000  0.44450E+44  0.43716E+44  0.73403E+42       1.6513516      3.5083023 156250.0000000
15      3.00000  0.45700E+44  0.46486E+44 -0.78579E+42      -1.7194449      3.5083023 156250.0000000
15      5.00000  0.44270E+44  0.44610E+44 -0.34019E+42      -0.7684521      3.5083023 156250.0000000
15     10.00000  0.32920E+44  0.31235E+44  0.16848E+43       5.1177888      3.5083023 156250.0000000
15     30.00000  0.13220E+44  0.10708E+44  0.25117E+43      18.9989875      3.5083023 156250.0000000
  
