 1      1.00000  0.43580E+44  0.29069E+44  0.14511E+44      33.2974238    136.4773841      0.1000000
 1      2.00000  0.44010E+44  0.32803E+44  0.11207E+44      25.4646060    136.4773841      0.1000000
 1      3.00000  0.45500E+44  0.36335E+44  0.91647E+43      20.1421813    136.4773841      0.1000000
 1      5.00000  0.42310E+44  0.37857E+44  0.44527E+43      10.5240031    136.4773841      0.1000000
 1     10.00000  0.32420E+44  0.29227E+44  0.31930E+43       9.8487390    136.4773841      0.1000000
 1     30.00000  0.11050E+44  0.11063E+44 -0.12771E+41      -0.1155719    136.4773841      0.1000000
  
 2      1.00000  0.43580E+44  0.31675E+44  0.11905E+44      27.3171880     74.5502473      0.0500000
 2      2.00000  0.44010E+44  0.36113E+44  0.78969E+43      17.9433185     74.5502473      0.0500000
 2      3.00000  0.45500E+44  0.39782E+44  0.57175E+43      12.5659714     74.5502473      0.0500000
 2      5.00000  0.42310E+44  0.40370E+44  0.19399E+43       4.5848659     74.5502473      0.0500000
 2     10.00000  0.32420E+44  0.30129E+44  0.22910E+43       7.0666599     74.5502473      0.0500000
 2     30.00000  0.11050E+44  0.11108E+44 -0.58006E+41      -0.5249413     74.5502473      0.0500000
  
 3      1.00000  0.43580E+44  0.49179E+44 -0.55986E+43     -12.8466341     11.3335435      0.0250000
 3      2.00000  0.44010E+44  0.45561E+44 -0.15513E+43      -3.5248266     11.3335435      0.0250000
 3      3.00000  0.45500E+44  0.45571E+44 -0.71191E+41      -0.1564645     11.3335435      0.0250000
 3      5.00000  0.42310E+44  0.43094E+44 -0.78381E+42      -1.8525325     11.3335435      0.0250000
 3     10.00000  0.32420E+44  0.30945E+44  0.14749E+43       4.5492839     11.3335435      0.0250000
 3     30.00000  0.11050E+44  0.11115E+44 -0.64605E+41      -0.5846602     11.3335435      0.0250000
  
 4      1.00000  0.43580E+44  0.43938E+44 -0.35795E+42      -0.8213720      1.0140709      0.0125000
 4      2.00000  0.44010E+44  0.44131E+44 -0.12145E+42      -0.2759633      1.0140709      0.0125000
 4      3.00000  0.45500E+44  0.45225E+44  0.27519E+42       0.6048165      1.0140709      0.0125000
 4      5.00000  0.42310E+44  0.43187E+44 -0.87667E+42      -2.0720067      1.0140709      0.0125000
 4     10.00000  0.32420E+44  0.31031E+44  0.13885E+43       4.2829178      1.0140709      0.0125000
 4     30.00000  0.11050E+44  0.11136E+44 -0.86344E+41      -0.7813913      1.0140709      0.0125000
  
 5      1.00000  0.43580E+44  0.43558E+44  0.21983E+41       0.0504424      0.9692848      0.0062500
 5      2.00000  0.44010E+44  0.44056E+44 -0.45738E+41      -0.1039259      0.9692848      0.0062500
 5      3.00000  0.45500E+44  0.45219E+44  0.28109E+42       0.6177900      0.9692848      0.0062500
 5      5.00000  0.42310E+44  0.43200E+44 -0.89005E+42      -2.1036370      0.9692848      0.0062500
 5     10.00000  0.32420E+44  0.31041E+44  0.13788E+43       4.2529571      0.9692848      0.0062500
 5     30.00000  0.11050E+44  0.11139E+44 -0.88782E+41      -0.8034606      0.9692848      0.0062500
  
 6      1.00000  0.43580E+44  0.43555E+44  0.24852E+41       0.0570264      0.9692681      0.0031250
 6      2.00000  0.44010E+44  0.44055E+44 -0.44890E+41      -0.1019992      0.9692681      0.0031250
 6      3.00000  0.45500E+44  0.45218E+44  0.28194E+42       0.6196556      0.9692681      0.0031250
 6      5.00000  0.42310E+44  0.43199E+44 -0.88934E+42      -2.1019656      0.9692681      0.0031250
 6     10.00000  0.32420E+44  0.31041E+44  0.13790E+43       4.2536527      0.9692681      0.0031250
 6     30.00000  0.11050E+44  0.11139E+44 -0.88789E+41      -0.8035162      0.9692681      0.0031250
  
