 1      1.00000  0.24710E+44  0.22832E+44  0.18779E+43       7.5997912     13.0220731      0.1000000
 1      2.00000  0.28320E+44  0.24960E+44  0.33597E+43      11.8632491     13.0220731      0.1000000
 1      3.00000  0.29190E+44  0.26756E+44  0.24337E+43       8.3374852     13.0220731      0.1000000
 1      5.00000  0.27870E+44  0.27376E+44  0.49435E+42       1.7737880     13.0220731      0.1000000
 1     10.00000  0.22370E+44  0.21338E+44  0.10323E+43       4.6148247     13.0220731      0.1000000
 1     30.00000  0.78450E+43  0.60294E+43  0.18156E+43      23.1432667     13.0220731      0.1000000
  
 2      1.00000  0.24710E+44  0.22832E+44  0.18779E+43       7.5997912     13.0220731      1.0000000
 2      2.00000  0.28320E+44  0.24960E+44  0.33597E+43      11.8632491     13.0220731      1.0000000
 2      3.00000  0.29190E+44  0.26756E+44  0.24337E+43       8.3374852     13.0220731      1.0000000
 2      5.00000  0.27870E+44  0.27376E+44  0.49435E+42       1.7737880     13.0220731      1.0000000
 2     10.00000  0.22370E+44  0.21338E+44  0.10323E+43       4.6148247     13.0220731      1.0000000
 2     30.00000  0.78450E+43  0.60294E+43  0.18156E+43      23.1432667     13.0220731      1.0000000
  
 3      1.00000  0.24710E+44  0.25608E+44 -0.89841E+42      -3.6358018      3.0634352      0.5000000
 3      2.00000  0.28320E+44  0.28433E+44 -0.11260E+42      -0.3975874      3.0634352      0.5000000
 3      3.00000  0.29190E+44  0.29470E+44 -0.27980E+42      -0.9585608      3.0634352      0.5000000
 3      5.00000  0.27870E+44  0.28811E+44 -0.94067E+42      -3.3752149      3.0634352      0.5000000
 3     10.00000  0.22370E+44  0.21838E+44  0.53152E+42       2.3760288      3.0634352      0.5000000
 3     30.00000  0.78450E+43  0.61190E+43  0.17260E+43      22.0013033      3.0634352      0.5000000
  
 4      1.00000  0.24710E+44  0.24923E+44 -0.21323E+42      -0.8629253      2.6827174      0.2500000
 4      2.00000  0.28320E+44  0.27889E+44  0.43101E+42       1.5219140      2.6827174      0.2500000
 4      3.00000  0.29190E+44  0.29161E+44  0.29083E+41       0.0996324      2.6827174      0.2500000
 4      5.00000  0.27870E+44  0.28748E+44 -0.87756E+42      -3.1487639      2.6827174      0.2500000
 4     10.00000  0.22370E+44  0.21859E+44  0.51102E+42       2.2844207      2.6827174      0.2500000
 4     30.00000  0.78450E+43  0.61238E+43  0.17212E+43      21.9400932      2.6827174      0.2500000
  
 5      1.00000  0.24710E+44  0.24915E+44 -0.20483E+42      -0.8289191      2.6796541      0.1250000
 5      2.00000  0.28320E+44  0.27887E+44  0.43329E+42       1.5299883      2.6796541      0.1250000
 5      3.00000  0.29190E+44  0.29156E+44  0.34478E+41       0.1181157      2.6796541      0.1250000
 5      5.00000  0.27870E+44  0.28738E+44 -0.86804E+42      -3.1146005      2.6796541      0.1250000
 5     10.00000  0.22370E+44  0.21854E+44  0.51637E+42       2.3083316      2.6796541      0.1250000
 5     30.00000  0.78450E+43  0.61234E+43  0.17216E+43      21.9457992      2.6796541      0.1250000
  
 6      1.00000  0.24710E+44  0.24915E+44 -0.20483E+42      -0.8289191      2.6796541      1.2500000
 6      2.00000  0.28320E+44  0.27887E+44  0.43329E+42       1.5299883      2.6796541      1.2500000
 6      3.00000  0.29190E+44  0.29156E+44  0.34478E+41       0.1181157      2.6796541      1.2500000
 6      5.00000  0.27870E+44  0.28738E+44 -0.86804E+42      -3.1146005      2.6796541      1.2500000
 6     10.00000  0.22370E+44  0.21854E+44  0.51637E+42       2.3083316      2.6796541      1.2500000
 6     30.00000  0.78450E+43  0.61234E+43  0.17216E+43      21.9457992      2.6796541      1.2500000
  
 7      1.00000  0.24710E+44  0.24915E+44 -0.20483E+42      -0.8289191      2.6796541     12.5000000
 7      2.00000  0.28320E+44  0.27887E+44  0.43329E+42       1.5299883      2.6796541     12.5000000
 7      3.00000  0.29190E+44  0.29156E+44  0.34478E+41       0.1181157      2.6796541     12.5000000
 7      5.00000  0.27870E+44  0.28738E+44 -0.86804E+42      -3.1146005      2.6796541     12.5000000
 7     10.00000  0.22370E+44  0.21854E+44  0.51637E+42       2.3083316      2.6796541     12.5000000
 7     30.00000  0.78450E+43  0.61234E+43  0.17216E+43      21.9457992      2.6796541     12.5000000
  
 8      1.00000  0.24710E+44  0.24915E+44 -0.20483E+42      -0.8289191      2.6796541    125.0000000
 8      2.00000  0.28320E+44  0.27887E+44  0.43329E+42       1.5299883      2.6796541    125.0000000
 8      3.00000  0.29190E+44  0.29156E+44  0.34478E+41       0.1181157      2.6796541    125.0000000
 8      5.00000  0.27870E+44  0.28738E+44 -0.86804E+42      -3.1146005      2.6796541    125.0000000
 8     10.00000  0.22370E+44  0.21854E+44  0.51637E+42       2.3083316      2.6796541    125.0000000
 8     30.00000  0.78450E+43  0.61234E+43  0.17216E+43      21.9457992      2.6796541    125.0000000
  
 9      1.00000  0.24710E+44  0.24915E+44 -0.20483E+42      -0.8289191      2.6796541   1250.0000000
 9      2.00000  0.28320E+44  0.27887E+44  0.43329E+42       1.5299883      2.6796541   1250.0000000
 9      3.00000  0.29190E+44  0.29156E+44  0.34478E+41       0.1181157      2.6796541   1250.0000000
 9      5.00000  0.27870E+44  0.28738E+44 -0.86804E+42      -3.1146005      2.6796541   1250.0000000
 9     10.00000  0.22370E+44  0.21854E+44  0.51637E+42       2.3083316      2.6796541   1250.0000000
 9     30.00000  0.78450E+43  0.61234E+43  0.17216E+43      21.9457992      2.6796541   1250.0000000
  
10      1.00000  0.24710E+44  0.24915E+44 -0.20483E+42      -0.8289191      2.6796541  12500.0000000
10      2.00000  0.28320E+44  0.27887E+44  0.43329E+42       1.5299883      2.6796541  12500.0000000
10      3.00000  0.29190E+44  0.29156E+44  0.34478E+41       0.1181157      2.6796541  12500.0000000
10      5.00000  0.27870E+44  0.28738E+44 -0.86804E+42      -3.1146005      2.6796541  12500.0000000
10     10.00000  0.22370E+44  0.21854E+44  0.51637E+42       2.3083316      2.6796541  12500.0000000
10     30.00000  0.78450E+43  0.61234E+43  0.17216E+43      21.9457992      2.6796541  12500.0000000
  
11      1.00000  0.24710E+44  0.24915E+44 -0.20483E+42      -0.8289191      2.6796541 125000.0000000
11      2.00000  0.28320E+44  0.27887E+44  0.43329E+42       1.5299883      2.6796541 125000.0000000
11      3.00000  0.29190E+44  0.29156E+44  0.34478E+41       0.1181157      2.6796541 125000.0000000
11      5.00000  0.27870E+44  0.28738E+44 -0.86804E+42      -3.1146005      2.6796541 125000.0000000
11     10.00000  0.22370E+44  0.21854E+44  0.51637E+42       2.3083316      2.6796541 125000.0000000
11     30.00000  0.78450E+43  0.61234E+43  0.17216E+43      21.9457992      2.6796541 125000.0000000
  
12      1.00000  0.24710E+44  0.24915E+44 -0.20483E+42      -0.8289191      2.6796541 **************
12      2.00000  0.28320E+44  0.27887E+44  0.43329E+42       1.5299883      2.6796541 **************
12      3.00000  0.29190E+44  0.29156E+44  0.34478E+41       0.1181157      2.6796541 **************
12      5.00000  0.27870E+44  0.28738E+44 -0.86804E+42      -3.1146005      2.6796541 **************
12     10.00000  0.22370E+44  0.21854E+44  0.51637E+42       2.3083316      2.6796541 **************
12     30.00000  0.78450E+43  0.61234E+43  0.17216E+43      21.9457992      2.6796541 **************
  
13      1.00000  0.24710E+44  0.24915E+44 -0.20482E+42      -0.8288893      2.6796532 625000.0000000
13      2.00000  0.28320E+44  0.27887E+44  0.43329E+42       1.5299898      2.6796532 625000.0000000
13      3.00000  0.29190E+44  0.29156E+44  0.34473E+41       0.1180987      2.6796532 625000.0000000
13      5.00000  0.27870E+44  0.28738E+44 -0.86805E+42      -3.1146279      2.6796532 625000.0000000
13     10.00000  0.22370E+44  0.21854E+44  0.51637E+42       2.3083186      2.6796532 625000.0000000
13     30.00000  0.78450E+43  0.61234E+43  0.17216E+43      21.9457774      2.6796532 625000.0000000
  
14      1.00000  0.24710E+44  0.24915E+44 -0.20485E+42      -0.8290151      2.6796469 312500.0000000
14      2.00000  0.28320E+44  0.27887E+44  0.43326E+42       1.5298588      2.6796469 312500.0000000
14      3.00000  0.29190E+44  0.29156E+44  0.34429E+41       0.1179482      2.6796469 312500.0000000
14      5.00000  0.27870E+44  0.28738E+44 -0.86809E+42      -3.1147854      2.6796469 312500.0000000
14     10.00000  0.22370E+44  0.21854E+44  0.51634E+42       2.3082008      2.6796469 312500.0000000
14     30.00000  0.78450E+43  0.61234E+43  0.17216E+43      21.9456900      2.6796469 312500.0000000
  
15      1.00000  0.24710E+44  0.24915E+44 -0.20485E+42      -0.8290151      2.6796469 **************
15      2.00000  0.28320E+44  0.27887E+44  0.43326E+42       1.5298588      2.6796469 **************
15      3.00000  0.29190E+44  0.29156E+44  0.34429E+41       0.1179482      2.6796469 **************
15      5.00000  0.27870E+44  0.28738E+44 -0.86809E+42      -3.1147854      2.6796469 **************
15     10.00000  0.22370E+44  0.21854E+44  0.51634E+42       2.3082008      2.6796469 **************
15     30.00000  0.78450E+43  0.61234E+43  0.17216E+43      21.9456900      2.6796469 **************
  
