 1      1.00000  0.28800E+44  0.21714E+44  0.70855E+43      24.6025750     93.8867451      0.1000000
 1      2.00000  0.28830E+44  0.23569E+44  0.52606E+43      18.2470971     93.8867451      0.1000000
 1      3.00000  0.30630E+44  0.25068E+44  0.55623E+43      18.1595595     93.8867451      0.1000000
 1      5.00000  0.30500E+44  0.25417E+44  0.50825E+43      16.6640275     93.8867451      0.1000000
 1     10.00000  0.21210E+44  0.19565E+44  0.16453E+43       7.7573711     93.8867451      0.1000000
 1     30.00000  0.59690E+43  0.40893E+43  0.18797E+43      31.4907286     93.8867451      0.1000000
  
 2      1.00000  0.28800E+44  0.26143E+44  0.26567E+43       9.2247048      7.1956346      0.0500000
 2      2.00000  0.28830E+44  0.28678E+44  0.15213E+42       0.5276635      7.1956346      0.0500000
 2      3.00000  0.30630E+44  0.30300E+44  0.33024E+42       1.0781494      7.1956346      0.0500000
 2      5.00000  0.30500E+44  0.29706E+44  0.79435E+42       2.6044322      7.1956346      0.0500000
 2     10.00000  0.21210E+44  0.21690E+44 -0.47960E+42      -2.2611973      7.1956346      0.0500000
 2     30.00000  0.59690E+43  0.44312E+43  0.15378E+43      25.7622861      7.1956346      0.0500000
  
 3      1.00000  0.28800E+44  0.28903E+44 -0.10321E+42      -0.3583781      3.0518884      0.0250000
 3      2.00000  0.28830E+44  0.29417E+44 -0.58718E+42      -2.0366850      3.0518884      0.0250000
 3      3.00000  0.30630E+44  0.30690E+44 -0.59542E+41      -0.1943913      3.0518884      0.0250000
 3      5.00000  0.30500E+44  0.29984E+44  0.51633E+42       1.6928887      3.0518884      0.0250000
 3     10.00000  0.21210E+44  0.21832E+44 -0.62217E+42      -2.9334038      3.0518884      0.0250000
 3     30.00000  0.59690E+43  0.44477E+43  0.15213E+43      25.4867152      3.0518884      0.0250000
  
 4      1.00000  0.28800E+44  0.28591E+44  0.20923E+42       0.7265100      2.9964358      0.0125000
 4      2.00000  0.28830E+44  0.29312E+44 -0.48173E+42      -1.6709221      2.9964358      0.0125000
 4      3.00000  0.30630E+44  0.30646E+44 -0.16391E+41      -0.0535135      2.9964358      0.0125000
 4      5.00000  0.30500E+44  0.29972E+44  0.52850E+42       1.7327791      2.9964358      0.0125000
 4     10.00000  0.21210E+44  0.21832E+44 -0.62190E+42      -2.9321136      2.9964358      0.0125000
 4     30.00000  0.59690E+43  0.44492E+43  0.15198E+43      25.4612557      2.9964358      0.0125000
  
 5      1.00000  0.28800E+44  0.28591E+44  0.20923E+42       0.7265100      2.9964358      0.1250000
 5      2.00000  0.28830E+44  0.29312E+44 -0.48173E+42      -1.6709221      2.9964358      0.1250000
 5      3.00000  0.30630E+44  0.30646E+44 -0.16391E+41      -0.0535135      2.9964358      0.1250000
 5      5.00000  0.30500E+44  0.29972E+44  0.52850E+42       1.7327791      2.9964358      0.1250000
 5     10.00000  0.21210E+44  0.21832E+44 -0.62190E+42      -2.9321136      2.9964358      0.1250000
 5     30.00000  0.59690E+43  0.44492E+43  0.15198E+43      25.4612557      2.9964358      0.1250000
  
 6      1.00000  0.28800E+44  0.28591E+44  0.20923E+42       0.7265100      2.9964358      1.2500000
 6      2.00000  0.28830E+44  0.29312E+44 -0.48173E+42      -1.6709221      2.9964358      1.2500000
 6      3.00000  0.30630E+44  0.30646E+44 -0.16391E+41      -0.0535135      2.9964358      1.2500000
 6      5.00000  0.30500E+44  0.29972E+44  0.52850E+42       1.7327791      2.9964358      1.2500000
 6     10.00000  0.21210E+44  0.21832E+44 -0.62190E+42      -2.9321136      2.9964358      1.2500000
 6     30.00000  0.59690E+43  0.44492E+43  0.15198E+43      25.4612557      2.9964358      1.2500000
  
 7      1.00000  0.28800E+44  0.28591E+44  0.20923E+42       0.7265100      2.9964358     12.5000000
 7      2.00000  0.28830E+44  0.29312E+44 -0.48173E+42      -1.6709221      2.9964358     12.5000000
 7      3.00000  0.30630E+44  0.30646E+44 -0.16391E+41      -0.0535135      2.9964358     12.5000000
 7      5.00000  0.30500E+44  0.29972E+44  0.52850E+42       1.7327791      2.9964358     12.5000000
 7     10.00000  0.21210E+44  0.21832E+44 -0.62190E+42      -2.9321136      2.9964358     12.5000000
 7     30.00000  0.59690E+43  0.44492E+43  0.15198E+43      25.4612557      2.9964358     12.5000000
  
 8      1.00000  0.28800E+44  0.28591E+44  0.20923E+42       0.7265100      2.9964358    125.0000000
 8      2.00000  0.28830E+44  0.29312E+44 -0.48173E+42      -1.6709221      2.9964358    125.0000000
 8      3.00000  0.30630E+44  0.30646E+44 -0.16391E+41      -0.0535135      2.9964358    125.0000000
 8      5.00000  0.30500E+44  0.29972E+44  0.52850E+42       1.7327791      2.9964358    125.0000000
 8     10.00000  0.21210E+44  0.21832E+44 -0.62190E+42      -2.9321136      2.9964358    125.0000000
 8     30.00000  0.59690E+43  0.44492E+43  0.15198E+43      25.4612557      2.9964358    125.0000000
  
 9      1.00000  0.28800E+44  0.28591E+44  0.20923E+42       0.7265100      2.9964358   1250.0000000
 9      2.00000  0.28830E+44  0.29312E+44 -0.48173E+42      -1.6709221      2.9964358   1250.0000000
 9      3.00000  0.30630E+44  0.30646E+44 -0.16391E+41      -0.0535135      2.9964358   1250.0000000
 9      5.00000  0.30500E+44  0.29972E+44  0.52850E+42       1.7327791      2.9964358   1250.0000000
 9     10.00000  0.21210E+44  0.21832E+44 -0.62190E+42      -2.9321136      2.9964358   1250.0000000
 9     30.00000  0.59690E+43  0.44492E+43  0.15198E+43      25.4612557      2.9964358   1250.0000000
  
10      1.00000  0.28800E+44  0.28589E+44  0.21121E+42       0.7333744      2.9964190    625.0000000
10      2.00000  0.28830E+44  0.29310E+44 -0.48027E+42      -1.6658566      2.9964190    625.0000000
10      3.00000  0.30630E+44  0.30645E+44 -0.15485E+41      -0.0505538      2.9964190    625.0000000
10      5.00000  0.30500E+44  0.29971E+44  0.52882E+42       1.7338380      2.9964190    625.0000000
10     10.00000  0.21210E+44  0.21832E+44 -0.62179E+42      -2.9315941      2.9964190    625.0000000
10     30.00000  0.59690E+43  0.44491E+43  0.15199E+43      25.4627279      2.9964190    625.0000000
  
11      1.00000  0.28800E+44  0.28589E+44  0.21121E+42       0.7333744      2.9964190   6250.0000000
11      2.00000  0.28830E+44  0.29310E+44 -0.48027E+42      -1.6658566      2.9964190   6250.0000000
11      3.00000  0.30630E+44  0.30645E+44 -0.15485E+41      -0.0505538      2.9964190   6250.0000000
11      5.00000  0.30500E+44  0.29971E+44  0.52882E+42       1.7338380      2.9964190   6250.0000000
11     10.00000  0.21210E+44  0.21832E+44 -0.62179E+42      -2.9315941      2.9964190   6250.0000000
11     30.00000  0.59690E+43  0.44491E+43  0.15199E+43      25.4627279      2.9964190   6250.0000000
  
12      1.00000  0.28800E+44  0.28589E+44  0.21124E+42       0.7334833      2.9964181   3125.0000000
12      2.00000  0.28830E+44  0.29310E+44 -0.48024E+42      -1.6657740      2.9964181   3125.0000000
12      3.00000  0.30630E+44  0.30645E+44 -0.15498E+41      -0.0505973      2.9964181   3125.0000000
12      5.00000  0.30500E+44  0.29971E+44  0.52878E+42       1.7336900      2.9964181   3125.0000000
12     10.00000  0.21210E+44  0.21832E+44 -0.62181E+42      -2.9317032      2.9964181   3125.0000000
12     30.00000  0.59690E+43  0.44491E+43  0.15199E+43      25.4628169      2.9964181   3125.0000000
  
13      1.00000  0.28800E+44  0.28589E+44  0.21123E+42       0.7334531      2.9964180   1562.5000000
13      2.00000  0.28830E+44  0.29310E+44 -0.48020E+42      -1.6656210      2.9964180   1562.5000000
13      3.00000  0.30630E+44  0.30645E+44 -0.15483E+41      -0.0505500      2.9964180   1562.5000000
13      5.00000  0.30500E+44  0.29971E+44  0.52875E+42       1.7335907      2.9964180   1562.5000000
13     10.00000  0.21210E+44  0.21832E+44 -0.62183E+42      -2.9317683      2.9964180   1562.5000000
13     30.00000  0.59690E+43  0.44491E+43  0.15199E+43      25.4630322      2.9964180   1562.5000000
  
14      1.00000  0.28800E+44  0.28589E+44  0.21123E+42       0.7334531      2.9964180  15625.0000000
14      2.00000  0.28830E+44  0.29310E+44 -0.48020E+42      -1.6656210      2.9964180  15625.0000000
14      3.00000  0.30630E+44  0.30645E+44 -0.15483E+41      -0.0505500      2.9964180  15625.0000000
14      5.00000  0.30500E+44  0.29971E+44  0.52875E+42       1.7335907      2.9964180  15625.0000000
14     10.00000  0.21210E+44  0.21832E+44 -0.62183E+42      -2.9317683      2.9964180  15625.0000000
14     30.00000  0.59690E+43  0.44491E+43  0.15199E+43      25.4630322      2.9964180  15625.0000000
  
15      1.00000  0.28800E+44  0.28589E+44  0.21121E+42       0.7333726      2.9964162   7812.5000000
15      2.00000  0.28830E+44  0.29310E+44 -0.48021E+42      -1.6656502      2.9964162   7812.5000000
15      3.00000  0.30630E+44  0.30645E+44 -0.15492E+41      -0.0505777      2.9964162   7812.5000000
15      5.00000  0.30500E+44  0.29971E+44  0.52873E+42       1.7335500      2.9964162   7812.5000000
15     10.00000  0.21210E+44  0.21832E+44 -0.62184E+42      -2.9318066      2.9964162   7812.5000000
15     30.00000  0.59690E+43  0.44491E+43  0.15199E+43      25.4630298      2.9964162   7812.5000000
  
