 1      1.00000  0.41860E+44  0.30726E+44  0.11134E+44      26.5990034    270.9437769      0.1000000
 1      2.00000  0.45320E+44  0.32169E+44  0.13151E+44      29.0189930    270.9437769      0.1000000
 1      3.00000  0.46600E+44  0.33088E+44  0.13512E+44      28.9952289    270.9437769      0.1000000
 1      5.00000  0.45490E+44  0.31988E+44  0.13502E+44      29.6815512    270.9437769      0.1000000
 1     10.00000  0.36160E+44  0.23546E+44  0.12614E+44      34.8834374    270.9437769      0.1000000
 1     30.00000  0.93520E+43  0.70879E+43  0.22641E+43      24.2102247    270.9437769      0.1000000
  
 2      1.00000  0.41860E+44  0.44534E+44 -0.26744E+43      -6.3888076     34.4378133      0.0500000
 2      2.00000  0.45320E+44  0.47031E+44 -0.17108E+43      -3.7749259     34.4378133      0.0500000
 2      3.00000  0.46600E+44  0.47082E+44 -0.48241E+42      -1.0352200     34.4378133      0.0500000
 2      5.00000  0.45490E+44  0.42173E+44  0.33172E+43       7.2921858     34.4378133      0.0500000
 2     10.00000  0.36160E+44  0.27901E+44  0.82593E+43      22.8411191     34.4378133      0.0500000
 2     30.00000  0.93520E+43  0.76237E+43  0.17283E+43      18.4808493     34.4378133      0.0500000
  
 3      1.00000  0.41860E+44  0.44534E+44 -0.26744E+43      -6.3888076     34.4378133      0.5000000
 3      2.00000  0.45320E+44  0.47031E+44 -0.17108E+43      -3.7749259     34.4378133      0.5000000
 3      3.00000  0.46600E+44  0.47082E+44 -0.48241E+42      -1.0352200     34.4378133      0.5000000
 3      5.00000  0.45490E+44  0.42173E+44  0.33172E+43       7.2921858     34.4378133      0.5000000
 3     10.00000  0.36160E+44  0.27901E+44  0.82593E+43      22.8411191     34.4378133      0.5000000
 3     30.00000  0.93520E+43  0.76237E+43  0.17283E+43      18.4808493     34.4378133      0.5000000
  
 4      1.00000  0.41860E+44  0.44534E+44 -0.26744E+43      -6.3888076     34.4378133      5.0000000
 4      2.00000  0.45320E+44  0.47031E+44 -0.17108E+43      -3.7749259     34.4378133      5.0000000
 4      3.00000  0.46600E+44  0.47082E+44 -0.48241E+42      -1.0352200     34.4378133      5.0000000
 4      5.00000  0.45490E+44  0.42173E+44  0.33172E+43       7.2921858     34.4378133      5.0000000
 4     10.00000  0.36160E+44  0.27901E+44  0.82593E+43      22.8411191     34.4378133      5.0000000
 4     30.00000  0.93520E+43  0.76237E+43  0.17283E+43      18.4808493     34.4378133      5.0000000
  
 5      1.00000  0.41860E+44  0.44534E+44 -0.26744E+43      -6.3888076     34.4378133     50.0000000
 5      2.00000  0.45320E+44  0.47031E+44 -0.17108E+43      -3.7749259     34.4378133     50.0000000
 5      3.00000  0.46600E+44  0.47082E+44 -0.48241E+42      -1.0352200     34.4378133     50.0000000
 5      5.00000  0.45490E+44  0.42173E+44  0.33172E+43       7.2921858     34.4378133     50.0000000
 5     10.00000  0.36160E+44  0.27901E+44  0.82593E+43      22.8411191     34.4378133     50.0000000
 5     30.00000  0.93520E+43  0.76237E+43  0.17283E+43      18.4808493     34.4378133     50.0000000
  
 6      1.00000  0.41860E+44  0.44534E+44 -0.26744E+43      -6.3888076     34.4378133    500.0000000
 6      2.00000  0.45320E+44  0.47031E+44 -0.17108E+43      -3.7749259     34.4378133    500.0000000
 6      3.00000  0.46600E+44  0.47082E+44 -0.48241E+42      -1.0352200     34.4378133    500.0000000
 6      5.00000  0.45490E+44  0.42173E+44  0.33172E+43       7.2921858     34.4378133    500.0000000
 6     10.00000  0.36160E+44  0.27901E+44  0.82593E+43      22.8411191     34.4378133    500.0000000
 6     30.00000  0.93520E+43  0.76237E+43  0.17283E+43      18.4808493     34.4378133    500.0000000
  
 7      1.00000  0.41860E+44  0.40844E+44  0.10161E+43       2.4274475     28.4411869    250.0000000
 7      2.00000  0.45320E+44  0.45233E+44  0.87225E+41       0.1924640     28.4411869    250.0000000
 7      3.00000  0.46600E+44  0.46909E+44 -0.30864E+42      -0.6623214     28.4411869    250.0000000
 7      5.00000  0.45490E+44  0.42802E+44  0.26881E+43       5.9091555     28.4411869    250.0000000
 7     10.00000  0.36160E+44  0.28252E+44  0.79085E+43      21.8707394     28.4411869    250.0000000
 7     30.00000  0.93520E+43  0.76737E+43  0.16783E+43      17.9456933     28.4411869    250.0000000
  
 8      1.00000  0.41860E+44  0.40590E+44  0.12703E+43       3.0346945     25.7879269    125.0000000
 8      2.00000  0.45320E+44  0.46279E+44 -0.95912E+42      -2.1163251     25.7879269    125.0000000
 8      3.00000  0.46600E+44  0.48084E+44 -0.14836E+43      -3.1836082     25.7879269    125.0000000
 8      5.00000  0.45490E+44  0.43656E+44  0.18337E+43       4.0309285     25.7879269    125.0000000
 8     10.00000  0.36160E+44  0.28642E+44  0.75181E+43      20.7911655     25.7879269    125.0000000
 8     30.00000  0.93520E+43  0.77116E+43  0.16404E+43      17.5405846     25.7879269    125.0000000
  
 9      1.00000  0.41860E+44  0.40629E+44  0.12313E+43       2.9415865     25.6088719     62.5000000
 9      2.00000  0.45320E+44  0.46314E+44 -0.99360E+42      -2.1924139     25.6088719     62.5000000
 9      3.00000  0.46600E+44  0.48240E+44 -0.16396E+43      -3.5185457     25.6088719     62.5000000
 9      5.00000  0.45490E+44  0.43819E+44  0.16714E+43       3.6743131     25.6088719     62.5000000
 9     10.00000  0.36160E+44  0.28667E+44  0.74930E+43      20.7217107     25.6088719     62.5000000
 9     30.00000  0.93520E+43  0.77144E+43  0.16376E+43      17.5104676     25.6088719     62.5000000
  
10      1.00000  0.41860E+44  0.40745E+44  0.11150E+43       2.6637130     25.5670027     31.2500000
10      2.00000  0.45320E+44  0.46855E+44 -0.15355E+43      -3.3880333     25.5670027     31.2500000
10      3.00000  0.46600E+44  0.48574E+44 -0.19740E+43      -4.2359487     25.5670027     31.2500000
10      5.00000  0.45490E+44  0.43947E+44  0.15432E+43       3.3924208     25.5670027     31.2500000
10     10.00000  0.36160E+44  0.28762E+44  0.73978E+43      20.4585301     25.5670027     31.2500000
10     30.00000  0.93520E+43  0.77249E+43  0.16271E+43      17.3981270     25.5670027     31.2500000
  
11      1.00000  0.41860E+44  0.40745E+44  0.11150E+43       2.6637130     25.5670027    312.5000000
11      2.00000  0.45320E+44  0.46855E+44 -0.15355E+43      -3.3880333     25.5670027    312.5000000
11      3.00000  0.46600E+44  0.48574E+44 -0.19740E+43      -4.2359487     25.5670027    312.5000000
11      5.00000  0.45490E+44  0.43947E+44  0.15432E+43       3.3924208     25.5670027    312.5000000
11     10.00000  0.36160E+44  0.28762E+44  0.73978E+43      20.4585301     25.5670027    312.5000000
11     30.00000  0.93520E+43  0.77249E+43  0.16271E+43      17.3981270     25.5670027    312.5000000
  
12      1.00000  0.41860E+44  0.40745E+44  0.11150E+43       2.6637130     25.5670027   3125.0000000
12      2.00000  0.45320E+44  0.46855E+44 -0.15355E+43      -3.3880333     25.5670027   3125.0000000
12      3.00000  0.46600E+44  0.48574E+44 -0.19740E+43      -4.2359487     25.5670027   3125.0000000
12      5.00000  0.45490E+44  0.43947E+44  0.15432E+43       3.3924208     25.5670027   3125.0000000
12     10.00000  0.36160E+44  0.28762E+44  0.73978E+43      20.4585301     25.5670027   3125.0000000
12     30.00000  0.93520E+43  0.77249E+43  0.16271E+43      17.3981270     25.5670027   3125.0000000
  
13      1.00000  0.41860E+44  0.40705E+44  0.11554E+43       2.7601251     25.2757420   1562.5000000
13      2.00000  0.45320E+44  0.47013E+44 -0.16933E+43      -3.7363609     25.2757420   1562.5000000
13      3.00000  0.46600E+44  0.48903E+44 -0.23026E+43      -4.9411997     25.2757420   1562.5000000
13      5.00000  0.45490E+44  0.44256E+44  0.12344E+43       2.7135933     25.2757420   1562.5000000
13     10.00000  0.36160E+44  0.28869E+44  0.72914E+43      20.1641780     25.2757420   1562.5000000
13     30.00000  0.93520E+43  0.77367E+43  0.16153E+43      17.2721823     25.2757420   1562.5000000
  
14      1.00000  0.41860E+44  0.40784E+44  0.10758E+43       2.5700366     25.2410326    781.2500000
14      2.00000  0.45320E+44  0.46987E+44 -0.16671E+43      -3.6784390     25.2410326    781.2500000
14      3.00000  0.46600E+44  0.48881E+44 -0.22805E+43      -4.8938611     25.2410326    781.2500000
14      5.00000  0.45490E+44  0.44246E+44  0.12440E+43       2.7346378     25.2410326    781.2500000
14     10.00000  0.36160E+44  0.28859E+44  0.73012E+43      20.1913466     25.2410326    781.2500000
14     30.00000  0.93520E+43  0.77342E+43  0.16178E+43      17.2988375     25.2410326    781.2500000
  
15      1.00000  0.41860E+44  0.40784E+44  0.10758E+43       2.5700366     25.2410326   7812.5000000
15      2.00000  0.45320E+44  0.46987E+44 -0.16671E+43      -3.6784390     25.2410326   7812.5000000
15      3.00000  0.46600E+44  0.48881E+44 -0.22805E+43      -4.8938611     25.2410326   7812.5000000
15      5.00000  0.45490E+44  0.44246E+44  0.12440E+43       2.7346378     25.2410326   7812.5000000
15     10.00000  0.36160E+44  0.28859E+44  0.73012E+43      20.1913466     25.2410326   7812.5000000
15     30.00000  0.93520E+43  0.77342E+43  0.16178E+43      17.2988375     25.2410326   7812.5000000
  
