 1      1.00000  0.52110E+44  0.41633E+44  0.10477E+44      20.1058394     28.4253195      0.1000000
 1      2.00000  0.54290E+44  0.46303E+44  0.79866E+43      14.7110485     28.4253195      0.1000000
 1      3.00000  0.53170E+44  0.50282E+44  0.28878E+43       5.4311884     28.4253195      0.1000000
 1      5.00000  0.50030E+44  0.49388E+44  0.64215E+42       1.2835240     28.4253195      0.1000000
 1     10.00000  0.36090E+44  0.33552E+44  0.25377E+43       7.0315160     28.4253195      0.1000000
 1     30.00000  0.95740E+43  0.87589E+43  0.81507E+42       8.5134117     28.4253195      0.1000000
  
 2      1.00000  0.52110E+44  0.41633E+44  0.10477E+44      20.1058394     28.4253195      1.0000000
 2      2.00000  0.54290E+44  0.46303E+44  0.79866E+43      14.7110485     28.4253195      1.0000000
 2      3.00000  0.53170E+44  0.50282E+44  0.28878E+43       5.4311884     28.4253195      1.0000000
 2      5.00000  0.50030E+44  0.49388E+44  0.64215E+42       1.2835240     28.4253195      1.0000000
 2     10.00000  0.36090E+44  0.33552E+44  0.25377E+43       7.0315160     28.4253195      1.0000000
 2     30.00000  0.95740E+43  0.87589E+43  0.81507E+42       8.5134117     28.4253195      1.0000000
  
 3      1.00000  0.52110E+44  0.59270E+44 -0.71598E+43     -13.7397256      8.9577570      0.5000000
 3      2.00000  0.54290E+44  0.55565E+44 -0.12750E+43      -2.3484753      8.9577570      0.5000000
 3      3.00000  0.53170E+44  0.54696E+44 -0.15264E+43      -2.8707383      8.9577570      0.5000000
 3      5.00000  0.50030E+44  0.50688E+44 -0.65775E+42      -1.3147081      8.9577570      0.5000000
 3     10.00000  0.36090E+44  0.34053E+44  0.20372E+43       5.6448063      8.9577570      0.5000000
 3     30.00000  0.95740E+43  0.89154E+43  0.65862E+42       6.8793055      8.9577570      0.5000000
  
 4      1.00000  0.52110E+44  0.52938E+44 -0.82831E+42      -1.5895383      1.2951691      0.2500000
 4      2.00000  0.54290E+44  0.53435E+44  0.85482E+42       1.5745404      1.2951691      0.2500000
 4      3.00000  0.53170E+44  0.54010E+44 -0.83981E+42      -1.5794858      1.2951691      0.2500000
 4      5.00000  0.50030E+44  0.50677E+44 -0.64701E+42      -1.2932540      1.2951691      0.2500000
 4     10.00000  0.36090E+44  0.34082E+44  0.20077E+43       5.5631000      1.2951691      0.2500000
 4     30.00000  0.95740E+43  0.89134E+43  0.66063E+42       6.9002348      1.2951691      0.2500000
  
 5      1.00000  0.52110E+44  0.52354E+44 -0.24384E+42      -0.4679240      1.2374669      0.1250000
 5      2.00000  0.54290E+44  0.53284E+44  0.10063E+43       1.8535940      1.2374669      0.1250000
 5      3.00000  0.53170E+44  0.53982E+44 -0.81234E+42      -1.5278182      1.2374669      0.1250000
 5      5.00000  0.50030E+44  0.50694E+44 -0.66384E+42      -1.3268837      1.2374669      0.1250000
 5     10.00000  0.36090E+44  0.34097E+44  0.19933E+43       5.5230462      1.2374669      0.1250000
 5     30.00000  0.95740E+43  0.89175E+43  0.65654E+42       6.8575507      1.2374669      0.1250000
  
