 1      1.00000  0.33920E+44  0.24193E+44  0.97274E+43      28.6775609     85.0181922      0.1000000
 1      2.00000  0.33010E+44  0.26697E+44  0.63133E+43      19.1253348     85.0181922      0.1000000
 1      3.00000  0.33630E+44  0.28954E+44  0.46765E+43      13.9056584     85.0181922      0.1000000
 1      5.00000  0.32800E+44  0.30208E+44  0.25922E+43       7.9029724     85.0181922      0.1000000
 1     10.00000  0.25050E+44  0.24517E+44  0.53281E+42       2.1269841     85.0181922      0.1000000
 1     30.00000  0.84170E+43  0.85372E+43 -0.12019E+42      -1.4278903     85.0181922      0.1000000
  
 2      1.00000  0.33920E+44  0.24605E+44  0.93155E+43      27.4631085     73.9820183      0.0500000
 2      2.00000  0.33010E+44  0.27192E+44  0.58177E+43      17.6240014     73.9820183      0.0500000
 2      3.00000  0.33630E+44  0.29484E+44  0.41457E+43      12.3272960     73.9820183      0.0500000
 2      5.00000  0.32800E+44  0.30658E+44  0.21425E+43       6.5319062     73.9820183      0.0500000
 2     10.00000  0.25050E+44  0.24737E+44  0.31298E+42       1.2494141     73.9820183      0.0500000
 2     30.00000  0.84170E+43  0.85742E+43 -0.15719E+42      -1.8675080     73.9820183      0.0500000
  
 3      1.00000  0.33920E+44  0.38252E+44 -0.43319E+43     -12.7709531     10.8636087      0.0250000
 3      2.00000  0.33010E+44  0.34523E+44 -0.15129E+43      -4.5830818     10.8636087      0.0250000
 3      3.00000  0.33630E+44  0.33913E+44 -0.28283E+42      -0.8410197     10.8636087      0.0250000
 3      5.00000  0.32800E+44  0.32686E+44  0.11443E+42       0.3488645     10.8636087      0.0250000
 3     10.00000  0.25050E+44  0.25322E+44 -0.27174E+42      -1.0847935     10.8636087      0.0250000
 3     30.00000  0.84170E+43  0.86291E+43 -0.21212E+42      -2.5201220     10.8636087      0.0250000
  
 4      1.00000  0.33920E+44  0.34214E+44 -0.29358E+42      -0.8655112      0.2403692      0.0125000
 4      2.00000  0.33010E+44  0.33226E+44 -0.21634E+42      -0.6553920      0.2403692      0.0125000
 4      3.00000  0.33630E+44  0.33448E+44  0.18167E+42       0.5401996      0.2403692      0.0125000
 4      5.00000  0.32800E+44  0.32656E+44  0.14427E+42       0.4398512      0.2403692      0.0125000
 4     10.00000  0.25050E+44  0.25387E+44 -0.33668E+42      -1.3440324      0.2403692      0.0125000
 4     30.00000  0.84170E+43  0.86495E+43 -0.23248E+42      -2.7620397      0.2403692      0.0125000
  
 5      1.00000  0.33920E+44  0.33889E+44  0.31220E+41       0.0920411      0.1859671      0.0062500
 5      2.00000  0.33010E+44  0.33153E+44 -0.14295E+42      -0.4330533      0.1859671      0.0062500
 5      3.00000  0.33630E+44  0.33434E+44  0.19613E+42       0.5831968      0.1859671      0.0062500
 5      5.00000  0.32800E+44  0.32660E+44  0.14016E+42       0.4273061      0.1859671      0.0062500
 5     10.00000  0.25050E+44  0.25392E+44 -0.34163E+42      -1.3637783      0.1859671      0.0062500
 5     30.00000  0.84170E+43  0.86508E+43 -0.23381E+42      -2.7777802      0.1859671      0.0062500
  
