 1      1.00000  0.40080E+44  0.23342E+44  0.16738E+44      41.7626027    236.4809334      0.1000000
 1      2.00000  0.38610E+44  0.25547E+44  0.13063E+44      33.8335279    236.4809334      0.1000000
 1      3.00000  0.38530E+44  0.27383E+44  0.11147E+44      28.9311746    236.4809334      0.1000000
 1      5.00000  0.35170E+44  0.27924E+44  0.72462E+43      20.6034349    236.4809334      0.1000000
 1     10.00000  0.24880E+44  0.21590E+44  0.32900E+43      13.2234635    236.4809334      0.1000000
 1     30.00000  0.67150E+43  0.63054E+43  0.40965E+42       6.1004597    236.4809334      0.1000000
  
 2      1.00000  0.40080E+44  0.27108E+44  0.12972E+44      32.3663170    111.3350118      0.0500000
 2      2.00000  0.38610E+44  0.29918E+44  0.86923E+43      22.5131351    111.3350118      0.0500000
 2      3.00000  0.38530E+44  0.31870E+44  0.66602E+43      17.2856741    111.3350118      0.0500000
 2      5.00000  0.35170E+44  0.31554E+44  0.36158E+43      10.2810142    111.3350118      0.0500000
 2     10.00000  0.24880E+44  0.23325E+44  0.15551E+43       6.2504973    111.3350118      0.0500000
 2     30.00000  0.67150E+43  0.66031E+43  0.11186E+42       1.6657739    111.3350118      0.0500000
  
 3      1.00000  0.40080E+44  0.47055E+44 -0.69748E+43     -17.4022225     19.5009725      0.0250000
 3      2.00000  0.38610E+44  0.40900E+44 -0.22897E+43      -5.9302979     19.5009725      0.0250000
 3      3.00000  0.38530E+44  0.39071E+44 -0.54115E+42      -1.4044958     19.5009725      0.0250000
 3      5.00000  0.35170E+44  0.35407E+44 -0.23734E+42      -0.6748285     19.5009725      0.0250000
 3     10.00000  0.24880E+44  0.24708E+44  0.17237E+42       0.6928117     19.5009725      0.0250000
 3     30.00000  0.67150E+43  0.67936E+43 -0.78619E+41      -1.1707906     19.5009725      0.0250000
  
 4      1.00000  0.40080E+44  0.40655E+44 -0.57523E+42      -1.4352090      0.2069537      0.0125000
 4      2.00000  0.38610E+44  0.38849E+44 -0.23878E+42      -0.6184512      0.2069537      0.0125000
 4      3.00000  0.38530E+44  0.38309E+44  0.22099E+42       0.5735542      0.2069537      0.0125000
 4      5.00000  0.35170E+44  0.35328E+44 -0.15807E+42      -0.4494439      0.2069537      0.0125000
 4     10.00000  0.24880E+44  0.24788E+44  0.92276E+41       0.3708834      0.2069537      0.0125000
 4     30.00000  0.67150E+43  0.68217E+43 -0.10673E+42      -1.5894180      0.2069537      0.0125000
  
 5      1.00000  0.40080E+44  0.40048E+44  0.31559E+41       0.0787394      0.0735017      0.0062500
 5      2.00000  0.38610E+44  0.38736E+44 -0.12603E+42      -0.3264165      0.0735017      0.0062500
 5      3.00000  0.38530E+44  0.38302E+44  0.22807E+42       0.5919235      0.0735017      0.0062500
 5      5.00000  0.35170E+44  0.35351E+44 -0.18139E+42      -0.5157660      0.0735017      0.0062500
 5     10.00000  0.24880E+44  0.24805E+44  0.74877E+41       0.3009525      0.0735017      0.0062500
 5     30.00000  0.67150E+43  0.68255E+43 -0.11050E+42      -1.6456024      0.0735017      0.0062500
  
