 1      1.00000  0.33390E+44  0.23380E+44  0.10010E+44      29.9793184    106.8257599      0.1000000
 1      2.00000  0.32770E+44  0.25676E+44  0.70941E+43      21.6480764    106.8257599      0.1000000
 1      3.00000  0.32150E+44  0.27690E+44  0.44604E+43      13.8735697    106.8257599      0.1000000
 1      5.00000  0.31900E+44  0.28677E+44  0.32227E+43      10.1025634    106.8257599      0.1000000
 1     10.00000  0.23410E+44  0.22991E+44  0.41909E+42       1.7902270    106.8257599      0.1000000
 1     30.00000  0.73720E+43  0.71537E+43  0.21828E+42       2.9609209    106.8257599      0.1000000
  
 2      1.00000  0.33390E+44  0.23787E+44  0.96027E+43      28.7591380     93.6647441      0.0500000
 2      2.00000  0.32770E+44  0.26159E+44  0.66109E+43      20.1736356     93.6647441      0.0500000
 2      3.00000  0.32150E+44  0.28204E+44  0.39461E+43      12.2739802     93.6647441      0.0500000
 2      5.00000  0.31900E+44  0.29115E+44  0.27848E+43       8.7298472     93.6647441      0.0500000
 2     10.00000  0.23410E+44  0.23210E+44  0.20013E+42       0.8548941     93.6647441      0.0500000
 2     30.00000  0.73720E+43  0.71922E+43  0.17977E+42       2.4385963     93.6647441      0.0500000
  
 3      1.00000  0.33390E+44  0.38453E+44 -0.50628E+43     -15.1627653     16.8021252      0.0250000
 3      2.00000  0.32770E+44  0.34186E+44 -0.14163E+43      -4.3220928     16.8021252      0.0250000
 3      3.00000  0.32150E+44  0.33116E+44 -0.96580E+42      -3.0040438     16.8021252      0.0250000
 3      5.00000  0.31900E+44  0.31409E+44  0.49089E+42       1.5388264     16.8021252      0.0250000
 3     10.00000  0.23410E+44  0.23899E+44 -0.48853E+42      -2.0868441     16.8021252      0.0250000
 3     30.00000  0.73720E+43  0.72828E+43  0.89245E+41       1.2105997     16.8021252      0.0250000
  
 4      1.00000  0.33390E+44  0.33834E+44 -0.44365E+42      -1.3286930      0.6941704      0.0125000
 4      2.00000  0.32770E+44  0.32670E+44  0.10010E+42       0.3054682      0.6941704      0.0125000
 4      3.00000  0.32150E+44  0.32539E+44 -0.38914E+42      -1.2103850      0.6941704      0.0125000
 4      5.00000  0.31900E+44  0.31336E+44  0.56359E+42       1.7667295      0.6941704      0.0125000
 4     10.00000  0.23410E+44  0.23954E+44 -0.54369E+42      -2.3224535      0.6941704      0.0125000
 4     30.00000  0.73720E+43  0.73012E+43  0.70808E+41       0.9604963      0.6941704      0.0125000
  
 5      1.00000  0.33390E+44  0.33418E+44 -0.28247E+41      -0.0845976      0.5895773      0.0062500
 5      2.00000  0.32770E+44  0.32576E+44  0.19430E+42       0.5929113      0.5895773      0.0062500
 5      3.00000  0.32150E+44  0.32521E+44 -0.37100E+42      -1.1539633      0.5895773      0.0062500
 5      5.00000  0.31900E+44  0.31342E+44  0.55783E+42       1.7486969      0.5895773      0.0062500
 5     10.00000  0.23410E+44  0.23960E+44 -0.55011E+42      -2.3498997      0.5895773      0.0062500
 5     30.00000  0.73720E+43  0.73032E+43  0.68772E+41       0.9328797      0.5895773      0.0062500
  
