 1      1.00000  0.33240E+44  0.27435E+44  0.58054E+43      17.4650119     34.2928465      0.1000000
 1      2.00000  0.36310E+44  0.30858E+44  0.54523E+43      15.0159365     34.2928465      0.1000000
 1      3.00000  0.36450E+44  0.34147E+44  0.23031E+43       6.3185573     34.2928465      0.1000000
 1      5.00000  0.36090E+44  0.36238E+44 -0.14830E+42      -0.4109289     34.2928465      0.1000000
 1     10.00000  0.28670E+44  0.29886E+44 -0.12162E+43      -4.2420924     34.2928465      0.1000000
 1     30.00000  0.12440E+44  0.13262E+44 -0.82241E+42      -6.6110490     34.2928465      0.1000000
  
 2      1.00000  0.33240E+44  0.27435E+44  0.58054E+43      17.4650119     34.2928465      1.0000000
 2      2.00000  0.36310E+44  0.30858E+44  0.54523E+43      15.0159365     34.2928465      1.0000000
 2      3.00000  0.36450E+44  0.34147E+44  0.23031E+43       6.3185573     34.2928465      1.0000000
 2      5.00000  0.36090E+44  0.36238E+44 -0.14830E+42      -0.4109289     34.2928465      1.0000000
 2     10.00000  0.28670E+44  0.29886E+44 -0.12162E+43      -4.2420924     34.2928465      1.0000000
 2     30.00000  0.12440E+44  0.13262E+44 -0.82241E+42      -6.6110490     34.2928465      1.0000000
  
 3      1.00000  0.33240E+44  0.39513E+44 -0.62735E+43     -18.8733396     22.6519980      0.5000000
 3      2.00000  0.36310E+44  0.39048E+44 -0.27378E+43      -7.5400016     22.6519980      0.5000000
 3      3.00000  0.36450E+44  0.38124E+44 -0.16744E+43      -4.5937996     22.6519980      0.5000000
 3      5.00000  0.36090E+44  0.36610E+44 -0.51975E+42      -1.4401495     22.6519980      0.5000000
 3     10.00000  0.28670E+44  0.29414E+44 -0.74392E+42      -2.5947817     22.6519980      0.5000000
 3     30.00000  0.12440E+44  0.13033E+44 -0.59328E+42      -4.7691577     22.6519980      0.5000000
  
 4      1.00000  0.33240E+44  0.34149E+44 -0.90900E+42      -2.7346590      0.9357638      0.2500000
 4      2.00000  0.36310E+44  0.36224E+44  0.86276E+41       0.2376090      0.9357638      0.2500000
 4      3.00000  0.36450E+44  0.36531E+44 -0.81071E+41      -0.2224159      0.9357638      0.2500000
 4      5.00000  0.36090E+44  0.35925E+44  0.16501E+42       0.4572122      0.9357638      0.2500000
 4     10.00000  0.28670E+44  0.29242E+44 -0.57209E+42      -1.9954226      0.9357638      0.2500000
 4     30.00000  0.12440E+44  0.13041E+44 -0.60118E+42      -4.8326627      0.9357638      0.2500000
  
 5      1.00000  0.33240E+44  0.33463E+44 -0.22267E+42      -0.6698782      0.6786027      0.1250000
 5      2.00000  0.36310E+44  0.36032E+44  0.27841E+42       0.7667660      0.6786027      0.1250000
 5      3.00000  0.36450E+44  0.36473E+44 -0.22516E+41      -0.0617709      0.6786027      0.1250000
 5      5.00000  0.36090E+44  0.35925E+44  0.16486E+42       0.4567897      0.6786027      0.1250000
 5     10.00000  0.28670E+44  0.29252E+44 -0.58221E+42      -2.0307305      0.6786027      0.1250000
 5     30.00000  0.12440E+44  0.13046E+44 -0.60566E+42      -4.8686881      0.6786027      0.1250000
  
