 1      1.00000  0.29820E+44  0.24582E+44  0.52378E+43      17.5646397     27.0756242      0.1000000
 1      2.00000  0.31930E+44  0.27339E+44  0.45911E+43      14.3785504     27.0756242      0.1000000
 1      3.00000  0.32190E+44  0.29839E+44  0.23512E+43       7.3040360     27.0756242      0.1000000
 1      5.00000  0.30920E+44  0.31299E+44 -0.37919E+42      -1.2263734     27.0756242      0.1000000
 1     10.00000  0.25200E+44  0.25465E+44 -0.26468E+42      -1.0502977     27.0756242      0.1000000
 1     30.00000  0.94220E+43  0.93492E+43  0.72784E+41       0.7724884     27.0756242      0.1000000
  
 2      1.00000  0.29820E+44  0.24582E+44  0.52378E+43      17.5646397     27.0756242      1.0000000
 2      2.00000  0.31930E+44  0.27339E+44  0.45911E+43      14.3785504     27.0756242      1.0000000
 2      3.00000  0.32190E+44  0.29839E+44  0.23512E+43       7.3040360     27.0756242      1.0000000
 2      5.00000  0.30920E+44  0.31299E+44 -0.37919E+42      -1.2263734     27.0756242      1.0000000
 2     10.00000  0.25200E+44  0.25465E+44 -0.26468E+42      -1.0502977     27.0756242      1.0000000
 2     30.00000  0.94220E+43  0.93492E+43  0.72784E+41       0.7724884     27.0756242      1.0000000
  
 3      1.00000  0.29820E+44  0.33194E+44 -0.33741E+43     -11.3147393      7.6264317      0.5000000
 3      2.00000  0.31930E+44  0.33510E+44 -0.15802E+43      -4.9488733      7.6264317      0.5000000
 3      3.00000  0.32190E+44  0.33102E+44 -0.91214E+42      -2.8336135      7.6264317      0.5000000
 3      5.00000  0.30920E+44  0.31802E+44 -0.88161E+42      -2.8512775      7.6264317      0.5000000
 3     10.00000  0.25200E+44  0.25106E+44  0.93569E+41       0.3713048      7.6264317      0.5000000
 3     30.00000  0.94220E+43  0.92211E+43  0.20094E+42       2.1326412      7.6264317      0.5000000
  
 4      1.00000  0.29820E+44  0.30156E+44 -0.33588E+42      -1.1263428      0.3289151      0.2500000
 4      2.00000  0.31930E+44  0.31766E+44  0.16363E+42       0.5124768      0.3289151      0.2500000
 4      3.00000  0.32190E+44  0.32075E+44  0.11470E+42       0.3563232      0.3289151      0.2500000
 4      5.00000  0.30920E+44  0.31367E+44 -0.44734E+42      -1.4467620      0.3289151      0.2500000
 4     10.00000  0.25200E+44  0.25001E+44  0.19862E+42       0.7881747      0.3289151      0.2500000
 4     30.00000  0.94220E+43  0.92182E+43  0.20383E+42       2.1633821      0.3289151      0.2500000
  
 5      1.00000  0.29820E+44  0.29958E+44 -0.13755E+42      -0.4612570      0.3043908      0.1250000
 5      2.00000  0.31930E+44  0.31698E+44  0.23246E+42       0.7280308      0.3043908      0.1250000
 5      3.00000  0.32190E+44  0.32053E+44  0.13718E+42       0.4261508      0.3043908      0.1250000
 5      5.00000  0.30920E+44  0.31370E+44 -0.45023E+42      -1.4561042      0.3043908      0.1250000
 5     10.00000  0.25200E+44  0.25008E+44  0.19212E+42       0.7623950      0.3043908      0.1250000
 5     30.00000  0.94220E+43  0.92199E+43  0.20213E+42       2.1453505      0.3043908      0.1250000
  
