 1      1.00000  0.35270E+44  0.26371E+44  0.88990E+43      25.2310754     50.3299116      0.1000000
 1      2.00000  0.34290E+44  0.29586E+44  0.47039E+43      13.7179437     50.3299116      0.1000000
 1      3.00000  0.34170E+44  0.32617E+44  0.15526E+43       4.5437155     50.3299116      0.1000000
 1      5.00000  0.33650E+44  0.34543E+44 -0.89264E+42      -2.6527262     50.3299116      0.1000000
 1     10.00000  0.26910E+44  0.28462E+44 -0.15521E+43      -5.7675631     50.3299116      0.1000000
 1     30.00000  0.89830E+43  0.11961E+44 -0.29778E+43     -33.1498368     50.3299116      0.1000000
  
 2      1.00000  0.35270E+44  0.26371E+44  0.88990E+43      25.2310754     50.3299116      1.0000000
 2      2.00000  0.34290E+44  0.29586E+44  0.47039E+43      13.7179437     50.3299116      1.0000000
 2      3.00000  0.34170E+44  0.32617E+44  0.15526E+43       4.5437155     50.3299116      1.0000000
 2      5.00000  0.33650E+44  0.34543E+44 -0.89264E+42      -2.6527262     50.3299116      1.0000000
 2     10.00000  0.26910E+44  0.28462E+44 -0.15521E+43      -5.7675631     50.3299116      1.0000000
 2     30.00000  0.89830E+43  0.11961E+44 -0.29778E+43     -33.1498368     50.3299116      1.0000000
  
 3      1.00000  0.35270E+44  0.41373E+44 -0.61032E+43     -17.3041705     23.0788777      0.5000000
 3      2.00000  0.34290E+44  0.36841E+44 -0.25514E+43      -7.4405163     23.0788777      0.5000000
 3      3.00000  0.34170E+44  0.35296E+44 -0.11259E+43      -3.2949818     23.0788777      0.5000000
 3      5.00000  0.33650E+44  0.33902E+44 -0.25174E+42      -0.7481238     23.0788777      0.5000000
 3     10.00000  0.26910E+44  0.27473E+44 -0.56347E+42      -2.0939172     23.0788777      0.5000000
 3     30.00000  0.89830E+43  0.11683E+44 -0.27001E+43     -30.0575835     23.0788777      0.5000000
  
 4      1.00000  0.35270E+44  0.35827E+44 -0.55655E+42      -1.5779794      4.0017639      0.2500000
 4      2.00000  0.34290E+44  0.34525E+44 -0.23541E+42      -0.6865344      4.0017639      0.2500000
 4      3.00000  0.34170E+44  0.34027E+44  0.14285E+42       0.4180486      4.0017639      0.2500000
 4      5.00000  0.33650E+44  0.33295E+44  0.35486E+42       1.0545661      4.0017639      0.2500000
 4     10.00000  0.26910E+44  0.27281E+44 -0.37116E+42      -1.3792622      4.0017639      0.2500000
 4     30.00000  0.89830E+43  0.11672E+44 -0.26889E+43     -29.9329960      4.0017639      0.2500000
  
 5      1.00000  0.35270E+44  0.35294E+44 -0.23950E+41      -0.0679036      3.8622532      0.1250000
 5      2.00000  0.34290E+44  0.34414E+44 -0.12383E+42      -0.3611276      3.8622532      0.1250000
 5      3.00000  0.34170E+44  0.34007E+44  0.16307E+42       0.4772182      3.8622532      0.1250000
 5      5.00000  0.33650E+44  0.33296E+44  0.35435E+42       1.0530408      3.8622532      0.1250000
 5     10.00000  0.26910E+44  0.27282E+44 -0.37215E+42      -1.3829598      3.8622532      0.1250000
 5     30.00000  0.89830E+43  0.11672E+44 -0.26887E+43     -29.9305802      3.8622532      0.1250000
  
 6      1.00000  0.35270E+44  0.35286E+44 -0.15950E+41      -0.0452232      3.8616764      0.0625000
 6      2.00000  0.34290E+44  0.34411E+44 -0.12067E+42      -0.3519186      3.8616764      0.0625000
 6      3.00000  0.34170E+44  0.34005E+44  0.16470E+42       0.4820146      3.8616764      0.0625000
 6      5.00000  0.33650E+44  0.33294E+44  0.35623E+42       1.0586314      3.8616764      0.0625000
 6     10.00000  0.26910E+44  0.27281E+44 -0.37093E+42      -1.3783985      3.8616764      0.0625000
 6     30.00000  0.89830E+43  0.11671E+44 -0.26884E+43     -29.9272173      3.8616764      0.0625000
  
 7      1.00000  0.35270E+44  0.35286E+44 -0.16075E+41      -0.0455756      3.8616534      0.0312500
 7      2.00000  0.34290E+44  0.34411E+44 -0.12089E+42      -0.3525625      3.8616534      0.0312500
 7      3.00000  0.34170E+44  0.34005E+44  0.16462E+42       0.4817577      3.8616534      0.0312500
 7      5.00000  0.33650E+44  0.33294E+44  0.35638E+42       1.0590922      3.8616534      0.0312500
 7     10.00000  0.26910E+44  0.27281E+44 -0.37082E+42      -1.3780042      3.8616534      0.0312500
 7     30.00000  0.89830E+43  0.11671E+44 -0.26883E+43     -29.9269112      3.8616534      0.0312500
  
 8      1.00000  0.35270E+44  0.35286E+44 -0.16070E+41      -0.0455638      3.8615827      0.0156250
 8      2.00000  0.34290E+44  0.34411E+44 -0.12100E+42      -0.3528698      3.8615827      0.0156250
 8      3.00000  0.34170E+44  0.34005E+44  0.16461E+42       0.4817317      3.8615827      0.0156250
 8      5.00000  0.33650E+44  0.33293E+44  0.35660E+42       1.0597457      3.8615827      0.0156250
 8     10.00000  0.26910E+44  0.27281E+44 -0.37064E+42      -1.3773197      3.8615827      0.0156250
 8     30.00000  0.89830E+43  0.11671E+44 -0.26883E+43     -29.9263847      3.8615827      0.0156250
  
 9      1.00000  0.35270E+44  0.35286E+44 -0.16070E+41      -0.0455638      3.8615827      0.1562500
 9      2.00000  0.34290E+44  0.34411E+44 -0.12100E+42      -0.3528698      3.8615827      0.1562500
 9      3.00000  0.34170E+44  0.34005E+44  0.16461E+42       0.4817317      3.8615827      0.1562500
 9      5.00000  0.33650E+44  0.33293E+44  0.35660E+42       1.0597457      3.8615827      0.1562500
 9     10.00000  0.26910E+44  0.27281E+44 -0.37064E+42      -1.3773197      3.8615827      0.1562500
 9     30.00000  0.89830E+43  0.11671E+44 -0.26883E+43     -29.9263847      3.8615827      0.1562500
  
10      1.00000  0.35270E+44  0.35286E+44 -0.16070E+41      -0.0455638      3.8615827      1.5625000
10      2.00000  0.34290E+44  0.34411E+44 -0.12100E+42      -0.3528698      3.8615827      1.5625000
10      3.00000  0.34170E+44  0.34005E+44  0.16461E+42       0.4817317      3.8615827      1.5625000
10      5.00000  0.33650E+44  0.33293E+44  0.35660E+42       1.0597457      3.8615827      1.5625000
10     10.00000  0.26910E+44  0.27281E+44 -0.37064E+42      -1.3773197      3.8615827      1.5625000
10     30.00000  0.89830E+43  0.11671E+44 -0.26883E+43     -29.9263847      3.8615827      1.5625000
  
11      1.00000  0.35270E+44  0.35286E+44 -0.16070E+41      -0.0455638      3.8615827     15.6250000
11      2.00000  0.34290E+44  0.34411E+44 -0.12100E+42      -0.3528698      3.8615827     15.6250000
11      3.00000  0.34170E+44  0.34005E+44  0.16461E+42       0.4817317      3.8615827     15.6250000
11      5.00000  0.33650E+44  0.33293E+44  0.35660E+42       1.0597457      3.8615827     15.6250000
11     10.00000  0.26910E+44  0.27281E+44 -0.37064E+42      -1.3773197      3.8615827     15.6250000
11     30.00000  0.89830E+43  0.11671E+44 -0.26883E+43     -29.9263847      3.8615827     15.6250000
  
12      1.00000  0.35270E+44  0.35286E+44 -0.16070E+41      -0.0455638      3.8615827    156.2500000
12      2.00000  0.34290E+44  0.34411E+44 -0.12100E+42      -0.3528698      3.8615827    156.2500000
12      3.00000  0.34170E+44  0.34005E+44  0.16461E+42       0.4817317      3.8615827    156.2500000
12      5.00000  0.33650E+44  0.33293E+44  0.35660E+42       1.0597457      3.8615827    156.2500000
12     10.00000  0.26910E+44  0.27281E+44 -0.37064E+42      -1.3773197      3.8615827    156.2500000
12     30.00000  0.89830E+43  0.11671E+44 -0.26883E+43     -29.9263847      3.8615827    156.2500000
  
13      1.00000  0.35270E+44  0.35286E+44 -0.16070E+41      -0.0455638      3.8615827   1562.5000000
13      2.00000  0.34290E+44  0.34411E+44 -0.12100E+42      -0.3528698      3.8615827   1562.5000000
13      3.00000  0.34170E+44  0.34005E+44  0.16461E+42       0.4817317      3.8615827   1562.5000000
13      5.00000  0.33650E+44  0.33293E+44  0.35660E+42       1.0597457      3.8615827   1562.5000000
13     10.00000  0.26910E+44  0.27281E+44 -0.37064E+42      -1.3773197      3.8615827   1562.5000000
13     30.00000  0.89830E+43  0.11671E+44 -0.26883E+43     -29.9263847      3.8615827   1562.5000000
  
14      1.00000  0.35270E+44  0.35286E+44 -0.16070E+41      -0.0455638      3.8615827  15625.0000000
14      2.00000  0.34290E+44  0.34411E+44 -0.12100E+42      -0.3528698      3.8615827  15625.0000000
14      3.00000  0.34170E+44  0.34005E+44  0.16461E+42       0.4817317      3.8615827  15625.0000000
14      5.00000  0.33650E+44  0.33293E+44  0.35660E+42       1.0597457      3.8615827  15625.0000000
14     10.00000  0.26910E+44  0.27281E+44 -0.37064E+42      -1.3773197      3.8615827  15625.0000000
14     30.00000  0.89830E+43  0.11671E+44 -0.26883E+43     -29.9263847      3.8615827  15625.0000000
  
15      1.00000  0.35270E+44  0.35286E+44 -0.16073E+41      -0.0455711      3.8615814   7812.5000000
15      2.00000  0.34290E+44  0.34411E+44 -0.12100E+42      -0.3528655      3.8615814   7812.5000000
15      3.00000  0.34170E+44  0.34005E+44  0.16461E+42       0.4817289      3.8615814   7812.5000000
15      5.00000  0.33650E+44  0.33293E+44  0.35660E+42       1.0597272      3.8615814   7812.5000000
15     10.00000  0.26910E+44  0.27281E+44 -0.37064E+42      -1.3773407      3.8615814   7812.5000000
15     30.00000  0.89830E+43  0.11671E+44 -0.26883E+43     -29.9263834      3.8615814   7812.5000000
  
