 1      1.00000  0.31320E+44  0.28061E+44  0.32593E+43      10.4063821     32.4437214      0.1000000
 1      2.00000  0.38450E+44  0.31833E+44  0.66173E+43      17.2101752     32.4437214      0.1000000
 1      3.00000  0.40010E+44  0.35560E+44  0.44501E+43      11.1223837     32.4437214      0.1000000
 1      5.00000  0.38520E+44  0.37762E+44  0.75783E+42       1.9673646     32.4437214      0.1000000
 1     10.00000  0.30070E+44  0.30484E+44 -0.41432E+42      -1.3778466     32.4437214      0.1000000
 1     30.00000  0.11970E+44  0.13530E+44 -0.15596E+43     -13.0294897     32.4437214      0.1000000
  
 2      1.00000  0.31320E+44  0.28061E+44  0.32593E+43      10.4063821     32.4437214      1.0000000
 2      2.00000  0.38450E+44  0.31833E+44  0.66173E+43      17.2101752     32.4437214      1.0000000
 2      3.00000  0.40010E+44  0.35560E+44  0.44501E+43      11.1223837     32.4437214      1.0000000
 2      5.00000  0.38520E+44  0.37762E+44  0.75783E+42       1.9673646     32.4437214      1.0000000
 2     10.00000  0.30070E+44  0.30484E+44 -0.41432E+42      -1.3778466     32.4437214      1.0000000
 2     30.00000  0.11970E+44  0.13530E+44 -0.15596E+43     -13.0294897     32.4437214      1.0000000
  
 3      1.00000  0.31320E+44  0.33634E+44 -0.23143E+43      -7.3892847      9.1509966      0.5000000
 3      2.00000  0.38450E+44  0.36876E+44  0.15742E+43       4.0942099      9.1509966      0.5000000
 3      3.00000  0.40010E+44  0.37317E+44  0.26930E+43       6.7308976      9.1509966      0.5000000
 3      5.00000  0.38520E+44  0.36814E+44  0.17060E+43       4.4287445      9.1509966      0.5000000
 3     10.00000  0.30070E+44  0.29751E+44  0.31942E+42       1.0622598      9.1509966      0.5000000
 3     30.00000  0.11970E+44  0.13366E+44 -0.13962E+43     -11.6641520      9.1509966      0.5000000
  
 4      1.00000  0.31320E+44  0.33634E+44 -0.23143E+43      -7.3892847      9.1509966      5.0000000
 4      2.00000  0.38450E+44  0.36876E+44  0.15742E+43       4.0942099      9.1509966      5.0000000
 4      3.00000  0.40010E+44  0.37317E+44  0.26930E+43       6.7308976      9.1509966      5.0000000
 4      5.00000  0.38520E+44  0.36814E+44  0.17060E+43       4.4287445      9.1509966      5.0000000
 4     10.00000  0.30070E+44  0.29751E+44  0.31942E+42       1.0622598      9.1509966      5.0000000
 4     30.00000  0.11970E+44  0.13366E+44 -0.13962E+43     -11.6641520      9.1509966      5.0000000
  
 5      1.00000  0.31320E+44  0.33634E+44 -0.23143E+43      -7.3892847      9.1509966     50.0000000
 5      2.00000  0.38450E+44  0.36876E+44  0.15742E+43       4.0942099      9.1509966     50.0000000
 5      3.00000  0.40010E+44  0.37317E+44  0.26930E+43       6.7308976      9.1509966     50.0000000
 5      5.00000  0.38520E+44  0.36814E+44  0.17060E+43       4.4287445      9.1509966     50.0000000
 5     10.00000  0.30070E+44  0.29751E+44  0.31942E+42       1.0622598      9.1509966     50.0000000
 5     30.00000  0.11970E+44  0.13366E+44 -0.13962E+43     -11.6641520      9.1509966     50.0000000
  
 6      1.00000  0.31320E+44  0.33634E+44 -0.23143E+43      -7.3892847      9.1509966    500.0000000
 6      2.00000  0.38450E+44  0.36876E+44  0.15742E+43       4.0942099      9.1509966    500.0000000
 6      3.00000  0.40010E+44  0.37317E+44  0.26930E+43       6.7308976      9.1509966    500.0000000
 6      5.00000  0.38520E+44  0.36814E+44  0.17060E+43       4.4287445      9.1509966    500.0000000
 6     10.00000  0.30070E+44  0.29751E+44  0.31942E+42       1.0622598      9.1509966    500.0000000
 6     30.00000  0.11970E+44  0.13366E+44 -0.13962E+43     -11.6641520      9.1509966    500.0000000
  
 7      1.00000  0.31320E+44  0.30336E+44  0.98397E+42       3.1416819      7.1238461    250.0000000
 7      2.00000  0.38450E+44  0.35856E+44  0.25942E+43       6.7469475      7.1238461    250.0000000
 7      3.00000  0.40010E+44  0.37693E+44  0.23174E+43       5.7921329      7.1238461    250.0000000
 7      5.00000  0.38520E+44  0.37885E+44  0.63461E+42       1.6474911      7.1238461    250.0000000
 7     10.00000  0.30070E+44  0.30357E+44 -0.28726E+42      -0.9552919      7.1238461    250.0000000
 7     30.00000  0.11970E+44  0.13471E+44 -0.15007E+43     -12.5369272      7.1238461    250.0000000
  
 8      1.00000  0.31320E+44  0.30336E+44  0.98397E+42       3.1416819      7.1238461   2500.0000000
 8      2.00000  0.38450E+44  0.35856E+44  0.25942E+43       6.7469475      7.1238461   2500.0000000
 8      3.00000  0.40010E+44  0.37693E+44  0.23174E+43       5.7921329      7.1238461   2500.0000000
 8      5.00000  0.38520E+44  0.37885E+44  0.63461E+42       1.6474911      7.1238461   2500.0000000
 8     10.00000  0.30070E+44  0.30357E+44 -0.28726E+42      -0.9552919      7.1238461   2500.0000000
 8     30.00000  0.11970E+44  0.13471E+44 -0.15007E+43     -12.5369272      7.1238461   2500.0000000
  
 9      1.00000  0.31320E+44  0.31169E+44  0.15095E+42       0.4819735      3.7063874   1250.0000000
 9      2.00000  0.38450E+44  0.36734E+44  0.17159E+43       4.4625497      3.7063874   1250.0000000
 9      3.00000  0.40010E+44  0.38515E+44  0.14954E+43       3.7375355      3.7063874   1250.0000000
 9      5.00000  0.38520E+44  0.38499E+44  0.21049E+41       0.0546432      3.7063874   1250.0000000
 9     10.00000  0.30070E+44  0.30604E+44 -0.53383E+42      -1.7752852      3.7063874   1250.0000000
 9     30.00000  0.11970E+44  0.13492E+44 -0.15219E+43     -12.7143908      3.7063874   1250.0000000
  
