 1      1.00000  0.36780E+44  0.27866E+44  0.89144E+43      24.2370345     46.0301637      0.1000000
 1      2.00000  0.34880E+44  0.31483E+44  0.33970E+43       9.7390197     46.0301637      0.1000000
 1      3.00000  0.35650E+44  0.34972E+44  0.67806E+42       1.9019860     46.0301637      0.1000000
 1      5.00000  0.33820E+44  0.37143E+44 -0.33234E+43      -9.8265819     46.0301637      0.1000000
 1     10.00000  0.29570E+44  0.30496E+44 -0.92630E+42      -3.1325629     46.0301637      0.1000000
 1     30.00000  0.13630E+44  0.13789E+44 -0.15915E+42      -1.1676698     46.0301637      0.1000000
  
 2      1.00000  0.36780E+44  0.27866E+44  0.89144E+43      24.2370345     46.0301637      1.0000000
 2      2.00000  0.34880E+44  0.31483E+44  0.33970E+43       9.7390197     46.0301637      1.0000000
 2      3.00000  0.35650E+44  0.34972E+44  0.67806E+42       1.9019860     46.0301637      1.0000000
 2      5.00000  0.33820E+44  0.37143E+44 -0.33234E+43      -9.8265819     46.0301637      1.0000000
 2     10.00000  0.29570E+44  0.30496E+44 -0.92630E+42      -3.1325629     46.0301637      1.0000000
 2     30.00000  0.13630E+44  0.13789E+44 -0.15915E+42      -1.1676698     46.0301637      1.0000000
  
 3      1.00000  0.36780E+44  0.42599E+44 -0.58186E+43     -15.8198854     19.5086219      0.5000000
 3      2.00000  0.34880E+44  0.37545E+44 -0.26646E+43      -7.6392469     19.5086219      0.5000000
 3      3.00000  0.35650E+44  0.36243E+44 -0.59328E+42      -1.6641789     19.5086219      0.5000000
 3      5.00000  0.33820E+44  0.35397E+44 -0.15766E+43      -4.6617570     19.5086219      0.5000000
 3     10.00000  0.29570E+44  0.29174E+44  0.39620E+42       1.3398825     19.5086219      0.5000000
 3     30.00000  0.13630E+44  0.13468E+44  0.16225E+42       1.1903542     19.5086219      0.5000000
  
 4      1.00000  0.36780E+44  0.37205E+44 -0.42548E+42      -1.1568235      1.0960076      0.2500000
 4      2.00000  0.34880E+44  0.35172E+44 -0.29230E+42      -0.8380083      1.0960076      0.2500000
 4      3.00000  0.35650E+44  0.34873E+44  0.77684E+42       2.1790852      1.0960076      0.2500000
 4      5.00000  0.33820E+44  0.34749E+44 -0.92946E+42      -2.7482536      1.0960076      0.2500000
 4     10.00000  0.29570E+44  0.28984E+44  0.58639E+42       1.9830687      1.0960076      0.2500000
 4     30.00000  0.13630E+44  0.13474E+44  0.15607E+42       1.1450395      1.0960076      0.2500000
  
 5      1.00000  0.36780E+44  0.36787E+44 -0.68101E+40      -0.0185157      1.0115982      0.1250000
 5      2.00000  0.34880E+44  0.35084E+44 -0.20388E+42      -0.5845095      1.0115982      0.1250000
 5      3.00000  0.35650E+44  0.34863E+44  0.78739E+42       2.2086564      1.0115982      0.1250000
 5      5.00000  0.33820E+44  0.34763E+44 -0.94267E+42      -2.7873125      1.0115982      0.1250000
 5     10.00000  0.29570E+44  0.28993E+44  0.57677E+42       1.9505184      1.0115982      0.1250000
 5     30.00000  0.13630E+44  0.13476E+44  0.15431E+42       1.1321025      1.0115982      0.1250000
  
 6      1.00000  0.36780E+44  0.36783E+44 -0.28102E+40      -0.0076405      1.0115669      0.0625000
 6      2.00000  0.34880E+44  0.35082E+44 -0.20210E+42      -0.5794009      1.0115669      0.0625000
 6      3.00000  0.35650E+44  0.34862E+44  0.78818E+42       2.2108725      1.0115669      0.0625000
 6      5.00000  0.33820E+44  0.34762E+44 -0.94230E+42      -2.7862222      1.0115669      0.0625000
 6     10.00000  0.29570E+44  0.28993E+44  0.57689E+42       1.9509390      1.0115669      0.0625000
 6     30.00000  0.13630E+44  0.13476E+44  0.15433E+42       1.1322478      1.0115669      0.0625000
  
 7      1.00000  0.36780E+44  0.36783E+44 -0.28880E+40      -0.0078521      1.0115618      0.0312500
 7      2.00000  0.34880E+44  0.35082E+44 -0.20211E+42      -0.5794565      1.0115618      0.0312500
 7      3.00000  0.35650E+44  0.34862E+44  0.78816E+42       2.2108328      1.0115618      0.0312500
 7      5.00000  0.33820E+44  0.34762E+44 -0.94229E+42      -2.7861978      1.0115618      0.0312500
 7     10.00000  0.29570E+44  0.28993E+44  0.57690E+42       1.9509661      1.0115618      0.0312500
 7     30.00000  0.13630E+44  0.13476E+44  0.15433E+42       1.1322762      1.0115618      0.0312500
  
