 1      1.00000  0.34030E+44  0.23928E+44  0.10102E+44      29.6870251    104.7456514      0.1000000
 1      2.00000  0.33640E+44  0.26361E+44  0.72792E+43      21.6386416    104.7456514      0.1000000
 1      3.00000  0.33540E+44  0.28540E+44  0.50003E+43      14.9083404    104.7456514      0.1000000
 1      5.00000  0.32250E+44  0.29716E+44  0.25335E+43       7.8559664    104.7456514      0.1000000
 1     10.00000  0.25370E+44  0.24043E+44  0.13270E+43       5.2305621    104.7456514      0.1000000
 1     30.00000  0.82380E+43  0.81149E+43  0.12308E+42       1.4940361    104.7456514      0.1000000
  
 2      1.00000  0.34030E+44  0.24143E+44  0.98865E+43      29.0523201     97.8938846      0.0500000
 2      2.00000  0.33640E+44  0.26620E+44  0.70203E+43      20.8688280     97.8938846      0.0500000
 2      3.00000  0.33540E+44  0.28817E+44  0.47228E+43      14.0811383     97.8938846      0.0500000
 2      5.00000  0.32250E+44  0.29953E+44  0.22973E+43       7.1233750     97.8938846      0.0500000
 2     10.00000  0.25370E+44  0.24160E+44  0.12103E+43       4.7705375     97.8938846      0.0500000
 2     30.00000  0.82380E+43  0.81350E+43  0.10300E+42       1.2502882     97.8938846      0.0500000
  
 3      1.00000  0.34030E+44  0.39476E+44 -0.54458E+43     -16.0030657     18.1089490      0.0250000
 3      2.00000  0.33640E+44  0.35282E+44 -0.16424E+43      -4.8823281     18.1089490      0.0250000
 3      3.00000  0.33540E+44  0.34260E+44 -0.71988E+42      -2.1463279     18.1089490      0.0250000
 3      5.00000  0.32250E+44  0.32588E+44 -0.33815E+42      -1.0485174     18.1089490      0.0250000
 3     10.00000  0.25370E+44  0.24992E+44  0.37843E+42       1.4916384     18.1089490      0.0250000
 3     30.00000  0.82380E+43  0.82373E+43  0.73422E+39       0.0089126     18.1089490      0.0250000
  
 4      1.00000  0.34030E+44  0.34526E+44 -0.49590E+42      -1.4572439      0.2733968      0.0125000
 4      2.00000  0.33640E+44  0.33603E+44  0.37338E+41       0.1109925      0.2733968      0.0125000
 4      3.00000  0.33540E+44  0.33606E+44 -0.65677E+41      -0.1958158      0.2733968      0.0125000
 4      5.00000  0.32250E+44  0.32503E+44 -0.25317E+42      -0.7850279      0.2733968      0.0125000
 4     10.00000  0.25370E+44  0.25053E+44  0.31737E+42       1.2509608      0.2733968      0.0125000
 4     30.00000  0.82380E+43  0.82584E+43 -0.20448E+41      -0.2482102      0.2733968      0.0125000
  
 5      1.00000  0.34030E+44  0.34065E+44 -0.34680E+41      -0.1019107      0.1494153      0.0062500
 5      2.00000  0.33640E+44  0.33500E+44  0.14050E+42       0.4176493      0.1494153      0.0062500
 5      3.00000  0.33540E+44  0.33587E+44 -0.47051E+41      -0.1402827      0.1494153      0.0062500
 5      5.00000  0.32250E+44  0.32511E+44 -0.26067E+42      -0.8082763      0.1494153      0.0062500
 5     10.00000  0.25370E+44  0.25060E+44  0.30985E+42       1.2213417      0.1494153      0.0062500
 5     30.00000  0.82380E+43  0.82604E+43 -0.22430E+41      -0.2722707      0.1494153      0.0062500
  
