 1      1.00000  0.37130E+44  0.25396E+44  0.11734E+44      31.6032633    121.6179845      0.1000000
 1      2.00000  0.37840E+44  0.28479E+44  0.93608E+43      24.7378701    121.6179845      0.1000000
 1      3.00000  0.37910E+44  0.31308E+44  0.66017E+43      17.4142693    121.6179845      0.1000000
 1      5.00000  0.36360E+44  0.33045E+44  0.33147E+43       9.1163922    121.6179845      0.1000000
 1     10.00000  0.29210E+44  0.27058E+44  0.21523E+43       7.3682038    121.6179845      0.1000000
 1     30.00000  0.10860E+44  0.10688E+44  0.17155E+42       1.5796583    121.6179845      0.1000000
  
 2      1.00000  0.37130E+44  0.26278E+44  0.10852E+44      29.2282145     96.5610038      0.0500000
 2      2.00000  0.37840E+44  0.29516E+44  0.83244E+43      21.9989535     96.5610038      0.0500000
 2      3.00000  0.37910E+44  0.32401E+44  0.55094E+43      14.5329391     96.5610038      0.0500000
 2      5.00000  0.36360E+44  0.33935E+44  0.24251E+43       6.6695825     96.5610038      0.0500000
 2     10.00000  0.29210E+44  0.27463E+44  0.17469E+43       5.9804312     96.5610038      0.0500000
 2     30.00000  0.10860E+44  0.10744E+44  0.11626E+42       1.0705558     96.5610038      0.0500000
  
 3      1.00000  0.37130E+44  0.43867E+44 -0.67369E+43     -18.1442100     22.0119811      0.0250000
 3      2.00000  0.37840E+44  0.39729E+44 -0.18886E+43      -4.9911332     22.0119811      0.0250000
 3      3.00000  0.37910E+44  0.38837E+44 -0.92717E+42      -2.4457097     22.0119811      0.0250000
 3      5.00000  0.36360E+44  0.37016E+44 -0.65605E+42      -1.8043161     22.0119811      0.0250000
 3     10.00000  0.29210E+44  0.28398E+44  0.81223E+42       2.7806410     22.0119811      0.0250000
 3     30.00000  0.10860E+44  0.10791E+44  0.69255E+41       0.6377098     22.0119811      0.0250000
  
 4      1.00000  0.37130E+44  0.37824E+44 -0.69448E+42      -1.8704030      0.6785375      0.0125000
 4      2.00000  0.37840E+44  0.37651E+44  0.18927E+42       0.5001768      0.6785375      0.0125000
 4      3.00000  0.37910E+44  0.38016E+44 -0.10579E+42      -0.2790595      0.6785375      0.0125000
 4      5.00000  0.36360E+44  0.36890E+44 -0.52992E+42      -1.4574287      0.6785375      0.0125000
 4     10.00000  0.29210E+44  0.28453E+44  0.75698E+42       2.5914928      0.6785375      0.0125000
 4     30.00000  0.10860E+44  0.10818E+44  0.42213E+41       0.3887035      0.6785375      0.0125000
  
 5      1.00000  0.37130E+44  0.37212E+44 -0.81726E+41      -0.2201074      0.4999685      0.0062500
 5      2.00000  0.37840E+44  0.37508E+44  0.33151E+42       0.8760751      0.4999685      0.0062500
 5      3.00000  0.37910E+44  0.37992E+44 -0.81579E+41      -0.2151921      0.4999685      0.0062500
 5      5.00000  0.36360E+44  0.36906E+44 -0.54578E+42      -1.5010481      0.4999685      0.0062500
 5     10.00000  0.29210E+44  0.28467E+44  0.74272E+42       2.5427001      0.4999685      0.0062500
 5     30.00000  0.10860E+44  0.10821E+44  0.38993E+41       0.3590506      0.4999685      0.0062500
  
