 1      1.00000  0.30050E+44  0.26087E+44  0.39631E+43      13.1883789     19.7445492      0.1000000
 1      2.00000  0.29950E+44  0.29278E+44  0.67231E+42       2.2447719     19.7445492      0.1000000
 1      3.00000  0.29650E+44  0.32251E+44 -0.26014E+43      -8.7737520     19.7445492      0.1000000
 1      5.00000  0.30280E+44  0.34105E+44 -0.38248E+43     -12.6313704     19.7445492      0.1000000
 1     10.00000  0.26260E+44  0.28006E+44 -0.17456E+43      -6.6472768     19.7445492      0.1000000
 1     30.00000  0.10900E+44  0.11507E+44 -0.60724E+42      -5.5710330     19.7445492      0.1000000
  
 2      1.00000  0.30050E+44  0.26087E+44  0.39631E+43      13.1883789     19.7445492      1.0000000
 2      2.00000  0.29950E+44  0.29278E+44  0.67231E+42       2.2447719     19.7445492      1.0000000
 2      3.00000  0.29650E+44  0.32251E+44 -0.26014E+43      -8.7737520     19.7445492      1.0000000
 2      5.00000  0.30280E+44  0.34105E+44 -0.38248E+43     -12.6313704     19.7445492      1.0000000
 2     10.00000  0.26260E+44  0.28006E+44 -0.17456E+43      -6.6472768     19.7445492      1.0000000
 2     30.00000  0.10900E+44  0.11507E+44 -0.60724E+42      -5.5710330     19.7445492      1.0000000
  
 3      1.00000  0.30050E+44  0.31914E+44 -0.18641E+43      -6.2033801      3.4821419      0.5000000
 3      2.00000  0.29950E+44  0.31034E+44 -0.10840E+43      -3.6194115      3.4821419      0.5000000
 3      3.00000  0.29650E+44  0.31077E+44 -0.14269E+43      -4.8123893      3.4821419      0.5000000
 3      5.00000  0.30280E+44  0.31159E+44 -0.87910E+42      -2.9032436      3.4821419      0.5000000
 3     10.00000  0.26260E+44  0.26119E+44  0.14093E+42       0.5366711      3.4821419      0.5000000
 3     30.00000  0.10900E+44  0.11148E+44 -0.24841E+42      -2.2790213      3.4821419      0.5000000
  
 4      1.00000  0.30050E+44  0.30209E+44 -0.15893E+42      -0.5288884      0.2879696      0.2500000
 4      2.00000  0.29950E+44  0.29650E+44  0.29988E+42       1.0012814      0.2879696      0.2500000
 4      3.00000  0.29650E+44  0.29984E+44 -0.33387E+42      -1.1260530      0.2879696      0.2500000
 4      5.00000  0.30280E+44  0.30481E+44 -0.20110E+42      -0.6641438      0.2879696      0.2500000
 4     10.00000  0.26260E+44  0.25855E+44  0.40539E+42       1.5437594      0.2879696      0.2500000
 4     30.00000  0.10900E+44  0.11124E+44 -0.22358E+42      -2.0512087      0.2879696      0.2500000
  
 5      1.00000  0.30050E+44  0.30125E+44 -0.74813E+41      -0.2489622      0.2844687      0.1250000
 5      2.00000  0.29950E+44  0.29591E+44  0.35893E+42       1.1984211      0.2844687      0.1250000
 5      3.00000  0.29650E+44  0.29951E+44 -0.30119E+42      -1.0158060      0.2844687      0.1250000
 5      5.00000  0.30280E+44  0.30475E+44 -0.19481E+42      -0.6433655      0.2844687      0.1250000
 5     10.00000  0.26260E+44  0.25858E+44  0.40180E+42       1.5300858      0.2844687      0.1250000
 5     30.00000  0.10900E+44  0.11125E+44 -0.22536E+42      -2.0675637      0.2844687      0.1250000
  
