 1      1.00000  0.30370E+44  0.28869E+44  0.15013E+43       4.9433669     29.7340250      0.1000000
 1      2.00000  0.31690E+44  0.32806E+44 -0.11165E+43      -3.5230858     29.7340250      0.1000000
 1      3.00000  0.31620E+44  0.36661E+44 -0.50414E+43     -15.9437605     29.7340250      0.1000000
 1      5.00000  0.32180E+44  0.38538E+44 -0.63580E+43     -19.7574933     29.7340250      0.1000000
 1     10.00000  0.28270E+44  0.30009E+44 -0.17388E+43      -6.1508609     29.7340250      0.1000000
 1     30.00000  0.12930E+44  0.12218E+44  0.71160E+42       5.5035060     29.7340250      0.1000000
  
 2      1.00000  0.30370E+44  0.28869E+44  0.15013E+43       4.9433669     29.7340250      1.0000000
 2      2.00000  0.31690E+44  0.32806E+44 -0.11165E+43      -3.5230858     29.7340250      1.0000000
 2      3.00000  0.31620E+44  0.36661E+44 -0.50414E+43     -15.9437605     29.7340250      1.0000000
 2      5.00000  0.32180E+44  0.38538E+44 -0.63580E+43     -19.7574933     29.7340250      1.0000000
 2     10.00000  0.28270E+44  0.30009E+44 -0.17388E+43      -6.1508609     29.7340250      1.0000000
 2     30.00000  0.12930E+44  0.12218E+44  0.71160E+42       5.5035060     29.7340250      1.0000000
  
 3      1.00000  0.30370E+44  0.32395E+44 -0.20252E+43      -6.6684055      7.3198058      0.5000000
 3      2.00000  0.31690E+44  0.33714E+44 -0.20239E+43      -6.3866114      7.3198058      0.5000000
 3      3.00000  0.31620E+44  0.34010E+44 -0.23904E+43      -7.5599005      7.3198058      0.5000000
 3      5.00000  0.32180E+44  0.34118E+44 -0.19381E+43      -6.0226237      7.3198058      0.5000000
 3     10.00000  0.28270E+44  0.28061E+44  0.20949E+42       0.7410409      7.3198058      0.5000000
 3     30.00000  0.12930E+44  0.12143E+44  0.78735E+42       6.0893295      7.3198058      0.5000000
  
 4      1.00000  0.30370E+44  0.30973E+44 -0.60259E+42      -1.9841756      0.9680256      0.2500000
 4      2.00000  0.31690E+44  0.31489E+44  0.20087E+42       0.6338742      0.9680256      0.2500000
 4      3.00000  0.31620E+44  0.31996E+44 -0.37632E+42      -1.1901385      0.9680256      0.2500000
 4      5.00000  0.32180E+44  0.32772E+44 -0.59188E+42      -1.8392668      0.9680256      0.2500000
 4     10.00000  0.28270E+44  0.27538E+44  0.73182E+42       2.5886963      0.9680256      0.2500000
 4     30.00000  0.12930E+44  0.12104E+44  0.82647E+42       6.3918666      0.9680256      0.2500000
  
 5      1.00000  0.30370E+44  0.30526E+44 -0.15617E+42      -0.5142257      0.8538599      0.1250000
 5      2.00000  0.31690E+44  0.31166E+44  0.52407E+42       1.6537479      0.8538599      0.1250000
 5      3.00000  0.31620E+44  0.31813E+44 -0.19262E+42      -0.6091661      0.8538599      0.1250000
 5      5.00000  0.32180E+44  0.32737E+44 -0.55703E+42      -1.7309670      0.8538599      0.1250000
 5     10.00000  0.28270E+44  0.27547E+44  0.72257E+42       2.5559771      0.8538599      0.1250000
 5     30.00000  0.12930E+44  0.12108E+44  0.82244E+42       6.3607033      0.8538599      0.1250000
  
