 1      1.00000  0.37430E+44  0.27766E+44  0.96643E+43      25.8197304     56.5758551      0.1000000
 1      2.00000  0.36400E+44  0.31327E+44  0.50728E+43      13.9361485     56.5758551      0.1000000
 1      3.00000  0.36990E+44  0.34760E+44  0.22304E+43       6.0297448     56.5758551      0.1000000
 1      5.00000  0.35950E+44  0.36912E+44 -0.96212E+42      -2.6762692     56.5758551      0.1000000
 1     10.00000  0.30330E+44  0.30355E+44 -0.25235E+41      -0.0832026     56.5758551      0.1000000
 1     30.00000  0.14170E+44  0.13672E+44  0.49819E+42       3.5158246     56.5758551      0.1000000
  
 2      1.00000  0.37430E+44  0.27766E+44  0.96643E+43      25.8197304     56.5758551      1.0000000
 2      2.00000  0.36400E+44  0.31327E+44  0.50728E+43      13.9361485     56.5758551      1.0000000
 2      3.00000  0.36990E+44  0.34760E+44  0.22304E+43       6.0297448     56.5758551      1.0000000
 2      5.00000  0.35950E+44  0.36912E+44 -0.96212E+42      -2.6762692     56.5758551      1.0000000
 2     10.00000  0.30330E+44  0.30355E+44 -0.25235E+41      -0.0832026     56.5758551      1.0000000
 2     30.00000  0.14170E+44  0.13672E+44  0.49819E+42       3.5158246     56.5758551      1.0000000
  
 3      1.00000  0.37430E+44  0.43177E+44 -0.57467E+43     -15.3532802     17.2730196      0.5000000
 3      2.00000  0.36400E+44  0.38236E+44 -0.18361E+43      -5.0443281     17.2730196      0.5000000
 3      3.00000  0.36990E+44  0.37431E+44 -0.44122E+42      -1.1927984     17.2730196      0.5000000
 3      5.00000  0.35950E+44  0.36771E+44 -0.82144E+42      -2.2849377     17.2730196      0.5000000
 3     10.00000  0.30330E+44  0.29845E+44  0.48468E+42       1.5980154     17.2730196      0.5000000
 3     30.00000  0.14170E+44  0.13475E+44  0.69516E+42       4.9058838     17.2730196      0.5000000
  
 4      1.00000  0.37430E+44  0.37889E+44 -0.45862E+42      -1.2252758      0.7718434      0.2500000
 4      2.00000  0.36400E+44  0.36442E+44 -0.42295E+41      -0.1161960      0.7718434      0.2500000
 4      3.00000  0.36990E+44  0.36664E+44  0.32574E+42       0.8806177      0.7718434      0.2500000
 4      5.00000  0.35950E+44  0.36580E+44 -0.63002E+42      -1.7524861      0.7718434      0.2500000
 4     10.00000  0.30330E+44  0.29849E+44  0.48091E+42       1.5855958      0.7718434      0.2500000
 4     30.00000  0.14170E+44  0.13500E+44  0.67045E+42       4.7314912      0.7718434      0.2500000
  
 5      1.00000  0.37430E+44  0.37461E+44 -0.31474E+41      -0.0840867      0.6830465      0.1250000
 5      2.00000  0.36400E+44  0.36360E+44  0.39913E+41       0.1096512      0.6830465      0.1250000
 5      3.00000  0.36990E+44  0.36660E+44  0.32959E+42       0.8910354      0.6830465      0.1250000
 5      5.00000  0.35950E+44  0.36596E+44 -0.64576E+42      -1.7962745      0.6830465      0.1250000
 5     10.00000  0.30330E+44  0.29860E+44  0.47035E+42       1.5507785      0.6830465      0.1250000
 5     30.00000  0.14170E+44  0.13501E+44  0.66881E+42       4.7199301      0.6830465      0.1250000
  
