 1      1.00000  0.30730E+44  0.28556E+44  0.21737E+43       7.0735580     17.9711202      0.1000000
 1      2.00000  0.31700E+44  0.32407E+44 -0.70688E+42      -2.2299139     17.9711202      0.1000000
 1      3.00000  0.32290E+44  0.36237E+44 -0.39469E+43     -12.2233361     17.9711202      0.1000000
 1      5.00000  0.33940E+44  0.38279E+44 -0.43390E+43     -12.7844088     17.9711202      0.1000000
 1     10.00000  0.29880E+44  0.30216E+44 -0.33617E+42      -1.1250684     17.9711202      0.1000000
 1     30.00000  0.13960E+44  0.12766E+44  0.11935E+43       8.5495508     17.9711202      0.1000000
  
 2      1.00000  0.30730E+44  0.28556E+44  0.21737E+43       7.0735580     17.9711202      1.0000000
 2      2.00000  0.31700E+44  0.32407E+44 -0.70688E+42      -2.2299139     17.9711202      1.0000000
 2      3.00000  0.32290E+44  0.36237E+44 -0.39469E+43     -12.2233361     17.9711202      1.0000000
 2      5.00000  0.33940E+44  0.38279E+44 -0.43390E+43     -12.7844088     17.9711202      1.0000000
 2     10.00000  0.29880E+44  0.30216E+44 -0.33617E+42      -1.1250684     17.9711202      1.0000000
 2     30.00000  0.13960E+44  0.12766E+44  0.11935E+43       8.5495508     17.9711202      1.0000000
  
 3      1.00000  0.30730E+44  0.31145E+44 -0.41471E+42      -1.3495152      2.5648276      0.5000000
 3      2.00000  0.31700E+44  0.32135E+44 -0.43510E+42      -1.3725708      2.5648276      0.5000000
 3      3.00000  0.32290E+44  0.33535E+44 -0.12447E+43      -3.8547939      2.5648276      0.5000000
 3      5.00000  0.33940E+44  0.34795E+44 -0.85486E+42      -2.5187498      2.5648276      0.5000000
 3     10.00000  0.29880E+44  0.28772E+44  0.11077E+43       3.7069955      2.5648276      0.5000000
 3     30.00000  0.13960E+44  0.12679E+44  0.12813E+43       9.1785910      2.5648276      0.5000000
  
 4      1.00000  0.30730E+44  0.30880E+44 -0.14985E+42      -0.4876209      1.8409024      0.2500000
 4      2.00000  0.31700E+44  0.31263E+44  0.43715E+42       1.3790186      1.8409024      0.2500000
 4      3.00000  0.32290E+44  0.32797E+44 -0.50663E+42      -1.5690035      1.8409024      0.2500000
 4      5.00000  0.33940E+44  0.34448E+44 -0.50818E+42      -1.4972968      1.8409024      0.2500000
 4     10.00000  0.29880E+44  0.28658E+44  0.12219E+43       4.0895127      1.8409024      0.2500000
 4     30.00000  0.13960E+44  0.12672E+44  0.12881E+43       9.2269340      1.8409024      0.2500000
  
 5      1.00000  0.30730E+44  0.30789E+44 -0.59272E+41      -0.1928797      1.8341035      0.1250000
 5      2.00000  0.31700E+44  0.31186E+44  0.51359E+42       1.6201526      1.8341035      0.1250000
 5      3.00000  0.32290E+44  0.32749E+44 -0.45922E+42      -1.4221850      1.8341035      0.1250000
 5      5.00000  0.33940E+44  0.34431E+44 -0.49069E+42      -1.4457428      1.8341035      0.1250000
 5     10.00000  0.29880E+44  0.28656E+44  0.12237E+43       4.0955374      1.8341035      0.1250000
 5     30.00000  0.13960E+44  0.12673E+44  0.12866E+43       9.2165643      1.8341035      0.1250000
  
 6      1.00000  0.30730E+44  0.30786E+44 -0.55766E+41      -0.1814704      1.8337355      0.0625000
 6      2.00000  0.31700E+44  0.31194E+44  0.50648E+42       1.5977380      1.8337355      0.0625000
 6      3.00000  0.32290E+44  0.32753E+44 -0.46272E+42      -1.4330135      1.8337355      0.0625000
 6      5.00000  0.33940E+44  0.34424E+44 -0.48426E+42      -1.4268126      1.8337355      0.0625000
 6     10.00000  0.29880E+44  0.28653E+44  0.12267E+43       4.1053545      1.8337355      0.0625000
 6     30.00000  0.13960E+44  0.12673E+44  0.12867E+43       9.2171610      1.8337355      0.0625000
  
