 1      1.00000  0.40480E+44  0.23181E+44  0.17299E+44      42.7352456    223.9549006      0.1000000
 1      2.00000  0.39930E+44  0.25224E+44  0.14706E+44      36.8295206    223.9549006      0.1000000
 1      3.00000  0.38720E+44  0.26817E+44  0.11903E+44      30.7404279    223.9549006      0.1000000
 1      5.00000  0.34590E+44  0.26982E+44  0.76075E+43      21.9934669    223.9549006      0.1000000
 1     10.00000  0.23640E+44  0.20445E+44  0.31949E+43      13.5149163    223.9549006      0.1000000
 1     30.00000  0.61040E+43  0.56365E+43  0.46752E+42       7.6592000    223.9549006      0.1000000
  
 2      1.00000  0.40480E+44  0.26168E+44  0.14312E+44      35.3548689    131.9664053      0.0500000
 2      2.00000  0.39930E+44  0.28616E+44  0.11314E+44      28.3347441    131.9664053      0.0500000
 2      3.00000  0.38720E+44  0.30267E+44  0.84530E+43      21.8311288    131.9664053      0.0500000
 2      5.00000  0.34590E+44  0.29785E+44  0.48054E+43      13.8924473    131.9664053      0.0500000
 2     10.00000  0.23640E+44  0.21818E+44  0.18219E+43       7.7069141    131.9664053      0.0500000
 2     30.00000  0.61040E+43  0.58869E+43  0.21708E+42       3.5563586    131.9664053      0.0500000
  
 3      1.00000  0.40480E+44  0.51861E+44 -0.11381E+44     -28.1148072     43.0247677      0.0250000
 3      2.00000  0.39930E+44  0.43604E+44 -0.36742E+43      -9.2016182     43.0247677      0.0250000
 3      3.00000  0.38720E+44  0.40143E+44 -0.14234E+43      -3.6761060     43.0247677      0.0250000
 3      5.00000  0.34590E+44  0.34998E+44 -0.40760E+42      -1.1783893     43.0247677      0.0250000
 3     10.00000  0.23640E+44  0.23664E+44 -0.24284E+41      -0.1027231     43.0247677      0.0250000
 3     30.00000  0.61040E+43  0.61267E+43 -0.22729E+41      -0.3723630     43.0247677      0.0250000
  
 4      1.00000  0.40480E+44  0.41958E+44 -0.14778E+43      -3.6507691      0.6954784      0.0125000
 4      2.00000  0.39930E+44  0.40064E+44 -0.13429E+42      -0.3363108      0.6954784      0.0125000
 4      3.00000  0.38720E+44  0.38653E+44  0.66739E+41       0.1723639      0.6954784      0.0125000
 4      5.00000  0.34590E+44  0.34697E+44 -0.10654E+42      -0.3080128      0.6954784      0.0125000
 4     10.00000  0.23640E+44  0.23731E+44 -0.90783E+41      -0.3840212      0.6954784      0.0125000
 4     30.00000  0.61040E+43  0.61664E+43 -0.62359E+41      -1.0216026      0.6954784      0.0125000
  
 5      1.00000  0.40480E+44  0.40579E+44 -0.99002E+41      -0.2445695      0.0724720      0.0062500
 5      2.00000  0.39930E+44  0.39787E+44  0.14260E+42       0.3571334      0.0724720      0.0062500
 5      3.00000  0.38720E+44  0.38633E+44  0.87500E+41       0.2259803      0.0724720      0.0062500
 5      5.00000  0.34590E+44  0.34756E+44 -0.16586E+42      -0.4795030      0.0724720      0.0062500
 5     10.00000  0.23640E+44  0.23773E+44 -0.13339E+42      -0.5642746      0.0724720      0.0062500
 5     30.00000  0.61040E+43  0.61744E+43 -0.70412E+41      -1.1535347      0.0724720      0.0062500
  
 6      1.00000  0.40480E+44  0.40547E+44 -0.67213E+41      -0.1660401      0.0721266      0.0031250
 6      2.00000  0.39930E+44  0.39778E+44  0.15206E+42       0.3808255      0.0721266      0.0031250
 6      3.00000  0.38720E+44  0.38630E+44  0.89703E+41       0.2316704      0.0721266      0.0031250
 6      5.00000  0.34590E+44  0.34757E+44 -0.16659E+42      -0.4816141      0.0721266      0.0031250
 6     10.00000  0.23640E+44  0.23774E+44 -0.13435E+42      -0.5683120      0.0721266      0.0031250
 6     30.00000  0.61040E+43  0.61746E+43 -0.70604E+41      -1.1566863      0.0721266      0.0031250
  
