 1      1.00000  0.44180E+44  0.26814E+44  0.17366E+44      39.3078298    580.2180636      0.1000000
 1      2.00000  0.46840E+44  0.27614E+44  0.19226E+44      41.0469079    580.2180636      0.1000000
 1      3.00000  0.46680E+44  0.27615E+44  0.19065E+44      40.8416133    580.2180636      0.1000000
 1      5.00000  0.42860E+44  0.25547E+44  0.17313E+44      40.3943493    580.2180636      0.1000000
 1     10.00000  0.32070E+44  0.18005E+44  0.14065E+44      43.8577154    580.2180636      0.1000000
 1     30.00000  0.88090E+43  0.51947E+43  0.36143E+43      41.0297991    580.2180636      0.1000000
  
 2      1.00000  0.44180E+44  0.54061E+44 -0.98807E+43     -22.3646859     74.0327858      0.0500000
 2      2.00000  0.46840E+44  0.53253E+44 -0.64133E+43     -13.6919466     74.0327858      0.0500000
 2      3.00000  0.46680E+44  0.50135E+44 -0.34548E+43      -7.4010136     74.0327858      0.0500000
 2      5.00000  0.42860E+44  0.41732E+44  0.11283E+43       2.6325055     74.0327858      0.0500000
 2     10.00000  0.32070E+44  0.25687E+44  0.63830E+43      19.9032849     74.0327858      0.0500000
 2     30.00000  0.88090E+43  0.66161E+43  0.21929E+43      24.8938993     74.0327858      0.0500000
  
 3      1.00000  0.44180E+44  0.45482E+44 -0.13023E+43      -2.9476251     46.6010358      0.0250000
 3      2.00000  0.46840E+44  0.44655E+44  0.21846E+43       4.6640101     46.6010358      0.0250000
 3      3.00000  0.46680E+44  0.43667E+44  0.30129E+43       6.4543254     46.6010358      0.0250000
 3      5.00000  0.42860E+44  0.38136E+44  0.47238E+43      11.0214943     46.6010358      0.0250000
 3     10.00000  0.32070E+44  0.24436E+44  0.76337E+43      23.8031486     46.6010358      0.0250000
 3     30.00000  0.88090E+43  0.66913E+43  0.21177E+43      24.0402027     46.6010358      0.0250000
  
 4      1.00000  0.44180E+44  0.43778E+44  0.40207E+42       0.9100782     31.2597365      0.0125000
 4      2.00000  0.46840E+44  0.45520E+44  0.13200E+43       2.8181127     31.2597365      0.0125000
 4      3.00000  0.46680E+44  0.45294E+44  0.13860E+43       2.9691360     31.2597365      0.0125000
 4      5.00000  0.42860E+44  0.39707E+44  0.31531E+43       7.3567659     31.2597365      0.0125000
 4     10.00000  0.32070E+44  0.25264E+44  0.68058E+43      21.2217179     31.2597365      0.0125000
 4     30.00000  0.88090E+43  0.68213E+43  0.19877E+43      22.5649802     31.2597365      0.0125000
  
 5      1.00000  0.44180E+44  0.43778E+44  0.40207E+42       0.9100782     31.2597365      0.1250000
 5      2.00000  0.46840E+44  0.45520E+44  0.13200E+43       2.8181127     31.2597365      0.1250000
 5      3.00000  0.46680E+44  0.45294E+44  0.13860E+43       2.9691360     31.2597365      0.1250000
 5      5.00000  0.42860E+44  0.39707E+44  0.31531E+43       7.3567659     31.2597365      0.1250000
 5     10.00000  0.32070E+44  0.25264E+44  0.68058E+43      21.2217179     31.2597365      0.1250000
 5     30.00000  0.88090E+43  0.68213E+43  0.19877E+43      22.5649802     31.2597365      0.1250000
  
 6      1.00000  0.44180E+44  0.43778E+44  0.40207E+42       0.9100782     31.2597365      1.2500000
 6      2.00000  0.46840E+44  0.45520E+44  0.13200E+43       2.8181127     31.2597365      1.2500000
 6      3.00000  0.46680E+44  0.45294E+44  0.13860E+43       2.9691360     31.2597365      1.2500000
 6      5.00000  0.42860E+44  0.39707E+44  0.31531E+43       7.3567659     31.2597365      1.2500000
 6     10.00000  0.32070E+44  0.25264E+44  0.68058E+43      21.2217179     31.2597365      1.2500000
 6     30.00000  0.88090E+43  0.68213E+43  0.19877E+43      22.5649802     31.2597365      1.2500000
  
 7      1.00000  0.44180E+44  0.43778E+44  0.40207E+42       0.9100782     31.2597365     12.5000000
 7      2.00000  0.46840E+44  0.45520E+44  0.13200E+43       2.8181127     31.2597365     12.5000000
 7      3.00000  0.46680E+44  0.45294E+44  0.13860E+43       2.9691360     31.2597365     12.5000000
 7      5.00000  0.42860E+44  0.39707E+44  0.31531E+43       7.3567659     31.2597365     12.5000000
 7     10.00000  0.32070E+44  0.25264E+44  0.68058E+43      21.2217179     31.2597365     12.5000000
 7     30.00000  0.88090E+43  0.68213E+43  0.19877E+43      22.5649802     31.2597365     12.5000000
  
 8      1.00000  0.44180E+44  0.43778E+44  0.40207E+42       0.9100782     31.2597365    125.0000000
 8      2.00000  0.46840E+44  0.45520E+44  0.13200E+43       2.8181127     31.2597365    125.0000000
 8      3.00000  0.46680E+44  0.45294E+44  0.13860E+43       2.9691360     31.2597365    125.0000000
 8      5.00000  0.42860E+44  0.39707E+44  0.31531E+43       7.3567659     31.2597365    125.0000000
 8     10.00000  0.32070E+44  0.25264E+44  0.68058E+43      21.2217179     31.2597365    125.0000000
 8     30.00000  0.88090E+43  0.68213E+43  0.19877E+43      22.5649802     31.2597365    125.0000000
  
 9      1.00000  0.44180E+44  0.43778E+44  0.40207E+42       0.9100782     31.2597365   1250.0000000
 9      2.00000  0.46840E+44  0.45520E+44  0.13200E+43       2.8181127     31.2597365   1250.0000000
 9      3.00000  0.46680E+44  0.45294E+44  0.13860E+43       2.9691360     31.2597365   1250.0000000
 9      5.00000  0.42860E+44  0.39707E+44  0.31531E+43       7.3567659     31.2597365   1250.0000000
 9     10.00000  0.32070E+44  0.25264E+44  0.68058E+43      21.2217179     31.2597365   1250.0000000
 9     30.00000  0.88090E+43  0.68213E+43  0.19877E+43      22.5649802     31.2597365   1250.0000000
  
10      1.00000  0.44180E+44  0.44088E+44  0.91817E+41       0.2078247     27.5895417    625.0000000
10      2.00000  0.46840E+44  0.46142E+44  0.69791E+42       1.4899961     27.5895417    625.0000000
10      3.00000  0.46680E+44  0.45929E+44  0.75123E+42       1.6093121     27.5895417    625.0000000
10      5.00000  0.42860E+44  0.40187E+44  0.26731E+43       6.2367312     27.5895417    625.0000000
10     10.00000  0.32070E+44  0.25488E+44  0.65816E+43      20.5227458     27.5895417    625.0000000
10     30.00000  0.88090E+43  0.68497E+43  0.19593E+43      22.2419864     27.5895417    625.0000000
  
11      1.00000  0.44180E+44  0.44088E+44  0.91817E+41       0.2078247     27.5895417   6250.0000000
11      2.00000  0.46840E+44  0.46142E+44  0.69791E+42       1.4899961     27.5895417   6250.0000000
11      3.00000  0.46680E+44  0.45929E+44  0.75123E+42       1.6093121     27.5895417   6250.0000000
11      5.00000  0.42860E+44  0.40187E+44  0.26731E+43       6.2367312     27.5895417   6250.0000000
11     10.00000  0.32070E+44  0.25488E+44  0.65816E+43      20.5227458     27.5895417   6250.0000000
11     30.00000  0.88090E+43  0.68497E+43  0.19593E+43      22.2419864     27.5895417   6250.0000000
  
12      1.00000  0.44180E+44  0.44126E+44  0.53918E+41       0.1220427     23.9209923   3125.0000000
12      2.00000  0.46840E+44  0.46851E+44 -0.11430E+41      -0.0244020     23.9209923   3125.0000000
12      3.00000  0.46680E+44  0.46753E+44 -0.73346E+41      -0.1571259     23.9209923   3125.0000000
12      5.00000  0.42860E+44  0.40846E+44  0.20144E+43       4.6999737     23.9209923   3125.0000000
12     10.00000  0.32070E+44  0.25801E+44  0.62692E+43      19.5484837     23.9209923   3125.0000000
12     30.00000  0.88090E+43  0.68842E+43  0.19248E+43      21.8498801     23.9209923   3125.0000000
  
13      1.00000  0.44180E+44  0.44126E+44  0.53918E+41       0.1220427     23.9209923  31250.0000000
13      2.00000  0.46840E+44  0.46851E+44 -0.11430E+41      -0.0244020     23.9209923  31250.0000000
13      3.00000  0.46680E+44  0.46753E+44 -0.73346E+41      -0.1571259     23.9209923  31250.0000000
13      5.00000  0.42860E+44  0.40846E+44  0.20144E+43       4.6999737     23.9209923  31250.0000000
13     10.00000  0.32070E+44  0.25801E+44  0.62692E+43      19.5484837     23.9209923  31250.0000000
13     30.00000  0.88090E+43  0.68842E+43  0.19248E+43      21.8498801     23.9209923  31250.0000000
  
14      1.00000  0.44180E+44  0.44304E+44 -0.12441E+42      -0.2815910     22.0180958  15625.0000000
14      2.00000  0.46840E+44  0.47474E+44 -0.63425E+42      -1.3540879     22.0180958  15625.0000000
14      3.00000  0.46680E+44  0.47429E+44 -0.74889E+42      -1.6043060     22.0180958  15625.0000000
14      5.00000  0.42860E+44  0.41365E+44  0.14949E+43       3.4877683     22.0180958  15625.0000000
14     10.00000  0.32070E+44  0.26041E+44  0.60288E+43      18.7988828     22.0180958  15625.0000000
14     30.00000  0.88090E+43  0.69083E+43  0.19007E+43      21.5763828     22.0180958  15625.0000000
  
15      1.00000  0.44180E+44  0.44034E+44  0.14592E+42       0.3302878     21.7372609   7812.5000000
15      2.00000  0.46840E+44  0.47438E+44 -0.59756E+42      -1.2757520     21.7372609   7812.5000000
15      3.00000  0.46680E+44  0.47466E+44 -0.78626E+42      -1.6843618     21.7372609   7812.5000000
15      5.00000  0.42860E+44  0.41423E+44  0.14371E+43       3.3530864     21.7372609   7812.5000000
15     10.00000  0.32070E+44  0.26075E+44  0.59948E+43      18.6927788     21.7372609   7812.5000000
15     30.00000  0.88090E+43  0.69143E+43  0.18947E+43      21.5088088     21.7372609   7812.5000000
  
