 1      1.00000  0.29720E+44  0.29176E+44  0.54446E+42       1.8319689     10.9352193      0.1000000
 1      2.00000  0.30610E+44  0.32985E+44 -0.23747E+43      -7.7578597     10.9352193      0.1000000
 1      3.00000  0.33470E+44  0.36661E+44 -0.31915E+43      -9.5353066     10.9352193      0.1000000
 1      5.00000  0.34430E+44  0.38291E+44 -0.38607E+43     -11.2131629     10.9352193      0.1000000
 1     10.00000  0.30100E+44  0.29516E+44  0.58446E+42       1.9417127     10.9352193      0.1000000
 1     30.00000  0.12950E+44  0.11388E+44  0.15616E+43      12.0589995     10.9352193      0.1000000
  
 2      1.00000  0.29720E+44  0.26139E+44  0.35809E+43      12.0488241      7.1435339      0.0500000
 2      2.00000  0.30610E+44  0.29071E+44  0.15386E+43       5.0265574      7.1435339      0.0500000
 2      3.00000  0.33470E+44  0.32342E+44  0.11280E+43       3.3702093      7.1435339      0.0500000
 2      5.00000  0.34430E+44  0.34902E+44 -0.47168E+42      -1.3699758      7.1435339      0.0500000
 2     10.00000  0.30100E+44  0.28262E+44  0.18382E+43       6.1069689      7.1435339      0.0500000
 2     30.00000  0.12950E+44  0.11336E+44  0.16143E+43      12.4654178      7.1435339      0.0500000
  
 3      1.00000  0.29720E+44  0.30047E+44 -0.32748E+42      -1.1018997      2.4624913      0.0250000
 3      2.00000  0.30610E+44  0.30993E+44 -0.38323E+42      -1.2519687      2.4624913      0.0250000
 3      3.00000  0.33470E+44  0.33366E+44  0.10353E+42       0.3093230      2.4624913      0.0250000
 3      5.00000  0.34430E+44  0.35270E+44 -0.84024E+42      -2.4404317      2.4624913      0.0250000
 3     10.00000  0.30100E+44  0.28361E+44  0.17387E+43       5.7764730      2.4624913      0.0250000
 3     30.00000  0.12950E+44  0.11337E+44  0.16128E+43      12.4538932      2.4624913      0.0250000
  
 4      1.00000  0.29720E+44  0.29569E+44  0.15060E+42       0.5067318      2.3941619      0.0125000
 4      2.00000  0.30610E+44  0.30823E+44 -0.21320E+42      -0.6965202      2.3941619      0.0125000
 4      3.00000  0.33470E+44  0.33333E+44  0.13667E+42       0.4083324      2.3941619      0.0125000
 4      5.00000  0.34430E+44  0.35309E+44 -0.87927E+42      -2.5537888      2.3941619      0.0125000
 4     10.00000  0.30100E+44  0.28384E+44  0.17156E+43       5.6997255      2.3941619      0.0125000
 4     30.00000  0.12950E+44  0.11340E+44  0.16103E+43      12.4347685      2.3941619      0.0125000
  
