 1      1.00000  0.22750E+44  0.20111E+44  0.26386E+43      11.5980439     33.3190083      0.1000000
 1      2.00000  0.24290E+44  0.21449E+44  0.28411E+43      11.6966394     33.3190083      0.1000000
 1      3.00000  0.25760E+44  0.22252E+44  0.35084E+43      13.6196680     33.3190083      0.1000000
 1      5.00000  0.25930E+44  0.21600E+44  0.43302E+43      16.6994672     33.3190083      0.1000000
 1     10.00000  0.18580E+44  0.15328E+44  0.32517E+43      17.5011087     33.3190083      0.1000000
 1     30.00000  0.35510E+43  0.17600E+43  0.17910E+43      50.4362678     33.3190083      0.1000000
  
 2      1.00000  0.22750E+44  0.26489E+44 -0.37389E+43     -16.4346597     22.5442554      0.0500000
 2      2.00000  0.24290E+44  0.28347E+44 -0.40566E+43     -16.7007882     22.5442554      0.0500000
 2      3.00000  0.25760E+44  0.28986E+44 -0.32261E+43     -12.5236927     22.5442554      0.0500000
 2      5.00000  0.25930E+44  0.26956E+44 -0.10264E+43      -3.9584518     22.5442554      0.0500000
 2     10.00000  0.18580E+44  0.18013E+44  0.56712E+42       3.0523401     22.5442554      0.0500000
 2     30.00000  0.35510E+43  0.22682E+43  0.12828E+43      36.1255339     22.5442554      0.0500000
  
 3      1.00000  0.22750E+44  0.23296E+44 -0.54600E+42      -2.3999864      2.6838512      0.0250000
 3      2.00000  0.24290E+44  0.24834E+44 -0.54412E+42      -2.2400808      2.6838512      0.0250000
 3      3.00000  0.25760E+44  0.26397E+44 -0.63702E+42      -2.4729222      2.6838512      0.0250000
 3      5.00000  0.25930E+44  0.25617E+44  0.31311E+42       1.2075088      2.6838512      0.0250000
 3     10.00000  0.18580E+44  0.17519E+44  0.10610E+43       5.7103543      2.6838512      0.0250000
 3     30.00000  0.35510E+43  0.21656E+43  0.13854E+43      39.0154221      2.6838512      0.0250000
  
 4      1.00000  0.22750E+44  0.22445E+44  0.30491E+42       1.3402721      2.2856092      0.0125000
 4      2.00000  0.24290E+44  0.24663E+44 -0.37328E+42      -1.5367520      2.2856092      0.0125000
 4      3.00000  0.25760E+44  0.26446E+44 -0.68589E+42      -2.6626099      2.2856092      0.0125000
 4      5.00000  0.25930E+44  0.25740E+44  0.19044E+42       0.7344496      2.2856092      0.0125000
 4     10.00000  0.18580E+44  0.17620E+44  0.96002E+42       5.1669417      2.2856092      0.0125000
 4     30.00000  0.35510E+43  0.21941E+43  0.13569E+43      38.2118386      2.2856092      0.0125000
  
 5      1.00000  0.22750E+44  0.22415E+44  0.33467E+42       1.4710635      2.2675337      0.0062500
 5      2.00000  0.24290E+44  0.24616E+44 -0.32578E+42      -1.3412077      2.2675337      0.0062500
 5      3.00000  0.25760E+44  0.26428E+44 -0.66754E+42      -2.5913977      2.2675337      0.0062500
 5      5.00000  0.25930E+44  0.25751E+44  0.17876E+42       0.6893761      2.2675337      0.0062500
 5     10.00000  0.18580E+44  0.17624E+44  0.95562E+42       5.1432798      2.2675337      0.0062500
 5     30.00000  0.35510E+43  0.21930E+43  0.13580E+43      38.2430611      2.2675337      0.0062500
  
