 1      1.00000  0.31640E+44  0.30435E+44  0.12050E+43       3.8083595     18.7891807      0.1000000
 1      2.00000  0.34310E+44  0.34316E+44 -0.57141E+40      -0.0166543     18.7891807      0.1000000
 1      3.00000  0.34560E+44  0.38040E+44 -0.34800E+43     -10.0695703     18.7891807      0.1000000
 1      5.00000  0.35960E+44  0.39353E+44 -0.33931E+43      -9.4357035     18.7891807      0.1000000
 1     10.00000  0.31460E+44  0.29619E+44  0.18414E+43       5.8529908     18.7891807      0.1000000
 1     30.00000  0.14170E+44  0.10721E+44  0.34493E+43      24.3423581     18.7891807      0.1000000
  
 2      1.00000  0.31640E+44  0.30435E+44  0.12050E+43       3.8083595     18.7891807      1.0000000
 2      2.00000  0.34310E+44  0.34316E+44 -0.57141E+40      -0.0166543     18.7891807      1.0000000
 2      3.00000  0.34560E+44  0.38040E+44 -0.34800E+43     -10.0695703     18.7891807      1.0000000
 2      5.00000  0.35960E+44  0.39353E+44 -0.33931E+43      -9.4357035     18.7891807      1.0000000
 2     10.00000  0.31460E+44  0.29619E+44  0.18414E+43       5.8529908     18.7891807      1.0000000
 2     30.00000  0.14170E+44  0.10721E+44  0.34493E+43      24.3423581     18.7891807      1.0000000
  
 3      1.00000  0.31640E+44  0.32053E+44 -0.41334E+42      -1.3063746     11.8424807      0.5000000
 3      2.00000  0.34310E+44  0.34516E+44 -0.20576E+42      -0.5996964     11.8424807      0.5000000
 3      3.00000  0.34560E+44  0.36331E+44 -0.17714E+43      -5.1254829     11.8424807      0.5000000
 3      5.00000  0.35960E+44  0.36914E+44 -0.95364E+42      -2.6519497     11.8424807      0.5000000
 3     10.00000  0.31460E+44  0.28774E+44  0.26859E+43       8.5376305     11.8424807      0.5000000
 3     30.00000  0.14170E+44  0.10772E+44  0.33983E+43      23.9821447     11.8424807      0.5000000
  
 4      1.00000  0.31640E+44  0.31864E+44 -0.22379E+42      -0.7073154     11.3511230      0.2500000
 4      2.00000  0.34310E+44  0.33647E+44  0.66252E+42       1.9309937     11.3511230      0.2500000
 4      3.00000  0.34560E+44  0.35794E+44 -0.12340E+43      -3.5704590     11.3511230      0.2500000
 4      5.00000  0.35960E+44  0.36891E+44 -0.93059E+42      -2.5878583     11.3511230      0.2500000
 4     10.00000  0.31460E+44  0.28755E+44  0.27047E+43       8.5971708     11.3511230      0.2500000
 4     30.00000  0.14170E+44  0.10732E+44  0.34383E+43      24.2649841     11.3511230      0.2500000
  
 5      1.00000  0.31640E+44  0.31864E+44 -0.22379E+42      -0.7073154     11.3511230      2.5000000
 5      2.00000  0.34310E+44  0.33647E+44  0.66252E+42       1.9309937     11.3511230      2.5000000
 5      3.00000  0.34560E+44  0.35794E+44 -0.12340E+43      -3.5704590     11.3511230      2.5000000
 5      5.00000  0.35960E+44  0.36891E+44 -0.93059E+42      -2.5878583     11.3511230      2.5000000
 5     10.00000  0.31460E+44  0.28755E+44  0.27047E+43       8.5971708     11.3511230      2.5000000
 5     30.00000  0.14170E+44  0.10732E+44  0.34383E+43      24.2649841     11.3511230      2.5000000
  
 6      1.00000  0.31640E+44  0.31864E+44 -0.22379E+42      -0.7073154     11.3511230     25.0000000
 6      2.00000  0.34310E+44  0.33647E+44  0.66252E+42       1.9309937     11.3511230     25.0000000
 6      3.00000  0.34560E+44  0.35794E+44 -0.12340E+43      -3.5704590     11.3511230     25.0000000
 6      5.00000  0.35960E+44  0.36891E+44 -0.93059E+42      -2.5878583     11.3511230     25.0000000
 6     10.00000  0.31460E+44  0.28755E+44  0.27047E+43       8.5971708     11.3511230     25.0000000
 6     30.00000  0.14170E+44  0.10732E+44  0.34383E+43      24.2649841     11.3511230     25.0000000
  
 7      1.00000  0.31640E+44  0.31864E+44 -0.22379E+42      -0.7073154     11.3511230    250.0000000
 7      2.00000  0.34310E+44  0.33647E+44  0.66252E+42       1.9309937     11.3511230    250.0000000
 7      3.00000  0.34560E+44  0.35794E+44 -0.12340E+43      -3.5704590     11.3511230    250.0000000
 7      5.00000  0.35960E+44  0.36891E+44 -0.93059E+42      -2.5878583     11.3511230    250.0000000
 7     10.00000  0.31460E+44  0.28755E+44  0.27047E+43       8.5971708     11.3511230    250.0000000
 7     30.00000  0.14170E+44  0.10732E+44  0.34383E+43      24.2649841     11.3511230    250.0000000
  
 8      1.00000  0.31640E+44  0.31864E+44 -0.22379E+42      -0.7073154     11.3511230   2500.0000000
 8      2.00000  0.34310E+44  0.33647E+44  0.66252E+42       1.9309937     11.3511230   2500.0000000
 8      3.00000  0.34560E+44  0.35794E+44 -0.12340E+43      -3.5704590     11.3511230   2500.0000000
 8      5.00000  0.35960E+44  0.36891E+44 -0.93059E+42      -2.5878583     11.3511230   2500.0000000
 8     10.00000  0.31460E+44  0.28755E+44  0.27047E+43       8.5971708     11.3511230   2500.0000000
 8     30.00000  0.14170E+44  0.10732E+44  0.34383E+43      24.2649841     11.3511230   2500.0000000
  
 9      1.00000  0.31640E+44  0.31864E+44 -0.22379E+42      -0.7073154     11.3511230  25000.0000000
 9      2.00000  0.34310E+44  0.33647E+44  0.66252E+42       1.9309937     11.3511230  25000.0000000
 9      3.00000  0.34560E+44  0.35794E+44 -0.12340E+43      -3.5704590     11.3511230  25000.0000000
 9      5.00000  0.35960E+44  0.36891E+44 -0.93059E+42      -2.5878583     11.3511230  25000.0000000
 9     10.00000  0.31460E+44  0.28755E+44  0.27047E+43       8.5971708     11.3511230  25000.0000000
 9     30.00000  0.14170E+44  0.10732E+44  0.34383E+43      24.2649841     11.3511230  25000.0000000
  
10      1.00000  0.31640E+44  0.31864E+44 -0.22379E+42      -0.7073154     11.3511230 250000.0000000
10      2.00000  0.34310E+44  0.33647E+44  0.66252E+42       1.9309937     11.3511230 250000.0000000
10      3.00000  0.34560E+44  0.35794E+44 -0.12340E+43      -3.5704590     11.3511230 250000.0000000
10      5.00000  0.35960E+44  0.36891E+44 -0.93059E+42      -2.5878583     11.3511230 250000.0000000
10     10.00000  0.31460E+44  0.28755E+44  0.27047E+43       8.5971708     11.3511230 250000.0000000
10     30.00000  0.14170E+44  0.10732E+44  0.34383E+43      24.2649841     11.3511230 250000.0000000
  
11      1.00000  0.31640E+44  0.31671E+44 -0.31423E+41      -0.0993145     11.3306398 125000.0000000
11      2.00000  0.34310E+44  0.33414E+44  0.89587E+42       2.6111164     11.3306398 125000.0000000
11      3.00000  0.34560E+44  0.35533E+44 -0.97349E+42      -2.8168065     11.3306398 125000.0000000
11      5.00000  0.35960E+44  0.36677E+44 -0.71728E+42      -1.9946667     11.3306398 125000.0000000
11     10.00000  0.31460E+44  0.28677E+44  0.27833E+43       8.8469756     11.3306398 125000.0000000
11     30.00000  0.14170E+44  0.10729E+44  0.34408E+43      24.2822279     11.3306398 125000.0000000
  
12      1.00000  0.31640E+44  0.31710E+44 -0.69563E+41      -0.2198566     11.3183807  62500.0000000
12      2.00000  0.34310E+44  0.33458E+44  0.85200E+42       2.4832266     11.3183807  62500.0000000
12      3.00000  0.34560E+44  0.35580E+44 -0.10203E+43      -2.9522634     11.3183807  62500.0000000
12      5.00000  0.35960E+44  0.36715E+44 -0.75469E+42      -2.0986917     11.3183807  62500.0000000
12     10.00000  0.31460E+44  0.28691E+44  0.27691E+43       8.8020275     11.3183807  62500.0000000
12     30.00000  0.14170E+44  0.10730E+44  0.34400E+43      24.2769223     11.3183807  62500.0000000
  
13      1.00000  0.31640E+44  0.31743E+44 -0.10269E+42      -0.3245544     11.3120580  31250.0000000
13      2.00000  0.34310E+44  0.33497E+44  0.81264E+42       2.3685212     11.3120580  31250.0000000
13      3.00000  0.34560E+44  0.35623E+44 -0.10626E+43      -3.0745336     11.3120580  31250.0000000
13      5.00000  0.35960E+44  0.36748E+44 -0.78843E+42      -2.1925204     11.3120580  31250.0000000
13     10.00000  0.31460E+44  0.28704E+44  0.27562E+43       8.7610953     11.3120580  31250.0000000
13     30.00000  0.14170E+44  0.10731E+44  0.34393E+43      24.2715338     11.3120580  31250.0000000
  
14      1.00000  0.31640E+44  0.31759E+44 -0.11926E+42      -0.3769187     11.3095157  15625.0000000
14      2.00000  0.34310E+44  0.33520E+44  0.79008E+42       2.3027770     11.3095157  15625.0000000
14      3.00000  0.34560E+44  0.35647E+44 -0.10873E+43      -3.1460473     11.3095157  15625.0000000
14      5.00000  0.35960E+44  0.36768E+44 -0.80804E+42      -2.2470571     11.3095157  15625.0000000
14     10.00000  0.31460E+44  0.28712E+44  0.27484E+43       8.7363213     11.3095157  15625.0000000
14     30.00000  0.14170E+44  0.10731E+44  0.34386E+43      24.2669280     11.3095157  15625.0000000
  
15      1.00000  0.31640E+44  0.31761E+44 -0.12056E+42      -0.3810472     11.3067449   7812.5000000
15      2.00000  0.34310E+44  0.33528E+44  0.78208E+42       2.2794510     11.3067449   7812.5000000
15      3.00000  0.34560E+44  0.35657E+44 -0.10967E+43      -3.1732811     11.3067449   7812.5000000
15      5.00000  0.35960E+44  0.36775E+44 -0.81504E+42      -2.2665161     11.3067449   7812.5000000
15     10.00000  0.31460E+44  0.28715E+44  0.27450E+43       8.7254929     11.3067449   7812.5000000
15     30.00000  0.14170E+44  0.10732E+44  0.34380E+43      24.2622279     11.3067449   7812.5000000
  
