 1      1.00000  0.22000E+44  0.20568E+44  0.14321E+43       6.5094977     21.1666464      0.1000000
 1      2.00000  0.24530E+44  0.21932E+44  0.25978E+43      10.5904771     21.1666464      0.1000000
 1      3.00000  0.26240E+44  0.22759E+44  0.34811E+43      13.2663650     21.1666464      0.1000000
 1      5.00000  0.25960E+44  0.22122E+44  0.38378E+43      14.7833302     21.1666464      0.1000000
 1     10.00000  0.18160E+44  0.15847E+44  0.23128E+43      12.7359327     21.1666464      0.1000000
 1     30.00000  0.26700E+43  0.26142E+43  0.55847E+41       2.0916536     21.1666464      0.1000000
  
 2      1.00000  0.22000E+44  0.20568E+44  0.14321E+43       6.5094977     21.1666464      1.0000000
 2      2.00000  0.24530E+44  0.21932E+44  0.25978E+43      10.5904771     21.1666464      1.0000000
 2      3.00000  0.26240E+44  0.22759E+44  0.34811E+43      13.2663650     21.1666464      1.0000000
 2      5.00000  0.25960E+44  0.22122E+44  0.38378E+43      14.7833302     21.1666464      1.0000000
 2     10.00000  0.18160E+44  0.15847E+44  0.23128E+43      12.7359327     21.1666464      1.0000000
 2     30.00000  0.26700E+43  0.26142E+43  0.55847E+41       2.0916536     21.1666464      1.0000000
  
 3      1.00000  0.22000E+44  0.22325E+44 -0.32503E+42      -1.4773870      2.2211894      0.5000000
 3      2.00000  0.24530E+44  0.25706E+44 -0.11761E+43      -4.7946608      2.2211894      0.5000000
 3      3.00000  0.26240E+44  0.27606E+44 -0.13662E+43      -5.2065436      2.2211894      0.5000000
 3      5.00000  0.25960E+44  0.26732E+44 -0.77244E+42      -2.9755172      2.2211894      0.5000000
 3     10.00000  0.18160E+44  0.18390E+44 -0.23006E+42      -1.2668392      2.2211894      0.5000000
 3     30.00000  0.26700E+43  0.32031E+43 -0.53311E+42     -19.9665026      2.2211894      0.5000000
  
 4      1.00000  0.22000E+44  0.21928E+44  0.72347E+41       0.3288492      0.2277281      0.2500000
 4      2.00000  0.24530E+44  0.24702E+44 -0.17205E+42      -0.7013678      0.2277281      0.2500000
 4      3.00000  0.26240E+44  0.26459E+44 -0.21920E+42      -0.8353500      0.2277281      0.2500000
 4      5.00000  0.25960E+44  0.25774E+44  0.18595E+42       0.7162880      0.2277281      0.2500000
 4     10.00000  0.18160E+44  0.17895E+44  0.26485E+42       1.4584099      0.2277281      0.2500000
 4     30.00000  0.26700E+43  0.30933E+43 -0.42330E+42     -15.8541172      0.2277281      0.2500000
  
 5      1.00000  0.22000E+44  0.21895E+44  0.10470E+42       0.4759306      0.2255631      0.1250000
 5      2.00000  0.24530E+44  0.24668E+44 -0.13830E+42      -0.5637904      0.2255631      0.1250000
 5      3.00000  0.26240E+44  0.26428E+44 -0.18841E+42      -0.7180151      0.2255631      0.1250000
 5      5.00000  0.25960E+44  0.25751E+44  0.20904E+42       0.8052473      0.2255631      0.1250000
 5     10.00000  0.18160E+44  0.17884E+44  0.27558E+42       1.5174935      0.2255631      0.1250000
 5     30.00000  0.26700E+43  0.30907E+43 -0.42066E+42     -15.7550809      0.2255631      0.1250000
  
