 1      1.00000  0.36280E+44  0.24501E+44  0.11779E+44      32.4671568     99.6872550      0.1000000
 1      2.00000  0.36040E+44  0.27283E+44  0.87574E+43      24.2991486     99.6872550      0.1000000
 1      3.00000  0.35800E+44  0.29770E+44  0.60299E+43      16.8433294     99.6872550      0.1000000
 1      5.00000  0.34740E+44  0.31127E+44  0.36134E+43      10.4013156     99.6872550      0.1000000
 1     10.00000  0.25300E+44  0.25075E+44  0.22529E+42       0.8904885     99.6872550      0.1000000
 1     30.00000  0.87930E+43  0.89183E+43 -0.12532E+42      -1.4252708     99.6872550      0.1000000
  
 2      1.00000  0.36280E+44  0.24501E+44  0.11779E+44      32.4671568     99.6872550      1.0000000
 2      2.00000  0.36040E+44  0.27283E+44  0.87574E+43      24.2991486     99.6872550      1.0000000
 2      3.00000  0.35800E+44  0.29770E+44  0.60299E+43      16.8433294     99.6872550      1.0000000
 2      5.00000  0.34740E+44  0.31127E+44  0.36134E+43      10.4013156     99.6872550      1.0000000
 2     10.00000  0.25300E+44  0.25075E+44  0.22529E+42       0.8904885     99.6872550      1.0000000
 2     30.00000  0.87930E+43  0.89183E+43 -0.12532E+42      -1.4252708     99.6872550      1.0000000
  
 3      1.00000  0.36280E+44  0.44946E+44 -0.86656E+43     -23.8854667     31.2875643      0.5000000
 3      2.00000  0.36040E+44  0.38798E+44 -0.27581E+43      -7.6527625     31.2875643      0.5000000
 3      3.00000  0.35800E+44  0.36886E+44 -0.10864E+43      -3.0347339     31.2875643      0.5000000
 3      5.00000  0.34740E+44  0.34433E+44  0.30715E+42       0.8841402     31.2875643      0.5000000
 3     10.00000  0.25300E+44  0.26034E+44 -0.73362E+42      -2.8996703     31.2875643      0.5000000
 3     30.00000  0.87930E+43  0.89873E+43 -0.19434E+42      -2.2101644     31.2875643      0.5000000
  
 4      1.00000  0.36280E+44  0.37303E+44 -0.10230E+43      -2.8196591      0.8747890      0.2500000
 4      2.00000  0.36040E+44  0.36163E+44 -0.12322E+42      -0.3419097      0.8747890      0.2500000
 4      3.00000  0.35800E+44  0.35838E+44 -0.38343E+41      -0.1071027      0.8747890      0.2500000
 4      5.00000  0.34740E+44  0.34277E+44  0.46288E+42       1.3324051      0.8747890      0.2500000
 4     10.00000  0.25300E+44  0.26117E+44 -0.81683E+42      -3.2285632      0.8747890      0.2500000
 4     30.00000  0.87930E+43  0.90223E+43 -0.22934E+42      -2.6081763      0.8747890      0.2500000
  
 5      1.00000  0.36280E+44  0.36356E+44 -0.76444E+41      -0.2107060      0.5013038      0.1250000
 5      2.00000  0.36040E+44  0.35966E+44  0.74416E+41       0.2064814      0.5013038      0.1250000
 5      3.00000  0.35800E+44  0.35818E+44 -0.17841E+41      -0.0498363      0.5013038      0.1250000
 5      5.00000  0.34740E+44  0.34311E+44  0.42931E+42       1.2357934      0.5013038      0.1250000
 5     10.00000  0.25300E+44  0.26141E+44 -0.84138E+42      -3.3256022      0.5013038      0.1250000
 5     30.00000  0.87930E+43  0.90272E+43 -0.23416E+42      -2.6630636      0.5013038      0.1250000
  
