 1      1.00000  0.30470E+44  0.25287E+44  0.51827E+43      17.0091980     38.4912723      0.1000000
 1      2.00000  0.29840E+44  0.28034E+44  0.18060E+43       6.0522637     38.4912723      0.1000000
 1      3.00000  0.29230E+44  0.30574E+44 -0.13439E+43      -4.5977746     38.4912723      0.1000000
 1      5.00000  0.27790E+44  0.32103E+44 -0.43126E+43     -15.5187099     38.4912723      0.1000000
 1     10.00000  0.22960E+44  0.26315E+44 -0.33545E+43     -14.6103240     38.4912723      0.1000000
 1     30.00000  0.85680E+43  0.10088E+44 -0.15200E+43     -17.7406325     38.4912723      0.1000000
  
 2      1.00000  0.30470E+44  0.25287E+44  0.51827E+43      17.0091980     38.4912723      1.0000000
 2      2.00000  0.29840E+44  0.28034E+44  0.18060E+43       6.0522637     38.4912723      1.0000000
 2      3.00000  0.29230E+44  0.30574E+44 -0.13439E+43      -4.5977746     38.4912723      1.0000000
 2      5.00000  0.27790E+44  0.32103E+44 -0.43126E+43     -15.5187099     38.4912723      1.0000000
 2     10.00000  0.22960E+44  0.26315E+44 -0.33545E+43     -14.6103240     38.4912723      1.0000000
 2     30.00000  0.85680E+43  0.10088E+44 -0.15200E+43     -17.7406325     38.4912723      1.0000000
  
 3      1.00000  0.30470E+44  0.34488E+44 -0.40184E+43     -13.1881764     20.6220874      0.5000000
 3      2.00000  0.29840E+44  0.33037E+44 -0.31975E+43     -10.7154547     20.6220874      0.5000000
 3      3.00000  0.29230E+44  0.31375E+44 -0.21454E+43      -7.3397695     20.6220874      0.5000000
 3      5.00000  0.27790E+44  0.29391E+44 -0.16005E+43      -5.7592859     20.6220874      0.5000000
 3     10.00000  0.22960E+44  0.23878E+44 -0.91846E+42      -4.0002548     20.6220874      0.5000000
 3     30.00000  0.85680E+43  0.95253E+43 -0.95728E+42     -11.1727325     20.6220874      0.5000000
  
 4      1.00000  0.30470E+44  0.31001E+44 -0.53135E+42      -1.7438608      0.9267203      0.2500000
 4      2.00000  0.29840E+44  0.30187E+44 -0.34689E+42      -1.1624999      0.9267203      0.2500000
 4      3.00000  0.29230E+44  0.29121E+44  0.10874E+42       0.3720249      0.9267203      0.2500000
 4      5.00000  0.27790E+44  0.27805E+44 -0.15137E+41      -0.0544709      0.9267203      0.2500000
 4     10.00000  0.22960E+44  0.23122E+44 -0.16188E+42      -0.7050649      0.9267203      0.2500000
 4     30.00000  0.85680E+43  0.94059E+43 -0.83795E+42      -9.7799845      0.9267203      0.2500000
  
 5      1.00000  0.30470E+44  0.30494E+44 -0.24460E+41      -0.0802768      0.7370523      0.1250000
 5      2.00000  0.29840E+44  0.29948E+44 -0.10811E+42      -0.3622842      0.7370523      0.1250000
 5      3.00000  0.29230E+44  0.28983E+44  0.24740E+42       0.8463865      0.7370523      0.1250000
 5      5.00000  0.27790E+44  0.27744E+44  0.46298E+41       0.1665988      0.7370523      0.1250000
 5     10.00000  0.22960E+44  0.23106E+44 -0.14601E+42      -0.6359134      0.7370523      0.1250000
 5     30.00000  0.85680E+43  0.94056E+43 -0.83760E+42      -9.7758904      0.7370523      0.1250000
  
