 1      1.00000  0.46930E+44  0.31025E+44  0.15905E+44      33.8900458    133.2013118      0.1000000
 1      2.00000  0.47170E+44  0.34900E+44  0.12270E+44      26.0117619    133.2013118      0.1000000
 1      3.00000  0.47370E+44  0.38544E+44  0.88265E+43      18.6330276    133.2013118      0.1000000
 1      5.00000  0.45330E+44  0.39688E+44  0.56423E+43      12.4471462    133.2013118      0.1000000
 1     10.00000  0.33870E+44  0.29736E+44  0.41341E+43      12.2058028    133.2013118      0.1000000
 1     30.00000  0.12380E+44  0.10423E+44  0.19566E+43      15.8045025    133.2013118      0.1000000
  
 2      1.00000  0.46930E+44  0.33978E+44  0.12952E+44      27.5994543     70.5010641      0.0500000
 2      2.00000  0.47170E+44  0.38678E+44  0.84919E+43      18.0027925     70.5010641      0.0500000
 2      3.00000  0.47370E+44  0.42433E+44  0.49375E+43      10.4231768     70.5010641      0.0500000
 2      5.00000  0.45330E+44  0.42410E+44  0.29197E+43       6.4409627     70.5010641      0.0500000
 2     10.00000  0.33870E+44  0.30637E+44  0.32328E+43       9.5447139     70.5010641      0.0500000
 2     30.00000  0.12380E+44  0.10450E+44  0.19298E+43      15.5881000     70.5010641      0.0500000
  
 3      1.00000  0.46930E+44  0.49806E+44 -0.28764E+43      -6.1291454      5.0191240      0.0250000
 3      2.00000  0.47170E+44  0.47059E+44  0.11116E+42       0.2356595      5.0191240      0.0250000
 3      3.00000  0.47370E+44  0.47472E+44 -0.10172E+42      -0.2147408      5.0191240      0.0250000
 3      5.00000  0.45330E+44  0.44732E+44  0.59826E+42       1.3197842      5.0191240      0.0250000
 3     10.00000  0.33870E+44  0.31345E+44  0.25247E+43       7.4541981      5.0191240      0.0250000
 3     30.00000  0.12380E+44  0.10480E+44  0.18999E+43      15.3463679      5.0191240      0.0250000
  
 4      1.00000  0.46930E+44  0.47034E+44 -0.10397E+42      -0.2215398      2.7681528      0.0125000
 4      2.00000  0.47170E+44  0.47079E+44  0.90550E+41       0.1919646      2.7681528      0.0125000
 4      3.00000  0.47370E+44  0.48218E+44 -0.84816E+42      -1.7904964      2.7681528      0.0125000
 4      5.00000  0.45330E+44  0.45436E+44 -0.10586E+42      -0.2335379      2.7681528      0.0125000
 4     10.00000  0.33870E+44  0.31596E+44  0.22745E+43       6.7153097      2.7681528      0.0125000
 4     30.00000  0.12380E+44  0.10492E+44  0.18880E+43      15.2501483      2.7681528      0.0125000
  
 5      1.00000  0.46930E+44  0.46841E+44  0.88531E+41       0.1886449      2.7549385      0.0062500
 5      2.00000  0.47170E+44  0.47017E+44  0.15279E+42       0.3239094      2.7549385      0.0062500
 5      3.00000  0.47370E+44  0.48153E+44 -0.78336E+42      -1.6537098      2.7549385      0.0062500
 5      5.00000  0.45330E+44  0.45386E+44 -0.55549E+41      -0.1225430      2.7549385      0.0062500
 5     10.00000  0.33870E+44  0.31584E+44  0.22855E+43       6.7478626      2.7549385      0.0062500
 5     30.00000  0.12380E+44  0.10495E+44  0.18852E+43      15.2275457      2.7549385      0.0062500
  
 6      1.00000  0.46930E+44  0.46841E+44  0.88531E+41       0.1886449      2.7549385      0.0625000
 6      2.00000  0.47170E+44  0.47017E+44  0.15279E+42       0.3239094      2.7549385      0.0625000
 6      3.00000  0.47370E+44  0.48153E+44 -0.78336E+42      -1.6537098      2.7549385      0.0625000
 6      5.00000  0.45330E+44  0.45386E+44 -0.55549E+41      -0.1225430      2.7549385      0.0625000
 6     10.00000  0.33870E+44  0.31584E+44  0.22855E+43       6.7478626      2.7549385      0.0625000
 6     30.00000  0.12380E+44  0.10495E+44  0.18852E+43      15.2275457      2.7549385      0.0625000
  
 7      1.00000  0.46930E+44  0.46841E+44  0.88531E+41       0.1886449      2.7549385      0.6250000
 7      2.00000  0.47170E+44  0.47017E+44  0.15279E+42       0.3239094      2.7549385      0.6250000
 7      3.00000  0.47370E+44  0.48153E+44 -0.78336E+42      -1.6537098      2.7549385      0.6250000
 7      5.00000  0.45330E+44  0.45386E+44 -0.55549E+41      -0.1225430      2.7549385      0.6250000
 7     10.00000  0.33870E+44  0.31584E+44  0.22855E+43       6.7478626      2.7549385      0.6250000
 7     30.00000  0.12380E+44  0.10495E+44  0.18852E+43      15.2275457      2.7549385      0.6250000
  
 8      1.00000  0.46930E+44  0.46841E+44  0.88531E+41       0.1886449      2.7549385      6.2500000
 8      2.00000  0.47170E+44  0.47017E+44  0.15279E+42       0.3239094      2.7549385      6.2500000
 8      3.00000  0.47370E+44  0.48153E+44 -0.78336E+42      -1.6537098      2.7549385      6.2500000
 8      5.00000  0.45330E+44  0.45386E+44 -0.55549E+41      -0.1225430      2.7549385      6.2500000
 8     10.00000  0.33870E+44  0.31584E+44  0.22855E+43       6.7478626      2.7549385      6.2500000
 8     30.00000  0.12380E+44  0.10495E+44  0.18852E+43      15.2275457      2.7549385      6.2500000
  
 9      1.00000  0.46930E+44  0.46841E+44  0.88531E+41       0.1886449      2.7549385     62.5000000
 9      2.00000  0.47170E+44  0.47017E+44  0.15279E+42       0.3239094      2.7549385     62.5000000
 9      3.00000  0.47370E+44  0.48153E+44 -0.78336E+42      -1.6537098      2.7549385     62.5000000
 9      5.00000  0.45330E+44  0.45386E+44 -0.55549E+41      -0.1225430      2.7549385     62.5000000
 9     10.00000  0.33870E+44  0.31584E+44  0.22855E+43       6.7478626      2.7549385     62.5000000
 9     30.00000  0.12380E+44  0.10495E+44  0.18852E+43      15.2275457      2.7549385     62.5000000
  
10      1.00000  0.46930E+44  0.46841E+44  0.88531E+41       0.1886449      2.7549385    625.0000000
10      2.00000  0.47170E+44  0.47017E+44  0.15279E+42       0.3239094      2.7549385    625.0000000
10      3.00000  0.47370E+44  0.48153E+44 -0.78336E+42      -1.6537098      2.7549385    625.0000000
10      5.00000  0.45330E+44  0.45386E+44 -0.55549E+41      -0.1225430      2.7549385    625.0000000
10     10.00000  0.33870E+44  0.31584E+44  0.22855E+43       6.7478626      2.7549385    625.0000000
10     30.00000  0.12380E+44  0.10495E+44  0.18852E+43      15.2275457      2.7549385    625.0000000
  
11      1.00000  0.46930E+44  0.46841E+44  0.88531E+41       0.1886449      2.7549385   6250.0000000
11      2.00000  0.47170E+44  0.47017E+44  0.15279E+42       0.3239094      2.7549385   6250.0000000
11      3.00000  0.47370E+44  0.48153E+44 -0.78336E+42      -1.6537098      2.7549385   6250.0000000
11      5.00000  0.45330E+44  0.45386E+44 -0.55549E+41      -0.1225430      2.7549385   6250.0000000
11     10.00000  0.33870E+44  0.31584E+44  0.22855E+43       6.7478626      2.7549385   6250.0000000
11     30.00000  0.12380E+44  0.10495E+44  0.18852E+43      15.2275457      2.7549385   6250.0000000
  
12      1.00000  0.46930E+44  0.46841E+44  0.88531E+41       0.1886449      2.7549385  62500.0000000
12      2.00000  0.47170E+44  0.47017E+44  0.15279E+42       0.3239094      2.7549385  62500.0000000
12      3.00000  0.47370E+44  0.48153E+44 -0.78336E+42      -1.6537098      2.7549385  62500.0000000
12      5.00000  0.45330E+44  0.45386E+44 -0.55549E+41      -0.1225430      2.7549385  62500.0000000
12     10.00000  0.33870E+44  0.31584E+44  0.22855E+43       6.7478626      2.7549385  62500.0000000
12     30.00000  0.12380E+44  0.10495E+44  0.18852E+43      15.2275457      2.7549385  62500.0000000
  
13      1.00000  0.46930E+44  0.46841E+44  0.88531E+41       0.1886449      2.7549385 625000.0000000
13      2.00000  0.47170E+44  0.47017E+44  0.15279E+42       0.3239094      2.7549385 625000.0000000
13      3.00000  0.47370E+44  0.48153E+44 -0.78336E+42      -1.6537098      2.7549385 625000.0000000
13      5.00000  0.45330E+44  0.45386E+44 -0.55549E+41      -0.1225430      2.7549385 625000.0000000
13     10.00000  0.33870E+44  0.31584E+44  0.22855E+43       6.7478626      2.7549385 625000.0000000
13     30.00000  0.12380E+44  0.10495E+44  0.18852E+43      15.2275457      2.7549385 625000.0000000
  
14      1.00000  0.46930E+44  0.46841E+44  0.88689E+41       0.1889817      2.7549308 312500.0000000
14      2.00000  0.47170E+44  0.47017E+44  0.15287E+42       0.3240883      2.7549308 312500.0000000
14      3.00000  0.47370E+44  0.48153E+44 -0.78332E+42      -1.6536236      2.7549308 312500.0000000
14      5.00000  0.45330E+44  0.45386E+44 -0.55538E+41      -0.1225200      2.7549308 312500.0000000
14     10.00000  0.33870E+44  0.31584E+44  0.22855E+43       6.7478668      2.7549308 312500.0000000
14     30.00000  0.12380E+44  0.10495E+44  0.18852E+43      15.2275194      2.7549308 312500.0000000
  
15      1.00000  0.46930E+44  0.46841E+44  0.88689E+41       0.1889817      2.7549308 **************
15      2.00000  0.47170E+44  0.47017E+44  0.15287E+42       0.3240883      2.7549308 **************
15      3.00000  0.47370E+44  0.48153E+44 -0.78332E+42      -1.6536236      2.7549308 **************
15      5.00000  0.45330E+44  0.45386E+44 -0.55538E+41      -0.1225200      2.7549308 **************
15     10.00000  0.33870E+44  0.31584E+44  0.22855E+43       6.7478668      2.7549308 **************
15     30.00000  0.12380E+44  0.10495E+44  0.18852E+43      15.2275194      2.7549308 **************
  
