 1      1.00000  0.25970E+44  0.22091E+44  0.38792E+43      14.9372673    106.6852745      0.1000000
 1      2.00000  0.28700E+44  0.23564E+44  0.51357E+43      17.8942872    106.6852745      0.1000000
 1      3.00000  0.30170E+44  0.24500E+44  0.56703E+43      18.7944804    106.6852745      0.1000000
 1      5.00000  0.30710E+44  0.23918E+44  0.67919E+43      22.1163739    106.6852745      0.1000000
 1     10.00000  0.22850E+44  0.17421E+44  0.54288E+43      23.7584288    106.6852745      0.1000000
 1     30.00000  0.74010E+43  0.39234E+43  0.34776E+43      46.9880100    106.6852745      0.1000000
  
 2      1.00000  0.25970E+44  0.31930E+44 -0.59597E+43     -22.9484550     58.0439836      0.0500000
 2      2.00000  0.28700E+44  0.34119E+44 -0.54192E+43     -18.8821976     58.0439836      0.0500000
 2      3.00000  0.30170E+44  0.34667E+44 -0.44965E+43     -14.9039696     58.0439836      0.0500000
 2      5.00000  0.30710E+44  0.31832E+44 -0.11219E+43      -3.6532444     58.0439836      0.0500000
 2     10.00000  0.22850E+44  0.21337E+44  0.15132E+43       6.6222355     58.0439836      0.0500000
 2     30.00000  0.74010E+43  0.47644E+43  0.26366E+43      35.6246677     58.0439836      0.0500000
  
 3      1.00000  0.25970E+44  0.27036E+44 -0.10663E+43      -4.1060239     18.3876032      0.0250000
 3      2.00000  0.28700E+44  0.27942E+44  0.75812E+42       2.6415429     18.3876032      0.0250000
 3      3.00000  0.30170E+44  0.29488E+44  0.68205E+42       2.2606965     18.3876032      0.0250000
 3      5.00000  0.30710E+44  0.28565E+44  0.21445E+43       6.9831383     18.3876032      0.0250000
 3     10.00000  0.22850E+44  0.19902E+44  0.29476E+43      12.8998545     18.3876032      0.0250000
 3     30.00000  0.74010E+43  0.45626E+43  0.28384E+43      38.3520620     18.3876032      0.0250000
  
 4      1.00000  0.25970E+44  0.25495E+44  0.47538E+42       1.8304879     11.1184736      0.0125000
 4      2.00000  0.28700E+44  0.28372E+44  0.32832E+42       1.1439793     11.1184736      0.0125000
 4      3.00000  0.30170E+44  0.30682E+44 -0.51196E+42      -1.6969321     11.1184736      0.0125000
 4      5.00000  0.30710E+44  0.29853E+44  0.85735E+42       2.7917632     11.1184736      0.0125000
 4     10.00000  0.22850E+44  0.20656E+44  0.21939E+43       9.6014787     11.1184736      0.0125000
 4     30.00000  0.74010E+43  0.47209E+43  0.26801E+43      36.2120877     11.1184736      0.0125000
  
 5      1.00000  0.25970E+44  0.25352E+44  0.61756E+42       2.3779719     10.8239117      0.0062500
 5      2.00000  0.28700E+44  0.28385E+44  0.31513E+42       1.0980144     10.8239117      0.0062500
 5      3.00000  0.30170E+44  0.30791E+44 -0.62079E+42      -2.0576423     10.8239117      0.0062500
 5      5.00000  0.30710E+44  0.29986E+44  0.72408E+42       2.3577993     10.8239117      0.0062500
 5     10.00000  0.22850E+44  0.20701E+44  0.21490E+43       9.4049574     10.8239117      0.0062500
 5     30.00000  0.74010E+43  0.47568E+43  0.26442E+43      35.7279588     10.8239117      0.0062500
  
 6      1.00000  0.25970E+44  0.25361E+44  0.60903E+42       2.3451307     10.3566245      0.0031250
 6      2.00000  0.28700E+44  0.28624E+44  0.76464E+41       0.2664245     10.3566245      0.0031250
 6      3.00000  0.30170E+44  0.31056E+44 -0.88589E+42      -2.9363286     10.3566245      0.0031250
 6      5.00000  0.30710E+44  0.30193E+44  0.51694E+42       1.6832905     10.3566245      0.0031250
 6     10.00000  0.22850E+44  0.20823E+44  0.20272E+43       8.8717012     10.3566245      0.0031250
 6     30.00000  0.74010E+43  0.47685E+43  0.26325E+43      35.5691535     10.3566245      0.0031250
  
 7      1.00000  0.25970E+44  0.25361E+44  0.60903E+42       2.3451307     10.3566245      0.0312500
 7      2.00000  0.28700E+44  0.28624E+44  0.76464E+41       0.2664245     10.3566245      0.0312500
 7      3.00000  0.30170E+44  0.31056E+44 -0.88589E+42      -2.9363286     10.3566245      0.0312500
 7      5.00000  0.30710E+44  0.30193E+44  0.51694E+42       1.6832905     10.3566245      0.0312500
 7     10.00000  0.22850E+44  0.20823E+44  0.20272E+43       8.8717012     10.3566245      0.0312500
 7     30.00000  0.74010E+43  0.47685E+43  0.26325E+43      35.5691535     10.3566245      0.0312500
  
 8      1.00000  0.25970E+44  0.25361E+44  0.60903E+42       2.3451307     10.3566245      0.3125000
 8      2.00000  0.28700E+44  0.28624E+44  0.76464E+41       0.2664245     10.3566245      0.3125000
 8      3.00000  0.30170E+44  0.31056E+44 -0.88589E+42      -2.9363286     10.3566245      0.3125000
 8      5.00000  0.30710E+44  0.30193E+44  0.51694E+42       1.6832905     10.3566245      0.3125000
 8     10.00000  0.22850E+44  0.20823E+44  0.20272E+43       8.8717012     10.3566245      0.3125000
 8     30.00000  0.74010E+43  0.47685E+43  0.26325E+43      35.5691535     10.3566245      0.3125000
  
 9      1.00000  0.25970E+44  0.25361E+44  0.60903E+42       2.3451307     10.3566245      3.1250000
 9      2.00000  0.28700E+44  0.28624E+44  0.76464E+41       0.2664245     10.3566245      3.1250000
 9      3.00000  0.30170E+44  0.31056E+44 -0.88589E+42      -2.9363286     10.3566245      3.1250000
 9      5.00000  0.30710E+44  0.30193E+44  0.51694E+42       1.6832905     10.3566245      3.1250000
 9     10.00000  0.22850E+44  0.20823E+44  0.20272E+43       8.8717012     10.3566245      3.1250000
 9     30.00000  0.74010E+43  0.47685E+43  0.26325E+43      35.5691535     10.3566245      3.1250000
  
10      1.00000  0.25970E+44  0.25361E+44  0.60903E+42       2.3451307     10.3566245     31.2500000
10      2.00000  0.28700E+44  0.28624E+44  0.76464E+41       0.2664245     10.3566245     31.2500000
10      3.00000  0.30170E+44  0.31056E+44 -0.88589E+42      -2.9363286     10.3566245     31.2500000
10      5.00000  0.30710E+44  0.30193E+44  0.51694E+42       1.6832905     10.3566245     31.2500000
10     10.00000  0.22850E+44  0.20823E+44  0.20272E+43       8.8717012     10.3566245     31.2500000
10     30.00000  0.74010E+43  0.47685E+43  0.26325E+43      35.5691535     10.3566245     31.2500000
  
11      1.00000  0.25970E+44  0.25361E+44  0.60903E+42       2.3451307     10.3566245    312.5000000
11      2.00000  0.28700E+44  0.28624E+44  0.76464E+41       0.2664245     10.3566245    312.5000000
11      3.00000  0.30170E+44  0.31056E+44 -0.88589E+42      -2.9363286     10.3566245    312.5000000
11      5.00000  0.30710E+44  0.30193E+44  0.51694E+42       1.6832905     10.3566245    312.5000000
11     10.00000  0.22850E+44  0.20823E+44  0.20272E+43       8.8717012     10.3566245    312.5000000
11     30.00000  0.74010E+43  0.47685E+43  0.26325E+43      35.5691535     10.3566245    312.5000000
  
12      1.00000  0.25970E+44  0.25391E+44  0.57866E+42       2.2282000     10.2469644    156.2500000
12      2.00000  0.28700E+44  0.28640E+44  0.60366E+41       0.2103347     10.2469644    156.2500000
12      3.00000  0.30170E+44  0.31103E+44 -0.93341E+42      -3.0938462     10.2469644    156.2500000
12      5.00000  0.30710E+44  0.30251E+44  0.45918E+42       1.4952259     10.2469644    156.2500000
12     10.00000  0.22850E+44  0.20840E+44  0.20096E+43       8.7947506     10.2469644    156.2500000
12     30.00000  0.74010E+43  0.47846E+43  0.26164E+43      35.3523082     10.2469644    156.2500000
  
13      1.00000  0.25970E+44  0.25388E+44  0.58223E+42       2.2419459     10.2275240     78.1250000
13      2.00000  0.28700E+44  0.28677E+44  0.23044E+41       0.0802926     10.2275240     78.1250000
13      3.00000  0.30170E+44  0.31132E+44 -0.96196E+42      -3.1884491     10.2275240     78.1250000
13      5.00000  0.30710E+44  0.30265E+44  0.44511E+42       1.4493915     10.2275240     78.1250000
13     10.00000  0.22850E+44  0.20853E+44  0.19967E+43       8.7384427     10.2275240     78.1250000
13     30.00000  0.74010E+43  0.47814E+43  0.26196E+43      35.3952546     10.2275240     78.1250000
  
14      1.00000  0.25970E+44  0.25388E+44  0.58223E+42       2.2419459     10.2275240    781.2500000
14      2.00000  0.28700E+44  0.28677E+44  0.23044E+41       0.0802926     10.2275240    781.2500000
14      3.00000  0.30170E+44  0.31132E+44 -0.96196E+42      -3.1884491     10.2275240    781.2500000
14      5.00000  0.30710E+44  0.30265E+44  0.44511E+42       1.4493915     10.2275240    781.2500000
14     10.00000  0.22850E+44  0.20853E+44  0.19967E+43       8.7384427     10.2275240    781.2500000
14     30.00000  0.74010E+43  0.47814E+43  0.26196E+43      35.3952546     10.2275240    781.2500000
  
15      1.00000  0.25970E+44  0.25422E+44  0.54792E+42       2.1098129     10.0870740    390.6250000
15      2.00000  0.28700E+44  0.28773E+44 -0.73124E+41      -0.2547862     10.0870740    390.6250000
15      3.00000  0.30170E+44  0.31256E+44 -0.10861E+43      -3.5999620     10.0870740    390.6250000
15      5.00000  0.30710E+44  0.30374E+44  0.33553E+42       1.0925795     10.0870740    390.6250000
15     10.00000  0.22850E+44  0.20905E+44  0.19450E+43       8.5120230     10.0870740    390.6250000
15     30.00000  0.74010E+43  0.47965E+43  0.26045E+43      35.1918393     10.0870740    390.6250000
  
