 1      1.00000  0.30020E+44  0.25074E+44  0.49464E+43      16.4769375     27.6261617      0.1000000
 1      2.00000  0.30330E+44  0.27742E+44  0.25876E+43       8.5313848     27.6261617      0.1000000
 1      3.00000  0.30170E+44  0.30198E+44 -0.27923E+41      -0.0925520     27.6261617      0.1000000
 1      5.00000  0.27580E+44  0.31646E+44 -0.40664E+43     -14.7440318     27.6261617      0.1000000
 1     10.00000  0.24450E+44  0.25882E+44 -0.14323E+43      -5.8582234     27.6261617      0.1000000
 1     30.00000  0.90850E+43  0.97068E+43 -0.62183E+42      -6.8445462     27.6261617      0.1000000
  
 2      1.00000  0.30020E+44  0.25074E+44  0.49464E+43      16.4769375     27.6261617      1.0000000
 2      2.00000  0.30330E+44  0.27742E+44  0.25876E+43       8.5313848     27.6261617      1.0000000
 2      3.00000  0.30170E+44  0.30198E+44 -0.27923E+41      -0.0925520     27.6261617      1.0000000
 2      5.00000  0.27580E+44  0.31646E+44 -0.40664E+43     -14.7440318     27.6261617      1.0000000
 2     10.00000  0.24450E+44  0.25882E+44 -0.14323E+43      -5.8582234     27.6261617      1.0000000
 2     30.00000  0.90850E+43  0.97068E+43 -0.62183E+42      -6.8445462     27.6261617      1.0000000
  
 3      1.00000  0.30020E+44  0.33365E+44 -0.33448E+43     -11.1417470     12.8089664      0.5000000
 3      2.00000  0.30330E+44  0.32738E+44 -0.24080E+43      -7.9392382     12.8089664      0.5000000
 3      3.00000  0.30170E+44  0.31510E+44 -0.13398E+43      -4.4408552     12.8089664      0.5000000
 3      5.00000  0.27580E+44  0.29741E+44 -0.21611E+43      -7.8355747     12.8089664      0.5000000
 3     10.00000  0.24450E+44  0.23992E+44  0.45762E+42       1.8716679     12.8089664      0.5000000
 3     30.00000  0.90850E+43  0.92596E+43 -0.17458E+42      -1.9215796     12.8089664      0.5000000
  
 4      1.00000  0.30020E+44  0.30403E+44 -0.38258E+42      -1.2744262      1.5546671      0.2500000
 4      2.00000  0.30330E+44  0.30376E+44 -0.46328E+41      -0.1527476      1.5546671      0.2500000
 4      3.00000  0.30170E+44  0.29721E+44  0.44859E+42       1.4868832      1.5546671      0.2500000
 4      5.00000  0.27580E+44  0.28666E+44 -0.10863E+43      -3.9385687      1.5546671      0.2500000
 4     10.00000  0.24450E+44  0.23575E+44  0.87506E+42       3.5789773      1.5546671      0.2500000
 4     30.00000  0.90850E+43  0.92077E+43 -0.12275E+42      -1.3510995      1.5546671      0.2500000
  
 5      1.00000  0.30020E+44  0.30131E+44 -0.11077E+42      -0.3689914      1.5036539      0.1250000
 5      2.00000  0.30330E+44  0.30217E+44  0.11291E+42       0.3722572      1.5036539      0.1250000
 5      3.00000  0.30170E+44  0.29630E+44  0.53985E+42       1.7893623      1.5036539      0.1250000
 5      5.00000  0.27580E+44  0.28641E+44 -0.10607E+43      -3.8460595      1.5036539      0.1250000
 5     10.00000  0.24450E+44  0.23580E+44  0.86974E+42       3.5572139      1.5036539      0.1250000
 5     30.00000  0.90850E+43  0.92114E+43 -0.12641E+42      -1.3913851      1.5036539      0.1250000
  
