 1      1.00000  0.31890E+44  0.23241E+44  0.86485E+43      27.1198071     66.2046481      0.1000000
 1      2.00000  0.30800E+44  0.25478E+44  0.53223E+43      17.2803387     66.2046481      0.1000000
 1      3.00000  0.30430E+44  0.27413E+44  0.30171E+43       9.9148104     66.2046481      0.1000000
 1      5.00000  0.28940E+44  0.28281E+44  0.65916E+42       2.2776733     66.2046481      0.1000000
 1     10.00000  0.22360E+44  0.22513E+44 -0.15282E+42      -0.6834568     66.2046481      0.1000000
 1     30.00000  0.66070E+43  0.66923E+43 -0.85342E+41      -1.2916856     66.2046481      0.1000000
  
 2      1.00000  0.31890E+44  0.23241E+44  0.86485E+43      27.1198071     66.2046481      1.0000000
 2      2.00000  0.30800E+44  0.25478E+44  0.53223E+43      17.2803387     66.2046481      1.0000000
 2      3.00000  0.30430E+44  0.27413E+44  0.30171E+43       9.9148104     66.2046481      1.0000000
 2      5.00000  0.28940E+44  0.28281E+44  0.65916E+42       2.2776733     66.2046481      1.0000000
 2     10.00000  0.22360E+44  0.22513E+44 -0.15282E+42      -0.6834568     66.2046481      1.0000000
 2     30.00000  0.66070E+43  0.66923E+43 -0.85342E+41      -1.2916856     66.2046481      1.0000000
  
 3      1.00000  0.31890E+44  0.36297E+44 -0.44072E+43     -13.8199141     12.9929380      0.5000000
 3      2.00000  0.30800E+44  0.32315E+44 -0.15152E+43      -4.9196237     12.9929380      0.5000000
 3      3.00000  0.30430E+44  0.30931E+44 -0.50147E+42      -1.6479516     12.9929380      0.5000000
 3      5.00000  0.28940E+44  0.29155E+44 -0.21505E+42      -0.7430847     12.9929380      0.5000000
 3     10.00000  0.22360E+44  0.22404E+44 -0.44333E+41      -0.1982677     12.9929380      0.5000000
 3     30.00000  0.66070E+43  0.66500E+43 -0.43039E+41      -0.6514165     12.9929380      0.5000000
  
 4      1.00000  0.31890E+44  0.32238E+44 -0.34796E+42      -1.0911296      0.1315200      0.2500000
 4      2.00000  0.30800E+44  0.30872E+44 -0.71566E+41      -0.2323584      0.1315200      0.2500000
 4      3.00000  0.30430E+44  0.30320E+44  0.11041E+42       0.3628398      0.1315200      0.2500000
 4      5.00000  0.28940E+44  0.29019E+44 -0.78994E+41      -0.2729586      0.1315200      0.2500000
 4     10.00000  0.22360E+44  0.22422E+44 -0.62460E+41      -0.2793360      0.1315200      0.2500000
 4     30.00000  0.66070E+43  0.66609E+43 -0.53928E+41      -0.8162295      0.1315200      0.2500000
  
 5      1.00000  0.31890E+44  0.31907E+44 -0.16709E+41      -0.0523949      0.0611368      0.1250000
 5      2.00000  0.30800E+44  0.30796E+44  0.42114E+40       0.0136733      0.0611368      0.1250000
 5      3.00000  0.30430E+44  0.30305E+44  0.12474E+42       0.4099175      0.0611368      0.1250000
 5      5.00000  0.28940E+44  0.29023E+44 -0.83013E+41      -0.2868448      0.0611368      0.1250000
 5     10.00000  0.22360E+44  0.22426E+44 -0.66249E+41      -0.2962831      0.0611368      0.1250000
 5     30.00000  0.66070E+43  0.66623E+43 -0.55329E+41      -0.8374320      0.0611368      0.1250000
  
