 1      1.00000  0.32840E+44  0.27534E+44  0.53063E+43      16.1580993     36.2378328      0.1000000
 1      2.00000  0.37140E+44  0.31025E+44  0.61155E+43      16.4659957     36.2378328      0.1000000
 1      3.00000  0.38080E+44  0.34385E+44  0.36952E+43       9.7038129     36.2378328      0.1000000
 1      5.00000  0.37370E+44  0.36514E+44  0.85622E+42       2.2911828     36.2378328      0.1000000
 1     10.00000  0.29660E+44  0.30073E+44 -0.41254E+42      -1.3908908     36.2378328      0.1000000
 1     30.00000  0.12840E+44  0.13425E+44 -0.58453E+42      -4.5523854     36.2378328      0.1000000
  
 2      1.00000  0.32840E+44  0.27534E+44  0.53063E+43      16.1580993     36.2378328      1.0000000
 2      2.00000  0.37140E+44  0.31025E+44  0.61155E+43      16.4659957     36.2378328      1.0000000
 2      3.00000  0.38080E+44  0.34385E+44  0.36952E+43       9.7038129     36.2378328      1.0000000
 2      5.00000  0.37370E+44  0.36514E+44  0.85622E+42       2.2911828     36.2378328      1.0000000
 2     10.00000  0.29660E+44  0.30073E+44 -0.41254E+42      -1.3908908     36.2378328      1.0000000
 2     30.00000  0.12840E+44  0.13425E+44 -0.58453E+42      -4.5523854     36.2378328      1.0000000
  
 3      1.00000  0.32840E+44  0.37682E+44 -0.48420E+43     -14.7442185     11.9264233      0.5000000
 3      2.00000  0.37140E+44  0.38734E+44 -0.15936E+43      -4.2907333     11.9264233      0.5000000
 3      3.00000  0.38080E+44  0.38628E+44 -0.54804E+42      -1.4391760     11.9264233      0.5000000
 3      5.00000  0.37370E+44  0.37561E+44 -0.19102E+42      -0.5111633     11.9264233      0.5000000
 3     10.00000  0.29660E+44  0.30038E+44 -0.37750E+42      -1.2727590     11.9264233      0.5000000
 3     30.00000  0.12840E+44  0.13277E+44 -0.43671E+42      -3.4011643     11.9264233      0.5000000
  
 4      1.00000  0.32840E+44  0.33553E+44 -0.71291E+42      -2.1708586      0.6782861      0.2500000
 4      2.00000  0.37140E+44  0.36971E+44  0.16906E+42       0.4551945      0.6782861      0.2500000
 4      3.00000  0.38080E+44  0.37955E+44  0.12474E+42       0.3275842      0.6782861      0.2500000
 4      5.00000  0.37370E+44  0.37540E+44 -0.17008E+42      -0.4551318      0.6782861      0.2500000
 4     10.00000  0.29660E+44  0.30146E+44 -0.48573E+42      -1.6376558      0.6782861      0.2500000
 4     30.00000  0.12840E+44  0.13319E+44 -0.47854E+42      -3.7269274      0.6782861      0.2500000
  
 5      1.00000  0.32840E+44  0.32996E+44 -0.15637E+42      -0.4761443      0.5520724      0.1250000
 5      2.00000  0.37140E+44  0.36728E+44  0.41212E+42       1.1096332      0.5520724      0.1250000
 5      3.00000  0.38080E+44  0.37835E+44  0.24519E+42       0.6438907      0.5520724      0.1250000
 5      5.00000  0.37370E+44  0.37497E+44 -0.12729E+42      -0.3406145      0.5520724      0.1250000
 5     10.00000  0.29660E+44  0.30139E+44 -0.47899E+42      -1.6149192      0.5520724      0.1250000
 5     30.00000  0.12840E+44  0.13321E+44 -0.48113E+42      -3.7471280      0.5520724      0.1250000
  
 6      1.00000  0.32840E+44  0.33037E+44 -0.19650E+42      -0.5983648      0.5472253      0.0625000
 6      2.00000  0.37140E+44  0.36763E+44  0.37743E+42       1.0162438      0.5472253      0.0625000
 6      3.00000  0.38080E+44  0.37867E+44  0.21344E+42       0.5605145      0.5472253      0.0625000
 6      5.00000  0.37370E+44  0.37522E+44 -0.15160E+42      -0.4056714      0.5472253      0.0625000
 6     10.00000  0.29660E+44  0.30150E+44 -0.48957E+42      -1.6506129      0.5472253      0.0625000
 6     30.00000  0.12840E+44  0.13322E+44 -0.48232E+42      -3.7563499      0.5472253      0.0625000
  
 7      1.00000  0.32840E+44  0.33039E+44 -0.19894E+42      -0.6057915      0.5469077      0.0312500
 7      2.00000  0.37140E+44  0.36766E+44  0.37448E+42       1.0083040      0.5469077      0.0312500
 7      3.00000  0.38080E+44  0.37869E+44  0.21052E+42       0.5528315      0.5469077      0.0312500
 7      5.00000  0.37370E+44  0.37524E+44 -0.15382E+42      -0.4116236      0.5469077      0.0312500
 7     10.00000  0.29660E+44  0.30151E+44 -0.49054E+42      -1.6538682      0.5469077      0.0312500
 7     30.00000  0.12840E+44  0.13322E+44 -0.48242E+42      -3.7571315      0.5469077      0.0312500
  
 8      1.00000  0.32840E+44  0.33039E+44 -0.19923E+42      -0.6066648      0.5468613      0.0156250
 8      2.00000  0.37140E+44  0.36766E+44  0.37413E+42       1.0073558      0.5468613      0.0156250
 8      3.00000  0.38080E+44  0.37870E+44  0.21018E+42       0.5519551      0.5468613      0.0156250
 8      5.00000  0.37370E+44  0.37524E+44 -0.15406E+42      -0.4122553      0.5468613      0.0156250
 8     10.00000  0.29660E+44  0.30151E+44 -0.49063E+42      -1.6541944      0.5468613      0.0156250
 8     30.00000  0.12840E+44  0.13322E+44 -0.48242E+42      -3.7571688      0.5468613      0.0156250
  
 9      1.00000  0.32840E+44  0.33040E+44 -0.19976E+42      -0.6082889      0.5468315      0.0078125
 9      2.00000  0.37140E+44  0.36766E+44  0.37367E+42       1.0061132      0.5468315      0.0078125
 9      3.00000  0.38080E+44  0.37870E+44  0.20974E+42       0.5507901      0.5468315      0.0078125
 9      5.00000  0.37370E+44  0.37524E+44 -0.15440E+42      -0.4131777      0.5468315      0.0078125
 9     10.00000  0.29660E+44  0.30151E+44 -0.49079E+42      -1.6547092      0.5468315      0.0078125
 9     30.00000  0.12840E+44  0.13322E+44 -0.48244E+42      -3.7572840      0.5468315      0.0078125
  
10      1.00000  0.32840E+44  0.33040E+44 -0.19963E+42      -0.6078875      0.5468266      0.0039062
10      2.00000  0.37140E+44  0.36766E+44  0.37374E+42       1.0063095      0.5468266      0.0039062
10      3.00000  0.38080E+44  0.37870E+44  0.20982E+42       0.5509884      0.5468266      0.0039062
10      5.00000  0.37370E+44  0.37524E+44 -0.15433E+42      -0.4129837      0.5468266      0.0039062
10     10.00000  0.29660E+44  0.30151E+44 -0.49075E+42      -1.6545836      0.5468266      0.0039062
10     30.00000  0.12840E+44  0.13322E+44 -0.48243E+42      -3.7572605      0.5468266      0.0039062
  
11      1.00000  0.32840E+44  0.33040E+44 -0.19983E+42      -0.6085062      0.5468073      0.0019531
11      2.00000  0.37140E+44  0.36766E+44  0.37353E+42       1.0057398      0.5468073      0.0019531
11      3.00000  0.38080E+44  0.37870E+44  0.20964E+42       0.5505145      0.5468073      0.0019531
11      5.00000  0.37370E+44  0.37524E+44 -0.15445E+42      -0.4133039      0.5468073      0.0019531
11     10.00000  0.29660E+44  0.30151E+44 -0.49080E+42      -1.6547569      0.5468073      0.0019531
11     30.00000  0.12840E+44  0.13322E+44 -0.48244E+42      -3.7573431      0.5468073      0.0019531
  
