 1      1.00000  0.24010E+44  0.20441E+44  0.35693E+43      14.8660849     35.1213151      0.1000000
 1      2.00000  0.25210E+44  0.21904E+44  0.33060E+43      13.1140297     35.1213151      0.1000000
 1      3.00000  0.26130E+44  0.22920E+44  0.32098E+43      12.2838142     35.1213151      0.1000000
 1      5.00000  0.25470E+44  0.22611E+44  0.28590E+43      11.2248164     35.1213151      0.1000000
 1     10.00000  0.19580E+44  0.16485E+44  0.30947E+43      15.8053455     35.1213151      0.1000000
 1     30.00000  0.43170E+43  0.18409E+43  0.24761E+43      57.3559106     35.1213151      0.1000000
  
 2      1.00000  0.24010E+44  0.21467E+44  0.25425E+43      10.5893666     19.7710589      0.0500000
 2      2.00000  0.25210E+44  0.23073E+44  0.21373E+43       8.4781501     19.7710589      0.0500000
 2      3.00000  0.26130E+44  0.24119E+44  0.20112E+43       7.6969228     19.7710589      0.0500000
 2      5.00000  0.25470E+44  0.23614E+44  0.18558E+43       7.2861580     19.7710589      0.0500000
 2     10.00000  0.19580E+44  0.16994E+44  0.25863E+43      13.2090360     19.7710589      0.0500000
 2     30.00000  0.43170E+43  0.19033E+43  0.24137E+43      55.9111818     19.7710589      0.0500000
  
 3      1.00000  0.24010E+44  0.24056E+44 -0.46235E+41      -0.1925666      5.4298244      0.0250000
 3      2.00000  0.25210E+44  0.25664E+44 -0.45363E+42      -1.7994203      5.4298244      0.0250000
 3      3.00000  0.26130E+44  0.26969E+44 -0.83874E+42      -3.2098605      5.4298244      0.0250000
 3      5.00000  0.25470E+44  0.26149E+44 -0.67923E+42      -2.6667650      5.4298244      0.0250000
 3     10.00000  0.19580E+44  0.18456E+44  0.11239E+43       5.7399938      5.4298244      0.0250000
 3     30.00000  0.43170E+43  0.22691E+43  0.20479E+43      47.4370278      5.4298244      0.0250000
  
 4      1.00000  0.24010E+44  0.23847E+44  0.16251E+42       0.6768262      5.3418143      0.0125000
 4      2.00000  0.25210E+44  0.25314E+44 -0.10435E+42      -0.4139423      5.3418143      0.0125000
 4      3.00000  0.26130E+44  0.26632E+44 -0.50163E+42      -1.9197576      5.3418143      0.0125000
 4      5.00000  0.25470E+44  0.25931E+44 -0.46127E+42      -1.8110239      5.3418143      0.0125000
 4     10.00000  0.19580E+44  0.18329E+44  0.12507E+43       6.3878110      5.3418143      0.0125000
 4     30.00000  0.43170E+43  0.21855E+43  0.21315E+43      49.3757130      5.3418143      0.0125000
  
 5      1.00000  0.24010E+44  0.23811E+44  0.19919E+42       0.8296312      5.2807267      0.0062500
 5      2.00000  0.25210E+44  0.25317E+44 -0.10697E+42      -0.4243168      5.2807267      0.0062500
 5      3.00000  0.26130E+44  0.26633E+44 -0.50319E+42      -1.9257063      5.2807267      0.0062500
 5      5.00000  0.25470E+44  0.25915E+44 -0.44464E+42      -1.7457405      5.2807267      0.0062500
 5     10.00000  0.19580E+44  0.18330E+44  0.12504E+43       6.3861277      5.2807267      0.0062500
 5     30.00000  0.43170E+43  0.22109E+43  0.21061E+43      48.7851716      5.2807267      0.0062500
  
 6      1.00000  0.24010E+44  0.23811E+44  0.19919E+42       0.8296312      5.2807267      0.0625000
 6      2.00000  0.25210E+44  0.25317E+44 -0.10697E+42      -0.4243168      5.2807267      0.0625000
 6      3.00000  0.26130E+44  0.26633E+44 -0.50319E+42      -1.9257063      5.2807267      0.0625000
 6      5.00000  0.25470E+44  0.25915E+44 -0.44464E+42      -1.7457405      5.2807267      0.0625000
 6     10.00000  0.19580E+44  0.18330E+44  0.12504E+43       6.3861277      5.2807267      0.0625000
 6     30.00000  0.43170E+43  0.22109E+43  0.21061E+43      48.7851716      5.2807267      0.0625000
  
 7      1.00000  0.24010E+44  0.23811E+44  0.19919E+42       0.8296312      5.2807267      0.6250000
 7      2.00000  0.25210E+44  0.25317E+44 -0.10697E+42      -0.4243168      5.2807267      0.6250000
 7      3.00000  0.26130E+44  0.26633E+44 -0.50319E+42      -1.9257063      5.2807267      0.6250000
 7      5.00000  0.25470E+44  0.25915E+44 -0.44464E+42      -1.7457405      5.2807267      0.6250000
 7     10.00000  0.19580E+44  0.18330E+44  0.12504E+43       6.3861277      5.2807267      0.6250000
 7     30.00000  0.43170E+43  0.22109E+43  0.21061E+43      48.7851716      5.2807267      0.6250000
  
 8      1.00000  0.24010E+44  0.23811E+44  0.19919E+42       0.8296312      5.2807267      6.2500000
 8      2.00000  0.25210E+44  0.25317E+44 -0.10697E+42      -0.4243168      5.2807267      6.2500000
 8      3.00000  0.26130E+44  0.26633E+44 -0.50319E+42      -1.9257063      5.2807267      6.2500000
 8      5.00000  0.25470E+44  0.25915E+44 -0.44464E+42      -1.7457405      5.2807267      6.2500000
 8     10.00000  0.19580E+44  0.18330E+44  0.12504E+43       6.3861277      5.2807267      6.2500000
 8     30.00000  0.43170E+43  0.22109E+43  0.21061E+43      48.7851716      5.2807267      6.2500000
  
 9      1.00000  0.24010E+44  0.23811E+44  0.19919E+42       0.8296312      5.2807267     62.5000000
 9      2.00000  0.25210E+44  0.25317E+44 -0.10697E+42      -0.4243168      5.2807267     62.5000000
 9      3.00000  0.26130E+44  0.26633E+44 -0.50319E+42      -1.9257063      5.2807267     62.5000000
 9      5.00000  0.25470E+44  0.25915E+44 -0.44464E+42      -1.7457405      5.2807267     62.5000000
 9     10.00000  0.19580E+44  0.18330E+44  0.12504E+43       6.3861277      5.2807267     62.5000000
 9     30.00000  0.43170E+43  0.22109E+43  0.21061E+43      48.7851716      5.2807267     62.5000000
  
10      1.00000  0.24010E+44  0.23811E+44  0.19919E+42       0.8296312      5.2807267    625.0000000
10      2.00000  0.25210E+44  0.25317E+44 -0.10697E+42      -0.4243168      5.2807267    625.0000000
10      3.00000  0.26130E+44  0.26633E+44 -0.50319E+42      -1.9257063      5.2807267    625.0000000
10      5.00000  0.25470E+44  0.25915E+44 -0.44464E+42      -1.7457405      5.2807267    625.0000000
10     10.00000  0.19580E+44  0.18330E+44  0.12504E+43       6.3861277      5.2807267    625.0000000
10     30.00000  0.43170E+43  0.22109E+43  0.21061E+43      48.7851716      5.2807267    625.0000000
  
11      1.00000  0.24010E+44  0.23811E+44  0.19919E+42       0.8296312      5.2807267   6250.0000000
11      2.00000  0.25210E+44  0.25317E+44 -0.10697E+42      -0.4243168      5.2807267   6250.0000000
11      3.00000  0.26130E+44  0.26633E+44 -0.50319E+42      -1.9257063      5.2807267   6250.0000000
11      5.00000  0.25470E+44  0.25915E+44 -0.44464E+42      -1.7457405      5.2807267   6250.0000000
11     10.00000  0.19580E+44  0.18330E+44  0.12504E+43       6.3861277      5.2807267   6250.0000000
11     30.00000  0.43170E+43  0.22109E+43  0.21061E+43      48.7851716      5.2807267   6250.0000000
  
12      1.00000  0.24010E+44  0.23811E+44  0.19919E+42       0.8296312      5.2807267  62500.0000000
12      2.00000  0.25210E+44  0.25317E+44 -0.10697E+42      -0.4243168      5.2807267  62500.0000000
12      3.00000  0.26130E+44  0.26633E+44 -0.50319E+42      -1.9257063      5.2807267  62500.0000000
12      5.00000  0.25470E+44  0.25915E+44 -0.44464E+42      -1.7457405      5.2807267  62500.0000000
12     10.00000  0.19580E+44  0.18330E+44  0.12504E+43       6.3861277      5.2807267  62500.0000000
12     30.00000  0.43170E+43  0.22109E+43  0.21061E+43      48.7851716      5.2807267  62500.0000000
  
13      1.00000  0.24010E+44  0.23811E+44  0.19919E+42       0.8296312      5.2807267 625000.0000000
13      2.00000  0.25210E+44  0.25317E+44 -0.10697E+42      -0.4243168      5.2807267 625000.0000000
13      3.00000  0.26130E+44  0.26633E+44 -0.50319E+42      -1.9257063      5.2807267 625000.0000000
13      5.00000  0.25470E+44  0.25915E+44 -0.44464E+42      -1.7457405      5.2807267 625000.0000000
13     10.00000  0.19580E+44  0.18330E+44  0.12504E+43       6.3861277      5.2807267 625000.0000000
13     30.00000  0.43170E+43  0.22109E+43  0.21061E+43      48.7851716      5.2807267 625000.0000000
  
14      1.00000  0.24010E+44  0.23811E+44  0.19919E+42       0.8296312      5.2807267 **************
14      2.00000  0.25210E+44  0.25317E+44 -0.10697E+42      -0.4243168      5.2807267 **************
14      3.00000  0.26130E+44  0.26633E+44 -0.50319E+42      -1.9257063      5.2807267 **************
14      5.00000  0.25470E+44  0.25915E+44 -0.44464E+42      -1.7457405      5.2807267 **************
14     10.00000  0.19580E+44  0.18330E+44  0.12504E+43       6.3861277      5.2807267 **************
14     30.00000  0.43170E+43  0.22109E+43  0.21061E+43      48.7851716      5.2807267 **************
  
15      1.00000  0.24010E+44  0.23811E+44  0.19919E+42       0.8296312      5.2807267 **************
15      2.00000  0.25210E+44  0.25317E+44 -0.10697E+42      -0.4243168      5.2807267 **************
15      3.00000  0.26130E+44  0.26633E+44 -0.50319E+42      -1.9257063      5.2807267 **************
15      5.00000  0.25470E+44  0.25915E+44 -0.44464E+42      -1.7457405      5.2807267 **************
15     10.00000  0.19580E+44  0.18330E+44  0.12504E+43       6.3861277      5.2807267 **************
15     30.00000  0.43170E+43  0.22109E+43  0.21061E+43      48.7851716      5.2807267 **************
  
