 1      1.00000  0.38650E+44  0.24189E+44  0.14461E+44      37.4153330    172.3413217      0.1000000
 1      2.00000  0.38330E+44  0.26805E+44  0.11525E+44      30.0670514    172.3413217      0.1000000
 1      3.00000  0.38310E+44  0.29113E+44  0.91972E+43      24.0074252    172.3413217      0.1000000
 1      5.00000  0.35940E+44  0.30249E+44  0.56908E+43      15.8340605    172.3413217      0.1000000
 1     10.00000  0.26160E+44  0.24116E+44  0.20440E+43       7.8134148    172.3413217      0.1000000
 1     30.00000  0.85190E+43  0.81117E+43  0.40725E+42       4.7805279    172.3413217      0.1000000
  
 2      1.00000  0.38650E+44  0.26214E+44  0.12436E+44      32.1764331    110.1867393      0.0500000
 2      2.00000  0.38330E+44  0.29200E+44  0.91300E+43      23.8195124    110.1867393      0.0500000
 2      3.00000  0.38310E+44  0.31620E+44  0.66902E+43      17.4633419    110.1867393      0.0500000
 2      5.00000  0.35940E+44  0.32297E+44  0.36427E+43      10.1353706    110.1867393      0.0500000
 2     10.00000  0.26160E+44  0.25075E+44  0.10851E+43       4.1480016    110.1867393      0.0500000
 2     30.00000  0.85190E+43  0.82625E+43  0.25649E+42       3.0108505    110.1867393      0.0500000
  
 3      1.00000  0.38650E+44  0.46755E+44 -0.81055E+43     -20.9714912     27.1857624      0.0250000
 3      2.00000  0.38330E+44  0.40913E+44 -0.25835E+43      -6.7401152     27.1857624      0.0250000
 3      3.00000  0.38310E+44  0.39155E+44 -0.84474E+42      -2.2050118     27.1857624      0.0250000
 3      5.00000  0.35940E+44  0.36115E+44 -0.17497E+42      -0.4868355     27.1857624      0.0250000
 3     10.00000  0.26160E+44  0.26340E+44 -0.18028E+42      -0.6891437     27.1857624      0.0250000
 3     30.00000  0.85190E+43  0.84031E+43  0.11591E+42       1.3606304     27.1857624      0.0250000
  
 4      1.00000  0.38650E+44  0.39499E+44 -0.84893E+42      -2.1964464      0.3499435      0.0125000
 4      2.00000  0.38330E+44  0.38460E+44 -0.13033E+42      -0.3400163      0.3499435      0.0125000
 4      3.00000  0.38310E+44  0.38202E+44  0.10832E+42       0.2827342      0.3499435      0.0125000
 4      5.00000  0.35940E+44  0.35985E+44 -0.45407E+41      -0.1263406      0.3499435      0.0125000
 4     10.00000  0.26160E+44  0.26419E+44 -0.25863E+42      -0.9886554      0.3499435      0.0125000
 4     30.00000  0.85190E+43  0.84339E+43  0.85112E+41       0.9990887      0.3499435      0.0125000
  
 5      1.00000  0.38650E+44  0.38695E+44 -0.44679E+41      -0.1155987      0.0858178      0.0062500
 5      2.00000  0.38330E+44  0.38286E+44  0.43813E+41       0.1143053      0.0858178      0.0062500
 5      3.00000  0.38310E+44  0.38179E+44  0.13055E+42       0.3407719      0.0858178      0.0062500
 5      5.00000  0.35940E+44  0.36014E+44 -0.74061E+41      -0.2060696      0.0858178      0.0062500
 5     10.00000  0.26160E+44  0.26442E+44 -0.28159E+42      -1.0764327      0.0858178      0.0062500
 5     30.00000  0.85190E+43  0.84392E+43  0.79828E+41       0.9370628      0.0858178      0.0062500
  
 6      1.00000  0.38650E+44  0.38680E+44 -0.30457E+41      -0.0788020      0.0857556      0.0031250
 6      2.00000  0.38330E+44  0.38280E+44  0.49835E+41       0.1300154      0.0857556      0.0031250
 6      3.00000  0.38310E+44  0.38176E+44  0.13364E+42       0.3488359      0.0857556      0.0031250
 6      5.00000  0.35940E+44  0.36013E+44 -0.72669E+41      -0.2021952      0.0857556      0.0031250
 6     10.00000  0.26160E+44  0.26441E+44 -0.28127E+42      -1.0752060      0.0857556      0.0031250
 6     30.00000  0.85190E+43  0.84392E+43  0.79810E+41       0.9368486      0.0857556      0.0031250
  
 7      1.00000  0.38650E+44  0.38681E+44 -0.30682E+41      -0.0793836      0.0857539      0.0015625
 7      2.00000  0.38330E+44  0.38280E+44  0.49771E+41       0.1298480      0.0857539      0.0015625
 7      3.00000  0.38310E+44  0.38176E+44  0.13363E+42       0.3488163      0.0857539      0.0015625
 7      5.00000  0.35940E+44  0.36013E+44 -0.72646E+41      -0.2021315      0.0857539      0.0015625
 7     10.00000  0.26160E+44  0.26441E+44 -0.28126E+42      -1.0751520      0.0857539      0.0015625
 7     30.00000  0.85190E+43  0.84392E+43  0.79812E+41       0.9368759      0.0857539      0.0015625
  
 8      1.00000  0.38650E+44  0.38681E+44 -0.30688E+41      -0.0794003      0.0857529      0.0007813
 8      2.00000  0.38330E+44  0.38280E+44  0.49763E+41       0.1298266      0.0857529      0.0007813
 8      3.00000  0.38310E+44  0.38176E+44  0.13363E+42       0.3488133      0.0857529      0.0007813
 8      5.00000  0.35940E+44  0.36013E+44 -0.72642E+41      -0.2021208      0.0857529      0.0007813
 8     10.00000  0.26160E+44  0.26441E+44 -0.28126E+42      -1.0751346      0.0857529      0.0007813
 8     30.00000  0.85190E+43  0.84392E+43  0.79815E+41       0.9369006      0.0857529      0.0007813
  
