 1      1.00000  0.26150E+44  0.23022E+44  0.31282E+43      11.9625507     57.6606469      0.1000000
 1      2.00000  0.28640E+44  0.24539E+44  0.41013E+43      14.3201170     57.6606469      0.1000000
 1      3.00000  0.30100E+44  0.25513E+44  0.45873E+43      15.2400942     57.6606469      0.1000000
 1      5.00000  0.30050E+44  0.24918E+44  0.51318E+43      17.0776952     57.6606469      0.1000000
 1     10.00000  0.22530E+44  0.18233E+44  0.42968E+43      19.0712700     57.6606469      0.1000000
 1     30.00000  0.67610E+43  0.44321E+43  0.23289E+43      34.4464115     57.6606469      0.1000000
  
 2      1.00000  0.26150E+44  0.23022E+44  0.31282E+43      11.9625507     57.6606469      1.0000000
 2      2.00000  0.28640E+44  0.24539E+44  0.41013E+43      14.3201170     57.6606469      1.0000000
 2      3.00000  0.30100E+44  0.25513E+44  0.45873E+43      15.2400942     57.6606469      1.0000000
 2      5.00000  0.30050E+44  0.24918E+44  0.51318E+43      17.0776952     57.6606469      1.0000000
 2     10.00000  0.22530E+44  0.18233E+44  0.42968E+43      19.0712700     57.6606469      1.0000000
 2     30.00000  0.67610E+43  0.44321E+43  0.23289E+43      34.4464115     57.6606469      1.0000000
  
 3      1.00000  0.26150E+44  0.26379E+44 -0.22913E+42      -0.8761987      6.7819723      0.5000000
 3      2.00000  0.28640E+44  0.29915E+44 -0.12754E+43      -4.4532138      6.7819723      0.5000000
 3      3.00000  0.30100E+44  0.32293E+44 -0.21931E+43      -7.2859559      6.7819723      0.5000000
 3      5.00000  0.30050E+44  0.31258E+44 -0.12085E+43      -4.0214938      6.7819723      0.5000000
 3     10.00000  0.22530E+44  0.21622E+44  0.90780E+42       4.0292955      6.7819723      0.5000000
 3     30.00000  0.67610E+43  0.52274E+43  0.15336E+43      22.6830170      6.7819723      0.5000000
  
 4      1.00000  0.26150E+44  0.25881E+44  0.26915E+42       1.0292570      3.9802367      0.2500000
 4      2.00000  0.28640E+44  0.28819E+44 -0.17900E+42      -0.6250168      3.9802367      0.2500000
 4      3.00000  0.30100E+44  0.30992E+44 -0.89169E+42      -2.9624152      3.9802367      0.2500000
 4      5.00000  0.30050E+44  0.30154E+44 -0.10356E+42      -0.3446372      3.9802367      0.2500000
 4     10.00000  0.22530E+44  0.21066E+44  0.14640E+43       6.4978530      3.9802367      0.2500000
 4     30.00000  0.67610E+43  0.51122E+43  0.16488E+43      24.3865792      3.9802367      0.2500000
  
 5      1.00000  0.26150E+44  0.25849E+44  0.30090E+42       1.1506743      3.9438820      0.1250000
 5      2.00000  0.28640E+44  0.28750E+44 -0.10966E+42      -0.3828866      3.9438820      0.1250000
 5      3.00000  0.30100E+44  0.30958E+44 -0.85762E+42      -2.8492437      3.9438820      0.1250000
 5      5.00000  0.30050E+44  0.30156E+44 -0.10552E+42      -0.3511505      3.9438820      0.1250000
 5     10.00000  0.22530E+44  0.21075E+44  0.14547E+43       6.4567904      3.9438820      0.1250000
 5     30.00000  0.67610E+43  0.51139E+43  0.16471E+43      24.3622727      3.9438820      0.1250000
  
 6      1.00000  0.26150E+44  0.25849E+44  0.30090E+42       1.1506743      3.9438820      1.2500000
 6      2.00000  0.28640E+44  0.28750E+44 -0.10966E+42      -0.3828866      3.9438820      1.2500000
 6      3.00000  0.30100E+44  0.30958E+44 -0.85762E+42      -2.8492437      3.9438820      1.2500000
 6      5.00000  0.30050E+44  0.30156E+44 -0.10552E+42      -0.3511505      3.9438820      1.2500000
 6     10.00000  0.22530E+44  0.21075E+44  0.14547E+43       6.4567904      3.9438820      1.2500000
 6     30.00000  0.67610E+43  0.51139E+43  0.16471E+43      24.3622727      3.9438820      1.2500000
  
 7      1.00000  0.26150E+44  0.25849E+44  0.30090E+42       1.1506743      3.9438820     12.5000000
 7      2.00000  0.28640E+44  0.28750E+44 -0.10966E+42      -0.3828866      3.9438820     12.5000000
 7      3.00000  0.30100E+44  0.30958E+44 -0.85762E+42      -2.8492437      3.9438820     12.5000000
 7      5.00000  0.30050E+44  0.30156E+44 -0.10552E+42      -0.3511505      3.9438820     12.5000000
 7     10.00000  0.22530E+44  0.21075E+44  0.14547E+43       6.4567904      3.9438820     12.5000000
 7     30.00000  0.67610E+43  0.51139E+43  0.16471E+43      24.3622727      3.9438820     12.5000000
  
 8      1.00000  0.26150E+44  0.25849E+44  0.30090E+42       1.1506743      3.9438820    125.0000000
 8      2.00000  0.28640E+44  0.28750E+44 -0.10966E+42      -0.3828866      3.9438820    125.0000000
 8      3.00000  0.30100E+44  0.30958E+44 -0.85762E+42      -2.8492437      3.9438820    125.0000000
 8      5.00000  0.30050E+44  0.30156E+44 -0.10552E+42      -0.3511505      3.9438820    125.0000000
 8     10.00000  0.22530E+44  0.21075E+44  0.14547E+43       6.4567904      3.9438820    125.0000000
 8     30.00000  0.67610E+43  0.51139E+43  0.16471E+43      24.3622727      3.9438820    125.0000000
  
 9      1.00000  0.26150E+44  0.25849E+44  0.30090E+42       1.1506743      3.9438820   1250.0000000
 9      2.00000  0.28640E+44  0.28750E+44 -0.10966E+42      -0.3828866      3.9438820   1250.0000000
 9      3.00000  0.30100E+44  0.30958E+44 -0.85762E+42      -2.8492437      3.9438820   1250.0000000
 9      5.00000  0.30050E+44  0.30156E+44 -0.10552E+42      -0.3511505      3.9438820   1250.0000000
 9     10.00000  0.22530E+44  0.21075E+44  0.14547E+43       6.4567904      3.9438820   1250.0000000
 9     30.00000  0.67610E+43  0.51139E+43  0.16471E+43      24.3622727      3.9438820   1250.0000000
  
10      1.00000  0.26150E+44  0.25849E+44  0.30090E+42       1.1506743      3.9438820  12500.0000000
10      2.00000  0.28640E+44  0.28750E+44 -0.10966E+42      -0.3828866      3.9438820  12500.0000000
10      3.00000  0.30100E+44  0.30958E+44 -0.85762E+42      -2.8492437      3.9438820  12500.0000000
10      5.00000  0.30050E+44  0.30156E+44 -0.10552E+42      -0.3511505      3.9438820  12500.0000000
10     10.00000  0.22530E+44  0.21075E+44  0.14547E+43       6.4567904      3.9438820  12500.0000000
10     30.00000  0.67610E+43  0.51139E+43  0.16471E+43      24.3622727      3.9438820  12500.0000000
  
11      1.00000  0.26150E+44  0.25849E+44  0.30090E+42       1.1506743      3.9438820 125000.0000000
11      2.00000  0.28640E+44  0.28750E+44 -0.10966E+42      -0.3828866      3.9438820 125000.0000000
11      3.00000  0.30100E+44  0.30958E+44 -0.85762E+42      -2.8492437      3.9438820 125000.0000000
11      5.00000  0.30050E+44  0.30156E+44 -0.10552E+42      -0.3511505      3.9438820 125000.0000000
11     10.00000  0.22530E+44  0.21075E+44  0.14547E+43       6.4567904      3.9438820 125000.0000000
11     30.00000  0.67610E+43  0.51139E+43  0.16471E+43      24.3622727      3.9438820 125000.0000000
  
12      1.00000  0.26150E+44  0.25849E+44  0.30090E+42       1.1506743      3.9438820 **************
12      2.00000  0.28640E+44  0.28750E+44 -0.10966E+42      -0.3828866      3.9438820 **************
12      3.00000  0.30100E+44  0.30958E+44 -0.85762E+42      -2.8492437      3.9438820 **************
12      5.00000  0.30050E+44  0.30156E+44 -0.10552E+42      -0.3511505      3.9438820 **************
12     10.00000  0.22530E+44  0.21075E+44  0.14547E+43       6.4567904      3.9438820 **************
12     30.00000  0.67610E+43  0.51139E+43  0.16471E+43      24.3622727      3.9438820 **************
  
13      1.00000  0.26150E+44  0.25849E+44  0.30090E+42       1.1506743      3.9438820 **************
13      2.00000  0.28640E+44  0.28750E+44 -0.10966E+42      -0.3828866      3.9438820 **************
13      3.00000  0.30100E+44  0.30958E+44 -0.85762E+42      -2.8492437      3.9438820 **************
13      5.00000  0.30050E+44  0.30156E+44 -0.10552E+42      -0.3511505      3.9438820 **************
13     10.00000  0.22530E+44  0.21075E+44  0.14547E+43       6.4567904      3.9438820 **************
13     30.00000  0.67610E+43  0.51139E+43  0.16471E+43      24.3622727      3.9438820 **************
  
14      1.00000  0.26150E+44  0.25849E+44  0.30090E+42       1.1506743      3.9438820 **************
14      2.00000  0.28640E+44  0.28750E+44 -0.10966E+42      -0.3828866      3.9438820 **************
14      3.00000  0.30100E+44  0.30958E+44 -0.85762E+42      -2.8492437      3.9438820 **************
14      5.00000  0.30050E+44  0.30156E+44 -0.10552E+42      -0.3511505      3.9438820 **************
14     10.00000  0.22530E+44  0.21075E+44  0.14547E+43       6.4567904      3.9438820 **************
14     30.00000  0.67610E+43  0.51139E+43  0.16471E+43      24.3622727      3.9438820 **************
  
15      1.00000  0.26150E+44  0.25849E+44  0.30090E+42       1.1506511      3.9438808 **************
15      2.00000  0.28640E+44  0.28750E+44 -0.10966E+42      -0.3829012      3.9438808 **************
15      3.00000  0.30100E+44  0.30958E+44 -0.85763E+42      -2.8492540      3.9438808 **************
15      5.00000  0.30050E+44  0.30156E+44 -0.10552E+42      -0.3511570      3.9438808 **************
15     10.00000  0.22530E+44  0.21075E+44  0.14547E+43       6.4567860      3.9438808 **************
15     30.00000  0.67610E+43  0.51139E+43  0.16471E+43      24.3622670      3.9438808 **************
  
