 1      1.00000  0.38840E+44  0.33934E+44  0.49057E+43      12.6306283     36.2870949      0.1000000
 1      2.00000  0.42220E+44  0.37632E+44  0.45877E+43      10.8660789     36.2870949      0.1000000
 1      3.00000  0.43490E+44  0.41134E+44  0.23559E+43       5.4171327     36.2870949      0.1000000
 1      5.00000  0.42830E+44  0.41720E+44  0.11096E+43       2.5907136     36.2870949      0.1000000
 1     10.00000  0.36310E+44  0.30444E+44  0.58663E+43      16.1562811     36.2870949      0.1000000
 1     30.00000  0.15500E+44  0.99312E+43  0.55688E+43      35.9277654     36.2870949      0.1000000
  
 2      1.00000  0.38840E+44  0.33934E+44  0.49057E+43      12.6306283     36.2870949      1.0000000
 2      2.00000  0.42220E+44  0.37632E+44  0.45877E+43      10.8660789     36.2870949      1.0000000
 2      3.00000  0.43490E+44  0.41134E+44  0.23559E+43       5.4171327     36.2870949      1.0000000
 2      5.00000  0.42830E+44  0.41720E+44  0.11096E+43       2.5907136     36.2870949      1.0000000
 2     10.00000  0.36310E+44  0.30444E+44  0.58663E+43      16.1562811     36.2870949      1.0000000
 2     30.00000  0.15500E+44  0.99312E+43  0.55688E+43      35.9277654     36.2870949      1.0000000
  
 3      1.00000  0.38840E+44  0.39568E+44 -0.72758E+42      -1.8732741     20.6033308      0.5000000
 3      2.00000  0.42220E+44  0.42810E+44 -0.58987E+42      -1.3971396     20.6033308      0.5000000
 3      3.00000  0.43490E+44  0.44969E+44 -0.14789E+43      -3.4005358     20.6033308      0.5000000
 3      5.00000  0.42830E+44  0.43736E+44 -0.90633E+42      -2.1161192     20.6033308      0.5000000
 3     10.00000  0.36310E+44  0.31275E+44  0.50354E+43      13.8677323     20.6033308      0.5000000
 3     30.00000  0.15500E+44  0.10095E+44  0.54051E+43      34.8715306     20.6033308      0.5000000
  
 4      1.00000  0.38840E+44  0.38757E+44  0.83217E+41       0.2142567     20.3603892      0.2500000
 4      2.00000  0.42220E+44  0.42039E+44  0.18074E+42       0.4281000     20.3603892      0.2500000
 4      3.00000  0.43490E+44  0.44728E+44 -0.12384E+43      -2.8476041     20.3603892      0.2500000
 4      5.00000  0.42830E+44  0.43844E+44 -0.10137E+43      -2.3667839     20.3603892      0.2500000
 4     10.00000  0.36310E+44  0.31266E+44  0.50441E+43      13.8917562     20.3603892      0.2500000
 4     30.00000  0.15500E+44  0.10053E+44  0.54470E+43      35.1417251     20.3603892      0.2500000
  
 5      1.00000  0.38840E+44  0.38667E+44  0.17292E+42       0.4451988     20.2795187      0.1250000
 5      2.00000  0.42220E+44  0.42080E+44  0.13967E+42       0.3308161     20.2795187      0.1250000
 5      3.00000  0.43490E+44  0.44639E+44 -0.11490E+43      -2.6419640     20.2795187      0.1250000
 5      5.00000  0.42830E+44  0.43704E+44 -0.87380E+42      -2.0401492     20.2795187      0.1250000
 5     10.00000  0.36310E+44  0.31243E+44  0.50667E+43      13.9538898     20.2795187      0.1250000
 5     30.00000  0.15500E+44  0.10070E+44  0.54300E+43      35.0319576     20.2795187      0.1250000
  
 6      1.00000  0.38840E+44  0.38667E+44  0.17292E+42       0.4451988     20.2795187      1.2500000
 6      2.00000  0.42220E+44  0.42080E+44  0.13967E+42       0.3308161     20.2795187      1.2500000
 6      3.00000  0.43490E+44  0.44639E+44 -0.11490E+43      -2.6419640     20.2795187      1.2500000
 6      5.00000  0.42830E+44  0.43704E+44 -0.87380E+42      -2.0401492     20.2795187      1.2500000
 6     10.00000  0.36310E+44  0.31243E+44  0.50667E+43      13.9538898     20.2795187      1.2500000
 6     30.00000  0.15500E+44  0.10070E+44  0.54300E+43      35.0319576     20.2795187      1.2500000
  
 7      1.00000  0.38840E+44  0.38667E+44  0.17292E+42       0.4451988     20.2795187     12.5000000
 7      2.00000  0.42220E+44  0.42080E+44  0.13967E+42       0.3308161     20.2795187     12.5000000
 7      3.00000  0.43490E+44  0.44639E+44 -0.11490E+43      -2.6419640     20.2795187     12.5000000
 7      5.00000  0.42830E+44  0.43704E+44 -0.87380E+42      -2.0401492     20.2795187     12.5000000
 7     10.00000  0.36310E+44  0.31243E+44  0.50667E+43      13.9538898     20.2795187     12.5000000
 7     30.00000  0.15500E+44  0.10070E+44  0.54300E+43      35.0319576     20.2795187     12.5000000
  
 8      1.00000  0.38840E+44  0.38667E+44  0.17292E+42       0.4451988     20.2795187    125.0000000
 8      2.00000  0.42220E+44  0.42080E+44  0.13967E+42       0.3308161     20.2795187    125.0000000
 8      3.00000  0.43490E+44  0.44639E+44 -0.11490E+43      -2.6419640     20.2795187    125.0000000
 8      5.00000  0.42830E+44  0.43704E+44 -0.87380E+42      -2.0401492     20.2795187    125.0000000
 8     10.00000  0.36310E+44  0.31243E+44  0.50667E+43      13.9538898     20.2795187    125.0000000
 8     30.00000  0.15500E+44  0.10070E+44  0.54300E+43      35.0319576     20.2795187    125.0000000
  
 9      1.00000  0.38840E+44  0.38667E+44  0.17292E+42       0.4451988     20.2795187   1250.0000000
 9      2.00000  0.42220E+44  0.42080E+44  0.13967E+42       0.3308161     20.2795187   1250.0000000
 9      3.00000  0.43490E+44  0.44639E+44 -0.11490E+43      -2.6419640     20.2795187   1250.0000000
 9      5.00000  0.42830E+44  0.43704E+44 -0.87380E+42      -2.0401492     20.2795187   1250.0000000
 9     10.00000  0.36310E+44  0.31243E+44  0.50667E+43      13.9538898     20.2795187   1250.0000000
 9     30.00000  0.15500E+44  0.10070E+44  0.54300E+43      35.0319576     20.2795187   1250.0000000
  
10      1.00000  0.38840E+44  0.38667E+44  0.17292E+42       0.4451988     20.2795187  12500.0000000
10      2.00000  0.42220E+44  0.42080E+44  0.13967E+42       0.3308161     20.2795187  12500.0000000
10      3.00000  0.43490E+44  0.44639E+44 -0.11490E+43      -2.6419640     20.2795187  12500.0000000
10      5.00000  0.42830E+44  0.43704E+44 -0.87380E+42      -2.0401492     20.2795187  12500.0000000
10     10.00000  0.36310E+44  0.31243E+44  0.50667E+43      13.9538898     20.2795187  12500.0000000
10     30.00000  0.15500E+44  0.10070E+44  0.54300E+43      35.0319576     20.2795187  12500.0000000
  
11      1.00000  0.38840E+44  0.38667E+44  0.17292E+42       0.4451988     20.2795187 125000.0000000
11      2.00000  0.42220E+44  0.42080E+44  0.13967E+42       0.3308161     20.2795187 125000.0000000
11      3.00000  0.43490E+44  0.44639E+44 -0.11490E+43      -2.6419640     20.2795187 125000.0000000
11      5.00000  0.42830E+44  0.43704E+44 -0.87380E+42      -2.0401492     20.2795187 125000.0000000
11     10.00000  0.36310E+44  0.31243E+44  0.50667E+43      13.9538898     20.2795187 125000.0000000
11     30.00000  0.15500E+44  0.10070E+44  0.54300E+43      35.0319576     20.2795187 125000.0000000
  
12      1.00000  0.38840E+44  0.38667E+44  0.17292E+42       0.4451988     20.2795187 **************
12      2.00000  0.42220E+44  0.42080E+44  0.13967E+42       0.3308161     20.2795187 **************
12      3.00000  0.43490E+44  0.44639E+44 -0.11490E+43      -2.6419640     20.2795187 **************
12      5.00000  0.42830E+44  0.43704E+44 -0.87380E+42      -2.0401492     20.2795187 **************
12     10.00000  0.36310E+44  0.31243E+44  0.50667E+43      13.9538898     20.2795187 **************
12     30.00000  0.15500E+44  0.10070E+44  0.54300E+43      35.0319576     20.2795187 **************
  
13      1.00000  0.38840E+44  0.38667E+44  0.17292E+42       0.4451988     20.2795187 **************
13      2.00000  0.42220E+44  0.42080E+44  0.13967E+42       0.3308161     20.2795187 **************
13      3.00000  0.43490E+44  0.44639E+44 -0.11490E+43      -2.6419640     20.2795187 **************
13      5.00000  0.42830E+44  0.43704E+44 -0.87380E+42      -2.0401492     20.2795187 **************
13     10.00000  0.36310E+44  0.31243E+44  0.50667E+43      13.9538898     20.2795187 **************
13     30.00000  0.15500E+44  0.10070E+44  0.54300E+43      35.0319576     20.2795187 **************
  
14      1.00000  0.38840E+44  0.38667E+44  0.17292E+42       0.4451988     20.2795187 **************
14      2.00000  0.42220E+44  0.42080E+44  0.13967E+42       0.3308161     20.2795187 **************
14      3.00000  0.43490E+44  0.44639E+44 -0.11490E+43      -2.6419640     20.2795187 **************
14      5.00000  0.42830E+44  0.43704E+44 -0.87380E+42      -2.0401492     20.2795187 **************
14     10.00000  0.36310E+44  0.31243E+44  0.50667E+43      13.9538898     20.2795187 **************
14     30.00000  0.15500E+44  0.10070E+44  0.54300E+43      35.0319576     20.2795187 **************
  
15      1.00000  0.38840E+44  0.38667E+44  0.17291E+42       0.4451904     20.2795102 **************
15      2.00000  0.42220E+44  0.42080E+44  0.13967E+42       0.3308112     20.2795102 **************
15      3.00000  0.43490E+44  0.44639E+44 -0.11490E+43      -2.6419696     20.2795102 **************
15      5.00000  0.42830E+44  0.43704E+44 -0.87380E+42      -2.0401541     20.2795102 **************
15     10.00000  0.36310E+44  0.31243E+44  0.50667E+43      13.9538872     20.2795102 **************
15     30.00000  0.15500E+44  0.10070E+44  0.54300E+43      35.0319466     20.2795102 **************
  
