 1      1.00000  0.26270E+44  0.20641E+44  0.56292E+43      21.4281733     60.4210693      0.1000000
 1      2.00000  0.26680E+44  0.22156E+44  0.45239E+43      16.9562549     60.4210693      0.1000000
 1      3.00000  0.27870E+44  0.23238E+44  0.46319E+43      16.6197068     60.4210693      0.1000000
 1      5.00000  0.27130E+44  0.23017E+44  0.41125E+43      15.1586465     60.4210693      0.1000000
 1     10.00000  0.20230E+44  0.16919E+44  0.33107E+43      16.3654446     60.4210693      0.1000000
 1     30.00000  0.51310E+43  0.20857E+43  0.30453E+43      59.3516769     60.4210693      0.1000000
  
 2      1.00000  0.26270E+44  0.22294E+44  0.39758E+43      15.1345271     29.1799760      0.0500000
 2      2.00000  0.26680E+44  0.24035E+44  0.26451E+43       9.9142623     29.1799760      0.0500000
 2      3.00000  0.27870E+44  0.25162E+44  0.27078E+43       9.7159728     29.1799760      0.0500000
 2      5.00000  0.27130E+44  0.24621E+44  0.25090E+43       9.2480264     29.1799760      0.0500000
 2     10.00000  0.20230E+44  0.17729E+44  0.25010E+43      12.3630353     29.1799760      0.0500000
 2     30.00000  0.51310E+43  0.21869E+43  0.29441E+43      57.3781458     29.1799760      0.0500000
  
 3      1.00000  0.26270E+44  0.26426E+44 -0.15590E+42      -0.5934496      7.0502908      0.0250000
 3      2.00000  0.26680E+44  0.27579E+44 -0.89862E+42      -3.3681531      7.0502908      0.0250000
 3      3.00000  0.27870E+44  0.28763E+44 -0.89285E+42      -3.2036245      7.0502908      0.0250000
 3      5.00000  0.27130E+44  0.27651E+44 -0.52078E+42      -1.9195790      7.0502908      0.0250000
 3     10.00000  0.20230E+44  0.19397E+44  0.83308E+42       4.1180568      7.0502908      0.0250000
 3     30.00000  0.51310E+43  0.25791E+43  0.25519E+43      49.7340331      7.0502908      0.0250000
  
 4      1.00000  0.26270E+44  0.25979E+44  0.29095E+42       1.1075243      6.7404214      0.0125000
 4      2.00000  0.26680E+44  0.27038E+44 -0.35806E+42      -1.3420422      6.7404214      0.0125000
 4      3.00000  0.27870E+44  0.28279E+44 -0.40895E+42      -1.4673536      6.7404214      0.0125000
 4      5.00000  0.27130E+44  0.27345E+44 -0.21533E+42      -0.7936803      6.7404214      0.0125000
 4     10.00000  0.20230E+44  0.19230E+44  0.10004E+43       4.9451030      6.7404214      0.0125000
 4     30.00000  0.51310E+43  0.24813E+43  0.26497E+43      51.6407981      6.7404214      0.0125000
  
 5      1.00000  0.26270E+44  0.25923E+44  0.34686E+42       1.3203628      6.6518694      0.0062500
 5      2.00000  0.26680E+44  0.27051E+44 -0.37140E+42      -1.3920463      6.6518694      0.0062500
 5      3.00000  0.27870E+44  0.28293E+44 -0.42271E+42      -1.5167383      6.6518694      0.0062500
 5      5.00000  0.27130E+44  0.27334E+44 -0.20404E+42      -0.7520682      6.6518694      0.0062500
 5     10.00000  0.20230E+44  0.19237E+44  0.99338E+42       4.9104171      6.6518694      0.0062500
 5     30.00000  0.51310E+43  0.25158E+43  0.26152E+43      50.9686646      6.6518694      0.0062500
  
 6      1.00000  0.26270E+44  0.25923E+44  0.34686E+42       1.3203628      6.6518694      0.0625000
 6      2.00000  0.26680E+44  0.27051E+44 -0.37140E+42      -1.3920463      6.6518694      0.0625000
 6      3.00000  0.27870E+44  0.28293E+44 -0.42271E+42      -1.5167383      6.6518694      0.0625000
 6      5.00000  0.27130E+44  0.27334E+44 -0.20404E+42      -0.7520682      6.6518694      0.0625000
 6     10.00000  0.20230E+44  0.19237E+44  0.99338E+42       4.9104171      6.6518694      0.0625000
 6     30.00000  0.51310E+43  0.25158E+43  0.26152E+43      50.9686646      6.6518694      0.0625000
  
 7      1.00000  0.26270E+44  0.25923E+44  0.34686E+42       1.3203628      6.6518694      0.6250000
 7      2.00000  0.26680E+44  0.27051E+44 -0.37140E+42      -1.3920463      6.6518694      0.6250000
 7      3.00000  0.27870E+44  0.28293E+44 -0.42271E+42      -1.5167383      6.6518694      0.6250000
 7      5.00000  0.27130E+44  0.27334E+44 -0.20404E+42      -0.7520682      6.6518694      0.6250000
 7     10.00000  0.20230E+44  0.19237E+44  0.99338E+42       4.9104171      6.6518694      0.6250000
 7     30.00000  0.51310E+43  0.25158E+43  0.26152E+43      50.9686646      6.6518694      0.6250000
  
 8      1.00000  0.26270E+44  0.25923E+44  0.34686E+42       1.3203628      6.6518694      6.2500000
 8      2.00000  0.26680E+44  0.27051E+44 -0.37140E+42      -1.3920463      6.6518694      6.2500000
 8      3.00000  0.27870E+44  0.28293E+44 -0.42271E+42      -1.5167383      6.6518694      6.2500000
 8      5.00000  0.27130E+44  0.27334E+44 -0.20404E+42      -0.7520682      6.6518694      6.2500000
 8     10.00000  0.20230E+44  0.19237E+44  0.99338E+42       4.9104171      6.6518694      6.2500000
 8     30.00000  0.51310E+43  0.25158E+43  0.26152E+43      50.9686646      6.6518694      6.2500000
  
 9      1.00000  0.26270E+44  0.25923E+44  0.34686E+42       1.3203628      6.6518694     62.5000000
 9      2.00000  0.26680E+44  0.27051E+44 -0.37140E+42      -1.3920463      6.6518694     62.5000000
 9      3.00000  0.27870E+44  0.28293E+44 -0.42271E+42      -1.5167383      6.6518694     62.5000000
 9      5.00000  0.27130E+44  0.27334E+44 -0.20404E+42      -0.7520682      6.6518694     62.5000000
 9     10.00000  0.20230E+44  0.19237E+44  0.99338E+42       4.9104171      6.6518694     62.5000000
 9     30.00000  0.51310E+43  0.25158E+43  0.26152E+43      50.9686646      6.6518694     62.5000000
  
10      1.00000  0.26270E+44  0.25923E+44  0.34686E+42       1.3203628      6.6518694    625.0000000
10      2.00000  0.26680E+44  0.27051E+44 -0.37140E+42      -1.3920463      6.6518694    625.0000000
10      3.00000  0.27870E+44  0.28293E+44 -0.42271E+42      -1.5167383      6.6518694    625.0000000
10      5.00000  0.27130E+44  0.27334E+44 -0.20404E+42      -0.7520682      6.6518694    625.0000000
10     10.00000  0.20230E+44  0.19237E+44  0.99338E+42       4.9104171      6.6518694    625.0000000
10     30.00000  0.51310E+43  0.25158E+43  0.26152E+43      50.9686646      6.6518694    625.0000000
  
11      1.00000  0.26270E+44  0.25923E+44  0.34686E+42       1.3203628      6.6518694   6250.0000000
11      2.00000  0.26680E+44  0.27051E+44 -0.37140E+42      -1.3920463      6.6518694   6250.0000000
11      3.00000  0.27870E+44  0.28293E+44 -0.42271E+42      -1.5167383      6.6518694   6250.0000000
11      5.00000  0.27130E+44  0.27334E+44 -0.20404E+42      -0.7520682      6.6518694   6250.0000000
11     10.00000  0.20230E+44  0.19237E+44  0.99338E+42       4.9104171      6.6518694   6250.0000000
11     30.00000  0.51310E+43  0.25158E+43  0.26152E+43      50.9686646      6.6518694   6250.0000000
  
12      1.00000  0.26270E+44  0.25923E+44  0.34686E+42       1.3203628      6.6518694  62500.0000000
12      2.00000  0.26680E+44  0.27051E+44 -0.37140E+42      -1.3920463      6.6518694  62500.0000000
12      3.00000  0.27870E+44  0.28293E+44 -0.42271E+42      -1.5167383      6.6518694  62500.0000000
12      5.00000  0.27130E+44  0.27334E+44 -0.20404E+42      -0.7520682      6.6518694  62500.0000000
12     10.00000  0.20230E+44  0.19237E+44  0.99338E+42       4.9104171      6.6518694  62500.0000000
12     30.00000  0.51310E+43  0.25158E+43  0.26152E+43      50.9686646      6.6518694  62500.0000000
  
13      1.00000  0.26270E+44  0.25923E+44  0.34686E+42       1.3203628      6.6518694 625000.0000000
13      2.00000  0.26680E+44  0.27051E+44 -0.37140E+42      -1.3920463      6.6518694 625000.0000000
13      3.00000  0.27870E+44  0.28293E+44 -0.42271E+42      -1.5167383      6.6518694 625000.0000000
13      5.00000  0.27130E+44  0.27334E+44 -0.20404E+42      -0.7520682      6.6518694 625000.0000000
13     10.00000  0.20230E+44  0.19237E+44  0.99338E+42       4.9104171      6.6518694 625000.0000000
13     30.00000  0.51310E+43  0.25158E+43  0.26152E+43      50.9686646      6.6518694 625000.0000000
  
14      1.00000  0.26270E+44  0.25923E+44  0.34686E+42       1.3203628      6.6518694 **************
14      2.00000  0.26680E+44  0.27051E+44 -0.37140E+42      -1.3920463      6.6518694 **************
14      3.00000  0.27870E+44  0.28293E+44 -0.42271E+42      -1.5167383      6.6518694 **************
14      5.00000  0.27130E+44  0.27334E+44 -0.20404E+42      -0.7520682      6.6518694 **************
14     10.00000  0.20230E+44  0.19237E+44  0.99338E+42       4.9104171      6.6518694 **************
14     30.00000  0.51310E+43  0.25158E+43  0.26152E+43      50.9686646      6.6518694 **************
  
15      1.00000  0.26270E+44  0.25923E+44  0.34696E+42       1.3207413      6.6518589 **************
15      2.00000  0.26680E+44  0.27051E+44 -0.37128E+42      -1.3915855      6.6518589 **************
15      3.00000  0.27870E+44  0.28293E+44 -0.42259E+42      -1.5163060      6.6518589 **************
15      5.00000  0.27130E+44  0.27334E+44 -0.20394E+42      -0.7517316      6.6518589 **************
15     10.00000  0.20230E+44  0.19237E+44  0.99342E+42       4.9106380      6.6518589 **************
15     30.00000  0.51310E+43  0.25158E+43  0.26152E+43      50.9688041      6.6518589 **************
  
