 1      1.00000  0.30500E+44  0.30764E+44 -0.26449E+42      -0.8671913     34.3204152      0.1000000
 1      2.00000  0.31220E+44  0.34693E+44 -0.34729E+43     -11.1239354     34.3204152      0.1000000
 1      3.00000  0.33590E+44  0.38446E+44 -0.48557E+43     -14.4557372     34.3204152      0.1000000
 1      5.00000  0.34120E+44  0.39681E+44 -0.55609E+43     -16.2980193     34.3204152      0.1000000
 1     10.00000  0.30010E+44  0.29679E+44  0.33120E+42       1.1036227     34.3204152      0.1000000
 1     30.00000  0.13350E+44  0.10563E+44  0.27866E+43      20.8735975     34.3204152      0.1000000
  
 2      1.00000  0.30500E+44  0.25660E+44  0.48401E+43      15.8691278     23.7144557      0.0500000
 2      2.00000  0.31220E+44  0.28230E+44  0.29897E+43       9.5761540     23.7144557      0.0500000
 2      3.00000  0.33590E+44  0.31303E+44  0.22868E+43       6.8079647     23.7144557      0.0500000
 2      5.00000  0.34120E+44  0.34094E+44  0.25540E+41       0.0748533     23.7144557      0.0500000
 2     10.00000  0.30010E+44  0.27672E+44  0.23377E+43       7.7896945     23.7144557      0.0500000
 2     30.00000  0.13350E+44  0.10478E+44  0.28718E+43      21.5112645     23.7144557      0.0500000
  
 3      1.00000  0.30500E+44  0.31481E+44 -0.98069E+42      -3.2153828      7.7013290      0.0250000
 3      2.00000  0.31220E+44  0.31778E+44 -0.55776E+42      -1.7865441      7.7013290      0.0250000
 3      3.00000  0.33590E+44  0.33643E+44 -0.53292E+41      -0.1586536      7.7013290      0.0250000
 3      5.00000  0.34120E+44  0.35221E+44 -0.11007E+43      -3.2259804      7.7013290      0.0250000
 3     10.00000  0.30010E+44  0.28090E+44  0.19204E+43       6.3992703      7.7013290      0.0250000
 3     30.00000  0.13350E+44  0.10543E+44  0.28071E+43      21.0272943      7.7013290      0.0250000
  
 4      1.00000  0.30500E+44  0.30452E+44  0.47843E+41       0.1568621      7.1351581      0.0125000
 4      2.00000  0.31220E+44  0.31340E+44 -0.12017E+42      -0.3849292      7.1351581      0.0125000
 4      3.00000  0.33590E+44  0.33485E+44  0.10525E+42       0.3133299      7.1351581      0.0125000
 4      5.00000  0.34120E+44  0.35248E+44 -0.11278E+43      -3.3054422      7.1351581      0.0125000
 4     10.00000  0.30010E+44  0.28112E+44  0.18978E+43       6.3238821      7.1351581      0.0125000
 4     30.00000  0.13350E+44  0.10541E+44  0.28086E+43      21.0384712      7.1351581      0.0125000
  
 5      1.00000  0.30500E+44  0.30392E+44  0.10750E+42       0.3524637      7.1311212      0.0062500
 5      2.00000  0.31220E+44  0.31322E+44 -0.10211E+42      -0.3270556      7.1311212      0.0062500
 5      3.00000  0.33590E+44  0.33473E+44  0.11745E+42       0.3496717      7.1311212      0.0062500
 5      5.00000  0.34120E+44  0.35236E+44 -0.11157E+43      -3.2697881      7.1311212      0.0062500
 5     10.00000  0.30010E+44  0.28109E+44  0.19010E+43       6.3346876      7.1311212      0.0062500
 5     30.00000  0.13350E+44  0.10542E+44  0.28077E+43      21.0313026      7.1311212      0.0062500
  
 6      1.00000  0.30500E+44  0.30392E+44  0.10750E+42       0.3524637      7.1311212      0.0625000
 6      2.00000  0.31220E+44  0.31322E+44 -0.10211E+42      -0.3270556      7.1311212      0.0625000
 6      3.00000  0.33590E+44  0.33473E+44  0.11745E+42       0.3496717      7.1311212      0.0625000
 6      5.00000  0.34120E+44  0.35236E+44 -0.11157E+43      -3.2697881      7.1311212      0.0625000
 6     10.00000  0.30010E+44  0.28109E+44  0.19010E+43       6.3346876      7.1311212      0.0625000
 6     30.00000  0.13350E+44  0.10542E+44  0.28077E+43      21.0313026      7.1311212      0.0625000
  
 7      1.00000  0.30500E+44  0.30392E+44  0.10750E+42       0.3524637      7.1311212      0.6250000
 7      2.00000  0.31220E+44  0.31322E+44 -0.10211E+42      -0.3270556      7.1311212      0.6250000
 7      3.00000  0.33590E+44  0.33473E+44  0.11745E+42       0.3496717      7.1311212      0.6250000
 7      5.00000  0.34120E+44  0.35236E+44 -0.11157E+43      -3.2697881      7.1311212      0.6250000
 7     10.00000  0.30010E+44  0.28109E+44  0.19010E+43       6.3346876      7.1311212      0.6250000
 7     30.00000  0.13350E+44  0.10542E+44  0.28077E+43      21.0313026      7.1311212      0.6250000
  
 8      1.00000  0.30500E+44  0.30392E+44  0.10750E+42       0.3524637      7.1311212      6.2500000
 8      2.00000  0.31220E+44  0.31322E+44 -0.10211E+42      -0.3270556      7.1311212      6.2500000
 8      3.00000  0.33590E+44  0.33473E+44  0.11745E+42       0.3496717      7.1311212      6.2500000
 8      5.00000  0.34120E+44  0.35236E+44 -0.11157E+43      -3.2697881      7.1311212      6.2500000
 8     10.00000  0.30010E+44  0.28109E+44  0.19010E+43       6.3346876      7.1311212      6.2500000
 8     30.00000  0.13350E+44  0.10542E+44  0.28077E+43      21.0313026      7.1311212      6.2500000
  
 9      1.00000  0.30500E+44  0.30392E+44  0.10750E+42       0.3524637      7.1311212     62.5000000
 9      2.00000  0.31220E+44  0.31322E+44 -0.10211E+42      -0.3270556      7.1311212     62.5000000
 9      3.00000  0.33590E+44  0.33473E+44  0.11745E+42       0.3496717      7.1311212     62.5000000
 9      5.00000  0.34120E+44  0.35236E+44 -0.11157E+43      -3.2697881      7.1311212     62.5000000
 9     10.00000  0.30010E+44  0.28109E+44  0.19010E+43       6.3346876      7.1311212     62.5000000
 9     30.00000  0.13350E+44  0.10542E+44  0.28077E+43      21.0313026      7.1311212     62.5000000
  
10      1.00000  0.30500E+44  0.30392E+44  0.10750E+42       0.3524637      7.1311212    625.0000000
10      2.00000  0.31220E+44  0.31322E+44 -0.10211E+42      -0.3270556      7.1311212    625.0000000
10      3.00000  0.33590E+44  0.33473E+44  0.11745E+42       0.3496717      7.1311212    625.0000000
10      5.00000  0.34120E+44  0.35236E+44 -0.11157E+43      -3.2697881      7.1311212    625.0000000
10     10.00000  0.30010E+44  0.28109E+44  0.19010E+43       6.3346876      7.1311212    625.0000000
10     30.00000  0.13350E+44  0.10542E+44  0.28077E+43      21.0313026      7.1311212    625.0000000
  
11      1.00000  0.30500E+44  0.30392E+44  0.10750E+42       0.3524637      7.1311212   6250.0000000
11      2.00000  0.31220E+44  0.31322E+44 -0.10211E+42      -0.3270556      7.1311212   6250.0000000
11      3.00000  0.33590E+44  0.33473E+44  0.11745E+42       0.3496717      7.1311212   6250.0000000
11      5.00000  0.34120E+44  0.35236E+44 -0.11157E+43      -3.2697881      7.1311212   6250.0000000
11     10.00000  0.30010E+44  0.28109E+44  0.19010E+43       6.3346876      7.1311212   6250.0000000
11     30.00000  0.13350E+44  0.10542E+44  0.28077E+43      21.0313026      7.1311212   6250.0000000
  
12      1.00000  0.30500E+44  0.30393E+44  0.10722E+42       0.3515427      7.1311152   3125.0000000
12      2.00000  0.31220E+44  0.31322E+44 -0.10232E+42      -0.3277309      7.1311152   3125.0000000
12      3.00000  0.33590E+44  0.33472E+44  0.11767E+42       0.3503159      7.1311152   3125.0000000
12      5.00000  0.34120E+44  0.35235E+44 -0.11151E+43      -3.2682154      7.1311152   3125.0000000
12     10.00000  0.30010E+44  0.28109E+44  0.19013E+43       6.3354761      7.1311152   3125.0000000
12     30.00000  0.13350E+44  0.10542E+44  0.28077E+43      21.0313600      7.1311152   3125.0000000
  
13      1.00000  0.30500E+44  0.30393E+44  0.10710E+42       0.3511321      7.1310517   1562.5000000
13      2.00000  0.31220E+44  0.31323E+44 -0.10281E+42      -0.3293098      7.1310517   1562.5000000
13      3.00000  0.33590E+44  0.33472E+44  0.11767E+42       0.3503152      7.1310517   1562.5000000
13      5.00000  0.34120E+44  0.35235E+44 -0.11146E+43      -3.2666929      7.1310517   1562.5000000
13     10.00000  0.30010E+44  0.28109E+44  0.19015E+43       6.3362211      7.1310517   1562.5000000
13     30.00000  0.13350E+44  0.10542E+44  0.28077E+43      21.0312417      7.1310517   1562.5000000
  
14      1.00000  0.30500E+44  0.30393E+44  0.10710E+42       0.3511321      7.1310517  15625.0000000
14      2.00000  0.31220E+44  0.31323E+44 -0.10281E+42      -0.3293098      7.1310517  15625.0000000
14      3.00000  0.33590E+44  0.33472E+44  0.11767E+42       0.3503152      7.1310517  15625.0000000
14      5.00000  0.34120E+44  0.35235E+44 -0.11146E+43      -3.2666929      7.1310517  15625.0000000
14     10.00000  0.30010E+44  0.28109E+44  0.19015E+43       6.3362211      7.1310517  15625.0000000
14     30.00000  0.13350E+44  0.10542E+44  0.28077E+43      21.0312417      7.1310517  15625.0000000
  
15      1.00000  0.30500E+44  0.30393E+44  0.10710E+42       0.3511368      7.1310499   7812.5000000
15      2.00000  0.31220E+44  0.31323E+44 -0.10292E+42      -0.3296515      7.1310499   7812.5000000
15      3.00000  0.33590E+44  0.33472E+44  0.11762E+42       0.3501645      7.1310499   7812.5000000
15      5.00000  0.34120E+44  0.35235E+44 -0.11146E+43      -3.2665973      7.1310499   7812.5000000
15     10.00000  0.30010E+44  0.28108E+44  0.19015E+43       6.3362729      7.1310499   7812.5000000
15     30.00000  0.13350E+44  0.10542E+44  0.28077E+43      21.0312317      7.1310499   7812.5000000
  
