 1      1.00000  0.37690E+44  0.30256E+44  0.74341E+43      19.7243716     64.1843748      0.1000000
 1      2.00000  0.44060E+44  0.34555E+44  0.95053E+43      21.5734794     64.1843748      0.1000000
 1      3.00000  0.45480E+44  0.38590E+44  0.68896E+43      15.1485944     64.1843748      0.1000000
 1      5.00000  0.43550E+44  0.39920E+44  0.36303E+43       8.3358639     64.1843748      0.1000000
 1     10.00000  0.32050E+44  0.29631E+44  0.24193E+43       7.5486402     64.1843748      0.1000000
 1     30.00000  0.11300E+44  0.10374E+44  0.92610E+42       8.1955623     64.1843748      0.1000000
  
 2      1.00000  0.37690E+44  0.32719E+44  0.49714E+43      13.1901333     25.2822131      0.0500000
 2      2.00000  0.44060E+44  0.37715E+44  0.63449E+43      14.4006970     25.2822131      0.0500000
 2      3.00000  0.45480E+44  0.41823E+44  0.36568E+43       8.0405149     25.2822131      0.0500000
 2      5.00000  0.43550E+44  0.42122E+44  0.14282E+43       3.2794056     25.2822131      0.0500000
 2     10.00000  0.32050E+44  0.30317E+44  0.17333E+43       5.4081694     25.2822131      0.0500000
 2     30.00000  0.11300E+44  0.10372E+44  0.92831E+42       8.2150938     25.2822131      0.0500000
  
 3      1.00000  0.37690E+44  0.40492E+44 -0.28017E+43      -7.4334346      3.2325802      0.0250000
 3      2.00000  0.44060E+44  0.44364E+44 -0.30388E+42      -0.6896891      3.2325802      0.0250000
 3      3.00000  0.45480E+44  0.46236E+44 -0.75613E+42      -1.6625489      3.2325802      0.0250000
 3      5.00000  0.43550E+44  0.44210E+44 -0.66029E+42      -1.5161588      3.2325802      0.0250000
 3     10.00000  0.32050E+44  0.31029E+44  0.10214E+43       3.1869766      3.2325802      0.0250000
 3     30.00000  0.11300E+44  0.10441E+44  0.85939E+42       7.6051771      3.2325802      0.0250000
  
 4      1.00000  0.37690E+44  0.38081E+44 -0.39074E+42      -1.0367276      1.0581709      0.0125000
 4      2.00000  0.44060E+44  0.43389E+44  0.67140E+42       1.5238404      1.0581709      0.0125000
 4      3.00000  0.45480E+44  0.45891E+44 -0.41072E+42      -0.9030884      1.0581709      0.0125000
 4      5.00000  0.43550E+44  0.44165E+44 -0.61511E+42      -1.4124140      1.0581709      0.0125000
 4     10.00000  0.32050E+44  0.31026E+44  0.10242E+43       3.1957627      1.0581709      0.0125000
 4     30.00000  0.11300E+44  0.10445E+44  0.85503E+42       7.5665939      1.0581709      0.0125000
  
 5      1.00000  0.37690E+44  0.37945E+44 -0.25513E+42      -0.6769272      1.0505679      0.0062500
 5      2.00000  0.44060E+44  0.43340E+44  0.72007E+42       1.6342990      1.0505679      0.0062500
 5      3.00000  0.45480E+44  0.45875E+44 -0.39539E+42      -0.8693728      1.0505679      0.0062500
 5      5.00000  0.43550E+44  0.44164E+44 -0.61423E+42      -1.4103943      1.0505679      0.0062500
 5     10.00000  0.32050E+44  0.31027E+44  0.10235E+43       3.1933740      1.0505679      0.0062500
 5     30.00000  0.11300E+44  0.10446E+44  0.85436E+42       7.5607014      1.0505679      0.0062500
  
