 1      1.00000  0.40760E+44  0.23650E+44  0.17110E+44      41.9779263    260.8655027      0.1000000
 1      2.00000  0.40030E+44  0.26009E+44  0.14021E+44      35.0274499    260.8655027      0.1000000
 1      3.00000  0.38970E+44  0.28035E+44  0.10935E+44      28.0596451    260.8655027      0.1000000
 1      5.00000  0.36500E+44  0.28831E+44  0.76686E+43      21.0098353    260.8655027      0.1000000
 1     10.00000  0.25850E+44  0.22590E+44  0.32596E+43      12.6094937    260.8655027      0.1000000
 1     30.00000  0.76660E+43  0.69598E+43  0.70624E+42       9.2125711    260.8655027      0.1000000
  
 2      1.00000  0.40760E+44  0.27079E+44  0.13681E+44      33.5658437    133.9131293      0.0500000
 2      2.00000  0.40030E+44  0.30043E+44  0.99869E+43      24.9486485    133.9131293      0.0500000
 2      3.00000  0.38970E+44  0.32212E+44  0.67580E+43      17.3414975    133.9131293      0.0500000
 2      5.00000  0.36500E+44  0.32216E+44  0.42836E+43      11.7357550    133.9131293      0.0500000
 2     10.00000  0.25850E+44  0.24188E+44  0.16621E+43       6.4299584    133.9131293      0.0500000
 2     30.00000  0.76660E+43  0.72268E+43  0.43922E+42       5.7294173    133.9131293      0.0500000
  
 3      1.00000  0.40760E+44  0.47002E+44 -0.62423E+43     -15.3148103     14.9280603      0.0250000
 3      2.00000  0.40030E+44  0.41305E+44 -0.12755E+43      -3.1862537     14.9280603      0.0250000
 3      3.00000  0.38970E+44  0.39564E+44 -0.59357E+42      -1.5231421     14.9280603      0.0250000
 3      5.00000  0.36500E+44  0.36075E+44  0.42483E+42       1.1639181     14.9280603      0.0250000
 3     10.00000  0.25850E+44  0.25537E+44  0.31328E+42       1.2118962     14.9280603      0.0250000
 3     30.00000  0.76660E+43  0.74050E+43  0.26096E+42       3.4041584     14.9280603      0.0250000
  
 4      1.00000  0.40760E+44  0.41342E+44 -0.58208E+42      -1.4280668      0.2519375      0.0125000
 4      2.00000  0.40030E+44  0.39882E+44  0.14753E+42       0.3685536      0.2519375      0.0125000
 4      3.00000  0.38970E+44  0.39355E+44 -0.38472E+42      -0.9872245      0.2519375      0.0125000
 4      5.00000  0.36500E+44  0.36380E+44  0.12016E+42       0.3292037      0.2519375      0.0125000
 4     10.00000  0.25850E+44  0.25781E+44  0.69307E+41       0.2681116      0.2519375      0.0125000
 4     30.00000  0.76660E+43  0.74599E+43  0.20611E+42       2.6886183      0.2519375      0.0125000
  
 5      1.00000  0.40760E+44  0.40798E+44 -0.37615E+41      -0.0922853      0.1397165      0.0062500
 5      2.00000  0.40030E+44  0.39755E+44  0.27456E+42       0.6858922      0.1397165      0.0062500
 5      3.00000  0.38970E+44  0.39326E+44 -0.35619E+42      -0.9140126      0.1397165      0.0062500
 5      5.00000  0.36500E+44  0.36387E+44  0.11257E+42       0.3083986      0.1397165      0.0062500
 5     10.00000  0.25850E+44  0.25791E+44  0.58943E+41       0.2280195      0.1397165      0.0062500
 5     30.00000  0.76660E+43  0.74626E+43  0.20340E+42       2.6532568      0.1397165      0.0062500
  
