 1      1.00000  0.44170E+44  0.34151E+44  0.10019E+44      22.6832667    247.3521082      0.1000000
 1      2.00000  0.47700E+44  0.35469E+44  0.12231E+44      25.6421121    247.3521082      0.1000000
 1      3.00000  0.49170E+44  0.36309E+44  0.12861E+44      26.1552115    247.3521082      0.1000000
 1      5.00000  0.48320E+44  0.34876E+44  0.13444E+44      27.8231276    247.3521082      0.1000000
 1     10.00000  0.35830E+44  0.25555E+44  0.10275E+44      28.6763849    247.3521082      0.1000000
 1     30.00000  0.11180E+44  0.79441E+43  0.32359E+43      28.9437120    247.3521082      0.1000000
  
 2      1.00000  0.44170E+44  0.47805E+44 -0.36346E+43      -8.2286528     31.8181919      0.0500000
 2      2.00000  0.47700E+44  0.50281E+44 -0.25807E+43      -5.4103528     31.8181919      0.0500000
 2      3.00000  0.49170E+44  0.50191E+44 -0.10210E+43      -2.0765233     31.8181919      0.0500000
 2      5.00000  0.48320E+44  0.44756E+44  0.35639E+43       7.3757181     31.8181919      0.0500000
 2     10.00000  0.35830E+44  0.29520E+44  0.63096E+43      17.6099457     31.8181919      0.0500000
 2     30.00000  0.11180E+44  0.82669E+43  0.29131E+43      26.0565688     31.8181919      0.0500000
  
 3      1.00000  0.44170E+44  0.47805E+44 -0.36346E+43      -8.2286528     31.8181919      0.5000000
 3      2.00000  0.47700E+44  0.50281E+44 -0.25807E+43      -5.4103528     31.8181919      0.5000000
 3      3.00000  0.49170E+44  0.50191E+44 -0.10210E+43      -2.0765233     31.8181919      0.5000000
 3      5.00000  0.48320E+44  0.44756E+44  0.35639E+43       7.3757181     31.8181919      0.5000000
 3     10.00000  0.35830E+44  0.29520E+44  0.63096E+43      17.6099457     31.8181919      0.5000000
 3     30.00000  0.11180E+44  0.82669E+43  0.29131E+43      26.0565688     31.8181919      0.5000000
  
 4      1.00000  0.44170E+44  0.47805E+44 -0.36346E+43      -8.2286528     31.8181919      5.0000000
 4      2.00000  0.47700E+44  0.50281E+44 -0.25807E+43      -5.4103528     31.8181919      5.0000000
 4      3.00000  0.49170E+44  0.50191E+44 -0.10210E+43      -2.0765233     31.8181919      5.0000000
 4      5.00000  0.48320E+44  0.44756E+44  0.35639E+43       7.3757181     31.8181919      5.0000000
 4     10.00000  0.35830E+44  0.29520E+44  0.63096E+43      17.6099457     31.8181919      5.0000000
 4     30.00000  0.11180E+44  0.82669E+43  0.29131E+43      26.0565688     31.8181919      5.0000000
  
 5      1.00000  0.44170E+44  0.47805E+44 -0.36346E+43      -8.2286528     31.8181919     50.0000000
 5      2.00000  0.47700E+44  0.50281E+44 -0.25807E+43      -5.4103528     31.8181919     50.0000000
 5      3.00000  0.49170E+44  0.50191E+44 -0.10210E+43      -2.0765233     31.8181919     50.0000000
 5      5.00000  0.48320E+44  0.44756E+44  0.35639E+43       7.3757181     31.8181919     50.0000000
 5     10.00000  0.35830E+44  0.29520E+44  0.63096E+43      17.6099457     31.8181919     50.0000000
 5     30.00000  0.11180E+44  0.82669E+43  0.29131E+43      26.0565688     31.8181919     50.0000000
  
 6      1.00000  0.44170E+44  0.47805E+44 -0.36346E+43      -8.2286528     31.8181919    500.0000000
 6      2.00000  0.47700E+44  0.50281E+44 -0.25807E+43      -5.4103528     31.8181919    500.0000000
 6      3.00000  0.49170E+44  0.50191E+44 -0.10210E+43      -2.0765233     31.8181919    500.0000000
 6      5.00000  0.48320E+44  0.44756E+44  0.35639E+43       7.3757181     31.8181919    500.0000000
 6     10.00000  0.35830E+44  0.29520E+44  0.63096E+43      17.6099457     31.8181919    500.0000000
 6     30.00000  0.11180E+44  0.82669E+43  0.29131E+43      26.0565688     31.8181919    500.0000000
  
 7      1.00000  0.44170E+44  0.43058E+44  0.11116E+43       2.5166356     25.2021670    250.0000000
 7      2.00000  0.47700E+44  0.47578E+44  0.12233E+42       0.2564555     25.2021670    250.0000000
 7      3.00000  0.49170E+44  0.49267E+44 -0.97321E+41      -0.1979273     25.2021670    250.0000000
 7      5.00000  0.48320E+44  0.44875E+44  0.34448E+43       7.1290960     25.2021670    250.0000000
 7     10.00000  0.35830E+44  0.29635E+44  0.61953E+43      17.2908250     25.2021670    250.0000000
 7     30.00000  0.11180E+44  0.82596E+43  0.29204E+43      26.1218966     25.2021670    250.0000000
  
 8      1.00000  0.44170E+44  0.43069E+44  0.11007E+43       2.4918972     21.9544815    125.0000000
 8      2.00000  0.47700E+44  0.49029E+44 -0.13290E+43      -2.7862464     21.9544815    125.0000000
 8      3.00000  0.49170E+44  0.50717E+44 -0.15468E+43      -3.1459153     21.9544815    125.0000000
 8      5.00000  0.48320E+44  0.45852E+44  0.24678E+43       5.1072683     21.9544815    125.0000000
 8     10.00000  0.35830E+44  0.30076E+44  0.57543E+43      16.0598736     21.9544815    125.0000000
 8     30.00000  0.11180E+44  0.83023E+43  0.28777E+43      25.7394065     21.9544815    125.0000000
  
 9      1.00000  0.44170E+44  0.43069E+44  0.11007E+43       2.4918972     21.9544815   1250.0000000
 9      2.00000  0.47700E+44  0.49029E+44 -0.13290E+43      -2.7862464     21.9544815   1250.0000000
 9      3.00000  0.49170E+44  0.50717E+44 -0.15468E+43      -3.1459153     21.9544815   1250.0000000
 9      5.00000  0.48320E+44  0.45852E+44  0.24678E+43       5.1072683     21.9544815   1250.0000000
 9     10.00000  0.35830E+44  0.30076E+44  0.57543E+43      16.0598736     21.9544815   1250.0000000
 9     30.00000  0.11180E+44  0.83023E+43  0.28777E+43      25.7394065     21.9544815   1250.0000000
  
10      1.00000  0.44170E+44  0.43069E+44  0.11007E+43       2.4918972     21.9544815  12500.0000000
10      2.00000  0.47700E+44  0.49029E+44 -0.13290E+43      -2.7862464     21.9544815  12500.0000000
10      3.00000  0.49170E+44  0.50717E+44 -0.15468E+43      -3.1459153     21.9544815  12500.0000000
10      5.00000  0.48320E+44  0.45852E+44  0.24678E+43       5.1072683     21.9544815  12500.0000000
10     10.00000  0.35830E+44  0.30076E+44  0.57543E+43      16.0598736     21.9544815  12500.0000000
10     30.00000  0.11180E+44  0.83023E+43  0.28777E+43      25.7394065     21.9544815  12500.0000000
  
11      1.00000  0.44170E+44  0.43069E+44  0.11007E+43       2.4918972     21.9544815 125000.0000000
11      2.00000  0.47700E+44  0.49029E+44 -0.13290E+43      -2.7862464     21.9544815 125000.0000000
11      3.00000  0.49170E+44  0.50717E+44 -0.15468E+43      -3.1459153     21.9544815 125000.0000000
11      5.00000  0.48320E+44  0.45852E+44  0.24678E+43       5.1072683     21.9544815 125000.0000000
11     10.00000  0.35830E+44  0.30076E+44  0.57543E+43      16.0598736     21.9544815 125000.0000000
11     30.00000  0.11180E+44  0.83023E+43  0.28777E+43      25.7394065     21.9544815 125000.0000000
  
12      1.00000  0.44170E+44  0.43069E+44  0.11007E+43       2.4918972     21.9544815 **************
12      2.00000  0.47700E+44  0.49029E+44 -0.13290E+43      -2.7862464     21.9544815 **************
12      3.00000  0.49170E+44  0.50717E+44 -0.15468E+43      -3.1459153     21.9544815 **************
12      5.00000  0.48320E+44  0.45852E+44  0.24678E+43       5.1072683     21.9544815 **************
12     10.00000  0.35830E+44  0.30076E+44  0.57543E+43      16.0598736     21.9544815 **************
12     30.00000  0.11180E+44  0.83023E+43  0.28777E+43      25.7394065     21.9544815 **************
  
13      1.00000  0.44170E+44  0.43114E+44  0.10559E+43       2.3905705     21.9316508 625000.0000000
13      2.00000  0.47700E+44  0.49068E+44 -0.13678E+43      -2.8675776     21.9316508 625000.0000000
13      3.00000  0.49170E+44  0.50741E+44 -0.15711E+43      -3.1951801     21.9316508 625000.0000000
13      5.00000  0.48320E+44  0.45864E+44  0.24563E+43       5.0834285     21.9316508 625000.0000000
13     10.00000  0.35830E+44  0.30082E+44  0.57475E+43      16.0411433     21.9316508 625000.0000000
13     30.00000  0.11180E+44  0.83029E+43  0.28771E+43      25.7342560     21.9316508 625000.0000000
  
14      1.00000  0.44170E+44  0.43191E+44  0.97874E+42       2.2158424     21.8389683 312500.0000000
14      2.00000  0.47700E+44  0.49182E+44 -0.14818E+43      -3.1065431     21.8389683 312500.0000000
14      3.00000  0.49170E+44  0.50849E+44 -0.16787E+43      -3.4139757     21.8389683 312500.0000000
14      5.00000  0.48320E+44  0.45935E+44  0.23852E+43       4.9362475     21.8389683 312500.0000000
14     10.00000  0.35830E+44  0.30108E+44  0.57224E+43      15.9709171     21.8389683 312500.0000000
14     30.00000  0.11180E+44  0.83037E+43  0.28763E+43      25.7269289     21.8389683 312500.0000000
  
15      1.00000  0.44170E+44  0.43191E+44  0.97874E+42       2.2158424     21.8389683 **************
15      2.00000  0.47700E+44  0.49182E+44 -0.14818E+43      -3.1065431     21.8389683 **************
15      3.00000  0.49170E+44  0.50849E+44 -0.16787E+43      -3.4139757     21.8389683 **************
15      5.00000  0.48320E+44  0.45935E+44  0.23852E+43       4.9362475     21.8389683 **************
15     10.00000  0.35830E+44  0.30108E+44  0.57224E+43      15.9709171     21.8389683 **************
15     30.00000  0.11180E+44  0.83037E+43  0.28763E+43      25.7269289     21.8389683 **************
  
