 1      1.00000  0.35420E+44  0.24782E+44  0.10638E+44      30.0331058    123.7544422      0.1000000
 1      2.00000  0.36060E+44  0.27517E+44  0.85434E+43      23.6920718    123.7544422      0.1000000
 1      3.00000  0.36130E+44  0.30014E+44  0.61163E+43      16.9286068    123.7544422      0.1000000
 1      5.00000  0.34530E+44  0.31499E+44  0.30306E+43       8.7768600    123.7544422      0.1000000
 1     10.00000  0.27780E+44  0.25744E+44  0.20355E+43       7.3272651    123.7544422      0.1000000
 1     30.00000  0.91730E+43  0.96175E+43 -0.44445E+42      -4.8452262    123.7544422      0.1000000
  
 2      1.00000  0.35420E+44  0.25302E+44  0.10118E+44      28.5644121    106.5713163      0.0500000
 2      2.00000  0.36060E+44  0.28141E+44  0.79185E+43      21.9592376    106.5713163      0.0500000
 2      3.00000  0.36130E+44  0.30681E+44  0.54486E+43      15.0805131    106.5713163      0.0500000
 2      5.00000  0.34530E+44  0.32058E+44  0.24718E+43       7.1583854    106.5713163      0.0500000
 2     10.00000  0.27780E+44  0.26011E+44  0.17695E+43       6.3696458    106.5713163      0.0500000
 2     30.00000  0.91730E+43  0.96586E+43 -0.48564E+42      -5.2941951    106.5713163      0.0500000
  
 3      1.00000  0.35420E+44  0.41511E+44 -0.60912E+43     -17.1969471     22.5557969      0.0250000
 3      2.00000  0.36060E+44  0.37945E+44 -0.18850E+43      -5.2274627     22.5557969      0.0250000
 3      3.00000  0.36130E+44  0.37015E+44 -0.88519E+42      -2.4500081     22.5557969      0.0250000
 3      5.00000  0.34530E+44  0.35189E+44 -0.65891E+42      -1.9082157     22.5557969      0.0250000
 3     10.00000  0.27780E+44  0.27005E+44  0.77493E+42       2.7895075     22.5557969      0.0250000
 3     30.00000  0.91730E+43  0.97476E+43 -0.57460E+42      -6.2639922     22.5557969      0.0250000
  
 4      1.00000  0.35420E+44  0.36028E+44 -0.60784E+42      -1.7160882      0.9422807      0.0125000
 4      2.00000  0.36060E+44  0.35944E+44  0.11553E+42       0.3203937      0.9422807      0.0125000
 4      3.00000  0.36130E+44  0.36188E+44 -0.58303E+41      -0.1613699      0.9422807      0.0125000
 4      5.00000  0.34530E+44  0.35046E+44 -0.51637E+42      -1.4954286      0.9422807      0.0125000
 4     10.00000  0.27780E+44  0.27056E+44  0.72368E+42       2.6050287      0.9422807      0.0125000
 4     30.00000  0.91730E+43  0.97719E+43 -0.59888E+42      -6.5287401      0.9422807      0.0125000
  
 5      1.00000  0.35420E+44  0.35490E+44 -0.70302E+41      -0.1984822      0.7738455      0.0062500
 5      2.00000  0.36060E+44  0.35818E+44  0.24207E+42       0.6713020      0.7738455      0.0062500
 5      3.00000  0.36130E+44  0.36164E+44 -0.33765E+41      -0.0934532      0.7738455      0.0062500
 5      5.00000  0.34530E+44  0.35056E+44 -0.52613E+42      -1.5236825      0.7738455      0.0062500
 5     10.00000  0.27780E+44  0.27067E+44  0.71337E+42       2.5679142      0.7738455      0.0062500
 5     30.00000  0.91730E+43  0.97744E+43 -0.60139E+42      -6.5561151      0.7738455      0.0062500
  
