 1      1.00000  0.33150E+44  0.29236E+44  0.39137E+43      11.8059230     46.4425224      0.1000000
 1      2.00000  0.42080E+44  0.33450E+44  0.86296E+43      20.5077069     46.4425224      0.1000000
 1      3.00000  0.43380E+44  0.37484E+44  0.58961E+43      13.5916529     46.4425224      0.1000000
 1      5.00000  0.42020E+44  0.39133E+44  0.28867E+43       6.8698347     46.4425224      0.1000000
 1     10.00000  0.31080E+44  0.29678E+44  0.14019E+43       4.5106546     46.4425224      0.1000000
 1     30.00000  0.11970E+44  0.11229E+44  0.74126E+42       6.1926480     46.4425224      0.1000000
  
 2      1.00000  0.33150E+44  0.29236E+44  0.39137E+43      11.8059230     46.4425224      1.0000000
 2      2.00000  0.42080E+44  0.33450E+44  0.86296E+43      20.5077069     46.4425224      1.0000000
 2      3.00000  0.43380E+44  0.37484E+44  0.58961E+43      13.5916529     46.4425224      1.0000000
 2      5.00000  0.42020E+44  0.39133E+44  0.28867E+43       6.8698347     46.4425224      1.0000000
 2     10.00000  0.31080E+44  0.29678E+44  0.14019E+43       4.5106546     46.4425224      1.0000000
 2     30.00000  0.11970E+44  0.11229E+44  0.74126E+42       6.1926480     46.4425224      1.0000000
  
 3      1.00000  0.33150E+44  0.36039E+44 -0.28889E+43      -8.7145499      4.9412132      0.5000000
 3      2.00000  0.42080E+44  0.40597E+44  0.14831E+43       3.5244226      4.9412132      0.5000000
 3      3.00000  0.43380E+44  0.42204E+44  0.11760E+43       2.7109571      4.9412132      0.5000000
 3      5.00000  0.42020E+44  0.41198E+44  0.82163E+42       1.9553306      4.9412132      0.5000000
 3     10.00000  0.31080E+44  0.30386E+44  0.69358E+42       2.2315951      4.9412132      0.5000000
 3     30.00000  0.11970E+44  0.11308E+44  0.66185E+42       5.5292011      4.9412132      0.5000000
  
 4      1.00000  0.33150E+44  0.36039E+44 -0.28889E+43      -8.7145499      4.9412132      5.0000000
 4      2.00000  0.42080E+44  0.40597E+44  0.14831E+43       3.5244226      4.9412132      5.0000000
 4      3.00000  0.43380E+44  0.42204E+44  0.11760E+43       2.7109571      4.9412132      5.0000000
 4      5.00000  0.42020E+44  0.41198E+44  0.82163E+42       1.9553306      4.9412132      5.0000000
 4     10.00000  0.31080E+44  0.30386E+44  0.69358E+42       2.2315951      4.9412132      5.0000000
 4     30.00000  0.11970E+44  0.11308E+44  0.66185E+42       5.5292011      4.9412132      5.0000000
  
 5      1.00000  0.33150E+44  0.36039E+44 -0.28889E+43      -8.7145499      4.9412132     50.0000000
 5      2.00000  0.42080E+44  0.40597E+44  0.14831E+43       3.5244226      4.9412132     50.0000000
 5      3.00000  0.43380E+44  0.42204E+44  0.11760E+43       2.7109571      4.9412132     50.0000000
 5      5.00000  0.42020E+44  0.41198E+44  0.82163E+42       1.9553306      4.9412132     50.0000000
 5     10.00000  0.31080E+44  0.30386E+44  0.69358E+42       2.2315951      4.9412132     50.0000000
 5     30.00000  0.11970E+44  0.11308E+44  0.66185E+42       5.5292011      4.9412132     50.0000000
  
 6      1.00000  0.33150E+44  0.32460E+44  0.69027E+42       2.0822704      3.4440357     25.0000000
 6      2.00000  0.42080E+44  0.39425E+44  0.26549E+43       6.3091697      3.4440357     25.0000000
 6      3.00000  0.43380E+44  0.42293E+44  0.10874E+43       2.5067164      3.4440357     25.0000000
 6      5.00000  0.42020E+44  0.41720E+44  0.29975E+42       0.7133498      3.4440357     25.0000000
 6     10.00000  0.31080E+44  0.30604E+44  0.47630E+42       1.5324874      3.4440357     25.0000000
 6     30.00000  0.11970E+44  0.11320E+44  0.65033E+42       5.4329622      3.4440357     25.0000000
  
 7      1.00000  0.33150E+44  0.32460E+44  0.69027E+42       2.0822704      3.4440357    250.0000000
 7      2.00000  0.42080E+44  0.39425E+44  0.26549E+43       6.3091697      3.4440357    250.0000000
 7      3.00000  0.43380E+44  0.42293E+44  0.10874E+43       2.5067164      3.4440357    250.0000000
 7      5.00000  0.42020E+44  0.41720E+44  0.29975E+42       0.7133498      3.4440357    250.0000000
 7     10.00000  0.31080E+44  0.30604E+44  0.47630E+42       1.5324874      3.4440357    250.0000000
 7     30.00000  0.11970E+44  0.11320E+44  0.65033E+42       5.4329622      3.4440357    250.0000000
  
 8      1.00000  0.33150E+44  0.32708E+44  0.44220E+42       1.3339278      2.4236907    125.0000000
 8      2.00000  0.42080E+44  0.39806E+44  0.22736E+43       5.4029660      2.4236907    125.0000000
 8      3.00000  0.43380E+44  0.42665E+44  0.71490E+42       1.6480021      2.4236907    125.0000000
 8      5.00000  0.42020E+44  0.41973E+44  0.47154E+41       0.1122173      2.4236907    125.0000000
 8     10.00000  0.31080E+44  0.30686E+44  0.39356E+42       1.2662759      2.4236907    125.0000000
 8     30.00000  0.11970E+44  0.11320E+44  0.64985E+42       5.4289624      2.4236907    125.0000000
  
 9      1.00000  0.33150E+44  0.32708E+44  0.44220E+42       1.3339278      2.4236907   1250.0000000
 9      2.00000  0.42080E+44  0.39806E+44  0.22736E+43       5.4029660      2.4236907   1250.0000000
 9      3.00000  0.43380E+44  0.42665E+44  0.71490E+42       1.6480021      2.4236907   1250.0000000
 9      5.00000  0.42020E+44  0.41973E+44  0.47154E+41       0.1122173      2.4236907   1250.0000000
 9     10.00000  0.31080E+44  0.30686E+44  0.39356E+42       1.2662759      2.4236907   1250.0000000
 9     30.00000  0.11970E+44  0.11320E+44  0.64985E+42       5.4289624      2.4236907   1250.0000000
  
10      1.00000  0.33150E+44  0.33150E+44  0.13450E+38       0.0000406      1.4964666    625.0000000
10      2.00000  0.42080E+44  0.40319E+44  0.17614E+43       4.1857265      1.4964666    625.0000000
10      3.00000  0.43380E+44  0.43151E+44  0.22860E+42       0.5269642      1.4964666    625.0000000
10      5.00000  0.42020E+44  0.42301E+44 -0.28103E+42      -0.6687949      1.4964666    625.0000000
10     10.00000  0.31080E+44  0.30791E+44  0.28927E+42       0.9307381      1.4964666    625.0000000
10     30.00000  0.11970E+44  0.11318E+44  0.65168E+42       5.4442663      1.4964666    625.0000000
  
