 1      1.00000  0.26940E+44  0.23547E+44  0.33935E+43      12.5964294     14.1400039      0.1000000
 1      2.00000  0.29660E+44  0.25961E+44  0.36986E+43      12.4699356     14.1400039      0.1000000
 1      3.00000  0.30110E+44  0.28085E+44  0.20255E+43       6.7268657     14.1400039      0.1000000
 1      5.00000  0.28770E+44  0.29112E+44 -0.34178E+42      -1.1879835     14.1400039      0.1000000
 1     10.00000  0.23310E+44  0.23194E+44  0.11634E+42       0.4991112     14.1400039      0.1000000
 1     30.00000  0.86560E+43  0.74457E+43  0.12103E+43      13.9823253     14.1400039      0.1000000
  
 2      1.00000  0.26940E+44  0.23547E+44  0.33935E+43      12.5964294     14.1400039      1.0000000
 2      2.00000  0.29660E+44  0.25961E+44  0.36986E+43      12.4699356     14.1400039      1.0000000
 2      3.00000  0.30110E+44  0.28085E+44  0.20255E+43       6.7268657     14.1400039      1.0000000
 2      5.00000  0.28770E+44  0.29112E+44 -0.34178E+42      -1.1879835     14.1400039      1.0000000
 2     10.00000  0.23310E+44  0.23194E+44  0.11634E+42       0.4991112     14.1400039      1.0000000
 2     30.00000  0.86560E+43  0.74457E+43  0.12103E+43      13.9823253     14.1400039      1.0000000
  
 3      1.00000  0.26940E+44  0.28630E+44 -0.16901E+43      -6.2735839      3.0807588      0.5000000
 3      2.00000  0.29660E+44  0.30309E+44 -0.64854E+42      -2.1865973      3.0807588      0.5000000
 3      3.00000  0.30110E+44  0.30605E+44 -0.49478E+42      -1.6432438      3.0807588      0.5000000
 3      5.00000  0.28770E+44  0.29657E+44 -0.88672E+42      -3.0820865      3.0807588      0.5000000
 3     10.00000  0.23310E+44  0.23035E+44  0.27452E+42       1.1776869      3.0807588      0.5000000
 3     30.00000  0.86560E+43  0.73967E+43  0.12593E+43      14.5483407      3.0807588      0.5000000
  
 4      1.00000  0.26940E+44  0.27167E+44 -0.22663E+42      -0.8412363      1.5135607      0.2500000
 4      2.00000  0.29660E+44  0.29323E+44  0.33708E+42       1.1364738      1.5135607      0.2500000
 4      3.00000  0.30110E+44  0.30009E+44  0.10080E+42       0.3347823      1.5135607      0.2500000
 4      5.00000  0.28770E+44  0.29439E+44 -0.66886E+42      -2.3248630      1.5135607      0.2500000
 4     10.00000  0.23310E+44  0.23003E+44  0.30675E+42       1.3159512      1.5135607      0.2500000
 4     30.00000  0.86560E+43  0.73961E+43  0.12599E+43      14.5550751      1.5135607      0.2500000
  
 5      1.00000  0.26940E+44  0.27130E+44 -0.19032E+42      -0.7064761      1.5126544      0.1250000
 5      2.00000  0.29660E+44  0.29298E+44  0.36183E+42       1.2199371      1.5126544      0.1250000
 5      3.00000  0.30110E+44  0.29996E+44  0.11432E+42       0.3796754      1.5126544      0.1250000
 5      5.00000  0.28770E+44  0.29436E+44 -0.66616E+42      -2.3154534      1.5126544      0.1250000
 5     10.00000  0.23310E+44  0.23005E+44  0.30472E+42       1.3072441      1.5126544      0.1250000
 5     30.00000  0.86560E+43  0.73971E+43  0.12589E+43      14.5435211      1.5126544      0.1250000
  
 6      1.00000  0.26940E+44  0.27130E+44 -0.19017E+42      -0.7058935      1.5121645      0.0625000
 6      2.00000  0.29660E+44  0.29299E+44  0.36063E+42       1.2158672      1.5121645      0.0625000
 6      3.00000  0.30110E+44  0.29996E+44  0.11385E+42       0.3781007      1.5121645      0.0625000
 6      5.00000  0.28770E+44  0.29435E+44 -0.66515E+42      -2.3119739      1.5121645      0.0625000
 6     10.00000  0.23310E+44  0.23004E+44  0.30558E+42       1.3109278      1.5121645      0.0625000
 6     30.00000  0.86560E+43  0.73970E+43  0.12590E+43      14.5444704      1.5121645      0.0625000
  
