 1      1.00000  0.43710E+44  0.32093E+44  0.11617E+44      26.5763618     77.9075783      0.1000000
 1      2.00000  0.46720E+44  0.36060E+44  0.10660E+44      22.8178146     77.9075783      0.1000000
 1      3.00000  0.46870E+44  0.39727E+44  0.71434E+43      15.2407887     77.9075783      0.1000000
 1      5.00000  0.45000E+44  0.40628E+44  0.43717E+43       9.7148965     77.9075783      0.1000000
 1     10.00000  0.33190E+44  0.30038E+44  0.31519E+43       9.4963884     77.9075783      0.1000000
 1     30.00000  0.11780E+44  0.10196E+44  0.15840E+43      13.4462487     77.9075783      0.1000000
  
 2      1.00000  0.43710E+44  0.34723E+44  0.89873E+43      20.5612567     36.9092345      0.0500000
 2      2.00000  0.46720E+44  0.39419E+44  0.73008E+43      15.6266771     36.9092345      0.0500000
 2      3.00000  0.46870E+44  0.43169E+44  0.37014E+43       7.8972048     36.9092345      0.0500000
 2      5.00000  0.45000E+44  0.43005E+44  0.19949E+43       4.4331181     36.9092345      0.0500000
 2     10.00000  0.33190E+44  0.30805E+44  0.23846E+43       7.1847438     36.9092345      0.0500000
 2     30.00000  0.11780E+44  0.10216E+44  0.15643E+43      13.2797068     36.9092345      0.0500000
  
 3      1.00000  0.43710E+44  0.47440E+44 -0.37303E+43      -8.5342236      4.7090241      0.0250000
 3      2.00000  0.46720E+44  0.47252E+44 -0.53167E+42      -1.1380010      4.7090241      0.0250000
 3      3.00000  0.46870E+44  0.47976E+44 -0.11062E+43      -2.3600576      4.7090241      0.0250000
 3      5.00000  0.45000E+44  0.45197E+44 -0.19700E+42      -0.4377887      4.7090241      0.0250000
 3     10.00000  0.33190E+44  0.31513E+44  0.16775E+43       5.0541923      4.7090241      0.0250000
 3     30.00000  0.11780E+44  0.10276E+44  0.15044E+43      12.7707110      4.7090241      0.0250000
  
 4      1.00000  0.43710E+44  0.43988E+44 -0.27786E+42      -0.6356890      1.6925595      0.0125000
 4      2.00000  0.46720E+44  0.46186E+44  0.53432E+42       1.1436677      1.6925595      0.0125000
 4      3.00000  0.46870E+44  0.47698E+44 -0.82807E+42      -1.7667401      1.6925595      0.0125000
 4      5.00000  0.45000E+44  0.45243E+44 -0.24325E+42      -0.5405629      1.6925595      0.0125000
 4     10.00000  0.33190E+44  0.31547E+44  0.16426E+43       4.9490415      1.6925595      0.0125000
 4     30.00000  0.11780E+44  0.10279E+44  0.15010E+43      12.7420163      1.6925595      0.0125000
  
 5      1.00000  0.43710E+44  0.43813E+44 -0.10270E+42      -0.2349556      1.6826137      0.0062500
 5      2.00000  0.46720E+44  0.46148E+44  0.57173E+42       1.2237363      1.6826137      0.0062500
 5      3.00000  0.46870E+44  0.47687E+44 -0.81742E+42      -1.7440237      1.6826137      0.0062500
 5      5.00000  0.45000E+44  0.45241E+44 -0.24117E+42      -0.5359322      1.6826137      0.0062500
 5     10.00000  0.33190E+44  0.31550E+44  0.16399E+43       4.9408861      1.6826137      0.0062500
 5     30.00000  0.11780E+44  0.10281E+44  0.14992E+43      12.7263575      1.6826137      0.0062500
  
