 1      1.00000  0.30870E+44  0.28631E+44  0.22394E+43       7.2542323     24.4774282      0.1000000
 1      2.00000  0.31340E+44  0.32513E+44 -0.11729E+43      -3.7424582     24.4774282      0.1000000
 1      3.00000  0.32130E+44  0.36357E+44 -0.42273E+43     -13.1567588     24.4774282      0.1000000
 1      5.00000  0.32440E+44  0.38354E+44 -0.59143E+43     -18.2315729     24.4774282      0.1000000
 1     10.00000  0.29030E+44  0.30148E+44 -0.11179E+43      -3.8508655     24.4774282      0.1000000
 1     30.00000  0.13800E+44  0.12594E+44  0.12061E+43       8.7398146     24.4774282      0.1000000
  
 2      1.00000  0.30870E+44  0.28631E+44  0.22394E+43       7.2542323     24.4774282      1.0000000
 2      2.00000  0.31340E+44  0.32513E+44 -0.11729E+43      -3.7424582     24.4774282      1.0000000
 2      3.00000  0.32130E+44  0.36357E+44 -0.42273E+43     -13.1567588     24.4774282      1.0000000
 2      5.00000  0.32440E+44  0.38354E+44 -0.59143E+43     -18.2315729     24.4774282      1.0000000
 2     10.00000  0.29030E+44  0.30148E+44 -0.11179E+43      -3.8508655     24.4774282      1.0000000
 2     30.00000  0.13800E+44  0.12594E+44  0.12061E+43       8.7398146     24.4774282      1.0000000
  
 3      1.00000  0.30870E+44  0.31817E+44 -0.94660E+42      -3.0664110      3.9737386      0.5000000
 3      2.00000  0.31340E+44  0.32728E+44 -0.13877E+43      -4.4279963      3.9737386      0.5000000
 3      3.00000  0.32130E+44  0.33477E+44 -0.13468E+43      -4.1918634      3.9737386      0.5000000
 3      5.00000  0.32440E+44  0.34160E+44 -0.17196E+43      -5.3007276      3.9737386      0.5000000
 3     10.00000  0.29030E+44  0.28335E+44  0.69548E+42       2.3957456      3.9737386      0.5000000
 3     30.00000  0.13800E+44  0.12489E+44  0.13112E+43       9.5014393      3.9737386      0.5000000
  
 4      1.00000  0.30870E+44  0.31134E+44 -0.26387E+42      -0.8547690      1.6051777      0.2500000
 4      2.00000  0.31340E+44  0.31268E+44  0.71962E+41       0.2296173      1.6051777      0.2500000
 4      3.00000  0.32130E+44  0.32117E+44  0.12819E+41       0.0398957      1.6051777      0.2500000
 4      5.00000  0.32440E+44  0.33286E+44 -0.84626E+42      -2.6087045      1.6051777      0.2500000
 4     10.00000  0.29030E+44  0.28005E+44  0.10250E+43       3.5309086      1.6051777      0.2500000
 4     30.00000  0.13800E+44  0.12466E+44  0.13344E+43       9.6696880      1.6051777      0.2500000
  
 5      1.00000  0.30870E+44  0.30932E+44 -0.62464E+41      -0.2023466      1.5815463      0.1250000
 5      2.00000  0.31340E+44  0.31101E+44  0.23877E+42       0.7618611      1.5815463      0.1250000
 5      3.00000  0.32130E+44  0.32016E+44  0.11424E+42       0.3555562      1.5815463      0.1250000
 5      5.00000  0.32440E+44  0.33271E+44 -0.83136E+42      -2.5627482      1.5815463      0.1250000
 5     10.00000  0.29030E+44  0.28011E+44  0.10190E+43       3.5102612      1.5815463      0.1250000
 5     30.00000  0.13800E+44  0.12468E+44  0.13317E+43       9.6501601      1.5815463      0.1250000
  
 6      1.00000  0.30870E+44  0.30929E+44 -0.58676E+41      -0.1900735      1.5793002      0.0625000
 6      2.00000  0.31340E+44  0.31099E+44  0.24095E+42       0.7688182      1.5793002      0.0625000
 6      3.00000  0.32130E+44  0.32018E+44  0.11155E+42       0.3471745      1.5793002      0.0625000
 6      5.00000  0.32440E+44  0.33268E+44 -0.82778E+42      -2.5517303      1.5793002      0.0625000
 6     10.00000  0.29030E+44  0.28011E+44  0.10194E+43       3.5114201      1.5793002      0.0625000
 6     30.00000  0.13800E+44  0.12469E+44  0.13308E+43       9.6432780      1.5793002      0.0625000
  
