 1      1.00000  0.37510E+44  0.26148E+44  0.11362E+44      30.2897584    100.4288882      0.1000000
 1      2.00000  0.38920E+44  0.29510E+44  0.94096E+43      24.1767809    100.4288882      0.1000000
 1      3.00000  0.39070E+44  0.32628E+44  0.64424E+43      16.4892909    100.4288882      0.1000000
 1      5.00000  0.37340E+44  0.34496E+44  0.28436E+43       7.6153273    100.4288882      0.1000000
 1     10.00000  0.29240E+44  0.28050E+44  0.11896E+43       4.0682886    100.4288882      0.1000000
 1     30.00000  0.10810E+44  0.11356E+44 -0.54575E+42      -5.0486097    100.4288882      0.1000000
  
 2      1.00000  0.37510E+44  0.26148E+44  0.11362E+44      30.2897584    100.4288882      1.0000000
 2      2.00000  0.38920E+44  0.29510E+44  0.94096E+43      24.1767809    100.4288882      1.0000000
 2      3.00000  0.39070E+44  0.32628E+44  0.64424E+43      16.4892909    100.4288882      1.0000000
 2      5.00000  0.37340E+44  0.34496E+44  0.28436E+43       7.6153273    100.4288882      1.0000000
 2     10.00000  0.29240E+44  0.28050E+44  0.11896E+43       4.0682886    100.4288882      1.0000000
 2     30.00000  0.10810E+44  0.11356E+44 -0.54575E+42      -5.0486097    100.4288882      1.0000000
  
 3      1.00000  0.37510E+44  0.46752E+44 -0.92423E+43     -24.6395241     34.5756188      0.5000000
 3      2.00000  0.38920E+44  0.41773E+44 -0.28533E+43      -7.3312757     34.5756188      0.5000000
 3      3.00000  0.39070E+44  0.40211E+44 -0.11412E+43      -2.9208948     34.5756188      0.5000000
 3      5.00000  0.37340E+44  0.37920E+44 -0.57967E+42      -1.5524107     34.5756188      0.5000000
 3     10.00000  0.29240E+44  0.29003E+44  0.23711E+42       0.8109150     34.5756188      0.5000000
 3     30.00000  0.10810E+44  0.11361E+44 -0.55078E+42      -5.0951334     34.5756188      0.5000000
  
 4      1.00000  0.37510E+44  0.38690E+44 -0.11800E+43      -3.1457214      0.7866958      0.2500000
 4      2.00000  0.38920E+44  0.38867E+44  0.53231E+41       0.1367710      0.7866958      0.2500000
 4      3.00000  0.39070E+44  0.39022E+44  0.47553E+41       0.1217119      0.7866958      0.2500000
 4      5.00000  0.37340E+44  0.37711E+44 -0.37105E+42      -0.9936959      0.7866958      0.2500000
 4     10.00000  0.29240E+44  0.29065E+44  0.17488E+42       0.5981013      0.7866958      0.2500000
 4     30.00000  0.10810E+44  0.11400E+44 -0.58981E+42      -5.4561125      0.7866958      0.2500000
  
 5      1.00000  0.37510E+44  0.37666E+44 -0.15609E+42      -0.4161212      0.3494747      0.1250000
 5      2.00000  0.38920E+44  0.38625E+44  0.29466E+42       0.7570872      0.3494747      0.1250000
 5      3.00000  0.39070E+44  0.38984E+44  0.86160E+41       0.2205281      0.3494747      0.1250000
 5      5.00000  0.37340E+44  0.37744E+44 -0.40414E+42      -1.0823235      0.3494747      0.1250000
 5     10.00000  0.29240E+44  0.29093E+44  0.14740E+42       0.5040974      0.3494747      0.1250000
 5     30.00000  0.10810E+44  0.11406E+44 -0.59591E+42      -5.5125560      0.3494747      0.1250000
  
 6      1.00000  0.37510E+44  0.37644E+44 -0.13379E+42      -0.3566785      0.3494331      0.0625000
 6      2.00000  0.38920E+44  0.38617E+44  0.30347E+42       0.7797273      0.3494331      0.0625000
 6      3.00000  0.39070E+44  0.38982E+44  0.88265E+41       0.2259160      0.3494331      0.0625000
 6      5.00000  0.37340E+44  0.37745E+44 -0.40500E+42      -1.0846370      0.3494331      0.0625000
 6     10.00000  0.29240E+44  0.29094E+44  0.14629E+42       0.5003103      0.3494331      0.0625000
 6     30.00000  0.10810E+44  0.11406E+44 -0.59614E+42      -5.5147052      0.3494331      0.0625000
  
