 1      1.00000  0.43420E+44  0.45613E+44 -0.21928E+43      -5.0502435     28.5052915      0.1000000
 1      2.00000  0.46260E+44  0.50137E+44 -0.38774E+43      -8.3816700     28.5052915      0.1000000
 1      3.00000  0.46880E+44  0.53570E+44 -0.66901E+43     -14.2706850     28.5052915      0.1000000
 1      5.00000  0.46850E+44  0.51964E+44 -0.51136E+43     -10.9148528     28.5052915      0.1000000
 1     10.00000  0.38540E+44  0.35465E+44  0.30751E+43       7.9790305     28.5052915      0.1000000
 1     30.00000  0.13520E+44  0.97741E+43  0.37459E+43      27.7059929     28.5052915      0.1000000
  
 2      1.00000  0.43420E+44  0.38406E+44  0.50144E+43      11.5485039     26.6131324      0.0500000
 2      2.00000  0.46260E+44  0.41083E+44  0.51769E+43      11.1908269     26.6131324      0.0500000
 2      3.00000  0.46880E+44  0.44238E+44  0.26416E+43       5.6348372     26.6131324      0.0500000
 2      5.00000  0.46850E+44  0.45485E+44  0.13646E+43       2.9127193     26.6131324      0.0500000
 2     10.00000  0.38540E+44  0.33404E+44  0.51361E+43      13.3266129     26.6131324      0.0500000
 2     30.00000  0.13520E+44  0.95788E+43  0.39412E+43      29.1507008     26.6131324      0.0500000
  
 3      1.00000  0.43420E+44  0.44328E+44 -0.90810E+42      -2.0914375     11.5977026      0.0250000
 3      2.00000  0.46260E+44  0.46586E+44 -0.32641E+42      -0.7056069     11.5977026      0.0250000
 3      3.00000  0.46880E+44  0.48649E+44 -0.17695E+43      -3.7744652     11.5977026      0.0250000
 3      5.00000  0.46850E+44  0.48014E+44 -0.11644E+43      -2.4852984     11.5977026      0.0250000
 3     10.00000  0.38540E+44  0.34459E+44  0.40812E+43      10.5895235     11.5977026      0.0250000
 3     30.00000  0.13520E+44  0.97929E+43  0.37271E+43      27.5673464     11.5977026      0.0250000
  
 4      1.00000  0.43420E+44  0.43413E+44  0.67619E+40       0.0155733     11.3349650      0.0125000
 4      2.00000  0.46260E+44  0.45616E+44  0.64408E+42       1.3923071     11.3349650      0.0125000
 4      3.00000  0.46880E+44  0.48246E+44 -0.13663E+43      -2.9144775     11.3349650      0.0125000
 4      5.00000  0.46850E+44  0.48109E+44 -0.12588E+43      -2.6869668     11.3349650      0.0125000
 4     10.00000  0.38540E+44  0.34426E+44  0.41138E+43      10.6742110     11.3349650      0.0125000
 4     30.00000  0.13520E+44  0.97490E+43  0.37710E+43      27.8923291     11.3349650      0.0125000
  
 5      1.00000  0.43420E+44  0.43357E+44  0.63301E+41       0.1457876     11.2123532      0.0062500
 5      2.00000  0.46260E+44  0.45736E+44  0.52390E+42       1.1325222     11.2123532      0.0062500
 5      3.00000  0.46880E+44  0.48181E+44 -0.13008E+43      -2.7746693     11.2123532      0.0062500
 5      5.00000  0.46850E+44  0.47920E+44 -0.10697E+43      -2.2831511     11.2123532      0.0062500
 5     10.00000  0.38540E+44  0.34405E+44  0.41354E+43      10.7302356     11.2123532      0.0062500
 5     30.00000  0.13520E+44  0.97687E+43  0.37513E+43      27.7460600     11.2123532      0.0062500
  
 6      1.00000  0.43420E+44  0.43357E+44  0.63301E+41       0.1457876     11.2123532      0.0625000
 6      2.00000  0.46260E+44  0.45736E+44  0.52390E+42       1.1325222     11.2123532      0.0625000
 6      3.00000  0.46880E+44  0.48181E+44 -0.13008E+43      -2.7746693     11.2123532      0.0625000
 6      5.00000  0.46850E+44  0.47920E+44 -0.10697E+43      -2.2831511     11.2123532      0.0625000
 6     10.00000  0.38540E+44  0.34405E+44  0.41354E+43      10.7302356     11.2123532      0.0625000
 6     30.00000  0.13520E+44  0.97687E+43  0.37513E+43      27.7460600     11.2123532      0.0625000
  
 7      1.00000  0.43420E+44  0.43357E+44  0.63301E+41       0.1457876     11.2123532      0.6250000
 7      2.00000  0.46260E+44  0.45736E+44  0.52390E+42       1.1325222     11.2123532      0.6250000
 7      3.00000  0.46880E+44  0.48181E+44 -0.13008E+43      -2.7746693     11.2123532      0.6250000
 7      5.00000  0.46850E+44  0.47920E+44 -0.10697E+43      -2.2831511     11.2123532      0.6250000
 7     10.00000  0.38540E+44  0.34405E+44  0.41354E+43      10.7302356     11.2123532      0.6250000
 7     30.00000  0.13520E+44  0.97687E+43  0.37513E+43      27.7460600     11.2123532      0.6250000
  
 8      1.00000  0.43420E+44  0.43357E+44  0.63301E+41       0.1457876     11.2123532      6.2500000
 8      2.00000  0.46260E+44  0.45736E+44  0.52390E+42       1.1325222     11.2123532      6.2500000
 8      3.00000  0.46880E+44  0.48181E+44 -0.13008E+43      -2.7746693     11.2123532      6.2500000
 8      5.00000  0.46850E+44  0.47920E+44 -0.10697E+43      -2.2831511     11.2123532      6.2500000
 8     10.00000  0.38540E+44  0.34405E+44  0.41354E+43      10.7302356     11.2123532      6.2500000
 8     30.00000  0.13520E+44  0.97687E+43  0.37513E+43      27.7460600     11.2123532      6.2500000
  
 9      1.00000  0.43420E+44  0.43357E+44  0.63301E+41       0.1457876     11.2123532     62.5000000
 9      2.00000  0.46260E+44  0.45736E+44  0.52390E+42       1.1325222     11.2123532     62.5000000
 9      3.00000  0.46880E+44  0.48181E+44 -0.13008E+43      -2.7746693     11.2123532     62.5000000
 9      5.00000  0.46850E+44  0.47920E+44 -0.10697E+43      -2.2831511     11.2123532     62.5000000
 9     10.00000  0.38540E+44  0.34405E+44  0.41354E+43      10.7302356     11.2123532     62.5000000
 9     30.00000  0.13520E+44  0.97687E+43  0.37513E+43      27.7460600     11.2123532     62.5000000
  
10      1.00000  0.43420E+44  0.43357E+44  0.63301E+41       0.1457876     11.2123532    625.0000000
10      2.00000  0.46260E+44  0.45736E+44  0.52390E+42       1.1325222     11.2123532    625.0000000
10      3.00000  0.46880E+44  0.48181E+44 -0.13008E+43      -2.7746693     11.2123532    625.0000000
10      5.00000  0.46850E+44  0.47920E+44 -0.10697E+43      -2.2831511     11.2123532    625.0000000
10     10.00000  0.38540E+44  0.34405E+44  0.41354E+43      10.7302356     11.2123532    625.0000000
10     30.00000  0.13520E+44  0.97687E+43  0.37513E+43      27.7460600     11.2123532    625.0000000
  
11      1.00000  0.43420E+44  0.43357E+44  0.63301E+41       0.1457876     11.2123532   6250.0000000
11      2.00000  0.46260E+44  0.45736E+44  0.52390E+42       1.1325222     11.2123532   6250.0000000
11      3.00000  0.46880E+44  0.48181E+44 -0.13008E+43      -2.7746693     11.2123532   6250.0000000
11      5.00000  0.46850E+44  0.47920E+44 -0.10697E+43      -2.2831511     11.2123532   6250.0000000
11     10.00000  0.38540E+44  0.34405E+44  0.41354E+43      10.7302356     11.2123532   6250.0000000
11     30.00000  0.13520E+44  0.97687E+43  0.37513E+43      27.7460600     11.2123532   6250.0000000
  
12      1.00000  0.43420E+44  0.43357E+44  0.63301E+41       0.1457876     11.2123532  62500.0000000
12      2.00000  0.46260E+44  0.45736E+44  0.52390E+42       1.1325222     11.2123532  62500.0000000
12      3.00000  0.46880E+44  0.48181E+44 -0.13008E+43      -2.7746693     11.2123532  62500.0000000
12      5.00000  0.46850E+44  0.47920E+44 -0.10697E+43      -2.2831511     11.2123532  62500.0000000
12     10.00000  0.38540E+44  0.34405E+44  0.41354E+43      10.7302356     11.2123532  62500.0000000
12     30.00000  0.13520E+44  0.97687E+43  0.37513E+43      27.7460600     11.2123532  62500.0000000
  
13      1.00000  0.43420E+44  0.43357E+44  0.63301E+41       0.1457876     11.2123532 625000.0000000
13      2.00000  0.46260E+44  0.45736E+44  0.52390E+42       1.1325222     11.2123532 625000.0000000
13      3.00000  0.46880E+44  0.48181E+44 -0.13008E+43      -2.7746693     11.2123532 625000.0000000
13      5.00000  0.46850E+44  0.47920E+44 -0.10697E+43      -2.2831511     11.2123532 625000.0000000
13     10.00000  0.38540E+44  0.34405E+44  0.41354E+43      10.7302356     11.2123532 625000.0000000
13     30.00000  0.13520E+44  0.97687E+43  0.37513E+43      27.7460600     11.2123532 625000.0000000
  
14      1.00000  0.43420E+44  0.43355E+44  0.65171E+41       0.1500952     11.2123070 312500.0000000
14      2.00000  0.46260E+44  0.45734E+44  0.52608E+42       1.1372209     11.2123070 312500.0000000
14      3.00000  0.46880E+44  0.48179E+44 -0.12986E+43      -2.7701574     11.2123070 312500.0000000
14      5.00000  0.46850E+44  0.47918E+44 -0.10682E+43      -2.2800328     11.2123070 312500.0000000
14     10.00000  0.38540E+44  0.34404E+44  0.41359E+43      10.7315463     11.2123070 312500.0000000
14     30.00000  0.13520E+44  0.97687E+43  0.37513E+43      27.7465015     11.2123070 312500.0000000
  
15      1.00000  0.43420E+44  0.43351E+44  0.68524E+41       0.1578178     11.2122868 156250.0000000
15      2.00000  0.46260E+44  0.45730E+44  0.52987E+42       1.1454256     11.2122868 156250.0000000
15      3.00000  0.46880E+44  0.48175E+44 -0.12950E+43      -2.7624200     11.2122868 156250.0000000
15      5.00000  0.46850E+44  0.47916E+44 -0.10657E+43      -2.2747519     11.2122868 156250.0000000
15     10.00000  0.38540E+44  0.34403E+44  0.41368E+43      10.7338005     11.2122868 156250.0000000
15     30.00000  0.13520E+44  0.97686E+43  0.37514E+43      27.7473089     11.2122868 156250.0000000
  
