 1      1.00000  0.62780E+44  0.61463E+44  0.13167E+43       2.0973158      5.8531269      0.1000000
 1      2.00000  0.67080E+44  0.64223E+44  0.28574E+43       4.2597544      5.8531269      0.1000000
 1      3.00000  0.66820E+44  0.65463E+44  0.13571E+43       2.0309549      5.8531269      0.1000000
 1      5.00000  0.61720E+44  0.60844E+44  0.87616E+42       1.4195683      5.8531269      0.1000000
 1     10.00000  0.45550E+44  0.41810E+44  0.37402E+43       8.2111954      5.8531269      0.1000000
 1     30.00000  0.15140E+44  0.13338E+44  0.18019E+43      11.9014024      5.8531269      0.1000000
  
 2      1.00000  0.62780E+44  0.62269E+44  0.51111E+42       0.8141326      4.4839265      0.0500000
 2      2.00000  0.67080E+44  0.65088E+44  0.19924E+43       2.9702547      4.4839265      0.0500000
 2      3.00000  0.66820E+44  0.66247E+44  0.57265E+42       0.8570043      4.4839265      0.0500000
 2      5.00000  0.61720E+44  0.61315E+44  0.40470E+42       0.6557008      4.4839265      0.0500000
 2     10.00000  0.45550E+44  0.41923E+44  0.36273E+43       7.9633048      4.4839265      0.0500000
 2     30.00000  0.15140E+44  0.13315E+44  0.18248E+43      12.0530873      4.4839265      0.0500000
  
 3      1.00000  0.62780E+44  0.62934E+44 -0.15367E+42      -0.2447743      3.6112500      0.0250000
 3      2.00000  0.67080E+44  0.66511E+44  0.56928E+42       0.8486601      3.6112500      0.0250000
 3      3.00000  0.66820E+44  0.67637E+44 -0.81686E+42      -1.2224850      3.6112500      0.0250000
 3      5.00000  0.61720E+44  0.62188E+44 -0.46789E+42      -0.7580824      3.6112500      0.0250000
 3     10.00000  0.45550E+44  0.42199E+44  0.33513E+43       7.3574431      3.6112500      0.0250000
 3     30.00000  0.15140E+44  0.13291E+44  0.18493E+43      12.2147983      3.6112500      0.0250000
  
 4      1.00000  0.62780E+44  0.62934E+44 -0.15367E+42      -0.2447743      3.6112500      0.2500000
 4      2.00000  0.67080E+44  0.66511E+44  0.56928E+42       0.8486601      3.6112500      0.2500000
 4      3.00000  0.66820E+44  0.67637E+44 -0.81686E+42      -1.2224850      3.6112500      0.2500000
 4      5.00000  0.61720E+44  0.62188E+44 -0.46789E+42      -0.7580824      3.6112500      0.2500000
 4     10.00000  0.45550E+44  0.42199E+44  0.33513E+43       7.3574431      3.6112500      0.2500000
 4     30.00000  0.15140E+44  0.13291E+44  0.18493E+43      12.2147983      3.6112500      0.2500000
  
 5      1.00000  0.62780E+44  0.62934E+44 -0.15367E+42      -0.2447743      3.6112500      2.5000000
 5      2.00000  0.67080E+44  0.66511E+44  0.56928E+42       0.8486601      3.6112500      2.5000000
 5      3.00000  0.66820E+44  0.67637E+44 -0.81686E+42      -1.2224850      3.6112500      2.5000000
 5      5.00000  0.61720E+44  0.62188E+44 -0.46789E+42      -0.7580824      3.6112500      2.5000000
 5     10.00000  0.45550E+44  0.42199E+44  0.33513E+43       7.3574431      3.6112500      2.5000000
 5     30.00000  0.15140E+44  0.13291E+44  0.18493E+43      12.2147983      3.6112500      2.5000000
  
 6      1.00000  0.62780E+44  0.62934E+44 -0.15367E+42      -0.2447743      3.6112500     25.0000000
 6      2.00000  0.67080E+44  0.66511E+44  0.56928E+42       0.8486601      3.6112500     25.0000000
 6      3.00000  0.66820E+44  0.67637E+44 -0.81686E+42      -1.2224850      3.6112500     25.0000000
 6      5.00000  0.61720E+44  0.62188E+44 -0.46789E+42      -0.7580824      3.6112500     25.0000000
 6     10.00000  0.45550E+44  0.42199E+44  0.33513E+43       7.3574431      3.6112500     25.0000000
 6     30.00000  0.15140E+44  0.13291E+44  0.18493E+43      12.2147983      3.6112500     25.0000000
  
 7      1.00000  0.62780E+44  0.62934E+44 -0.15367E+42      -0.2447743      3.6112500    250.0000000
 7      2.00000  0.67080E+44  0.66511E+44  0.56928E+42       0.8486601      3.6112500    250.0000000
 7      3.00000  0.66820E+44  0.67637E+44 -0.81686E+42      -1.2224850      3.6112500    250.0000000
 7      5.00000  0.61720E+44  0.62188E+44 -0.46789E+42      -0.7580824      3.6112500    250.0000000
 7     10.00000  0.45550E+44  0.42199E+44  0.33513E+43       7.3574431      3.6112500    250.0000000
 7     30.00000  0.15140E+44  0.13291E+44  0.18493E+43      12.2147983      3.6112500    250.0000000
  
 8      1.00000  0.62780E+44  0.62934E+44 -0.15367E+42      -0.2447743      3.6112500   2500.0000000
 8      2.00000  0.67080E+44  0.66511E+44  0.56928E+42       0.8486601      3.6112500   2500.0000000
 8      3.00000  0.66820E+44  0.67637E+44 -0.81686E+42      -1.2224850      3.6112500   2500.0000000
 8      5.00000  0.61720E+44  0.62188E+44 -0.46789E+42      -0.7580824      3.6112500   2500.0000000
 8     10.00000  0.45550E+44  0.42199E+44  0.33513E+43       7.3574431      3.6112500   2500.0000000
 8     30.00000  0.15140E+44  0.13291E+44  0.18493E+43      12.2147983      3.6112500   2500.0000000
  
 9      1.00000  0.62780E+44  0.62934E+44 -0.15367E+42      -0.2447743      3.6112500  25000.0000000
 9      2.00000  0.67080E+44  0.66511E+44  0.56928E+42       0.8486601      3.6112500  25000.0000000
 9      3.00000  0.66820E+44  0.67637E+44 -0.81686E+42      -1.2224850      3.6112500  25000.0000000
 9      5.00000  0.61720E+44  0.62188E+44 -0.46789E+42      -0.7580824      3.6112500  25000.0000000
 9     10.00000  0.45550E+44  0.42199E+44  0.33513E+43       7.3574431      3.6112500  25000.0000000
 9     30.00000  0.15140E+44  0.13291E+44  0.18493E+43      12.2147983      3.6112500  25000.0000000
  
10      1.00000  0.62780E+44  0.62892E+44 -0.11185E+42      -0.1781592      3.6095922  12500.0000000
10      2.00000  0.67080E+44  0.66464E+44  0.61615E+42       0.9185366      3.6095922  12500.0000000
10      3.00000  0.66820E+44  0.67596E+44 -0.77573E+42      -1.1609317      3.6095922  12500.0000000
10      5.00000  0.61720E+44  0.62164E+44 -0.44385E+42      -0.7191328      3.6095922  12500.0000000
10     10.00000  0.45550E+44  0.42193E+44  0.33574E+43       7.3708125      3.6095922  12500.0000000
10     30.00000  0.15140E+44  0.13292E+44  0.18482E+43      12.2075556      3.6095922  12500.0000000
  
11      1.00000  0.62780E+44  0.62892E+44 -0.11185E+42      -0.1781592      3.6095922 125000.0000000
11      2.00000  0.67080E+44  0.66464E+44  0.61615E+42       0.9185366      3.6095922 125000.0000000
11      3.00000  0.66820E+44  0.67596E+44 -0.77573E+42      -1.1609317      3.6095922 125000.0000000
11      5.00000  0.61720E+44  0.62164E+44 -0.44385E+42      -0.7191328      3.6095922 125000.0000000
11     10.00000  0.45550E+44  0.42193E+44  0.33574E+43       7.3708125      3.6095922 125000.0000000
11     30.00000  0.15140E+44  0.13292E+44  0.18482E+43      12.2075556      3.6095922 125000.0000000
  
12      1.00000  0.62780E+44  0.62886E+44 -0.10634E+42      -0.1693881      3.6095636  62500.0000000
12      2.00000  0.67080E+44  0.66458E+44  0.62230E+42       0.9277008      3.6095636  62500.0000000
12      3.00000  0.66820E+44  0.67590E+44 -0.77042E+42      -1.1529854      3.6095636  62500.0000000
12      5.00000  0.61720E+44  0.62161E+44 -0.44077E+42      -0.7141370      3.6095636  62500.0000000
12     10.00000  0.45550E+44  0.42192E+44  0.33582E+43       7.3726144      3.6095636  62500.0000000
12     30.00000  0.15140E+44  0.13292E+44  0.18481E+43      12.2067018      3.6095636  62500.0000000
  
13      1.00000  0.62780E+44  0.62886E+44 -0.10634E+42      -0.1693881      3.6095636 625000.0000000
13      2.00000  0.67080E+44  0.66458E+44  0.62230E+42       0.9277008      3.6095636 625000.0000000
13      3.00000  0.66820E+44  0.67590E+44 -0.77042E+42      -1.1529854      3.6095636 625000.0000000
13      5.00000  0.61720E+44  0.62161E+44 -0.44077E+42      -0.7141370      3.6095636 625000.0000000
13     10.00000  0.45550E+44  0.42192E+44  0.33582E+43       7.3726144      3.6095636 625000.0000000
13     30.00000  0.15140E+44  0.13292E+44  0.18481E+43      12.2067018      3.6095636 625000.0000000
  
14      1.00000  0.62780E+44  0.62886E+44 -0.10634E+42      -0.1693881      3.6095636 **************
14      2.00000  0.67080E+44  0.66458E+44  0.62230E+42       0.9277008      3.6095636 **************
14      3.00000  0.66820E+44  0.67590E+44 -0.77042E+42      -1.1529854      3.6095636 **************
14      5.00000  0.61720E+44  0.62161E+44 -0.44077E+42      -0.7141370      3.6095636 **************
14     10.00000  0.45550E+44  0.42192E+44  0.33582E+43       7.3726144      3.6095636 **************
14     30.00000  0.15140E+44  0.13292E+44  0.18481E+43      12.2067018      3.6095636 **************
  
15      1.00000  0.62780E+44  0.62886E+44 -0.10634E+42      -0.1693881      3.6095636 **************
15      2.00000  0.67080E+44  0.66458E+44  0.62230E+42       0.9277008      3.6095636 **************
15      3.00000  0.66820E+44  0.67590E+44 -0.77042E+42      -1.1529854      3.6095636 **************
15      5.00000  0.61720E+44  0.62161E+44 -0.44077E+42      -0.7141370      3.6095636 **************
15     10.00000  0.45550E+44  0.42192E+44  0.33582E+43       7.3726144      3.6095636 **************
15     30.00000  0.15140E+44  0.13292E+44  0.18481E+43      12.2067018      3.6095636 **************
  
