 1      1.00000  0.40580E+44  0.26693E+44  0.13887E+44      34.2207193    135.2268732      0.1000000
 1      2.00000  0.40370E+44  0.30144E+44  0.10226E+44      25.3296362    135.2268732      0.1000000
 1      3.00000  0.41250E+44  0.33373E+44  0.78766E+43      19.0948279    135.2268732      0.1000000
 1      5.00000  0.39450E+44  0.35239E+44  0.42110E+43      10.6743295    135.2268732      0.1000000
 1     10.00000  0.30170E+44  0.28450E+44  0.17203E+43       5.7019720    135.2268732      0.1000000
 1     30.00000  0.10590E+44  0.11537E+44 -0.94746E+42      -8.9467568    135.2268732      0.1000000
  
 2      1.00000  0.40580E+44  0.28082E+44  0.12498E+44      30.7978671     98.2256026      0.0500000
 2      2.00000  0.40370E+44  0.31835E+44  0.85347E+43      21.1411038     98.2256026      0.0500000
 2      3.00000  0.41250E+44  0.35157E+44  0.60928E+43      14.7703382     98.2256026      0.0500000
 2      5.00000  0.39450E+44  0.36637E+44  0.28134E+43       7.1316097     98.2256026      0.0500000
 2     10.00000  0.30170E+44  0.29032E+44  0.11382E+43       3.7727547     98.2256026      0.0500000
 2     30.00000  0.10590E+44  0.11600E+44 -0.10104E+43      -9.5409205     98.2256026      0.0500000
  
 3      1.00000  0.40580E+44  0.46314E+44 -0.57343E+43     -14.1309745     12.9570234      0.0250000
 3      2.00000  0.40370E+44  0.41653E+44 -0.12828E+43      -3.1776155     12.9570234      0.0250000
 3      3.00000  0.41250E+44  0.41094E+44  0.15607E+42       0.3783400     12.9570234      0.0250000
 3      5.00000  0.39450E+44  0.39361E+44  0.88605E+41       0.2246000     12.9570234      0.0250000
 3     10.00000  0.30170E+44  0.29810E+44  0.36022E+42       1.1939793     12.9570234      0.0250000
 3     30.00000  0.10590E+44  0.11601E+44 -0.10108E+43      -9.5446341     12.9570234      0.0250000
  
 4      1.00000  0.40580E+44  0.41089E+44 -0.50901E+42      -1.2543411      0.5746078      0.0125000
 4      2.00000  0.40370E+44  0.40479E+44 -0.10932E+42      -0.2707877      0.5746078      0.0125000
 4      3.00000  0.41250E+44  0.41051E+44  0.19915E+42       0.4827795      0.5746078      0.0125000
 4      5.00000  0.39450E+44  0.39726E+44 -0.27625E+42      -0.7002415      0.5746078      0.0125000
 4     10.00000  0.30170E+44  0.30042E+44  0.12843E+42       0.4256805      0.5746078      0.0125000
 4     30.00000  0.10590E+44  0.11645E+44 -0.10548E+43      -9.9606061      0.5746078      0.0125000
  
 5      1.00000  0.40580E+44  0.40600E+44 -0.19878E+41      -0.0489844      0.4833044      0.0062500
 5      2.00000  0.40370E+44  0.40356E+44  0.13627E+41       0.0337556      0.4833044      0.0062500
 5      3.00000  0.41250E+44  0.41030E+44  0.22047E+42       0.5344735      0.4833044      0.0062500
 5      5.00000  0.39450E+44  0.39744E+44 -0.29404E+42      -0.7453446      0.4833044      0.0062500
 5     10.00000  0.30170E+44  0.30056E+44  0.11386E+42       0.3774011      0.4833044      0.0062500
 5     30.00000  0.10590E+44  0.11648E+44 -0.10582E+43      -9.9923292      0.4833044      0.0062500
  
 6      1.00000  0.40580E+44  0.40597E+44 -0.16978E+41      -0.0418383      0.4832892      0.0031250
 6      2.00000  0.40370E+44  0.40355E+44  0.15162E+41       0.0375566      0.4832892      0.0031250
 6      3.00000  0.41250E+44  0.41028E+44  0.22170E+42       0.5374566      0.4832892      0.0031250
 6      5.00000  0.39450E+44  0.39743E+44 -0.29320E+42      -0.7432210      0.4832892      0.0031250
 6     10.00000  0.30170E+44  0.30056E+44  0.11420E+42       0.3785156      0.4832892      0.0031250
 6     30.00000  0.10590E+44  0.11648E+44 -0.10582E+43      -9.9919781      0.4832892      0.0031250
  
