 1      1.00000  0.33590E+44  0.28394E+44  0.51959E+43      15.4684806     36.4282063      0.1000000
 1      2.00000  0.38750E+44  0.32233E+44  0.65175E+43      16.8192769     36.4282063      0.1000000
 1      3.00000  0.39030E+44  0.36050E+44  0.29800E+43       7.6352527     36.4282063      0.1000000
 1      5.00000  0.39070E+44  0.38170E+44  0.89986E+42       2.3032046     36.4282063      0.1000000
 1     10.00000  0.29660E+44  0.30410E+44 -0.75008E+42      -2.5289214     36.4282063      0.1000000
 1     30.00000  0.11620E+44  0.13188E+44 -0.15682E+43     -13.4954734     36.4282063      0.1000000
  
 2      1.00000  0.33590E+44  0.28394E+44  0.51959E+43      15.4684806     36.4282063      1.0000000
 2      2.00000  0.38750E+44  0.32233E+44  0.65175E+43      16.8192769     36.4282063      1.0000000
 2      3.00000  0.39030E+44  0.36050E+44  0.29800E+43       7.6352527     36.4282063      1.0000000
 2      5.00000  0.39070E+44  0.38170E+44  0.89986E+42       2.3032046     36.4282063      1.0000000
 2     10.00000  0.29660E+44  0.30410E+44 -0.75008E+42      -2.5289214     36.4282063      1.0000000
 2     30.00000  0.11620E+44  0.13188E+44 -0.15682E+43     -13.4954734     36.4282063      1.0000000
  
 3      1.00000  0.33590E+44  0.37790E+44 -0.41996E+43     -12.5026189      8.8198081      0.5000000
 3      2.00000  0.38750E+44  0.38821E+44 -0.70530E+41      -0.1820138      8.8198081      0.5000000
 3      3.00000  0.39030E+44  0.38944E+44  0.85766E+41       0.2197438      8.8198081      0.5000000
 3      5.00000  0.39070E+44  0.38219E+44  0.85131E+42       2.1789374      8.8198081      0.5000000
 3     10.00000  0.29660E+44  0.30170E+44 -0.51042E+42      -1.7208868      8.8198081      0.5000000
 3     30.00000  0.11620E+44  0.13106E+44 -0.14864E+43     -12.7915477      8.8198081      0.5000000
  
 4      1.00000  0.33590E+44  0.33314E+44  0.27579E+42       0.8210495      2.8961878      0.2500000
 4      2.00000  0.38750E+44  0.37233E+44  0.15171E+43       3.9151006      2.8961878      0.2500000
 4      3.00000  0.39030E+44  0.38518E+44  0.51237E+42       1.3127714      2.8961878      0.2500000
 4      5.00000  0.39070E+44  0.38361E+44  0.70938E+42       1.8156619      2.8961878      0.2500000
 4     10.00000  0.29660E+44  0.30323E+44 -0.66295E+42      -2.2351533      2.8961878      0.2500000
 4     30.00000  0.11620E+44  0.13153E+44 -0.15333E+43     -13.1949622      2.8961878      0.2500000
  
