 1      1.00000  0.29820E+44  0.28433E+44  0.13874E+43       4.6526819     10.6306267      0.1000000
 1      2.00000  0.31200E+44  0.32117E+44 -0.91707E+42      -2.9393341     10.6306267      0.1000000
 1      3.00000  0.32200E+44  0.35671E+44 -0.34713E+43     -10.7803117     10.6306267      0.1000000
 1      5.00000  0.33720E+44  0.37474E+44 -0.37543E+43     -11.1338305     10.6306267      0.1000000
 1     10.00000  0.29400E+44  0.29548E+44 -0.14812E+42      -0.5038232     10.6306267      0.1000000
 1     30.00000  0.13910E+44  0.12003E+44  0.19070E+43      13.7092088     10.6306267      0.1000000
  
 2      1.00000  0.29820E+44  0.28433E+44  0.13874E+43       4.6526819     10.6306267      1.0000000
 2      2.00000  0.31200E+44  0.32117E+44 -0.91707E+42      -2.9393341     10.6306267      1.0000000
 2      3.00000  0.32200E+44  0.35671E+44 -0.34713E+43     -10.7803117     10.6306267      1.0000000
 2      5.00000  0.33720E+44  0.37474E+44 -0.37543E+43     -11.1338305     10.6306267      1.0000000
 2     10.00000  0.29400E+44  0.29548E+44 -0.14812E+42      -0.5038232     10.6306267      1.0000000
 2     30.00000  0.13910E+44  0.12003E+44  0.19070E+43      13.7092088     10.6306267      1.0000000
  
 3      1.00000  0.29820E+44  0.30277E+44 -0.45740E+42      -1.5338739      2.5953132      0.5000000
 3      2.00000  0.31200E+44  0.31515E+44 -0.31481E+42      -1.0089971      2.5953132      0.5000000
 3      3.00000  0.32200E+44  0.33235E+44 -0.10351E+43      -3.2146680      2.5953132      0.5000000
 3      5.00000  0.33720E+44  0.34547E+44 -0.82660E+42      -2.4513684      2.5953132      0.5000000
 3     10.00000  0.29400E+44  0.28271E+44  0.11294E+43       3.8414061      2.5953132      0.5000000
 3     30.00000  0.13910E+44  0.11898E+44  0.20120E+43      14.4647390      2.5953132      0.5000000
  
 4      1.00000  0.29820E+44  0.29887E+44 -0.67492E+41      -0.2263317      2.2424502      0.2500000
 4      2.00000  0.31200E+44  0.30828E+44  0.37174E+42       1.1914602      2.2424502      0.2500000
 4      3.00000  0.32200E+44  0.32692E+44 -0.49221E+42      -1.5286050      2.2424502      0.2500000
 4      5.00000  0.33720E+44  0.34302E+44 -0.58245E+42      -1.7273037      2.2424502      0.2500000
 4     10.00000  0.29400E+44  0.28191E+44  0.12089E+43       4.1119617      2.2424502      0.2500000
 4     30.00000  0.13910E+44  0.11892E+44  0.20183E+43      14.5099824      2.2424502      0.2500000
  
 5      1.00000  0.29820E+44  0.29849E+44 -0.28577E+41      -0.0958321      2.2401746      0.1250000
 5      2.00000  0.31200E+44  0.30802E+44  0.39799E+42       1.2756156      2.2401746      0.1250000
 5      3.00000  0.32200E+44  0.32669E+44 -0.46857E+42      -1.4551939      2.2401746      0.1250000
 5      5.00000  0.33720E+44  0.34282E+44 -0.56196E+42      -1.6665368      2.2401746      0.1250000
 5     10.00000  0.29400E+44  0.28184E+44  0.12159E+43       4.1355737      2.2401746      0.1250000
 5     30.00000  0.13910E+44  0.11892E+44  0.20182E+43      14.5089311      2.2401746      0.1250000
  
