 1      1.00000  0.37360E+44  0.24758E+44  0.12602E+44      33.7323141    124.9658074      0.1000000
 1      2.00000  0.37170E+44  0.27621E+44  0.95487E+43      25.6893267    124.9658074      0.1000000
 1      3.00000  0.36620E+44  0.30189E+44  0.64308E+43      17.5610271    124.9658074      0.1000000
 1      5.00000  0.35490E+44  0.31623E+44  0.38667E+43      10.8951646    124.9658074      0.1000000
 1     10.00000  0.26560E+44  0.25570E+44  0.99035E+42       3.7287289    124.9658074      0.1000000
 1     30.00000  0.89650E+43  0.93331E+43 -0.36813E+42      -4.1063231    124.9658074      0.1000000
  
 2      1.00000  0.37360E+44  0.25234E+44  0.12126E+44      32.4569673    111.2344718      0.0500000
 2      2.00000  0.37170E+44  0.28178E+44  0.89916E+43      24.1904012    111.2344718      0.0500000
 2      3.00000  0.36620E+44  0.30776E+44  0.58441E+43      15.9588406    111.2344718      0.0500000
 2      5.00000  0.35490E+44  0.32106E+44  0.33836E+43       9.5338884    111.2344718      0.0500000
 2     10.00000  0.26560E+44  0.25795E+44  0.76452E+42       2.8784643    111.2344718      0.0500000
 2     30.00000  0.89650E+43  0.93665E+43 -0.40148E+42      -4.4783002    111.2344718      0.0500000
  
 3      1.00000  0.37360E+44  0.46107E+44 -0.87466E+43     -23.4115971     33.0868227      0.0250000
 3      2.00000  0.37170E+44  0.39689E+44 -0.25187E+43      -6.7760546     33.0868227      0.0250000
 3      3.00000  0.36620E+44  0.37843E+44 -0.12231E+43      -3.3400663     33.0868227      0.0250000
 3      5.00000  0.35490E+44  0.35391E+44  0.99293E+41       0.2797782     33.0868227      0.0250000
 3     10.00000  0.26560E+44  0.26755E+44 -0.19515E+42      -0.7347334     33.0868227      0.0250000
 3     30.00000  0.89650E+43  0.94304E+43 -0.46537E+42      -5.1909481     33.0868227      0.0250000
  
 4      1.00000  0.37360E+44  0.38390E+44 -0.10300E+43      -2.7568354      0.6602685      0.0125000
 4      2.00000  0.37170E+44  0.37134E+44  0.35964E+41       0.0967545      0.6602685      0.0125000
 4      3.00000  0.36620E+44  0.36856E+44 -0.23645E+42      -0.6456839      0.6602685      0.0125000
 4      5.00000  0.35490E+44  0.35258E+44  0.23246E+42       0.6550132      0.6602685      0.0125000
 4     10.00000  0.26560E+44  0.26839E+44 -0.27882E+42      -1.0497767      0.6602685      0.0125000
 4     30.00000  0.89650E+43  0.94646E+43 -0.49955E+42      -5.5722516      0.6602685      0.0125000
  
 5      1.00000  0.37360E+44  0.37453E+44 -0.92539E+41      -0.2476967      0.2785913      0.0062500
 5      2.00000  0.37170E+44  0.36936E+44  0.23414E+42       0.6299080      0.2785913      0.0062500
 5      3.00000  0.36620E+44  0.36833E+44 -0.21267E+42      -0.5807428      0.2785913      0.0062500
 5      5.00000  0.35490E+44  0.35289E+44  0.20116E+42       0.5668005      0.2785913      0.0062500
 5     10.00000  0.26560E+44  0.26863E+44 -0.30300E+42      -1.1408278      0.2785913      0.0062500
 5     30.00000  0.89650E+43  0.94702E+43 -0.50524E+42      -5.6356790      0.2785913      0.0062500
  
 6      1.00000  0.37360E+44  0.37431E+44 -0.70829E+41      -0.1895853      0.2778232      0.0031250
 6      2.00000  0.37170E+44  0.36930E+44  0.24019E+42       0.6461886      0.2778232      0.0031250
 6      3.00000  0.36620E+44  0.36828E+44 -0.20835E+42      -0.5689437      0.2778232      0.0031250
 6      5.00000  0.35490E+44  0.35284E+44  0.20591E+42       0.5802027      0.2778232      0.0031250
 6     10.00000  0.26560E+44  0.26860E+44 -0.30045E+42      -1.1312268      0.2778232      0.0031250
 6     30.00000  0.89650E+43  0.94697E+43 -0.50473E+42      -5.6300241      0.2778232      0.0031250
  
