 1      1.00000  0.48010E+44  0.30955E+44  0.17055E+44      35.5245449    163.9567483      0.1000000
 1      2.00000  0.46760E+44  0.32528E+44  0.14232E+44      30.4366047    163.9567483      0.1000000
 1      3.00000  0.46930E+44  0.33275E+44  0.13655E+44      29.0957709    163.9567483      0.1000000
 1      5.00000  0.40000E+44  0.31789E+44  0.82107E+43      20.5266991    163.9567483      0.1000000
 1     10.00000  0.26390E+44  0.23291E+44  0.30989E+43      11.7428481    163.9567483      0.1000000
 1     30.00000  0.57290E+43  0.74051E+43 -0.16761E+43     -29.2566144    163.9567483      0.1000000
  
 2      1.00000  0.48010E+44  0.36949E+44  0.11061E+44      23.0385389     55.1274498      0.0500000
 2      2.00000  0.46760E+44  0.38957E+44  0.78034E+43      16.6882581     55.1274498      0.0500000
 2      3.00000  0.46930E+44  0.39403E+44  0.75275E+43      16.0398214     55.1274498      0.0500000
 2      5.00000  0.40000E+44  0.36390E+44  0.36103E+43       9.0256354     55.1274498      0.0500000
 2     10.00000  0.26390E+44  0.25328E+44  0.10623E+43       4.0253025     55.1274498      0.0500000
 2     30.00000  0.57290E+43  0.76467E+43 -0.19177E+43     -33.4733966     55.1274498      0.0500000
  
 3      1.00000  0.48010E+44  0.52743E+44 -0.47328E+43      -9.8580422      7.2014288      0.0250000
 3      2.00000  0.46760E+44  0.49463E+44 -0.27028E+43      -5.7801261      7.2014288      0.0250000
 3      3.00000  0.46930E+44  0.46795E+44  0.13527E+42       0.2882424      7.2014288      0.0250000
 3      5.00000  0.40000E+44  0.40496E+44 -0.49574E+42      -1.2393488      7.2014288      0.0250000
 3     10.00000  0.26390E+44  0.26744E+44 -0.35432E+42      -1.3426486      7.2014288      0.0250000
 3     30.00000  0.57290E+43  0.76946E+43 -0.19656E+43     -34.3096862      7.2014288      0.0250000
  
 4      1.00000  0.48010E+44  0.48221E+44 -0.21094E+42      -0.4393671      1.3639740      0.0125000
 4      2.00000  0.46760E+44  0.47536E+44 -0.77561E+42      -1.6587144      1.3639740      0.0125000
 4      3.00000  0.46930E+44  0.45902E+44  0.10277E+43       2.1898171      1.3639740      0.0125000
 4      5.00000  0.40000E+44  0.40271E+44 -0.27102E+42      -0.6775482      1.3639740      0.0125000
 4     10.00000  0.26390E+44  0.26760E+44 -0.37029E+42      -1.4031330      1.3639740      0.0125000
 4     30.00000  0.57290E+43  0.77196E+43 -0.19906E+43     -34.7454435      1.3639740      0.0125000
  
 5      1.00000  0.48010E+44  0.47895E+44  0.11468E+42       0.2388602      1.3417260      0.0062500
 5      2.00000  0.46760E+44  0.47466E+44 -0.70593E+42      -1.5096871      1.3417260      0.0062500
 5      3.00000  0.46930E+44  0.45897E+44  0.10330E+43       2.2011235      1.3417260      0.0062500
 5      5.00000  0.40000E+44  0.40286E+44 -0.28649E+42      -0.7162329      1.3417260      0.0062500
 5     10.00000  0.26390E+44  0.26771E+44 -0.38073E+42      -1.4426891      1.3417260      0.0062500
 5     30.00000  0.57290E+43  0.77203E+43 -0.19913E+43     -34.7583329      1.3417260      0.0062500
  
 6      1.00000  0.48010E+44  0.47894E+44  0.11588E+42       0.2413642      1.3416569      0.0031250
 6      2.00000  0.46760E+44  0.47466E+44 -0.70608E+42      -1.5100156      1.3416569      0.0031250
 6      3.00000  0.46930E+44  0.45897E+44  0.10333E+43       2.2018326      1.3416569      0.0031250
 6      5.00000  0.40000E+44  0.40286E+44 -0.28566E+42      -0.7141424      1.3416569      0.0031250
 6     10.00000  0.26390E+44  0.26770E+44 -0.38016E+42      -1.4405532      1.3416569      0.0031250
 6     30.00000  0.57290E+43  0.77201E+43 -0.19911E+43     -34.7555214      1.3416569      0.0031250
  
 7      1.00000  0.48010E+44  0.47894E+44  0.11589E+42       0.2413976      1.3416471      0.0015625
 7      2.00000  0.46760E+44  0.47466E+44 -0.70614E+42      -1.5101420      1.3416471      0.0015625
 7      3.00000  0.46930E+44  0.45897E+44  0.10334E+43       2.2018995      1.3416471      0.0015625
 7      5.00000  0.40000E+44  0.40286E+44 -0.28555E+42      -0.7138759      1.3416471      0.0015625
 7     10.00000  0.26390E+44  0.26770E+44 -0.38009E+42      -1.4402758      1.3416471      0.0015625
 7     30.00000  0.57290E+43  0.77201E+43 -0.19911E+43     -34.7551382      1.3416471      0.0015625
  
