 1      1.00000  0.27590E+44  0.21462E+44  0.61283E+43      22.2119142     64.0296747      0.1000000
 1      2.00000  0.27860E+44  0.23240E+44  0.46204E+43      16.5843294     64.0296747      0.1000000
 1      3.00000  0.30040E+44  0.24649E+44  0.53909E+43      17.9458256     64.0296747      0.1000000
 1      5.00000  0.28660E+44  0.24883E+44  0.37766E+43      13.1772404     64.0296747      0.1000000
 1     10.00000  0.20370E+44  0.18985E+44  0.13854E+43       6.8011381     64.0296747      0.1000000
 1     30.00000  0.53920E+43  0.36084E+43  0.17836E+43      33.0788700     64.0296747      0.1000000
  
 2      1.00000  0.27590E+44  0.23521E+44  0.40693E+43      14.7491358     21.5787394      0.0500000
 2      2.00000  0.27860E+44  0.25621E+44  0.22393E+43       8.0377362     21.5787394      0.0500000
 2      3.00000  0.30040E+44  0.27118E+44  0.29223E+43       9.7281000     21.5787394      0.0500000
 2      5.00000  0.28660E+44  0.26951E+44  0.17091E+43       5.9633676     21.5787394      0.0500000
 2     10.00000  0.20370E+44  0.20028E+44  0.34220E+42       1.6798985     21.5787394      0.0500000
 2     30.00000  0.53920E+43  0.37639E+43  0.16281E+43      30.1941764     21.5787394      0.0500000
  
 3      1.00000  0.27590E+44  0.27934E+44 -0.34392E+42      -1.2465531      2.6565167      0.0250000
 3      2.00000  0.27860E+44  0.28743E+44 -0.88279E+42      -3.1686677      2.6565167      0.0250000
 3      3.00000  0.30040E+44  0.29659E+44  0.38053E+42       1.2667380      2.6565167      0.0250000
 3      5.00000  0.28660E+44  0.28711E+44 -0.50703E+41      -0.1769114      2.6565167      0.0250000
 3     10.00000  0.20370E+44  0.20867E+44 -0.49713E+42      -2.4404908      2.6565167      0.0250000
 3     30.00000  0.53920E+43  0.39469E+43  0.14451E+43      26.8016840      2.6565167      0.0250000
  
 4      1.00000  0.27590E+44  0.27429E+44  0.16120E+42       0.5842539      2.4571656      0.0125000
 4      2.00000  0.27860E+44  0.28458E+44 -0.59785E+42      -2.1459229      2.4571656      0.0125000
 4      3.00000  0.30040E+44  0.29508E+44  0.53214E+42       1.7714506      2.4571656      0.0125000
 4      5.00000  0.28660E+44  0.28669E+44 -0.88555E+40      -0.0308983      2.4571656      0.0125000
 4     10.00000  0.20370E+44  0.20862E+44 -0.49244E+42      -2.4174845      2.4571656      0.0125000
 4     30.00000  0.53920E+43  0.39382E+43  0.14538E+43      26.9616202      2.4571656      0.0125000
  
 5      1.00000  0.27590E+44  0.27429E+44  0.16120E+42       0.5842539      2.4571656      0.1250000
 5      2.00000  0.27860E+44  0.28458E+44 -0.59785E+42      -2.1459229      2.4571656      0.1250000
 5      3.00000  0.30040E+44  0.29508E+44  0.53214E+42       1.7714506      2.4571656      0.1250000
 5      5.00000  0.28660E+44  0.28669E+44 -0.88555E+40      -0.0308983      2.4571656      0.1250000
 5     10.00000  0.20370E+44  0.20862E+44 -0.49244E+42      -2.4174845      2.4571656      0.1250000
 5     30.00000  0.53920E+43  0.39382E+43  0.14538E+43      26.9616202      2.4571656      0.1250000
  
 6      1.00000  0.27590E+44  0.27429E+44  0.16120E+42       0.5842539      2.4571656      1.2500000
 6      2.00000  0.27860E+44  0.28458E+44 -0.59785E+42      -2.1459229      2.4571656      1.2500000
 6      3.00000  0.30040E+44  0.29508E+44  0.53214E+42       1.7714506      2.4571656      1.2500000
 6      5.00000  0.28660E+44  0.28669E+44 -0.88555E+40      -0.0308983      2.4571656      1.2500000
 6     10.00000  0.20370E+44  0.20862E+44 -0.49244E+42      -2.4174845      2.4571656      1.2500000
 6     30.00000  0.53920E+43  0.39382E+43  0.14538E+43      26.9616202      2.4571656      1.2500000
  
 7      1.00000  0.27590E+44  0.27429E+44  0.16120E+42       0.5842539      2.4571656     12.5000000
 7      2.00000  0.27860E+44  0.28458E+44 -0.59785E+42      -2.1459229      2.4571656     12.5000000
 7      3.00000  0.30040E+44  0.29508E+44  0.53214E+42       1.7714506      2.4571656     12.5000000
 7      5.00000  0.28660E+44  0.28669E+44 -0.88555E+40      -0.0308983      2.4571656     12.5000000
 7     10.00000  0.20370E+44  0.20862E+44 -0.49244E+42      -2.4174845      2.4571656     12.5000000
 7     30.00000  0.53920E+43  0.39382E+43  0.14538E+43      26.9616202      2.4571656     12.5000000
  
 8      1.00000  0.27590E+44  0.27429E+44  0.16120E+42       0.5842539      2.4571656    125.0000000
 8      2.00000  0.27860E+44  0.28458E+44 -0.59785E+42      -2.1459229      2.4571656    125.0000000
 8      3.00000  0.30040E+44  0.29508E+44  0.53214E+42       1.7714506      2.4571656    125.0000000
 8      5.00000  0.28660E+44  0.28669E+44 -0.88555E+40      -0.0308983      2.4571656    125.0000000
 8     10.00000  0.20370E+44  0.20862E+44 -0.49244E+42      -2.4174845      2.4571656    125.0000000
 8     30.00000  0.53920E+43  0.39382E+43  0.14538E+43      26.9616202      2.4571656    125.0000000
  
 9      1.00000  0.27590E+44  0.27425E+44  0.16544E+42       0.5996237      2.4571312     62.5000000
 9      2.00000  0.27860E+44  0.28459E+44 -0.59936E+42      -2.1513245      2.4571312     62.5000000
 9      3.00000  0.30040E+44  0.29508E+44  0.53165E+42       1.7698202      2.4571312     62.5000000
 9      5.00000  0.28660E+44  0.28668E+44 -0.75970E+40      -0.0265075      2.4571312     62.5000000
 9     10.00000  0.20370E+44  0.20862E+44 -0.49164E+42      -2.4135599      2.4571312     62.5000000
 9     30.00000  0.53920E+43  0.39386E+43  0.14534E+43      26.9545009      2.4571312     62.5000000
  
10      1.00000  0.27590E+44  0.27425E+44  0.16544E+42       0.5996237      2.4571312    625.0000000
10      2.00000  0.27860E+44  0.28459E+44 -0.59936E+42      -2.1513245      2.4571312    625.0000000
10      3.00000  0.30040E+44  0.29508E+44  0.53165E+42       1.7698202      2.4571312    625.0000000
10      5.00000  0.28660E+44  0.28668E+44 -0.75970E+40      -0.0265075      2.4571312    625.0000000
10     10.00000  0.20370E+44  0.20862E+44 -0.49164E+42      -2.4135599      2.4571312    625.0000000
10     30.00000  0.53920E+43  0.39386E+43  0.14534E+43      26.9545009      2.4571312    625.0000000
  
11      1.00000  0.27590E+44  0.27425E+44  0.16544E+42       0.5996237      2.4571312   6250.0000000
11      2.00000  0.27860E+44  0.28459E+44 -0.59936E+42      -2.1513245      2.4571312   6250.0000000
11      3.00000  0.30040E+44  0.29508E+44  0.53165E+42       1.7698202      2.4571312   6250.0000000
11      5.00000  0.28660E+44  0.28668E+44 -0.75970E+40      -0.0265075      2.4571312   6250.0000000
11     10.00000  0.20370E+44  0.20862E+44 -0.49164E+42      -2.4135599      2.4571312   6250.0000000
11     30.00000  0.53920E+43  0.39386E+43  0.14534E+43      26.9545009      2.4571312   6250.0000000
  
12      1.00000  0.27590E+44  0.27424E+44  0.16557E+42       0.6001252      2.4571311   3125.0000000
12      2.00000  0.27860E+44  0.28459E+44 -0.59929E+42      -2.1510673      2.4571311   3125.0000000
12      3.00000  0.30040E+44  0.29508E+44  0.53175E+42       1.7701323      2.4571311   3125.0000000
12      5.00000  0.28660E+44  0.28667E+44 -0.74929E+40      -0.0261442      2.4571311   3125.0000000
12     10.00000  0.20370E+44  0.20862E+44 -0.49159E+42      -2.4132810      2.4571311   3125.0000000
12     30.00000  0.53920E+43  0.39386E+43  0.14534E+43      26.9545462      2.4571311   3125.0000000
  
13      1.00000  0.27590E+44  0.27424E+44  0.16557E+42       0.6001252      2.4571311  31250.0000000
13      2.00000  0.27860E+44  0.28459E+44 -0.59929E+42      -2.1510673      2.4571311  31250.0000000
13      3.00000  0.30040E+44  0.29508E+44  0.53175E+42       1.7701323      2.4571311  31250.0000000
13      5.00000  0.28660E+44  0.28667E+44 -0.74929E+40      -0.0261442      2.4571311  31250.0000000
13     10.00000  0.20370E+44  0.20862E+44 -0.49159E+42      -2.4132810      2.4571311  31250.0000000
13     30.00000  0.53920E+43  0.39386E+43  0.14534E+43      26.9545462      2.4571311  31250.0000000
  
14      1.00000  0.27590E+44  0.27424E+44  0.16557E+42       0.6001252      2.4571311 312500.0000000
14      2.00000  0.27860E+44  0.28459E+44 -0.59929E+42      -2.1510673      2.4571311 312500.0000000
14      3.00000  0.30040E+44  0.29508E+44  0.53175E+42       1.7701323      2.4571311 312500.0000000
14      5.00000  0.28660E+44  0.28667E+44 -0.74929E+40      -0.0261442      2.4571311 312500.0000000
14     10.00000  0.20370E+44  0.20862E+44 -0.49159E+42      -2.4132810      2.4571311 312500.0000000
14     30.00000  0.53920E+43  0.39386E+43  0.14534E+43      26.9545462      2.4571311 312500.0000000
  
15      1.00000  0.27590E+44  0.27424E+44  0.16557E+42       0.6001252      2.4571311 **************
15      2.00000  0.27860E+44  0.28459E+44 -0.59929E+42      -2.1510673      2.4571311 **************
15      3.00000  0.30040E+44  0.29508E+44  0.53175E+42       1.7701323      2.4571311 **************
15      5.00000  0.28660E+44  0.28667E+44 -0.74929E+40      -0.0261442      2.4571311 **************
15     10.00000  0.20370E+44  0.20862E+44 -0.49159E+42      -2.4132810      2.4571311 **************
15     30.00000  0.53920E+43  0.39386E+43  0.14534E+43      26.9545462      2.4571311 **************
  
