 1      1.00000  0.32350E+44  0.19700E+44  0.12650E+44      39.1042227    215.8925143      0.1000000
 1      2.00000  0.31900E+44  0.21072E+44  0.10828E+44      33.9432754    215.8925143      0.1000000
 1      3.00000  0.30570E+44  0.21961E+44  0.86088E+43      28.1609524    215.8925143      0.1000000
 1      5.00000  0.27760E+44  0.21487E+44  0.62734E+43      22.5987483    215.8925143      0.1000000
 1     10.00000  0.18880E+44  0.15349E+44  0.35307E+43      18.7007999    215.8925143      0.1000000
 1     30.00000  0.34370E+42  0.11770E+43 -0.83329E+42    -242.4471458    215.8925143      0.1000000
  
 2      1.00000  0.32350E+44  0.25673E+44  0.66773E+43      20.6408015     37.3512495      0.0500000
 2      2.00000  0.31900E+44  0.27680E+44  0.42203E+43      13.2299322     37.3512495      0.0500000
 2      3.00000  0.30570E+44  0.28511E+44  0.20589E+43       6.7351034     37.3512495      0.0500000
 2      5.00000  0.27760E+44  0.26751E+44  0.10093E+43       3.6358945     37.3512495      0.0500000
 2     10.00000  0.18880E+44  0.17962E+44  0.91813E+42       4.8629920     37.3512495      0.0500000
 2     30.00000  0.34370E+42  0.15168E+43 -0.11731E+43    -341.3245621     37.3512495      0.0500000
  
 3      1.00000  0.32350E+44  0.34153E+44 -0.18029E+43      -5.5730270      3.0771384      0.0250000
 3      2.00000  0.31900E+44  0.32130E+44 -0.23020E+42      -0.7216185      3.0771384      0.0250000
 3      3.00000  0.30570E+44  0.31119E+44 -0.54865E+42      -1.7947447      3.0771384      0.0250000
 3      5.00000  0.27760E+44  0.27922E+44 -0.16185E+42      -0.5830493      3.0771384      0.0250000
 3     10.00000  0.18880E+44  0.18315E+44  0.56513E+42       2.9932763      3.0771384      0.0250000
 3     30.00000  0.34370E+42  0.15807E+43 -0.12370E+43    -359.8960285      3.0771384      0.0250000
  
 4      1.00000  0.32350E+44  0.32437E+44 -0.86742E+41      -0.2681354      1.2318311      0.0125000
 4      2.00000  0.31900E+44  0.31588E+44  0.31204E+42       0.9781679      1.2318311      0.0125000
 4      3.00000  0.30570E+44  0.30925E+44 -0.35508E+42      -1.1615296      1.2318311      0.0125000
 4      5.00000  0.27760E+44  0.27905E+44 -0.14530E+42      -0.5234316      1.2318311      0.0125000
 4     10.00000  0.18880E+44  0.18337E+44  0.54280E+42       2.8750110      1.2318311      0.0125000
 4     30.00000  0.34370E+42  0.15849E+43 -0.12412E+43    -361.1385394      1.2318311      0.0125000
  
 5      1.00000  0.32350E+44  0.32391E+44 -0.40938E+41      -0.1265457      1.2312322      0.0062500
 5      2.00000  0.31900E+44  0.31575E+44  0.32492E+42       1.0185471      1.2312322      0.0062500
 5      3.00000  0.30570E+44  0.30922E+44 -0.35169E+42      -1.1504479      1.2312322      0.0062500
 5      5.00000  0.27760E+44  0.27906E+44 -0.14600E+42      -0.5259247      1.2312322      0.0062500
 5     10.00000  0.18880E+44  0.18338E+44  0.54161E+42       2.8687168      1.2312322      0.0062500
 5     30.00000  0.34370E+42  0.15854E+43 -0.12417E+43    -361.2731888      1.2312322      0.0062500
  
