 1      1.00000  0.34100E+44  0.23690E+44  0.10410E+44      30.5272543    113.4077060      0.1000000
 1      2.00000  0.33490E+44  0.26060E+44  0.74301E+43      22.1859179    113.4077060      0.1000000
 1      3.00000  0.32330E+44  0.28161E+44  0.41686E+43      12.8939459    113.4077060      0.1000000
 1      5.00000  0.31700E+44  0.29247E+44  0.24534E+43       7.7393596    113.4077060      0.1000000
 1     10.00000  0.24820E+44  0.23564E+44  0.12562E+43       5.0610471    113.4077060      0.1000000
 1     30.00000  0.83330E+43  0.76743E+43  0.65868E+42       7.9044843    113.4077060      0.1000000
  
 2      1.00000  0.34100E+44  0.23771E+44  0.10329E+44      30.2899084    110.7058079      0.0500000
 2      2.00000  0.33490E+44  0.26156E+44  0.73335E+43      21.8976795    110.7058079      0.0500000
 2      3.00000  0.32330E+44  0.28265E+44  0.40654E+43      12.5746139    110.7058079      0.0500000
 2      5.00000  0.31700E+44  0.29335E+44  0.23652E+43       7.4613158    110.7058079      0.0500000
 2     10.00000  0.24820E+44  0.23608E+44  0.12122E+43       4.8841349    110.7058079      0.0500000
 2     30.00000  0.83330E+43  0.76820E+43  0.65101E+42       7.8124680    110.7058079      0.0500000
  
 3      1.00000  0.34100E+44  0.40101E+44 -0.60011E+43     -17.5985804     24.1473128      0.0250000
 3      2.00000  0.33490E+44  0.34829E+44 -0.13391E+43      -3.9984454     24.1473128      0.0250000
 3      3.00000  0.32330E+44  0.33555E+44 -0.12247E+43      -3.7880198     24.1473128      0.0250000
 3      5.00000  0.31700E+44  0.31828E+44 -0.12831E+42      -0.4047724     24.1473128      0.0250000
 3     10.00000  0.24820E+44  0.24379E+44  0.44126E+42       1.7778257     24.1473128      0.0250000
 3     30.00000  0.83330E+43  0.77820E+43  0.55103E+42       6.6126521     24.1473128      0.0250000
  
 4      1.00000  0.34100E+44  0.34708E+44 -0.60779E+42      -1.7823639      0.8732092      0.0125000
 4      2.00000  0.33490E+44  0.33134E+44  0.35591E+42       1.0627243      0.8732092      0.0125000
 4      3.00000  0.32330E+44  0.32929E+44 -0.59904E+42      -1.8529000      0.8732092      0.0125000
 4      5.00000  0.31700E+44  0.31766E+44 -0.65742E+41      -0.2073865      0.8732092      0.0125000
 4     10.00000  0.24820E+44  0.24447E+44  0.37270E+42       1.5016282      0.8732092      0.0125000
 4     30.00000  0.83330E+43  0.78031E+43  0.52990E+42       6.3590635      0.8732092      0.0125000
  
 5      1.00000  0.34100E+44  0.34170E+44 -0.70131E+41      -0.2056637      0.6886384      0.0062500
 5      2.00000  0.33490E+44  0.33020E+44  0.47041E+42       1.4046353      0.6886384      0.0062500
 5      3.00000  0.32330E+44  0.32911E+44 -0.58129E+42      -1.7979856      0.6886384      0.0062500
 5      5.00000  0.31700E+44  0.31776E+44 -0.75837E+41      -0.2392341      0.6886384      0.0062500
 5     10.00000  0.24820E+44  0.24456E+44  0.36384E+42       1.4659272      0.6886384      0.0062500
 5     30.00000  0.83330E+43  0.78055E+43  0.52748E+42       6.3299958      0.6886384      0.0062500
  
