 1      1.00000  0.25370E+44  0.21659E+44  0.37108E+43      14.6268231     47.2034158      0.1000000
 1      2.00000  0.27640E+44  0.23125E+44  0.45150E+43      16.3348730     47.2034158      0.1000000
 1      3.00000  0.28560E+44  0.24051E+44  0.45090E+43      15.7876724     47.2034158      0.1000000
 1      5.00000  0.27950E+44  0.23497E+44  0.44530E+43      15.9321807     47.2034158      0.1000000
 1     10.00000  0.21370E+44  0.17106E+44  0.42636E+43      19.9512190     47.2034158      0.1000000
 1     30.00000  0.64960E+43  0.37246E+43  0.27714E+43      42.6638451     47.2034158      0.1000000
  
 2      1.00000  0.25370E+44  0.21659E+44  0.37108E+43      14.6268231     47.2034158      1.0000000
 2      2.00000  0.27640E+44  0.23125E+44  0.45150E+43      16.3348730     47.2034158      1.0000000
 2      3.00000  0.28560E+44  0.24051E+44  0.45090E+43      15.7876724     47.2034158      1.0000000
 2      5.00000  0.27950E+44  0.23497E+44  0.44530E+43      15.9321807     47.2034158      1.0000000
 2     10.00000  0.21370E+44  0.17106E+44  0.42636E+43      19.9512190     47.2034158      1.0000000
 2     30.00000  0.64960E+43  0.37246E+43  0.27714E+43      42.6638451     47.2034158      1.0000000
  
 3      1.00000  0.25370E+44  0.26059E+44 -0.68944E+42      -2.7175598     10.4952944      0.5000000
 3      2.00000  0.27640E+44  0.29392E+44 -0.17516E+43      -6.3371789     10.4952944      0.5000000
 3      3.00000  0.28560E+44  0.31525E+44 -0.29652E+43     -10.3824845     10.4952944      0.5000000
 3      5.00000  0.27950E+44  0.30316E+44 -0.23655E+43      -8.4635030     10.4952944      0.5000000
 3     10.00000  0.21370E+44  0.20765E+44  0.60540E+42       2.8329458     10.4952944      0.5000000
 3     30.00000  0.64960E+43  0.46018E+43  0.18942E+43      29.1601629     10.4952944      0.5000000
  
 4      1.00000  0.25370E+44  0.25236E+44  0.13431E+42       0.5293963      4.3527351      0.2500000
 4      2.00000  0.27640E+44  0.27692E+44 -0.51544E+41      -0.1864817      4.3527351      0.2500000
 4      3.00000  0.28560E+44  0.29465E+44 -0.90492E+42      -3.1684723      4.3527351      0.2500000
 4      5.00000  0.27950E+44  0.28514E+44 -0.56414E+42      -2.0183893      4.3527351      0.2500000
 4     10.00000  0.21370E+44  0.19824E+44  0.15456E+43       7.2325578      4.3527351      0.2500000
 4     30.00000  0.64960E+43  0.43916E+43  0.21044E+43      32.3959233      4.3527351      0.2500000
  
 5      1.00000  0.25370E+44  0.25153E+44  0.21688E+42       0.8548525      4.2814185      0.1250000
 5      2.00000  0.27640E+44  0.27516E+44  0.12435E+42       0.4499008      4.2814185      0.1250000
 5      3.00000  0.28560E+44  0.29343E+44 -0.78271E+42      -2.7405769      4.2814185      0.1250000
 5      5.00000  0.27950E+44  0.28468E+44 -0.51801E+42      -1.8533423      4.2814185      0.1250000
 5     10.00000  0.21370E+44  0.19821E+44  0.15490E+43       7.2485461      4.2814185      0.1250000
 5     30.00000  0.64960E+43  0.43912E+43  0.21048E+43      32.4007502      4.2814185      0.1250000
  
 6      1.00000  0.25370E+44  0.25153E+44  0.21688E+42       0.8548525      4.2814185      1.2500000
 6      2.00000  0.27640E+44  0.27516E+44  0.12435E+42       0.4499008      4.2814185      1.2500000
 6      3.00000  0.28560E+44  0.29343E+44 -0.78271E+42      -2.7405769      4.2814185      1.2500000
 6      5.00000  0.27950E+44  0.28468E+44 -0.51801E+42      -1.8533423      4.2814185      1.2500000
 6     10.00000  0.21370E+44  0.19821E+44  0.15490E+43       7.2485461      4.2814185      1.2500000
 6     30.00000  0.64960E+43  0.43912E+43  0.21048E+43      32.4007502      4.2814185      1.2500000
  
 7      1.00000  0.25370E+44  0.25153E+44  0.21688E+42       0.8548525      4.2814185     12.5000000
 7      2.00000  0.27640E+44  0.27516E+44  0.12435E+42       0.4499008      4.2814185     12.5000000
 7      3.00000  0.28560E+44  0.29343E+44 -0.78271E+42      -2.7405769      4.2814185     12.5000000
 7      5.00000  0.27950E+44  0.28468E+44 -0.51801E+42      -1.8533423      4.2814185     12.5000000
 7     10.00000  0.21370E+44  0.19821E+44  0.15490E+43       7.2485461      4.2814185     12.5000000
 7     30.00000  0.64960E+43  0.43912E+43  0.21048E+43      32.4007502      4.2814185     12.5000000
  
 8      1.00000  0.25370E+44  0.25153E+44  0.21688E+42       0.8548525      4.2814185    125.0000000
 8      2.00000  0.27640E+44  0.27516E+44  0.12435E+42       0.4499008      4.2814185    125.0000000
 8      3.00000  0.28560E+44  0.29343E+44 -0.78271E+42      -2.7405769      4.2814185    125.0000000
 8      5.00000  0.27950E+44  0.28468E+44 -0.51801E+42      -1.8533423      4.2814185    125.0000000
 8     10.00000  0.21370E+44  0.19821E+44  0.15490E+43       7.2485461      4.2814185    125.0000000
 8     30.00000  0.64960E+43  0.43912E+43  0.21048E+43      32.4007502      4.2814185    125.0000000
  
 9      1.00000  0.25370E+44  0.25153E+44  0.21688E+42       0.8548525      4.2814185   1250.0000000
 9      2.00000  0.27640E+44  0.27516E+44  0.12435E+42       0.4499008      4.2814185   1250.0000000
 9      3.00000  0.28560E+44  0.29343E+44 -0.78271E+42      -2.7405769      4.2814185   1250.0000000
 9      5.00000  0.27950E+44  0.28468E+44 -0.51801E+42      -1.8533423      4.2814185   1250.0000000
 9     10.00000  0.21370E+44  0.19821E+44  0.15490E+43       7.2485461      4.2814185   1250.0000000
 9     30.00000  0.64960E+43  0.43912E+43  0.21048E+43      32.4007502      4.2814185   1250.0000000
  
10      1.00000  0.25370E+44  0.25153E+44  0.21688E+42       0.8548525      4.2814185  12500.0000000
10      2.00000  0.27640E+44  0.27516E+44  0.12435E+42       0.4499008      4.2814185  12500.0000000
10      3.00000  0.28560E+44  0.29343E+44 -0.78271E+42      -2.7405769      4.2814185  12500.0000000
10      5.00000  0.27950E+44  0.28468E+44 -0.51801E+42      -1.8533423      4.2814185  12500.0000000
10     10.00000  0.21370E+44  0.19821E+44  0.15490E+43       7.2485461      4.2814185  12500.0000000
10     30.00000  0.64960E+43  0.43912E+43  0.21048E+43      32.4007502      4.2814185  12500.0000000
  
11      1.00000  0.25370E+44  0.25153E+44  0.21688E+42       0.8548525      4.2814185 125000.0000000
11      2.00000  0.27640E+44  0.27516E+44  0.12435E+42       0.4499008      4.2814185 125000.0000000
11      3.00000  0.28560E+44  0.29343E+44 -0.78271E+42      -2.7405769      4.2814185 125000.0000000
11      5.00000  0.27950E+44  0.28468E+44 -0.51801E+42      -1.8533423      4.2814185 125000.0000000
11     10.00000  0.21370E+44  0.19821E+44  0.15490E+43       7.2485461      4.2814185 125000.0000000
11     30.00000  0.64960E+43  0.43912E+43  0.21048E+43      32.4007502      4.2814185 125000.0000000
  
12      1.00000  0.25370E+44  0.25153E+44  0.21688E+42       0.8548525      4.2814185 **************
12      2.00000  0.27640E+44  0.27516E+44  0.12435E+42       0.4499008      4.2814185 **************
12      3.00000  0.28560E+44  0.29343E+44 -0.78271E+42      -2.7405769      4.2814185 **************
12      5.00000  0.27950E+44  0.28468E+44 -0.51801E+42      -1.8533423      4.2814185 **************
12     10.00000  0.21370E+44  0.19821E+44  0.15490E+43       7.2485461      4.2814185 **************
12     30.00000  0.64960E+43  0.43912E+43  0.21048E+43      32.4007502      4.2814185 **************
  
13      1.00000  0.25370E+44  0.25153E+44  0.21688E+42       0.8548525      4.2814185 **************
13      2.00000  0.27640E+44  0.27516E+44  0.12435E+42       0.4499008      4.2814185 **************
13      3.00000  0.28560E+44  0.29343E+44 -0.78271E+42      -2.7405769      4.2814185 **************
13      5.00000  0.27950E+44  0.28468E+44 -0.51801E+42      -1.8533423      4.2814185 **************
13     10.00000  0.21370E+44  0.19821E+44  0.15490E+43       7.2485461      4.2814185 **************
13     30.00000  0.64960E+43  0.43912E+43  0.21048E+43      32.4007502      4.2814185 **************
  
14      1.00000  0.25370E+44  0.25153E+44  0.21688E+42       0.8548525      4.2814185 **************
14      2.00000  0.27640E+44  0.27516E+44  0.12435E+42       0.4499008      4.2814185 **************
14      3.00000  0.28560E+44  0.29343E+44 -0.78271E+42      -2.7405769      4.2814185 **************
14      5.00000  0.27950E+44  0.28468E+44 -0.51801E+42      -1.8533423      4.2814185 **************
14     10.00000  0.21370E+44  0.19821E+44  0.15490E+43       7.2485461      4.2814185 **************
14     30.00000  0.64960E+43  0.43912E+43  0.21048E+43      32.4007502      4.2814185 **************
  
15      1.00000  0.25370E+44  0.25153E+44  0.21688E+42       0.8548525      4.2814185 **************
15      2.00000  0.27640E+44  0.27516E+44  0.12435E+42       0.4499008      4.2814185 **************
15      3.00000  0.28560E+44  0.29343E+44 -0.78271E+42      -2.7405769      4.2814185 **************
15      5.00000  0.27950E+44  0.28468E+44 -0.51801E+42      -1.8533423      4.2814185 **************
15     10.00000  0.21370E+44  0.19821E+44  0.15490E+43       7.2485461      4.2814185 **************
15     30.00000  0.64960E+43  0.43912E+43  0.21048E+43      32.4007502      4.2814185 **************
  
